1858.8486238532112 450.4694189602444
1884.2920489296637 282.1513761467888
1884.2920489296637 237.13608562691115
1655.3012232415902 417.1972477064219
1346.0657492354742 168.6345565749233
6.860856269113129 140.34709480122302
68.51223241590215 142.30428134556558
52.8547400611621 25.851681957186315
153.1605504587157 45.958715596330194
194.75076452599401 10.240061162079428
205.51529051987777 63.08409785932716
193.28287461773712 57.701834862385255
161.96788990825698 86.08103975535164
280.37767584097867 19.04740061162073
283.8027522935781 56.23394495412839
322.9464831804283 57.212538226299614
351.3256880733946 84.12385321100913
458.4816513761469 34.21559633027516
473.1605504587157 66.99847094801217
556.8302752293578 61.12691131498468
611.1422018348624 77.2737003058104
691.8761467889908 108.09938837920487
764.2920489296637 72.38073394495409
747.6559633027523 61.12691131498468
771.1422018348625 32.25840978593271
820.5611620795107 27.85474006116206
858.7262996941896 5.34709480122325
870.4694189602448 28.833333333333314
885.1483180428135 13.175840978593271
902.7629969418961 5.34709480122325
947.288990825688 3.8792048929663565
981.0504587155963 6.814984709480086
1080.3776758409786 3.3899082568807444
1103.8639143730886 4.857798165137581
1167.4724770642201 20.515290519877652
1209.551987767584 4.857798165137581
1264.3532110091742 3.8792048929663565
1370.5305810397554 58.14525993883774
