221.10860440713543 509.27229800629584
98.21248688352568 404.5083945435466
98.21248688352568 291.6857292759705
39.78646379853103 319.89139559286446
213.04984260230856 293.7004197271772
307.74029380902414 315.86201469045113
362.13693599160547 150.65739769150036
408.9784889821616 263.9522560335781
367.6773347324239 251.86411332633782
426.10335781741867 205.52623294858336
500.64690451206707 205.52623294858336
597.3520461699894 195.45278069254982
618.5062959076599 254.88614900314792
661.8221406086044 363.6794333683106
720.2481636935992 196.46012591815315
805.8725078698847 172.28384050367254
841.1295907660021 339.50314795382997
732.3363064008395 483.5535152151101
585.767576075551 547.5514165792234
839.6185729275971 495.1694648478489
1512.5251836306402 569.7130115424973
958.4853095487933 182.89244491080788
516.2607555089191 22.18940188877218
560.583945435467 4.0571878279117755
588.789611752361 75.57869884575018
645.200944386149 63.490556138509874
635.1274921301155 5.064533053515107
816.4496327387199 19.16736621196219
955.4632738719832 12.115949632738648
1089.44018887723 3.049842602308445
