34.20786516853934 714.4325842696626
155.55617977528095 620.0505617977525
328.14044943820227 584.9943820224717
516.9044943820226 450.1629213483143
756.9044943820226 625.4438202247188
1069.7134831460676 609.26404494382
1029.2640449438204 471.7359550561795
1018.4775280898875 210.16292134831428
1187.691011235955 201.06179775280899
1310.387640449438 160.6123595505618
1367.0168539325844 51.39887640449433
1451.9606741573034 54.09550561797744
1481.6235955056181 43.3089887640449
1539.6011235955057 238.81460674157307
1588.1404494382023 203.75842696629218
1501.8483146067417 250.94943820224722
181.84831460674155 414.09550561797766
94.20786516853929 238.81460674157307
339.60112359550567 229.37640449438203
417.8033707865169 175.4438202247191
218.25280898876406 191.62359550561797
180.5 147.12921348314603
150.83707865168537 79.71348314606733
45.66853932584263 70.27528089887636
24.095505617977437 87.80337078651678
256.0056179775281 48.70224719101117
382.74719101123605 105.33146067415726
376.0056179775281 51.39887640449433
447.4662921348315 29.825842696629138
617.3539325842698 54.09550561797744
708.0280898876408 135.16292134831468
748.477528089888 112.91573033707871
704.6573033707868 67.74719101123605
782.1853932584273 57.634831460674235
821.2865168539329 2.353932584269728
