471.6409395973155 603.3187919463086
945.1979865771814 487.3456375838924
1059.560402684564 426.1375838926173
1173.9228187919464 379.4261744966441
1209.3590604026847 327.8825503355703
843.7214765100673 337.5469798657716
118.88926174496646 161.97651006711385
205.86912751677852 137.81543624161054
1053.1174496644296 184.52684563758362
1057.9496644295302 150.70134228187896
1093.3859060402685 176.47315436241593
1094.996644295302 160.3657718120803
1154.5939597315437 158.75503355704677
1152.9832214765102 116.87583892617431
1094.996644295302 120.09731543624139
1093.3859060402685 102.37919463087223
1115.9362416107383 91.10402684563735
626.6744966442955 43.385906040268196
726.540268456376 37.748322147650754
823.9899328859062 20.835570469798427
862.6476510067116 62.71476510067089
961.7080536912754 54.66107382550314
970.5671140939601 57.88255033557027
997.9496644295305 58.68791946308705
1009.2248322147655 40.16442953020112
1022.9161073825508 54.66107382550314
1038.2181208053694 74.79530201342261
1051.9093959731547 57.88255033557027
1077.6812080536915 57.88255033557027
1078.4865771812083 20.835570469798427
1058.3523489932888 15.197986577180927
1246.4724950884086 172.18958742632617
1088.5157170923378 68.4567779960708
185.8045186640471 178.55500982318267
426.2760314341847 97.45481335952844
654.7239685658155 44.73379174852664
684.4292730844795 33.41748526522605
582.5825147347742 83.86935166994115
876.8064833005894 3.240667976424504
823.5255402750493 9.37033398821228
812.6807465618862 9.37033398821228
733.9381139489196 30.588408644400886
1070.1267190569745 22.572691552062963
1061.6394891944992 39.07563850687632
1034.2917485265227 39.54715127701385
1047.9656188605109 40.01866404715139
1020.6178781925345 42.847740667976524
655.748322147651 867.802013422819
767.8557046979867 1008.2583892617452
1440.5 628.1241610738257
1185.0369127516778 233.77516778523494
971.7751677852347 160.32550335570477
592.2852348993287 97.18456375838934
917.8823529411768 47.88235294117648
922.4705882352944 70.82352941176472
840.5882352941179 64.29411764705884
829.1176470588239 60.41176470588236
665.5294117647062 56.97058823529406
640.2941176470591 51.14705882352936
562.6470588235297 73.55882352941171
617.7058823529416 50.79411764705878
501.32352941176504 114.67647058823522
629.0882352941179 175.0294117647058
796.7352941176473 196.2058823529411
816.5000000000002 174.67647058823525
773.6176470588238 356.61764705882354
1017.8529411764708 446.2647058823529
869.7058823529413 50.97058823529406
832.8235294117649 69.14705882352936
788.8823529411767 41.088235294117595
714.2352941176473 48.588235294117666
857.1764705882354 5.882352941176492
837.0588235294119 4.117647058823536
725.2647058823529 221.44117647058795
720.6764705882354 165.32352941176438
938.0882352941178 144.32352941176464
