41.80115424973769 418.6112277019936
31.72770199370416 261.4653725078698
37.771773347324256 190.95120671563473
35.757082896117595 84.17261280167872
13.595487932843696 176.84837355718764
76.05089192025184 156.70146904512058
110.300629590766 211.0981112277019
168.72665267576076 215.12749213011534
309.7549842602309 400.4790136411332
374.2250786988458 396.44963273871974
442.7245540398742 424.6552990556138
468.91552990556147 350.1117523609653
517.2681007345226 368.2439664218257
626.0613850996854 400.4790136411332
605.9144805876181 499.1988457502622
615.9879328436516 261.4653725078698
700.6049317943339 273.5535152151101
761.0456453305353 364.21458551941237
912.147429171039 382.3467995802728
954.45592864638 319.89139559286446
1006.8378803777546 382.3467995802728
1107.5724029380904 418.6112277019936
1176.0718782791187 376.30272822665256
1290.9092339979015 444.802203567681
1417.8347324239246 515.3163693599159
1286.879853095488 275.56820566631677
976.6175236096537 257.43599160545637
1037.0582371458554 229.2303252885623
938.3384050367263 255.4213011542497
287.0897166841552 123.93126967471142
294.1411332633787 98.74763903462747
344.5083945435466 81.6227701993704
388.8315844700944 45.35834207764947
434.16211962224554 37.299580272822595
453.3016789087093 89.68153200419721
482.51469045120666 86.65949632738716
476.47061909758656 66.51259181531998
501.6542497376705 32.26285414480583
512.7350472193074 29.240818467995723
541.9480587618048 26.218782791185617
556.0508919202518 30.24816369359911
554.0362014690451 72.55666316894013
634.6238195173137 39.31427072402931
623.5430220356768 32.26285414480583
644.6972717733473 30.24816369359911
661.8221406086044 75.57869884575018
726.2922350472193 78.60073452256029
743.4171038824763 74.57135362014685
926.7539349422875 144.07817418677854
919.702518363064 57.44648478488978
800.3321091290662 21.18205666316885
801.3394543546696 10.101259181531987
797.3100734522561 52.40975865687295
786.2292759706191 7.079223504721881
771.1190975865688 21.18205666316885
737.876705141658 18.16002098635886
752.9868835257084 24.204092339978956
711.6857292759707 19.16736621196219
698.5902413431271 16.145330535152084
696.5755508919203 30.24816369359911
673.4066107030432 28.233473242392392
671.3919202518364 40.3216159496327
686.5020986358868 37.299580272822595
687.5094438614901 24.204092339978956
751.979538300105 11.108604407135317
859.7654774396644 32.26285414480583
882.9344176285416 22.18940188877218
926.250262329486 21.18205666316885
971.5807974816371 17.152675760755415
1010.867261280168 95.72560335781736
1037.0582371458554 54.42444910807967
998.7791185729277 23.196747114375626
1012.8819517313748 15.137985309548753
1028.9994753410283 18.16002098635886
1062.2418677859391 10.101259181531987
1068.2859391395596 18.16002098635886
1080.3740818467998 37.299580272822595
1064.256558237146 191.4233997901364
1105.5577124868837 187.39401888772295
1157.9396642182583 140.0487932843651
1211.3289611752361 124.93861490031475
1183.1232948583422 71.54931794333675
1235.5052465897168 21.18205666316885
1283.857817418678 109.82843651626433
1298.9679958027284 100.76232948583413
1320.1222455403988 106.80640083945434
1324.1516264428124 194.44543546694644
1501.9480587618048 193.43809024134305
1572.46222455404 200.4895068205666
1568.4328436516264 154.15162644281213
1746.7329485834207 257.90818467995797
1765.8725078698847 207.54092339979013
1778.9679958027282 182.35729275970618
1717.5199370409234 112.85047219307444
1655.0645330535153 145.08551941238193
1682.2628541448057 67.51993704092331
1647.0057712486882 65.50524658971665
1567.425498426023 124.93861490031475
1513.0288562434416 156.16631689401885
1482.808499475341 126.95330535152146
1473.7423924449108 91.69622245540394
1447.5514165792233 70.54197271773342
1453.5954879328438 58.45383001049311
1527.1316894018887 68.5272822665267
1494.8966421825812 66.51259181531998
1518.0655823714585 8.086568730325212
1423.375131164743 7.079223504721881
1361.927072402938 9.093913955928542
1307.5304302203567 7.079223504721881
1299.4716684155298 58.45383001049311
1736.6594963273872 14.130640083945421
1883.7318992654775 14.130640083945421
1866.6070304302204 18.16002098635886
436.9086687306501 29.24613003095982
1090.7786377708978 8.441176470588289
861.9241486068111 8.441176470588289
877.7755417956655 10.422600619195123
906.0108359133126 3.9829721362229975
789.6021671826625 223.42569659442722
861.9241486068111 223.42569659442722
836.6609907120742 126.83126934984523
684.8343653250772 61.43653250773995
741.800309597523 60.941176470588246
715.2987616099069 11.405572755417964
721.9860681114549 7.1950464396284985
759.1377708978326 6.69969040247679
1101.2352941176473 46.11764705882354
1126.6470588235297 51.411764705882376
1149.058823529412 50.88235294117649
1097.1764705882356 75.05882352941178
1108.6470588235295 97.47058823529413
949.9117647058825 59.97058823529406
1248.588235294118 39.411764705882376
1201.8235294117649 58.29411764705884
1221.2352941176473 54.94117647058826
