96.23033707865136 567.4662921348315
61.17415730337086 537.8033707865164
123.19662921348322 408.3651685393255
9.938202247191043 322.07303370786485
260.7247191011236 351.73595505617936
376.67977528089887 295.10674157303333
357.8033707865169 192.6348314606738
527.691011235955 367.91573033707823
546.5674157303371 340.9494382022468
754.2078651685393 575.5561797752805
921.3988764044944 780.4999999999997
937.5786516853933 559.3764044943816
1342.0730337078653 923.4213483146063
1600.9494382022472 704.9943820224715
1209.938202247191 359.8258426966288
1269.2640449438204 300.49999999999966
1347.4662921348313 305.8932584269659
114.43258426966287 115.4438202247191
168.3651685393258 106.00561797752812
154.88202247191003 84.43258426966293
172.4101123595505 53.421348314606746
122.5224719101123 57.46629213483152
102.29775280898872 64.20786516853934
90.16292134831457 83.08426966292137
56.45505617977523 89.82584269662925
67.24157303370782 45.33146067415731
207.46629213483135 19.71348314606746
223.64606741573022 17.016853932584354
227.69101123595493 46.679775280898866
276.23033707865164 49.37640449438203
289.7134831460673 60.162921348314626
313.9831460674156 48.028089887640476
324.76966292134824 34.54494382022472
338.252808988764 18.36516853932585
380.05056179775266 30.5
389.4887640449437 30.5
319.3764044943819 19.71348314606746
281.62359550561786 29.151685393258447
250.61235955056173 25.106741573033787
417.8033707865167 17.016853932584354
413.758426966292 29.151685393258447
431.2865168539325 21.06179775280907
451.51123595505607 10.275280898876417
459.6011235955055 29.151685393258447
490.6123595505616 14.320224719101134
487.9157303370785 31.84831460674161
513.5337078651685 25.106741573033787
527.0168539325841 26.455056179775283
547.2415730337077 25.106741573033787
553.9831460674156 7.578651685393311
578.252808988764 19.71348314606746
603.8707865168537 19.71348314606746
471.73595505617965 87.12921348314609
413.758426966292 95.21910112359552
440.7247191011235 153.19662921348316
429.9382022471909 139.7134831460674
459.6011235955055 132.97191011235952
533.7584269662921 80.38764044943821
594.4325842696628 107.35393258426967
264.0955056179775 137.01685393258424
703.6460674157302 235.4438202247191
771.0617977528088 227.35393258426967
779.1516853932583 274.5449438202247
868.140449438202 298.814606741573
905.893258426966 147.8033707865169
878.9269662921345 103.30898876404495
808.8146067415728 83.08426966292137
775.1067415730336 70.94943820224717
692.8595505617975 74.99438202247188
692.8595505617975 23.758426966292177
775.1067415730336 38.58988764044943
804.7696629213481 27.803370786516894
820.9494382022469 11.623595505618027
864.0955056179773 38.58988764044943
853.3089887640447 49.37640449438203
881.6235955056177 54.7696629213483
927.4662921348313 83.08426966292137
901.8483146067413 39.93820224719104
927.4662921348313 240.83707865168537
198.02808988764042 48.028089887640476
66.56741573033707 402.9719101123592
1646.7921348314608 295.10674157303333
1560.5 278.92696629213447
1870.6123595505615 316.6797752808985
1908.3651685393256 381.398876404494
1832.8595505617977 669.9382022471906
1220.7247191011238 106.34269662921315
1228.8146067415732 208.81460674157267
1164.0955056179773 249.26404494381984
1034.6573033707864 330.1629213483143
1274.6573033707864 106.34269662921315
1070.387640449438 45.33146067415731
1063.6460674157302 30.5
1027.2415730337077 19.71348314606746
1131.0617977528088 68.25280898876406
1140.4999999999998 45.33146067415731
1162.073033707865 35.89325842696633
1183.6460674157302 81.73595505617982
1210.6123595505617 83.08426966292137
1237.5786516853932 54.7696629213483
1251.0617977528088 18.36516853932585
1238.9269662921347 11.623595505618027
1217.3539325842696 15.668539325842744
1199.825842696629 22.410112359550567
1216.005617977528 33.19662921348316
1268.5898876404492 19.71348314606746
1318.4775280898873 34.54494382022472
1331.9606741573032 41.286516853932596
1364.320224719101 37.24157303370788
1358.9269662921347 21.06179775280907
1429.0393258426964 197.69101123595505
1462.7471910112356 180.16292134831463
1478.9269662921345 115.4438202247191
1504.5449438202245 29.151685393258447
1632.634831460674 112.74719101123594
1690.6123595505617 57.46629213483152
1741.8483146067413 50.72471910112358
1605.6685393258426 25.106741573033787
1549.0393258426966 111.39887640449439
1879.3764044943819 57.46629213483152
1910.3876404494379 72.29775280898878
1915.7808988764043 43.98314606741576
1880.7247191011234 10.275280898876417
