339.16415804327386 675.9656632173096
496.3043273753529 748.2140169332079
662.4755409219193 625.3918156161806
6.821730950141103 520.631702728128
50.17074317968014 361.6853245531514
127.83772342427096 332.785983066792
158.54327375352776 318.33631232361233
304.8461900282221 432.1274694261524
1408.4397930385703 862.0051740357479
1612.5413922859834 957.7342427093133
1625.1848541862655 802.4002822201319
1583.642050799624 659.7097836312324
1527.6495766698026 574.8179680150517
1498.7502351834435 345.42944496707435
1480.6881467544688 311.1114769520226
1097.7718720602072 321.9487300094073
260.1425211665098 280.4059266227658
277.3015051740357 327.3673565380997
298.07290686735655 302.0804327375353
353.16227657572915 311.1114769520226
384.7709313264347 327.3673565380997
390.1895578551271 398.71260583254946
375.7398871119474 295.75870178739416
399.2206020696143 250.6034807149577
451.6006585136407 303.88664158043275
571.7135465663218 348.1387582314205
447.08513640639705 257.8283160865475
473.27516462841027 256.02210724365005
494.04656632173095 203.6420507996237
513.0117591721544 207.2544684854186
531.9769520225777 254.21589840075256
559.0700846660396 259.634524929445
571.7135465663218 226.21966133584198
490.4341486359361 220.80103480714956
603.3222013170274 189.192380056444
634.0277516462842 179.25823142050797
650.2836312323614 172.93650047036687
693.6326434619004 200.9327375352775
751.4313264346191 251.5065851364064
793.8772342427095 251.5065851364064
854.3852304797745 216.2855126999059
674.6674506114771 159.38993414863592
692.7295390404516 172.93650047036687
691.826434619003 153.97130761994356
715.30714957667 146.7464722483537
707.1792097836313 157.58372530573843
752.3344308560679 163.90545625587959
748.7220131702729 139.52163687676386
780.3306679209785 153.97130761994356
803.8113828786455 143.13405456255873
799.2958607714019 128.6843838193791
815.551740357479 122.36265286923799
825.4858889934151 115.13781749764814
835.4200376293511 181.06444026340546
865.2224835371592 208.15757290686736
898.6373471307622 207.2544684854186
922.1180620884293 172.03339604891812
867.480244590781 109.76152398871128
879.6721542803389 111.56773283160872
899.5404515522109 112.47083725305745
914.441674506115 92.15098777046103
923.9242709313266 106.6006585136407
933.4068673565382 86.73236124176864
966.8217309501413 127.37206020696149
959.5968955785514 181.10677328316092
962.7577610536221 98.9242709313265
971.3372530573849 89.89322671683922
906.7652869238008 43.383349012229644
912.1839134524931 47.898871119473284
930.697554092192 38.867826904986
1024.1688617121356 125.11429915333966
1063.9054562558797 154.91674506114776
1103.1904985888996 191.4924741298213
1156.925211665099 191.4924741298213
1151.958137347131 137.7577610536219
1134.799153339605 147.24035747883357
1055.3259642521168 111.56773283160872
1000.2365945437443 70.02492944496717
1006.106773283161 63.70319849482607
1027.7812793979306 56.02681091251185
1046.746472248354 60.54233301975549
1030.942144873001 93.95719661335849
1038.6185324553153 95.76340545625595
1089.6439322671686 68.67027281279408
1071.581843838194 51.059736594543836
1087.8377234242712 51.059736594543836
1090.095484477893 43.383349012229644
1103.1904985888996 54.67215428033876
1100.0296331138288 30.288334901223067
1119.8979303857009 45.64111006585145
1131.6382878645345 58.28457196613368
1140.2177798682974 80.41063029162754
1121.7041392285985 62.34854186265298
1145.63640639699 60.54233301975549
1154.2158984007528 81.76528692380062
1160.9891815616184 113.82549388523054
1172.7295390404518 75.44355597365953
1155.5705550329258 53.31749764816567
1103.1904985888996 8.613828786453496
1108.609125117592 8.613828786453496
1127.1227657572908 8.162276575729152
1142.0239887111948 12.22624647224842
1159.6345249294452 13.129350893697165
1170.9233301975542 11.323142050799731
1182.6636876763878 33.44920037629362
1190.340075258702 33.44920037629362
1195.3071495766699 34.352304797742335
1181.3090310442146 76.34666039510827
1154.2158984007526 95.76340545625595
1254.912041392286 89.89322671683922
1237.7530573847603 53.31749764816567
1228.722013170273 53.31749764816567
1194.8555973659456 55.12370649106313
1199.8226716839135 43.83490122295402
1286.0691439322673 91.24788334901231
1322.1933207902166 89.44167450611485
1311.356067732832 75.44355597365953
1314.5169332079022 222.1980244590781
1334.3852304797742 219.03715898400762
1325.8057384760114 59.63922859830677
1313.1622765757293 49.253527751646374
1300.9703668861714 27.579021636876888
1295.1001881467546 16.290216368767744
1307.2920978363125 17.644873000940834
1322.6448730009408 38.41627469426163
1349.7380056444026 33.90075258701799
1237.7530573847603 20.805738476011385
1254.0089369708376 4.098306679209884
1264.8461900282223 3.646754468485483
1199.8226716839135 5.904515522107317
1206.595954844779 2.2920978363123936
1226.9158043273756 13.129350893697165
1276.1349952963315 21.70884289746013
1339.8038570084668 54.22060206961439
1335.2883349012232 13.580903104421509
1361.4783631232362 32.0945437441205
1384.0559736594546 67.76716839134534
1114.4793038570087 9.968485418626585
1076.0973659454376 8.613828786453496
1092.804797742239 8.613828786453496
1128.0258701787395 20.805738476011385
1411.1491063029166 96.21495766698033
1409.342897460019 42.93179680150527
1432.3720602069616 57.83301975540931
1457.6589840075262 95.76340545625595
1460.3682972718725 39.30526810912511
1510.0390404515524 57.367356538099784
1379.9920037629354 8.613828786453496
1550.6787394167454 132.3391345249295
1598.9948259642524 143.17638758231425
1611.6382878645345 130.53292568203204
1723.1716839134529 143.16227657572915
1749.361712135466 134.1312323612418
933.091170825336 99.10844529750486
956.1238003838772 36.920345489443434
980.538387715931 69.62667946257204
960.2696737044147 78.83973128598853
945.9894433781191 86.21017274472175
940.0009596928984 81.14299424184267
1182.7648752399232 64.09884836852214
1283.5294117647059 7.647058823529434
1306.2941176470588 10.294117647058838
1355.3529411764705 46.823529411764724
1359.0588235294117 61.823529411764724
1240.0294117647059 118.5588235294117
