205.70566419420095 499.070465273095
323.5209035738368 514.6065407956844
161.6867835468645 367.0138233310855
269.1446392447741 363.1298044504382
129.31995954147004 312.63755900202284
30.924814565070847 471.88233310856367
297.6274443695213 1050.6011463250168
11.504720161834143 975.5101146325017
1295.8202966958866 1005.2875927174646
82.711732973702 126.20465273095067
116.37322993931224 136.5620364126769
74.9436952124073 83.48044504382995
205.70566419420095 89.95380984490885
263.96594740391106 136.5620364126769
324.81557653405264 67.94436952124056
355.8877275792313 162.4554956169925
1607.8364801078892 703.628792987188
1440.8236682400538 460.2302764666216
1178.0050573162507 451.1675657451111
1031.7070128118678 367.0138233310855
956.6159811193527 435.63149022252185
976.0360755225893 196.11699258260273
810.3179366149695 216.83175994605517
796.0765340525961 168.9288604180714
695.0920431557653 126.20465273095067
594.1075522589346 10.978759271746412
683.4399865138233 36.87221847606202
797.3712070128117 17.4521240728252
856.9261631827376 49.81894807821982
911.3024275118003 73.12306136210373
941.0799055967632 60.176331759945924
973.4467296021577 113.25792312879287
1049.8324342548888 86.06979096426153
1016.1709372892784 29.104180714767153
1086.0832771409305 8.389413351314715
1122.3341200269722 78.30175320296689
1093.851314902225 95.13250168577201
1069.2525286581254 123.61530681051909
1020.0549561699258 135.26736345246115
1122.3341200269722 167.63418745785566
1095.145987862441 219.42110586648676
1339.8391773432231 328.1736345246122
1478.3691840863114 310.0482130815913
1602.6577882670263 389.0232636547538
1650.56068779501 272.5026972353337
1746.3664868509777 281.5654079568442
1780.0279838165877 343.7097100472015
1842.1722859069453 212.94774106540785
1870.6550910316926 334.646999325691
1909.4952798381657 113.25792312879287
1844.761631827377 80.89109912339836
1759.3132164531355 177.99157113958177
1530.8034389750505 226.48111935266354
1429.8189480782198 249.78523263654756
1607.8364801078894 388.3152393796359
1296.4676331759947 185.05158462575855
1226.5552933243425 176.636210384356
1214.9032366824003 111.25522589345917
1280.9315576534052 96.36648685097771
1374.7953472690492 173.3995279838166
1469.3064733648011 147.506068779501
1510.088671611598 142.97471341874575
1596.1844234659475 149.44807821982465
1646.029332434255 174.69420094403233
1672.5701281186784 202.5296695886716
1671.2754551584626 118.375927174646
1624.0198921105866 114.49190829399862
1679.6908293998652 49.758260283209665
1616.8991908294 8.9760620364126
1559.2862440997978 31.632838840188754
1422.6982467970329 29.6908293998651
1344.3705327039784 81.47774780849625
1357.3172623061362 54.936952124072775
1328.834457181389 27.10148347943357
1288.052258934592 7.681389076196865
1329.4817936614968 7.034052596088941
1447.2970330411329 7.681389076196865
1767.0812542144304 51.05293324342546
1787.7960215778828 72.41503708698582
1807.8634524612273 54.28961564396491
1468.9117647058824 20.441176470588175
1514.4411764705883 30.676470588235247
1392.3235294117649 2.7941176470587266
1377.5 57.49999999999994
1390.3823529411764 131.97058823529403
