640.8190428713857 64.71734795613168
628.3763708873378 56.1031904287139
659.0044865403787 38.87487537387841
662.8330009970089 32.174975074775716
684.8469591226319 31.217846460618205
691.5468594217347 31.217846460618205
701.11814556331 41.746261216351
708.7751744765701 22.603688933200488
725.0463609172482 29.303589232303125
711.6465603190427 56.1031904287139
732.7033898305083 48.446161515453696
737.489032901296 37.9177467597209
743.2318045862412 26.432203389830534
763.3315054835492 19.732303090727896
836.0732801595213 42.70338983050851
893.500997008973 11.118145563310122
998.785144566301 18.775174476570328
987.2996011964107 61.845962113659084
1041.8559322033898 64.71734795613168
1172.0254237288136 14.946660019940282
1194.9965104685941 12.07527417746769
1327.0802592223329 105.87387836490535
1007.3993020937188 117.35942173479566
335.9735792622132 111.61665004985053
313.0024925224326 115.44516450648064
257.48903290129596 84.81704885343976
235.47507477567285 131.71635094715862
148.37637088733783 129.80209371884354
1680.7392821535393 287.72831505483566
1770.7093718843469 246.57178464606193
1776.452143569292 151.8160518444667
1010.0356037151703 56.98606811145518
1217.5897832817336 7.450464396284929
1229.4783281733746 37.17182662538707
1280.9953560371519 27.76006191950472
796.0417956656345 47.078947368421126
776.2275541795664 11.90866873065022
762.3575851393188 29.24613003095982
795.0510835913311 31.227554179566653
841.6145510835912 25.778637770897916
851.0263157894735 32.71362229102175
858.9520123839008 25.778637770897916
863.410216718266 45.09752321981432
890.6547987616098 25.778637770897916
914.4318885448915 32.71362229102175
885.205882352941 4.9736842105264145
920.8715170278637 15.87151702786386
678.1470588235293 43.611455108359195
534.9891640866871 66.9086687306501
117.8993808049535 111.47523219814246
136.72291021671822 206.08823529411765
304.6486068111454 135.7476780185759
353.68885448916404 106.52167182662544
204.4414634146342 91.24634146341464
135.1341463414635 136.20243902439023
387.07560975609766 100.1439024390244
574.1585365853659 167.00731707317073
782.0804878048782 207.28048780487808
975.0170731707317 114.6609756097561
953.9439024390244 28.963414634146346
675.7780487804878 60.807317073170736
1573.0268292682929 91.71463414634147
1180.1292682926828 42.5439024390244
976.2003891050581 13.019455252918277
