756.0820895522388 652.2611940298505
643.3656716417911 522.3507462686564
459.9626865671642 554.8283582089549
427.4850746268657 677.0970149253728
244.08208955223876 409.63432835820856
144.73880597014926 447.84328358208916
20.55970149253733 350.4104477611936
24.3805970149254 121.15671641791005
146.64925373134332 113.51492537313379
131.36567164179104 151.7238805970145
169.57462686567163 31.36567164179064
918.4701492537313 17.992537313432422
1040.738805970149 48.55970149253676
1877.514925373134 132.6194029850742
1661.634328358209 159.36567164179064
1686.4701492537313 145.9925373134324
1585.2164179104477 111.60447761193983
1552.738805970149 54.29104477611895
1485.8731343283582 100.14179104477569
1466.7686567164178 27.544776119402513
110.36247544204312 5.038310412573651
188.6335952848722 5.038310412573651
1549.0294117647059 2.7941176470587266
1199.9705882352941 218.79411764705875
967.0294117647061 80.79411764705875
254.79411764705884 47.2647058823529
