479.1516853932584 827.6910112359546
169.0393258426967 584.9943820224717
400.9494382022473 320.72471910112336
457.5786516853933 231.73595505617948
640.9494382022473 223.64606741573004
759.6011235955056 172.41011235955034
1129.0393258426966 595.7808988764042
1040.0505617977528 388.1404494382019
1034.6573033707864 312.6348314606739
1307.0168539325841 401.6235955056177
1803.196629213483 854.6573033707862
468.36516853932596 5.219101123595237
702.9719101123595 24.095505617977324
702.9719101123595 91.5112359550559
883.6460674157303 91.5112359550559
951.061797752809 102.29775280898843
956.4550561797754 21.398876404494104
1439.1516853932585 80.72471910112336
1611.7359550561796 10.61235955056145
120.37616099071192 303.719814241486
1021.9241486068113 137.28018575851388
1574.7414860681117 131.33591331269338
