1578.9084561038394 23.80432576869083
1665.1067548519695 6.564666019064873
1676.9282358231414 78.97123696749406
1663.1365080234407 55.32827502514982
1690.22740191571 41.536547225449006
1838.9810374696258 54.83571331801767
1865.579369654763 89.80759452440182
1850.3099567336658 88.82247111013749
1895.6256337898258 97.68858183851654
1151.1041291141228 46.313473658488135
1130.6001968473868 10.431592191700133
928.8228634042803 36.52750598572777
815.119239016017 7.635601428054315
746.1514668460868 18.81956448263759
769.4513898764686 6.237606046231406
1207.2058823529414 141.3235294117647
1763.264705882353 37.735294117647015
