103.42650033715444 455.05158462575855
1878.4231287929872 154.68745785569786
1830.520229265003 -0.673297370195769
1830.520229265003 4.505394470667397
1783.9120026972353 18.746797033041048
1738.598449089683 8.389413351314715
1756.7238705327038 58.8816587997302
1759.3132164531355 10.978759271746412
1684.2221847606202 38.16689143627764
1666.0967633175994 9.684086311530564
1613.0151719487524 17.4521240728252
1632.4352663519892 47.22960215778813
1598.773769386379 69.2390424814564
1540.5134861766687 54.99763991908276
1671.2754551584624 113.25792312879287
1767.0812542144301 144.33007417397152
1568.996291301416 140.4460552933242
1502.9679703304112 203.88503034389737
1568.996291301416 232.36783546864456
1543.1028320971004 295.8068105192177
1422.6982467970329 225.89447066756566
1413.6355360755224 108.07923128792982
1416.224881995954 69.2390424814564
1376.0900202292648 13.568105192177882
1268.6321645313553 17.4521240728252
1360.5539447066756 123.61530681051909
1326.8924477410653 131.38334457181372
1260.8641267700607 127.4993256911664
1233.6759946055292 140.4460552933242
1167.6476736345246 167.63418745785566
1113.271409305462 162.4554956169925
1080.9045853000673 180.58091706001335
1035.5910316925151 165.04484153742396
969.5627107215105 89.95380984490885
916.4811193526634 108.07923128792982
1392.92076871207 445.98887390424807
1869.3604180714767 431.7474713418744
1429.171611598112 676.4406608226566
1137.8701955495617 457.64093054619
1035.5910316925151 418.8007417397167
946.2585974376263 923.7231962238704
768.8884018880647 417.506068779501
600.5809170600135 425.27410654079563
585.0448415374241 527.5532703978421
484.06035064059336 398.0859743762642
322.22623061362106 464.1142953472689
354.59305461901556 583.2242076871206
335.17296021577886 526.2585974376263
254.90323668240057 342.41503708698576
207.00033715441674 343.7097100472015
473.70296695886714 307.4588671611598
519.0165205664194 216.83175994605517
456.872218476062 171.51820633850298
405.0853000674309 158.57147673634518
322.22623061362106 190.93830074173957
262.6712744436952 180.58091706001335
204.41099123398516 189.64362778152383
687.3240053944706 137.85670937289274
607.0542818610924 158.57147673634518
525.4898853674983 136.5620364126769
770.1830748482805 60.176331759945924
831.032703978422 49.81894807821982
934.6065407956845 36.164194200943996
952.7319622387055 23.217464598786137
971.5047201618343 23.864801078894065
989.6301416048551 22.570128118678326
1009.0502360080918 20.628118678354664
1043.35906945381 14.802090357383577
1003.8715441672286 51.05293324342546
968.9153742414027 63.99966284558326
1091.2619689817939 4.444706675657358
625.1797033041132 101.6058664868508
184.0198921105866 240.72252191503708
62.32063385030338 61.410316925151676
61.67329737019548 47.81625084288601
88.86142953472685 52.34760620364125
105.0448415374241 52.994942683749116
72.67801753202963 45.22690492245442
182.07788267026294 18.038772757923084
192.4352663519892 18.038772757923084
212.50269723533378 23.217464598786137
225.44942683749153 23.217464598786137
248.75354012137564 20.628118678354664
236.45414699932567 12.212744436952107
224.80209035738366 13.507417397167842
215.73937963587323 10.270734996628448
257.816250842886 12.212744436952107
269.4683074848281 18.038772757923084
288.8884018880648 10.270734996628448
245.17114093959736 9.540268456375884
