522.6192052980131 342.6192052980133
562.3543046357614 350.56622516556297
470.16887417218527 43.811258278145715
522.6192052980131 58.11589403973517
541.6920529801323 59.705298013245056
603.6788079470198 35.864238410596045
904.0761589403971 569.9039735099338
1164.7384105960261 622.3543046357617
1474.6721854304633 282.2218543046358
1379.3079470198672 110.56622516556297
1120.2350993377481 13.612582781456922
1790.9635761589402 24.738410596026597
1819.5728476821187 441.16225165562923
586.1953642384104 -0.6920529801325301
589.3741721854303 2.4867549668874744
1428.4764243614932 6.06974459724961
1411.0304518664047 1.8261296660119228
1855.9027504911594 45.588408644400715
