48.94036697247709 249.85779816513724
135.0565749235474 275.30122324158987
286.73853211009185 251.81498470947975
670.3470948012234 294.8730886850149
282.33486238532134 44.444954128440145
364.53669724770674 99.24617737003035
351.81498470948037 120.77522935779797
413.46636085626943 108.05351681957166
574.9342507645264 215.69877675840956
709.0015290519881 202.9770642201833
628.7568807339453 127.62538226299677
796.0963302752298 187.31957186544327
841.1116207951073 132.518348623853
907.6559633027526 141.3256880733943
695.3012232415906 73.80275229357778
1022.6406727828746 140.34709480122302
1036.3409785932722 94.35321100917412
1259.4602446483182 218.63455657492335
1717.441896024465 263.64984709480103
1590.224770642202 137.4113149847093
1608.8180428134558 109.03211009174294
1534.4449541284405 121.75382262996919
1473.7721712538228 113.92507645259917
1231.0810397553516 132.518348623853
1238.909785932722 89.46024464831783
1189.0015290519877 114.90366972477045
1140.0718654434252 107.07492354740037
1142.0290519877676 64.01681957186526
1623.4969418960245 25.851681957186315
1606.8608562691134 37.5948012232414
1514.8730886850153 64.01681957186526
1535.4235474006118 25.851681957186315
1554.0168195718657 14.108562691131283
1453.2217125382265 41.50917431192642
1422.8853211009175 39.55198776758391
1411.1422018348624 36.61620795107012
1397.441896024465 36.61620795107012
1375.9128440366974 60.102446483180245
1370.0412844036698 40.530581039755134
1373.955657492355 25.851681957186315
1326.0045871559635 29.766055045871383
1297.625382262997 39.55198776758391
1294.6896024464831 51.29510703363894
1263.374617737003 33.680428134556394
1233.0382262996943 29.766055045871383
1279.032110091743 22.91590214067253
1327.961773700306 19.001529051987518
1154.7507645259939 16.06574923547373
1107.7782874617737 9.215596330274932
1097.9923547400613 12.15137614678872
1083.3134556574923 9.215596330274932
991.3256880733945 41.50917431192642
1026.5550458715597 3.344036697247475
672.7935779816515 19.980122324158742
569.0626911314985 41.50917431192642
554.3837920489298 39.55198776758391
558.2981651376149 3.344036697247475
499.58256880733956 25.851681957186315
487.8394495412845 5.301223241589923
572.9770642201836 29.766055045871383
746.1880733944956 9.215596330274932
720.744648318043 2.365443425076137
723.6804281345568 17.044342507644956
824.475535168196 6.279816513761149
823.4969418960246 19.980122324158742
959.521406727829 67.93119266055027
934.0779816513763 26.83027522935754
911.5703363914375 32.70183486238511
912.5489296636086 22.91590214067253
873.4051987767587 20.958715596329967
854.8119266055048 27.808868501528764
885.1483180428137 41.50917431192642
918.4204892966362 39.55198776758391
1356.830275229358 34.65902140672762
797.5642201834864 17.579510703363894
926.738532110092 22.472477064220186
978.6039755351685 4.857798165137582
942.8853211009177 10.729357798165097
973.7110091743123 4.857798165137582
