1239.26404494382 3.3651685393258504
1213.6460674157302 4.71348314606746
1207.5786516853932 35.72471910112358
1192.0730337078649 23.589887640449433
1166.455056179775 28.308988764044955
1134.0955056179773 25.61235955056179
1128.7022471910109 4.71348314606746
1089.6011235955054 36.39887640449439
1066.005617977528 20.21910112359552
1052.5224719101122 53.25280898876406
1038.3651685393256 17.52247191011236
1014.0955056179773 8.758426966292177
993.8707865168537 6.735955056179819
933.196629213483 35.050561797752835
892.7471910112358 67.41011235955057
949.3764044943819 241.34269662921344
857.0168539325841 153.70224719101122
839.4887640449437 86.96067415730337
859.0393258426965 24.938202247191015
833.4213483146066 12.129213483146088
1150.949438202247 256.84831460674155
1262.1853932584268 231.90449438202245
1257.4662921348313 170.55617977528087
1261.511235955056 78.19662921348313
708.3651685393256 304.2078651685393
676.0056179775279 128.9269662921348
1502.522471910112 503.75842696629206
1312.41011235955 192.29775280898878
1385.219101123595 181.51123595505618
1342.0730337078649 7.578651685393311
655.4438202247188 16.84831460674158
710.0505617977525 1.342696629213492
741.0617977528087 10.10674157303373
761.2865168539323 54.60112359550561
817.9157303370783 40.443820224719104
786.2303370786515 18.196629213483163
1573.9831460674154 179.15168539325805
1741.1741573033705 246.56741573033673
1878.7022471910113 216.9044943820221
1603.6460674157302 146.79213483146032
