40.432088285229156 265.05008488964336
20.873514431239357 235.71222410865857
141.4847198641765 235.71222410865857
131.70543293718163 25.457555178268194
6.204584040747022 7.528862478777455
1093.8140397958039 22.968458236889603
1215.6898559037938 3.805594068966684
1238.6852929053014 18.369370836588132
1180.4301858348156 2.2725649355328414
1273.1784484075629 406.99225616206564
1670.2329939669264 239.12556605106056
1559.0883817929732 224.5617892834391
1538.3924884916164 3.805594068966684
1614.2774305965913 6.105137769117448
1678.6646542008125 38.29874957122797
1718.5234116700922 30.633603904058816
1770.6464022068426 113.41717710948598
1835.0336258110638 140.2451869445781
501.6815370069845 94.49384874366206
428.0961386021604 114.4232274783019
690.2441204193464 73.03144087558826
757.6974022904352 65.36629520841916
616.6587220145223 534.4732100391732
1285.059424191675 687.7761233825568
1334.5577249575547 25.457555178268194
1592.2647058823532 512.2647058823528
1754.6176470588239 578.6176470588234
