394.87308868501543 1063.0688073394494
1246.2492354740061 458.29816513761443
3.4357798165139 671.6314984709478
271.5703363914374 497.44189602446465
387.0443425076454 544.4143730886848
191.32568807339464 383.9250764525991
122.8241590214069 348.695718654434
138.48165137614694 315.42354740061137
114.99541284403688 268.45107033639124
68.02293577981663 327.1666666666665
5.392966360856462 350.6529051987766
141.9067278287462 130.5611620795105
75.36238532110094 123.71100917431176
47.961773700305805 142.30428134556558
35.24006116207949 140.34709480122302
11.753822629969422 144.26146788990803
543.1299694189604 78.69571865443407
884.6590214067279 17.044342507644956
249.5519877675841 284.20030581039737
263.2522935779817 284.20030581039737
318.05351681957194 352.7018348623852
324.90366972477074 328.2370030581038
72.42660550458716 299.85779816513735
359.1544342507646 336.06574923547385
407.1055045871561 297.90061162079496
386.5550458715597 273.43577981651356
370.89755351681964 248.9709480122322
346.43272171253835 259.735474006116
357.19724770642205 204.9342507645258
413.9556574923549 181.4480122324157
406.12691131498474 214.72018348623834
451.1422018348624 185.3623853211007
440.3776758409787 192.2125382262995
451.1422018348624 236.24923547400596
440.3776758409787 272.45718654434233
461.9067278287462 293.0076452599387
484.41437308868507 260.7140672782873
501.05045871559645 250.92813455657472
511.81498470948026 281.26452599388364
505.94342507645274 208.84862385321082
533.3440366972478 201.99847094801208
526.4938837920491 176.55504587155946
495.1788990825689 190.255351681957
496.1574923547401 173.61926605504567
616.5244648318045 150.1330275229356
644.9036697247708 157.96177370030563
683.0688073394497 146.2186544342506
725.1483180428136 205.9128440366971
761.35626911315 198.08409785932702
726.1269113149849 256.79969418960223
749.613149847095 347.8088685015289
922.8241590214069 222.54892966360836
877.8088685015292 311.6009174311926
941.4174311926607 187.31957186544327
893.4663608562693 190.255351681957
916.9525993883793 140.34709480122302
856.2798165137616 154.04740061162062
836.7079510703367 154.04740061162062
832.7935779816515 123.71100917431176
796.5856269113152 118.81804281345546
775.0565749235476 143.2828746177368
776.0351681957189 125.6681957186542
743.7415902140674 116.86085626911296
836.7079510703367 92.39602446483161
919.8883792048931 89.46024464831783
907.1666666666669 62.05963302752275
935.5458715596332 77.7171253822628
949.2461773700308 103.16055045871536
905.2094801223244 125.6681957186542
986.9220183486241 182.426605504587
1017.258409785933 222.54892966360836
1048.5733944954131 222.54892966360836
969.7966360856271 21.983180428134546
1005.0259938837922 26.87614678899081
1032.4266055045873 10.729357798165097
1045.6376146788994 10.240061162079485
1030.4694189602449 49.38379204892965
1025.5764525993886 69.93425076452598
1003.5581039755353 80.69877675840979
987.4113149847096 65.04128440366969
1013.3440366972479 101.24923547400613
1031.9373088685018 76.78440366972475
1038.7874617737004 81.1880733944954
1029.9801223241593 103.20642201834863
1046.6162079510705 95.37767584097858
1050.04128440367 64.06269113149847
1086.2492354740064 87.05963302752292
1136.1574923547403 88.52752293577981
1155.7293577981654 87.54892966360853
1184.5978593272175 68.95565749235473
1182.151376146789 40.57645259938835
1195.8516819571869 52.80886850152905
1214.4449541284407 56.72324159021406
1116.585626911315 79.2308868501529
1125.8822629969422 59.65902140672782
1115.1177370030582 52.80886850152905
1084.292048929664 51.340978593272155
1080.8669724770643 15.622324159021389
1066.6773700305812 45.95871559633025
1106.310397553517 31.27981651376146
1101.4174311926608 21.983180428134546
1122.9464831804285 6.325688073394474
1123.9250764525996 22.472477064220158
1140.0718654434254 7.304281345565755
1182.151376146789 4.857798165137581
1217.3807339449545 9.750764525993873
1251.1422018348626 20.02599388379204
1280.0107033639147 31.27981651376146
1260.4388379204895 56.23394495412845
1299.093272171254 26.87614678899081
1303.9862385321103 6.325688073394474
1292.732415902141 3.8792048929663565
1194.38379204893 7.304281345565755
1349.0015290519882 15.622324159021389
1362.7018348623856 22.472477064220158
1417.0137614678902 8.28287461773698
1404.292048929664 8.28287461773698
923.8027522935784 3.3899082568807444
929.1850152905203 1.4327217125381821
1078.4204892966363 35.68348623853211
778.9709480122328 189.32262996941895
1222.2737003058107 38.12996941896023
1231.2003891050579 4.789883268482498
1151.8813229571979 17.396887159533065
