1096.5244648318044 244.07798165137598
1132.7324159021407 293.0076452599387
1207.105504587156 261.6926605504585
1239.3990825688074 232.3348623853209
1320.6223241590214 226.46330275229337
1378.3593272171254 201.99847094801208
1453.711009174312 235.27064220183468
1765.8822629969422 62.05963302752275
1689.5519877675843 13.129969418959945
1625.9434250764527 9.215596330274932
1554.5061162079512 3.344036697247475
1416.5244648318044 16.06574923547373
1366.6162079510705 9.215596330274932
1235.4847094801223 32.70183486238511
1139.5825688073396 32.70183486238511
929.1850152905199 14.108562691131283
288.6957186544344 5.347094801223193
340.5611620795109 6.325688073394417
377.25840978593294 4.857798165137524
434.5061162079513 15.13302752293572
471.2033639143733 5.347094801223193
500.56116207951095 2.9006116207950186
601.8455657492357 41.55504587155957
617.5030581039757 13.175840978593214
663.9862385321103 13.665137614678827
683.0688073394497 8.772171253822535
688.9403669724772 32.258409785932656
170.28593272171267 19.001529051987518
748.6345565749239 28.833333333333314
863.1299694189606 9.750764525993873
904.7201834862389 10.729357798165097
