217.35772083614302 712.6915037086987
222.53641267700607 381.2552258934593
353.2983816587997 372.1925151719488
772.772420768712 294.5121375590021
994.1614969656102 212.94774106540808
1083.493931220499 149.50876601483492
1017.4656102494941 140.44605529332443
976.0360755225893 109.37390424814566
891.8823331085637 123.61530681051931
823.2646662171273 89.95380984490907
766.2990559676332 46.521577882670215
869.2255563047876 76.94639244774106
938.4905596763318 72.41503708698582
747.5262980445043 40.01786918408632
710.0953757225435 10.875722543352651
934.802554027505 4.6552062868370285
966.393909626719 2.769155206286939
