22.557942057942114 579.8206793206793
394.6658341658342 587.493006993007
327.5329670329671 349.6508491508491
429.1913086913088 336.2242757242757
563.4570429570431 485.83466533466526
1651.0094905094907 478.1623376623377
1794.8656343656344 535.7047952047952
1913.7867132867136 205.79470529470518
1447.6928071928073 125.23526473526454
210.52997002997006 115.644855144855
304.51598401598415 111.8086913086911
249.85064935064935 6.2692307692308304
403.2972027972027 47.507992007992016
589.3511488511488 33.122377622377655
421.5189810189809 25.929570429570447
611.8886113886113 6.2692307692308304
655.524975024975 33.122377622377655
669.4310689310689 8.187312687312726
708.2722277722277 16.339160839160854
726.0144855144854 11.064435564435598
770.60989010989 52.7827172827173
882.3381618381618 42.71278721278725
917.3431568431567 84.91058941058941
944.1963036963036 95.46003996003995
980.1603396603396 100.50999000998988
1107.2332667332666 75.09540459540446
1140.3201798201796 91.39910089910074
1155.1853146853146 110.10039960039944
1122.0984015984013 142.70779220779204
1174.845654345654 148.94155844155827
1202.1783216783215 122.08841158841145
1227.1133866133864 111.05944055944042
1246.2942057942055 111.05944055944042
1223.756743256743 189.22127872127857
1277.4630369630368 14.675824175824062
1353.2272727272725 123.75174825174824
1430.9095904095902 27.368131868131883
1420.3601398601397 19.216283716283726
1345.0754245754244 3.8716283716283897
1464.9555444555442 23.052447552447575
1541.1993006993005 30.724775224775243
1585.3151848151847 19.216283716283726
1632.787712287712 37.917582417582416
1553.1873126873124 98.33716283716285
1632.3081918081916 103.13236763236762
1686.7337662337661 45.11038961038963
1732.2882117882118 0.9945054945055176
1764.4160839160838 20.65484515484519
1802.2982017982017 84.43106893106892
1276.885068762279 117.25834970530445
1556.0206286836935 9.753438113948846
1507.926326129666 88.967583497053
415.90275049115917 7.8673870333987
7.572691552062736 95.5687622789784
859.3456375838927 304.6879194630874
749.8154362416107 308.5536912751679
669.9228187919463 276.3389261744968
608.0704697986577 325.305369127517
149.33221476510067 492.82214765100684
1518.781879194631 149.37248322147656
1064.553691275168 113.29194630872485
1001.4127516778525 42.419463087248346
1872.5 124.24496644295306
1849.9496644295302 108.1375838926175
20.7941176470588 46.20588235294113
13.029411764705872 70.55882352941168
244.9117647058823 96.32352941176464
277.3823529411764 81.85294117647052
310.64705882352933 40.47058823529415
370.9999999999999 40.47058823529415
85.55882352941174 169.5588235294117
127.91176470588235 67.91176470588232
312.1470588235292 11.264705882352928
553.0294117647057 79.02941176470583
1335.6764705882354 408.8529411764706
1253.0882352941176 252.1470588235294
1318.2058823529412 11.61764705882348
1334.441176470588 110.61764705882351
1286.0882352941176 137.4411764705882
1730.4411764705883 67.55882352941168
1521.1470588235293 13.558823529411654
1662.6764705882351 3.147058823529335
