337.12337662337666 439.8006993006992
404.25624375624386 384.1763236763236
400.42007992007996 351.56893106893085
214.36613386613396 192.3681318681317
1769.9305694305694 957.6828171828172
1672.1083916083917 671.8886113886114
1493.7267732267733 727.512987012987
1411.249250749251 595.1653346653346
1267.393106893107 739.0214785214785
1292.328171828172 510.7697302697302
1457.2832167832169 458.9815184815184
1606.8936063936067 439.8006993006992
1353.7067932067935 378.42207792207773
1440.0204795204797 359.24125874125866
91.12937062937051 136.713786213786
260.8796203796203 131.91858141858125
457.4830169830169 212.4780219780218
478.58191808191805 200.01048951048932
519.8206793206792 196.17432567432553
591.7487512487513 140.54995004994987
607.0934065934067 146.30419580419561
583.1173826173825 230.6998001998
607.0934065934067 212.4780219780218
632.9875124875124 219.1913086913085
601.3391608391609 240.2902097902096
590.7897102897103 347.7027972027971
587.9125874125874 277.692807192807
701.0794205794206 287.28321678321663
689.5709290709291 196.17432567432553
737.522977022977 351.5389610389609
765.3351648351648 343.8666333666332
728.412087912088 278.65184815184796
758.1423576423579 176.99350649350635
812.8076923076925 265.2252747252746
823.357142857143 243.16733266733252
847.333166833167 255.63486513486498
861.7187812187814 300.70979020979007
894.326173826174 277.692807192807
921.1793206793209 314.1363636363635
947.0734265734268 297.83266733266714
948.0324675324678 240.2902097902096
865.5549450549453 258.51198801198785
1011.3291708291712 189.4610389610388
1058.3221778221782 318.9315684315683
1088.0524475524476 425.3851148851148
1148.4720279720282 347.7027972027971
1178.202297702298 316.05444555444546
1135.045454545455 242.20829170829154
1181.079420579421 265.2252747252746
1225.195304695305 329.4810189810188
1227.1133866133869 275.7747252747251
1276.9835164835167 290.16033966033956
1311.5089910089914 400.4500499500498
1362.3381618381623 295.9145854145853
1370.0104895104896 330.44005994005977
1404.5359640359643 260.43006993006975
1541.1993006993007 314.1363636363635
1498.0424575424577 323.72677322677305
1452.9675324675325 176.99350649350635
1475.0254745254747 165.4850149850148
1445.2952047952049 156.85364635364618
1453.9265734265732 129.04145854145833
1426.1143856143856 91.63886113886093
1518.1823176823177 78.21228771228748
1425.1553446553446 142.46803196803177
1429.9505494505493 129.04145854145833
1411.7287712287712 160.68981018980998
1405.0154845154843 127.12337662337643
1392.547952047952 131.91858141858125
1393.506993006993 148.2222777222775
1376.2442557442557 141.5089910089908
1366.6538461538462 129.04145854145833
1357.0634365634364 138.63186813186798
1345.5549450549452 152.05844155844142
1354.1863136863135 154.93556443556423
1365.6948051948052 173.15734265734244
1310.0704295704295 139.5909090909089
1629.4310689310691 165.4850149850148
1636.1443556443555 147.2632367632366
1689.8506493506493 131.91858141858125
1569.0114885114886 84.92557442557421
1589.1513486513486 89.72077922077904
1872.0684315684316 233.57692307692295
1758.9015984015982 271.93856143856124
1685.0554445554444 253.71678321678303
1917.1433566433566 337.1533466533465
1861.5189810189809 161.64885114885095
1875.9045954045955 127.12337662337643
1766.573926073926 159.73076923076906
1743.556943056943 143.42707292707274
1734.9255744255743 182.7477522477521
1658.442057942058 79.63586413586415
1845.9345654345655 70.52497502497503
1849.7707292707291 95.46003996003998
1842.0984015984016 91.62387612387613
1887.1733266733265 71.484015984016
1916.9035964035963 139.0964035964036
1914.9855144855144 151.56393606393607
1900.1203796203795 142.93256743256742
1793.6668331668332 148.2072927072927
1776.8836163836163 141.97352647352648
1785.9945054945053 133.82167832167832
1783.1173826173826 118.47702297702298
1765.3751248751248 143.8916083916084
1914.9855144855144 241.7137862137862
1798.4620379620378 141.494005994006
1768.2522477522477 74.3611388611389
1889.0914085914085 123.75174825174827
1899.1613386613385 119.43606393606393
1914.9855144855144 60.93456543456546
84.49999999999994 582.8529411764705
433.20588235294116 493.9117647058822
105.76470588235289 126.14705882352933
283.29411764705867 154.2058823529411
619.9117647058822 331.9117647058824
611.4411764705881 299.44117647058823
734.4411764705881 247.91176470588232
779.2647058823527 233.0882352941176
527.9705882352939 146.2647058823529
1070.441176470588 175.91176470588232
1024.5588235294117 148.38235294117644
1081.0294117647059 151.9117647058823
886.7352941176471 261.3235294117647
1717.0294117647059 128.97058823529377
1806.1719723183412 186.94844290657502
1819.126989619379 186.94844290657502
1763.4204152249163 183.27785467128098
1745.2833910034633 161.90207612456854
1666.689619377167 169.02733564013934
1577.7318339100407 205.6211072664325
1591.9823529411824 280.97612456746924
