373.08312020460363 350.2186700767261
164.38746803069057 421.42071611253164
141.06265984654738 455.7941176470586
79.68158567774941 479.11892583120175
116.51023017902816 590.8324808184141
28.121483375959087 610.4744245524295
719.2723785166243 801.9833759590791
993.031969309463 865.8196930946291
1064.2340153452687 673.0831202046033
1171.0370843989772 628.8887468030689
1194.3618925831204 573.6457800511507
1401.8299232736576 659.5792838874678
1319.5792838874684 689.0421994884908
1911.2928388746807 717.2774936061379
1808.1726342711002 722.1879795396418
1718.556265984655 620.2953964194371
1852.3670076726346 577.3286445012785
1706.2800511508954 542.9552429667516
1682.9552429667522 486.48465473145757
1626.484654731458 542.9552429667516
1610.5255754475706 647.3030690537082
1550.3721227621486 639.9373401534525
1164.8989769820973 997.1751918158568
548.6329923273659 962.8017902813299
413.5946291560103 1019.272378516624
137.37979539641947 1052.418158567775
273.645780051151 747.9680306905369
239.2723785166241 693.9526854219947
337.48209718670086 482.80179028132966
429.5537084398978 522.0856777493603
412.3670076726343 482.80179028132966
476.2033248081843 466.84271099744217
470.06521739130443 411.599744245524
445.51278772378527 642.3925831202044
524.0805626598467 668.1726342710996
612.4693094629158 714.822250639386
623.5179028132993 593.287723785166
785.5639386189259 610.4744245524295
679.9884910485935 517.1751918158566
628.7352941176471 471.753196930946
532.3670076726344 513.4923273657287
547.7122762148338 439.835038363171
548.3260869565217 375.99872122762116
623.2109974424553 384.5920716112529
679.0677749360615 361.8810741687976
703.0063938618927 415.89641943733983
713.4411764705883 455.1803069053705
730.0140664961638 360.03964194373367
830.0652173913044 352.06010230179
847.2519181585678 394.41304347826053
841.1138107416881 517.1751918158565
923.9782608695652 552.1624040920713
973.0831202046037 616.6125319693092
987.8145780051151 379.0677749360611
1033.8503836317136 391.95780051150865
1039.3746803069052 367.40537084398943
921.5230179028134 383.3644501278769
1078.9654731457802 470.5255754475701
1146.484654731458 455.7941176470586
1125.6150895140668 400.5511508951404
1119.476982097187 361.2672634271097
1141.5741687979541 314.6176470588232
1101.0626598465476 307.2519181585674
1093.6969309462918 255.6918158567771
1071.5997442455246 292.52046035805597
1059.3235294117649 281.47186700767224
1039.6815856777496 288.83759590792806
973.3900255754478 280.2442455242963
943.9271099744246 301.11381074168764
1266.791560102302 352.673913043478
1293.799232736573 342.85294117647027
1330.6278772378519 401.7787723785163
1304.8478260869567 398.09590792838844
1340.4488491048596 361.2672634271097
1376.0498721227623 350.2186700767261
1405.5127877237853 323.210997442455
1439.8861892583122 362.49488491048555
1470.5767263427113 352.673913043478
1487.7634271099746 303.5690537084396
1352.725063938619 258.14705882352905
1301.1649616368288 237.2774936061378
1274.1572890025577 164.84782608695616
1252.0601023017905 155.02685421994852
1086.331202046036 146.43350383631673
1060.5511508951408 168.53069053708396
1071.5997442455246 190.6278772378513
1126.8427109974427 216.40792838874643
1082.648337595908 215.18030690537046
1094.9245524296678 223.77365728900213
1000.3976982097188 204.13171355498685
1001.6253196930948 194.3107416879792
963.5690537084402 197.993606138107
951.2928388746805 185.71739130434742
940.2442455242967 190.6278772378513
924.2851662404094 183.2621483375956
948.8375959079285 129.24680306905339
921.8299232736574 120.6534526854216
931.6508951406652 123.10869565217354
864.1317135549873 118.19820971866966
870.2698209718671 199.22122762148297
851.8554987212278 168.53069053708396
888.6841432225065 168.53069053708396
1207.865728900256 212.72506393861863
1177.175191815857 234.82225063938586
1158.7608695652175 202.90409207161088
1051.957800511509 233.5946291560099
1385.87084398977 452.11125319693065
1405.5127877237853 438.6074168797951
1460.7557544757035 434.9245524296673
1442.3414322250642 401.7787723785163
1517.2263427109976 388.2749360613808
1528.2749360613814 357.5843989769818
1571.2416879795398 255.6918158567771
1593.3388746803073 249.55370843989738
1760.2953964194378 255.6918158567771
1777.482097186701 275.3337595907925
1748.019181585678 202.90409207161088
1698.9143222506398 202.90409207161088
1712.4181585677752 211.49744245524266
1670.6790281329927 232.36700767263392
1674.3618925831206 177.12404092071574
1653.4923273657291 207.81457800511475
1694.003836317136 259.374680306905
1716.1010230179031 280.2442455242963
1687.865728900256 353.901534526854
1738.1982097186703 325.6662404092069
1789.7583120204606 334.2595907928385
1637.5332480818417 353.901534526854
1609.2979539641947 345.3081841432222
1582.2902813299236 323.210997442455
1585.9731457800515 366.17774936061346
1587.2007672634275 400.5511508951404
1609.2979539641947 409.14450127877217
1664.5409207161129 431.2416879795394
1734.5153452685424 444.74552429667494
1551.5997442455246 447.20076726342677
1595.794117647059 508.5818414322248
1511.088235294118 464.38746803069034
1500.0396419437343 418.9654731457797
1458.3005115089516 577.3286445012785
1461.9833759590795 514.7199488491046
1362.5460358056268 529.4514066496162
1344.595904095904 171.95854145854142
609.3590604026846 842.0302013422821
726.6208053691274 928.3657718120808
825.8422818791945 776.312080536913
1351.5872483221474 559.8288590604028
891.238255033557 401.33221476510084
1190.1912751677853 374.91610738255054
1163.1308724832215 343.9899328859062
1129.6275167785234 334.3255033557049
1279.1040268456377 317.5738255033559
1281.0369127516778 284.07046979865794
1583.8557046979868 458.03020134228206
1737.1979865771814 256.36577181208077
1556.1510067114095 223.5067114093962
1655.6946308724832 710.5939597315438
