327.26801057501655 359.0327164573696
221.94084600132192 295.58261731658956
171.18076668869793 323.5006609385328
143.2627230667548 304.4656311962988
62.046596166556526 487.20191672174496
518.8873099801718 320.9626569729016
441.4781890284204 331.1146728354263
424.98116325181763 211.82848645076012
1904.637475214805 635.67514871117
1443.9897554527429 317.15565102445476
1268.8674818241907 263.8575677461996
1177.4993390614673 299.38962326503633
1556.9309319233312 7.519167217448739
1506.1708526107072 24.016192994051607
1201.6103767349637 34.16820885657626
1077.248182419035 10.057171183079845
1044.2541308658297 3.7121612690018537
1029.0261070720426 45.58922670191669
988.4180436219431 30.3612029081296
867.8628552544614 11.326173165895625
878.0148711169862 48.12723066754779
815.8337739590219 83.65928618638463
961.7690019828158 234.67052214144087
773.956708526107 152.18539325842698
784.1087243886319 90.00429610046262
751.1146728354264 134.41936549900856
729.5416391275611 169.9514210178454
680.0505617977528 50.665234633179125
541.7293456708527 15.133179114342283
512.5423000660938 81.12128222075341
489.70026437541316 3.7121612690018537
386.9111037673497 98.88730998017184
306.963978849967 149.64738929279576
314.57799074686056 185.1794448116325
294.27395902181104 196.60046265697292
223.20984798413747 188.98645076007938
228.2858559153999 234.67052214144087
294.74148606811144 198.6733746130031
157.38235294117644 3.8529411764704946
192.32352941176467 7.029411764705799
191.6176470588235 85.02941176470583
152.08823529411765 88.55882352941168
-59.67647058823529 237.85294117647052
378.32352941176464 21.852941176470523
360.32352941176464 34.55882352941171
322.02941176470597 832.0294117647059
363.67647058823536 534.1470588235293
669.3235294117648 373.9117647058822
581.0882352941177 319.5588235294116
1245.3235294117649 466.3823529411762
1243.2058823529412 310.3823529411762
913.3823529411766 224.2647058823528
846.6764705882355 124.73529411764693
714.3235294117649 63.49999999999994
807.1470588235296 17.61764705882348
831.8529411764707 13.029411764705799
572.9705882352946 277.5588235294117
572.7941176470588 9.499999999999943
582.3235294117648 85.3823529411764
667.7352941176471 71.97058823529406
747.5 104.79411764705875
