77.53304113283889 108.07923128792982
33.51416048550237 78.30175320296689
89.1850977747809 13.568105192177882
181.1068779501012 22.630815913688366
212.17902899527985 26.514834794335684
161.6867835468645 258.26129467296005
292.44875252865813 38.16689143627764
306.69015509103167 8.389413351314715
386.95987862440995 13.568105192177882
445.22016183412006 17.4521240728252
480.17633175994604 99.01652056641933
490.5337154416723 185.75960890087651
452.9881995954147 58.8816587997302
673.0826028320971 26.514834794335684
1022.6443020903574 8.389413351314715
1184.4784221173297 67.94436952124056
1291.9362778152392 35.57754551584617
1377.3846931894807 187.05428186109225
1062.7791638570466 299.69082939986504
961.7946729602156 289.3334457181388
1392.92076871207 5.800067430883246
1807.2161159811192 35.57754551584617
