52.36544342507659 423.06880733944934
504.4755351681959 313.466360856269
390.9587155963304 211.6926605504584
498.60397553516833 211.6926605504584
578.8486238532112 186.2492354740059
1811.3868501529055 236.15749235473965
1852.487767584098 151.9984709480118
1912.1819571865444 85.45412844036656
1239.888379204893 153.9556574923543
1138.1146788990825 223.4357798165134
997.197247706422 229.30733944954085
788.2675840978595 83.58868501529031
815.6681957186546 88.48165137614654
774.5672782874619 103.649847094801
794.6284403669727 109.03211009174288
896.402140672783 83.58868501529031
878.2981651376149 64.0168195718652
952.6712538226302 86.52446483180404
809.7966360856271 41.998470948012
1015.790519877676 75.75993883792026
983.4969418960246 36.61620795107012
1026.0657492354742 41.998470948012
854.3226299694192 160.40825688073372
1100.9281345565753 34.21559633027522
1104.8425076452604 21.983180428134546
1114.1391437308873 25.408256880733916
1129.7966360856274 41.06574923547399
1136.1574923547405 80.20948012232415
1160.622324159022 77.2737003058104
1158.6651376146792 129.62844036697248
1233.0382262996945 89.50611620795107
1269.7354740061166 84.6131498470948
1284.9036697247711 64.06269113149847
1265.331804281346 50.85168195718654
1218.3593272171256 54.27675840978591
1192.915902140673 76.78440366972475
1196.3409785932727 40.087155963302735
1166.983180428135 39.10856269113149
1218.8486238532114 35.68348623853211
1218.3593272171256 25.408256880733916
1179.7048929663613 75.8058103975535
1279.2767584097862 24.941896024464796
1265.0871559633028 31.302752293577953
1155.4847094801225 10.507645259938812
1163.0688073394497 6.103975535168161
1171.3868501529055 6.103975535168161
1170.4082568807341 25.408256880733916
1235.4847094801225 23.45107033639141
1229.613149847095 22.472477064220158
1241.3562691131501 21.983180428134546
1247.7171253822632 18.558103975535147
1261.9067278287466 23.94036697247705
1258.9709480122328 15.133027522935777
1301.5397553516823 13.665137614678883
1295.178899082569 13.175840978593271
1288.818042813456 13.175840978593271
1410.1636085626915 79.2308868501529
1415.0565749235477 78.25229357798165
1217.8700305810398 3.6574923547400147
1566.738532110092 12.15137614678872
1615.6681957186547 22.91590214067253
1625.4541284403672 20.958715596329967
1844.6590214067278 16.06574923547373
1863.2522935779816 14.108562691131283
1817.258409785933 5.301223241589923
1873.0382262996945 6.279816513761149
1651.876146788991 3.344036697247475
1635.2400611620797 6.279816513761149
1747.7782874617737 3.344036697247475
1725.270642201835 3.344036697247475
1534.4449541284405 16.06574923547373
1549.1238532110092 2.365443425076137
1559.8883792048932 6.279816513761149
1205.6376146788994 6.325688073394474
1234.995412844037 4.857798165137581
675.2826086956521 734.5096618357491
1783.4951690821256 1.5869565217391255
1894.4130434782608 1.9734299516908322
