285.66853932584274 267.1292134831461
446.11797752809 257.6910112359551
239.82584269662925 244.20786516853934
110.72471910112364 19.882022471910204
168.70224719101125 4.376404494382086
204.43258426966295 48.19662921348322
262.41011235955057 32.016853932584354
264.4325842696629 78.53370786516862
218.58988764044946 137.18539325842704
286.67977528089887 136.51123595505624
281.9606741573034 79.2078651685394
360.8370786516854 62.35393258426973
378.36516853932585 56.28651685393265
400.6123595505618 22.578651685393368
387.12921348314615 15.837078651685488
460.6123595505618 85.27528089887647
457.2415730337078 34.71348314606752
79.37640449438197 298.1404494382023
1346.7921348314608 483.196629213483
888.0280898876402 7.747191011236055
901.511235955056 11.792134831460771
933.196629213483 84.6011235955057
1041.0617977528088 49.5449438202248
1212.9719101123592 29.994382022471996
1168.4775280898875 63.02808988764053
1106.455056179775 111.56741573033716
1072.0730337078649 108.19662921348322
1078.8146067415728 212.0168539325843
1194.769662921348 122.35393258426971
1217.6910112359549 139.88202247191018
1302.634831460674 96.06179775280907
1322.1853932584268 98.08426966292143
1283.758426966292 2.353932584269728
532.073033707865 4.376404494382086
775.4438202247188 23.252808988764116
877.2415730337076 32.016853932584354
1379.488764044944 4.376404494382086
1361.2865168539327 5.724719101123696
1413.870786516854 5.724719101123696
1625.556179775281 110.21910112359558
1650.5 98.7584269662922
1672.747191011236 32.016853932584354
1688.252808988764 32.69101123595516
1719.2640449438202 48.870786516854025
1742.185393258427 63.02808988764053
1734.7696629213483 106.84831460674164
1912.0730337078653 180.33146067415737
1906.6797752808989 112.91573033707871
1769.825842696629 110.21910112359558
