603.170262980445 322.99494268374906
664.0198921105866 335.94167228590686
645.8944706675658 290.62811867835467
695.0920431557653 367.0138233310855
787.0138233310856 413.62204989885356
807.7285906945381 316.52157788267016
922.9544841537424 276.386716115981
973.4467296021577 289.3334457181388
1159.87963587323 396.79130141604844
1139.1648685097773 258.26129467296005
1010.9922454484154 128.79399865138225
943.6692515171949 149.50876601483472
884.114295347269 158.57147673634518
754.6469993256912 180.58091706001335
724.8695212407282 174.10755225893445
1073.1365475387727 25.15947403910991
1085.4359406608228 27.74881995954138
1106.150708024275 16.096763317599425
1137.8701955495617 8.9760620364126
1134.6335131490223 36.81153068105186
1174.1210384356036 25.15947403910991
1195.483142279164 2.5026972353336987
1327.5397842211732 5.092043155765282
1913.8988212180748 948.8300589390963
1123.407662082515 18.329076620825276
