205.5047036688617 656.0973659454376
241.62888052681097 650.6787394167452
257.88476011288816 576.6241768579494
62.8142050799624 330.9797742238946
218.14816556914403 332.785983066792
272.33443085606785 432.1274694261524
321.1020696142992 341.81702728127937
371.6759172154281 291.24317968015043
131.45014111006586 316.53010348071496
472.82361241768587 271.3748824082784
506.238476011289 312.9176857949199
559.5216368767641 279.50282220131686
585.7116650987773 281.3090310442144
667.8941674506117 274.0841956726245
722.9835371589843 270.4717779868296
728.4021636876766 412.25917215428024
909.9261523988715 474.5733772342426
958.693791157103 442.9647224835371
920.7634054562564 377.9412041392285
913.5385700846665 306.59595484477876
913.5385700846665 238.863123236124
901.798212605833 227.1227657572905
971.3372530573852 278.5997177798681
1034.5545625587965 358.9760112888051
1049.004233301976 327.3673565380996
992.108654750706 235.2507055503291
1024.6204139228603 226.21966133584175
1030.9421448730013 270.4717779868296
1080.6128880526817 266.85936030103466
1116.737064910631 340.0108184383818
1138.4115710254005 352.654280338664
1150.151928504234 414.0653809971777
1135.7022577610542 241.5724365004702
1171.8264346190035 222.60724365004683
1192.597836312324 216.28551269990572
1206.144402634055 238.863123236124
1216.0785512699913 216.28551269990572
1273.425682031985 226.24788334901228
1297.8095014111007 206.37958607714023
1317.6777986829727 226.24788334901228
1343.867826904986 220.82925682031993
1375.4764816556915 181.9957666980245
1447.72483537159 304.81796801505186
1512.7483537158985 178.3833490122296
1524.4887111947319 174.77093132643466
1550.6787394167452 196.4454374412042
1620.2177798682974 204.5733772342428
1638.279868297272 228.95719661335852
1657.2450611476952 230.76340545625595
1715.946848541863 193.73612417685803
1882.1180620884293 344.55456255879596
1110.8668861712135 222.63546566321736
