98.21248688352568 100.29013641133247
348.0341028331585 86.1873032528855
384.2985309548794 47.90818467995791
420.56295907660024 70.06977964323175
450.78331584470106 35.82004197271772
495.10650577124886 63.490556138509874
566.6280167890873 44.35099685204614
575.6941238195175 82.63011542497372
620.0173137460652 96.7329485834207
643.1862539349424 4.0571878279117755
691.5388247639036 24.204092339978956
711.6857292759707 31.25550891920244
729.8179433368313 45.35834207764947
723.773871983211 74.57135362014685
722.2628541448059 19.9071353620148
791.2660020986359 45.090766002098746
800.3321091290661 55.16421825813234
816.9533053515215 68.76337880377764
833.5745015739769 67.75603357817431
874.8756558237146 63.726652675760874
853.7214060860442 3.7896117523611106
834.0781741867786 14.870409233998032
814.9386149003149 9.330010493179543
883.9417628541448 5.804302203567829
898.0445960125919 3.7896117523611106
894.5188877229801 11.344700944386261
921.7172088142709 12.855718782791314
907.1107030430221 24.943861490031594
941.3604407135363 30.484260230850055
934.8126967471144 7.315320041972825
971.0771248688352 19.403462749213134
992.7350472193075 16.88509968520475
1005.3268625393496 8.826337880377878
1039.5766002098637 18.89979013641147
1035.5472193074502 11.848373557187927
1062.745540398741 13.35939139559298
1048.1390346274923 3.7896117523611106
1028.4958027282269 33.50629590766013
1007.3415529905562 43.07607555089202
1073.3226652675762 31.995278069255107
1108.5797481636937 28.469569779643336
1121.1715634837356 15.877754459601391
1136.7854144805876 9.833683105981208
1169.0204616998951 7.818992654774547
1178.590241343127 22.929171038824876
1188.6636935991605 9.833683105981208
1147.8662119622245 12.855718782791314
1224.9281217208816 5.804302203567829
1250.1117523609655 10.841028331584596
1267.7402938090243 7.315320041972825
1312.5671563483736 6.307974816369494
1327.677334732424 9.833683105981208
1386.6070304302204 28.469569779643336
1341.780167890871 14.366736621196367
1366.4601259181532 11.848373557187927
1416.3237145855196 25.95120671563495
1437.9816369359917 4.293284365162776
1467.194648478489 16.381427072403056
1397.1841552990556 7.818992654774547
1408.7686253934944 5.300629590766107
1422.3677859391396 5.300629590766107
1531.664742917104 1.774921301154393
1573.4695697796433 2.7822665267577236
1611.7486883525708 41.565057712486976
1655.568205666317 36.52833158447021
1807.1736621196223 11.108604407135317
1798.107555089192 8.086568730325212
1872.6511017838404 23.196747114375626
1872.9029380902414 7.818992654774547
1916.2187827911857 10.841028331584596
1909.1673662119622 8.322665267576212
