13.308988764044955 22.41011235955034
29.488764044943764 23.758426966292177
33.53370786516848 83.08426966292137
52.41011235955051 89.82584269662925
96.90449438202245 27.803370786516894
179.1516853932584 126.2303370786517
210.16292134831457 142.41011235955057
237.12921348314597 135.6685393258427
245.2191011235954 50.72471910112358
268.1404494382022 57.46629213483152
268.1404494382022 27.803370786516894
222.29775280898872 37.24157303370788
400.27528089887625 95.21910112359552
439.3764044943819 99.26404494382024
365.2191011235954 14.320224719101134
396.23033707865153 3.5337078651685943
344.9943820224718 10.275280898876417
350.38764044943815 426.90449438202245
459.6011235955055 375.66853932584263
671.2865168539324 265.1067415730337
618.7022471910111 159.938202247191
671.2865168539324 176.1179775280899
698.252808988764 112.74719101123594
756.2303370786515 53.421348314606746
783.196629213483 57.46629213483152
851.9606741573032 192.29775280898878
887.0168539325839 137.01685393258424
862.7471910112356 118.14044943820227
694.2078651685392 6.230337078651701
718.4775280898875 0.8370786516853741
1168.8146067415728 93.87078651685374
1139.1516853932583 70.94943820224717
1008.3651685393256 31.84831460674161
958.4775280898874 34.54494382022472
1269.9382022471907 81.73595505617982
1253.7584269662918 17.016853932584354
1209.26404494382 18.36516853932585
1186.3426966292132 8.92696629213492
1158.0280898876401 6.230337078651701
1317.1292134831458 159.938202247191
1364.320224719101 123.53370786516854
1411.5112359550558 39.93820224719104
1380.4999999999998 29.151685393258447
1454.6573033707862 12.971910112359637
1516.6797752808986 61.511235955056236
1640.7247191011231 87.12921348314609
1683.8707865168535 194.99438202247188
1706.7921348314603 95.21910112359552
1705.4438202247186 30.5
1807.9157303370782 22.410112359550567
1404.0955056179773 699.6011235955052
1576.6797752808989 637.5786516853929
1919.1516853932585 90.16292134831428
