29.825842696629195 53.926966292134836
52.747191011236 43.814606741573044
79.03932584269666 26.960674157303373
128.92696629213484 26.960674157303373
146.4550561797753 28.308988764044955
172.07303370786516 18.87078651685394
221.96067415730337 30.331460674157313
217.24157303370785 14.825842696629223
314.9943820224719 57.97191011235955
341.9606741573034 57.97191011235955
378.36516853932585 121.34269662921346
356.1179775280899 90.33146067415731
404.6573033707865 88.30898876404495
420.1629213483146 113.25280898876403
233.42134831460672 151.00561797752806
243.5337078651685 99.7696629213483
224.65730337078654 66.73595505617976
194.3202247191011 66.73595505617976
96.5674157303371 136.17415730337078
8.252808988764087 128.75842696629212
2.859550561797789 37.74719101123594
249.26404494382012 319.0393258426966
491.96067415730323 347.3539325842696
543.196629213483 217.91573033707863
599.825842696629 205.78089887640448
614.6573033707864 248.9269662921348
540.4999999999998 64.20786516853934
539.1516853932583 45.33146067415731
640.2752808988762 56.11797752808991
660.4999999999998 70.94943820224717
722.5224719101122 56.11797752808991
780.4999999999998 95.21910112359552
771.0617977528088 43.98314606741576
811.511235955056 49.37640449438203
892.4101123595503 155.89325842696627
897.8033707865166 108.70224719101122
853.3089887640447 49.37640449438203
876.2303370786515 26.455056179775283
896.455056179775 58.814606741573016
912.6348314606739 53.421348314606746
955.7808988764043 114.09550561797755
160.94943820224728 65.89325842696599
93.5337078651686 524.3202247191008
306.5674157303371 934.207865168539
541.1741573033709 578.2528089887637
635.5561797752808 540.4999999999997
1536.2303370786517 500.0505617977524
1355.5561797752807 206.11797752808957
1382.5224719101125 198.02808988764014
1506.567415730337 222.29775280898843
1557.8033707865166 224.99438202247154
1735.7808988764045 211.51123595505578
1770.8370786516853 200.72471910112324
1840.9494382022472 222.29775280898843
958.1404494382027 31.679775280898866
939.9382022471915 29.657303370786508
1029.6011235955061 43.14044943820227
1044.4325842696633 57.297752808988776
1008.0280898876409 135.5
973.6460674157307 204.938202247191
1070.724719101124 107.85955056179773
1054.5449438202252 93.70224719101122
1085.5561797752812 74.15168539325845
1097.6910112359556 68.75842696629212
1104.4325842696635 51.90449438202248
1086.2303370786522 52.578651685393254
1081.5112359550567 25.61235955056179
1132.0730337078655 41.11797752808991
1163.7584269662925 29.657303370786508
1244.6573033707868 53.926966292134836
1230.5000000000005 105.83707865168537
1113.8707865168544 149.6573033707865
1155.668539325843 135.5
979.039325842697 91.67977528089887
1313.7584269662923 79.03932584269666
1323.1966292134834 35.89325842696633
1445.8932584269664 50.72471910112358
1516.0056179775283 31.84831460674161
1581.3988764044943 31.84831460674161
1714.88202247191 57.46629213483152
1724.320224719101 25.106741573033787
1760.7247191011234 42.63483146067415
1797.1292134831458 26.455056179775283
1748.5898876404492 23.758426966292177
