85.63761467889924 415.2400611620793
455.54587155963316 452.426605504587
612.1207951070337 380.0107033639142
811.7538226299696 350.6529051987766
897.8700305810398 333.038226299694
1023.1299694189604 305.6376146788989
1187.533639143731 319.3379204892964
1903.8639143730886 154.9342507645257
1788.3899082568807 74.68960244648292
1770.7752293577985 12.059633027522523
342.02905198776773 223.43577981651356
475.1177370030582 241.05045871559605
723.6804281345567 223.43577981651356
674.7507645259941 219.52140672782843
563.1911314984711 170.59174311926586
635.6070336391438 145.14831804281323
643.4357798165138 102.090214067278
437.44189602446494 110.01070336391415
379.7048929663609 102.18195718654414
353.28287461773704 120.77522935779797
393.4051987767585 129.58256880733921
400.2553516819573 170.68348623853188
773.0993883792052 112.94648318042795
808.3287461773701 36.61620795107012
799.521406727829 100.22477064220163
830.8363914373091 98.26758409785913
845.5152905198778 95.33180428134534
876.8302752293579 159.91896024464813
899.3379204892968 103.16055045871536
934.567278287462 95.33180428134534
951.2033639143732 110.01070336391415
905.2094801223244 36.61620795107012
890.5305810397555 32.70183486238511
903.2522935779817 19.001529051987518
1151.3256880733948 137.4113149847093
1094.567278287462 127.62538226299677
1052.487767584098 116.86085626911296
1046.6162079510705 94.35321100917412
972.2431192660551 74.78134556574906
977.1360856269114 17.044342507644956
961.4785932721713 7.258409785932486
1026.0657492354742 43.46636085626892
1006.493883792049 43.46636085626892
1031.9373088685018 77.7171253822628
1061.2951070336394 57.16666666666646
1080.8669724770643 64.99541284403648
1125.882262996942 88.4816513761466
1099.4602446483182 55.20948012232395
1128.8180428134558 48.35932721712521
1165.0259938837921 44.444954128440145
1218.8486238532114 43.46636085626892
1233.52752293578 77.7171253822628
1353.8944954128442 67.93119266055027
1447.8394495412845 61.08103975535147
1468.389908256881 66.95259938837899
1105.8211009174315 10.240061162079485
1149.8577981651379 6.325688073394474
1177.258409785933 6.325688073394474
1197.8088685015293 8.772171253822592
1232.0596330275234 4.857798165137581
1245.2706422018352 8.28287461773698
1314.2614678899085 4.857798165137581
1341.172782874618 3.8792048929663565
