238.08389261744964 149.09060402684543
352.44630872483225 181.30536912751654
346.003355704698 29.895973154362082
320.23154362416113 29.895973154362082
163.98993288590606 29.895973154362082
213.92281879194633 26.674496644295004
413.6543624161074 7.345637583892313
568.285234899329 226.40604026845608
565.0637583892617 181.30536912751654
595.6677852348994 160.3657718120803
613.3859060402685 79.82885906040246
629.4932885906042 74.99664429530173
679.4261744966443 94.32550335570443
787.3456375838928 102.37919463087223
816.3389261744967 155.5335570469797
943.5872483221478 284.39261744966416
1009.6275167785237 94.32550335570443
909.7617449664431 46.0033557046977
845.3322147651008 31.50671140939562
834.0570469798658 7.345637583892313
851.775167785235 7.345637583892313
632.7147651006712 7.345637583892313
951.6409395973155 18.62080536912731
1217.4127516778524 92.71476510067089
1143.318791946309 76.60738255033527
1341.4395973154365 103.98993288590577
1362.3791946308727 416.4731543624159
1496.0704697986578 368.1510067114092
1526.6744966442955 461.5738255033556
1732.848993288591 447.0771812080535
1668.4194630872485 778.8892617449663
1731.2382550335574 977.010067114094
938.3388998035364 40.87328094302552
954.3703339882122 51.24656188605104
182.03241650294686 14.468565815324155
436.6493123772102 185.15618860510807
825.647347740668 264.19351669941057
233.4127516778524 262.1644295302015
911.8557046979867 142.28523489932883
894.4597315436242 118.44630872483219
948.5805369127518 84.29865771812081
735.5000000000003 88.20588235294116
657.9411764705885 5.882352941176464
694.1176470588238 8.529411764705898
424.55882352941205 140.61764705882354
305.9705882352944 149.79411764705878
389.44117647058823 674.6176470588234
1293.3235294117649 255.32352941176447
173.79411764705875 313.9117647058822
86.4411764705882 95.61764705882345
146.0882352941176 37.02941176470583
