456.82738719832116 1063.3121720881427
887.9711437565584 650.300629590766
1458.128541448059 585.8305351521509
948.4118572927598 279.5975865687302
1006.8378803777546 283.62696747114364
883.9417628541448 213.11280167890868
1210.3216159496328 190.95120671563473
1333.721406086044 181.3499475341028
1350.846274921301 202.5041972717733
1414.3090241343125 186.38667366211956
1451.5807974816369 179.33525708289605
1542.2418677859391 144.07817418677854
1611.7486883525708 158.18100734522557
1655.0645330535153 194.44543546694644
1708.4538300104932 198.47481636935987
1757.8137460650578 177.32056663168936
1807.1736621196223 149.11490031479536
1828.3279118572927 187.39401888772295
1911.9375655823715 172.28384050367254
1808.1810073452257 54.42444910807967
1889.7759706190975 15.137985309548753
1760.8357817418678 49.387722980062904
1709.4611752360966 35.28488982161588
1542.2418677859391 36.292235047219265
1528.139034627492 24.204092339978956
1462.6615949632737 57.44648478488978
1430.4265477439662 64.49790136411326
1267.2366211962224 74.57135362014685
1281.3394543546694 70.54197271773342
1227.9501573976913 9.093913955928542
1147.3625393494228 37.299580272822595
1088.4328436516262 39.550367261280286
1096.4916054564533 38.03934942287526
1068.285939139559 33.002623294858466
666.8588667366209 209.5556138509968
681.9690451206712 107.81374606505767
828.0341028331582 89.68153200419721
5.033053515214988 235.74658971668413
123.89979013641123 221.6437565582371
158.14952780692536 226.68048268625384
196.428646379853 202.5041972717733
209.52413431269665 226.68048268625384
221.61227701993695 212.5776495278069
233.7004197271772 212.5776495278069
242.7665267576075 201.49685204616992
347.5304302203567 205.52623294858336
379.7654774396642 217.61437565582366
472.4412381951731 149.11490031479536
488.55876180482676 151.12959076600202
520.7938090241342 194.44543546694644
562.0949632738719 212.5776495278069
544.1542239685658 159.69449901768172
1918.1424361493125 11.639489194498992
1130.0088408644401 32.474459724950975
