520.2365945437442 260.56585136406403
753.2375352775166 247.92238946378183
758.656161806209 154.9026340545626
759.5592662276578 127.80950141110071
862.5131702728129 141.35606773283166
896.8311382878646 290.36829727187217
5.467074317967928 95.2977422389464
98.48682972718714 98.00705550329258
246.5959548447789 135.03433678269056
325.16603951081845 142.25917215428035
326.97224835371594 101.61947318908756
124.6768579492003 57.367356538099784
140.93273753527748 59.17356538099722
163.5103480714957 59.17356538099722
184.2817497648165 76.33254938852309
186.9910630291627 45.62699905926626
186.087958607714 60.07666980244596
207.7624647224835 73.62323612417687
213.1810912511759 53.754938852304804
227.6307619943556 68.2046095954845
221.30903104421444 80.8480714957667
256.53010348071496 61.882878645343396
261.9487300094073 38.40216368767642
271.88287864534334 28.468015051740394
275.4952963311383 22.146284101599235
306.2008466603951 34.7897460018815
306.2008466603951 19.436970837253057
305.2977422389464 54.65804327375355
347.7436500470367 77.23565380997184
356.774694261524 82.6542803386642
389.2864534336783 76.33254938852309
353.16227657572915 10.405926622765719
340.51881467544683 15.82455315145819
394.70507996237075 51.045625587958625
417.282690498589 79.94496707431801
420.89510818438384 47.4332079021637
427.216839134525 20.340075258701745
441.6665098777047 51.045625587958625
449.79444967074323 30.274223894637828
463.34101599247424 51.045625587958625
467.8565380997179 25.758701787394216
511.2055503292569 51.045625587958625
496.7558795860771 34.7897460018815
515.7210724365005 23.049388523048037
549.1359360301036 51.94873000940737
559.9731890874883 99.81326434619007
598.8066792097837 53.754938852304804
542.8142050799624 9.50282220131703
639.4463781749766 80.8480714957667
629.5122295390406 42.91768579492009
636.7370649106305 19.436970837253057
603.3222013170274 38.40216368767642
609.6439322671685 7.69661335841954
617.7718720602071 4.987300094073362
629.5122295390406 4.0841956726246735
652.9929444967075 3.1810912511759852
679.1829727187207 22.146284101599235
690.0202257761055 41.1114769520226
714.4040451552212 55.5611476952023
718.0164628410162 35.692850423330235
708.9854186265288 19.436970837253057
675.5705550329258 13.115239887112011
680.9891815616182 10.405926622765719
690.0202257761055 4.0841956726246735
757.7530573847603 16.727657572906878
736.0785512699907 14.0183443085607
835.4200376293511 42.91768579492009
819.164158043274 23.049388523048037
846.2572906867358 32.08043273753532
866.1255879586079 41.1114769520226
901.3466603951083 71.81702728127942
893.6702728127943 6.793508936970852
1017.3955785512704 35.692850423330235
978.562088428975 6.793508936970852
1240.4623706491068 32.08043273753532
1205.2412982126061 193.73612417685803
1285.6175917215432 168.44920037629356
1319.0324553151463 191.92991533396054
1372.3156161806214 153.99952963311387
1404.8273753527756 71.81702728127942
1444.5639698965197 70.01081843838199
1476.1726246472253 66.39840075258701
1515.9092191909695 42.91768579492009
1515.0061147695208 114.26293508936976
1499.6533396048924 153.09642521166518
1714.1406396989655 165.73988711194738
1775.551740357479 47.4332079021637
1802.6448730009408 47.4332079021637
1845.0907808090312 188.3174976481656
