1847.105504587156 501.35626911314966
1359.7660550458718 505.2706422018347
314.62844036697265 231.26452599388358
150.22477064220197 168.6345565749233
58.237003058104165 176.46330275229332
474.139143730887 13.129969418959945
546.5550458715597 9.215596330274932
577.87003058104 19.001529051987518
724.659021406728 43.46636085626892
792.1819571865444 50.31651376146766
1131.7538226299696 32.70183486238511
1197.3195718654438 5.301223241589923
1220.8058103975538 29.766055045871383
1321.600917431193 12.15137614678872
1831.9373088685015 43.46636085626892
1824.1085626911317 73.80275229357778
