842.8915169599036 95.8093056960268
841.749019195426 37.54191970767096
813.7578239657256 31.258182003044396
777.1978955024435 30.68693312080558
817.1853172591584 15.263213300358473
882.3076898343795 22.689448769462672
971.4225154636295 15.263213300358473
1003.4124528690014 114.08926992766783
1059.966092210641 100.37929675393707
966.8525244057194 61.53437276169984
907.442640652886 63.248119408416194
878.8801965409468 97.52305234274314
1018.8361726894484 4.409484537821584
1049.6836123303428 35.82817306095461
1151.9371622510848 3.2669867733440583
1117.0909804345192 2.124489008866476
230.7803738317758 474.70560747663535
304.54984423676024 498.6308411214952
579.690031152648 558.4439252336447
575.7024922118381 694.0202492211838
749.1604361370718 666.1074766355139
375.97987616099067 676.2275541795666
