177.62538226299705 64.90366972477034
434.01681957186554 100.13302752293544
404.659021406728 74.68960244648292
555.3623853211011 107.96177370030557
633.6498470948013 92.30428134556541
1046.6162079510705 172.5489296636083
1220.8058103975536 186.2492354740059
995.7293577981651 102.090214067278
964.4143730886851 64.90366972477034
1083.8027522935781 78.60397553516793
1111.2033639143733 31.631498470947687
802.9464831804282 26.83027522935754
1831.448012232416 12.059633027522523
41.46618357487916 598.471014492754
250.16183574879216 199.63043478260886
223.8816425120772 411.4178743961355
299.6304347826086 437.69806763285055
812.867149758454 570.6449275362322
