664.3405036726128 21.717208814270634
835.5891920251838 92.2313746065056
908.1180482686254 59.99632738719822
894.0152151101786 21.717208814270634
1329.1883525708292 241.31846799580262
1425.8934942287515 249.3772298006295
1550.8043022035679 144.61332633788027
1691.8326337880378 283.62696747114364
1724.0676810073453 142.5986358866735
1718.0236096537253 94.24606505771237
1760.332109129066 47.90818467995791
1798.611227701994 17.687827911857084
1824.802203567681 17.687827911857084
1806.6699895068207 154.6867785939138
1798.611227701994 283.62696747114364
1597.1421825813225 21.717208814270634
1423.8788037775448 55.966946484784785
1413.8053515215113 23.731899265477296
1317.1002098635888 31.790661070304168
1250.6154249737672 62.01101783840488
1190.1747114375657 136.5545645330534
1093.4695697796433 104.3195173137459
1071.3079748163696 43.87880377754436
1135.7780692549843 41.8641133263377
1145.851521511018 5.59968520461689
1067.278593913956 7.614375655823551
1180.1012591815322 9.629066107030214
1204.2775445960128 13.658447009443762
958.4853095487933 41.8641133263377
855.7360965372509 7.079223504721881
952.4412381951732 14.130640083945421
978.6322140608606 32.26285414480583
1288.8945435466949 49.922875131164574
1627.9396135265702 51.36956521739114
1257.6980676328503 17.35990338164231
1239.5338164251207 222.81884057971035
601.0797101449275 80.59661835748818
