1511.9606741573034 421.8483146067416
1649.4887640449438 338.2528089887637
1797.8033707865166 330.16292134831417
436.00561797752823 60.499999999999545
649.3764044943817 10.780898876404535
801.7359550561794 18.870786516853997
814.5449438202244 10.10674157303373
831.3988764044941 14.151685393258447
894.0955056179771 57.97191011235961
867.1292134831458 200.89325842696633
1438.1404494382023 97.74719101123594
1467.8033707865168 96.39887640449439
1487.3539325842696 74.15168539325842
1490.0505617977528 64.7134831460674
1515.6685393258426 70.1067415730337
1734.7696629213483 56.62359550561797
1467.8033707865168 82.91573033707866
399.3187919463087 193.86912751677858
528.6764705882352 115.2058823529411
631.2941176470588 24.94117647058826
817.8235294117646 36.764705882352956
846.4117647058822 6.235294117647072
856.8235294117646 1.6470588235294201
750.4117647058822 19.29411764705884
1574.9705882352941 352.0294117647057
