69.26404494381995 586.3426966292136
293.08426966292143 610.6123595505615
449.4887640449439 208.81460674157267
508.81460674157313 138.70224719101088
657.1292134831461 117.12921348314569
667.9157303370786 41.623595505617686
856.679775280899 141.398876404494
872.8595505617978 44.32022471910068
948.365168539326 38.926966292134466
740.7247191011237 486.56741573033673
670.6123595505618 419.15168539325805
1045.4438202247193 489.26404494381984
1126.3426966292136 367.91573033707823
1182.9719101123596 219.60112359550521
1164.0955056179773 36.230337078651246
1088.5898876404494 30.837078651685033
1037.3539325842698 41.623595505617686
1398.7022471910113 206.11797752808957
1293.5337078651687 276.23033707865125
1304.3202247191011 791.2865168539322
1884.0955056179773 224.99438202247154
1560.5 41.623595505617686
1503.870786516854 90.16292134831428
1449.938202247191 36.230337078651246
1412.1853932584268 33.53370786516825
1526.1179775280896 3.5337078651685943
1331.9606741573032 2.185393258426984
1212.6348314606744 30.837078651685033
1137.129213483146 146.79213483146032
363.1966292134832 57.80337078651655
414.4325842696629 28.140449438201813
