36.23033707865159 580.2752808988762
100.94943820224711 576.2303370786515
354.43258426966304 659.825842696629
394.8820224719102 612.6348314606739
451.51123595505624 671.9606741573032
700.9494382022474 635.5561797752807
771.0617977528093 533.0842696629211
818.2528089887644 666.5674157303368
1032.634831460674 740.7247191011234
1158.0280898876404 793.3089887640447
466.3426966292134 292.74719101123594
560.7247191011235 198.36516853932574
698.252808988764 335.8932584269662
768.3651685393257 321.06179775280896
831.7359550561796 411.39887640449433
973.3089887640449 167.35393258426956
1242.9719101123596 172.7471910112359
1304.994382022472 134.99438202247188
1385.8932584269664 78.3651685393258
1451.9606741573034 43.3089887640449
1371.061797752809 197.0168539325843
1464.0955056179778 191.62359550561797
