715.8068105192177 660.9045853000673
1354.0805799055968 367.0138233310855
1140.4595414699932 240.1358732299392
1132.6915037086985 183.17026298044493
1034.2963587322993 67.94436952124056
991.5721510451785 113.25792312879287
910.0077545515846 95.13250168577201
873.7569116655427 119.73128792987175
834.9167228590695 32.9881995954147
783.1298044504383 54.99763991908276
740.4055967633176 87.36446392447726
733.9322319622386 26.514834794335684
754.6469993256912 17.4521240728252
925.5438300741739 44.64025623735665
963.0893459204316 35.57754551584617
943.6692515171949 17.4521240728252
965.678691840863 9.684086311530564
1017.4656102494941 26.514834794335684
1040.7697235333783 35.57754551584617
1079.6099123398517 35.57754551584617
979.9200944032367 56.292312879298606
1083.493931220499 73.12306136210373
1008.4028995279837 69.2390424814564
1185.7730950775453 62.76567768037751
1097.7353337828724 40.75623735670933
1623.3725556304787 421.3900876601483
1642.7926500337153 613.0016857720835
1748.9558327714092 631.1271072151045
1848.645650708024 572.8668240053944
1136.5755225893458 51.11362103843544
1185.7730950775453 42.050910316924956
1229.791975724882 47.22960215778813
1232.3813216453134 80.89109912339836
1276.40020229265 49.81894807821982
1282.8735670937288 69.2390424814564
1326.8924477410653 62.76567768037751
1431.7609575185434 163.75016857720823
1392.92076871207 80.89109912339836
1354.0805799055968 58.8816587997302
1474.485165205664 99.01652056641933
1479.6638570465273 114.5525960890086
1539.218813216453 113.25792312879287
1519.7987188132163 207.7690492245447
1663.5074173971677 258.26129467296005
1673.864801078894 146.9194200944031
1715.294335805799 172.8128792987187
1716.5890087660148 253.08260283209697
1786.501348617667 209.06372218476054
1909.4952798381657 255.67194875252858
1773.554619015509 322.99494268374906
1862.887053270398 322.99494268374906
419.32670262980446 172.8128792987187
329.9942683749157 71.82838840188788
1161.8986013986014 52.318181818181756
1115.8646353646354 47.52297702297699
849.2512487512488 2.448051948051784
1827.3993288590605 77.21140939597319
1915.6677852348994 81.72147651006719
