24.883819379115725 60.04844778927554
241.62888052681097 121.45954844778919
396.9628410159925 161.1961429915333
413.2187206020697 34.761523988710906
471.0174035747884 45.59877704609585
478.2422389463782 152.16509877704596
597.4520225776106 32.95531514581353
622.7389463781752 18.505644402633834
640.8010348071497 32.95531514581353
736.5301034807152 94.36641580432729
693.1810912511761 237.05691439322663
778.0729068673567 242.4755409219191
828.6467544684855 114.23471307619934
895.4764816556916 56.43603010348056
1661.7605832549389 292.1745061147696
1714.1406396989655 134.1312323612418
1701.497177798683 107.9412041392286
1616.6053621825026 92.58842897460022
1612.9929444967074 74.52634054562566
1585.8998118532456 76.33254938852309
1583.1904985888996 42.91768579492009
1670.7916274694262 53.754938852304804
1535.3259642521166 63.68908748824083
1473.914863593603 28.468015051740394
1454.94967074318 22.146284101599235
1412.5037629350895 32.98353715898406
1418.8254938852306 47.4332079021637
1375.4764816556915 80.8480714957667
1367.3485418626528 23.952492944496726
1323.096425211665 9.50282220131703
1281.5536218250236 15.82455315145819
1273.425682031985 4.987300094073362
1238.2046095954845 74.52634054562566
1271.6194731890876 85.36359360301037
1200.2742238946378 172.96472248353723
1121.7041392285983 45.62699905926626
1072.9365004703668 57.367356538099784
1068.4209783631231 95.2977422389464
1046.7464722483537 95.2977422389464
1016.0409219190968 42.014581373471344
969.9825964252116 29.371119473189083
1016.0409219190968 9.50282220131703
884.6392285983069 28.46801505174028
910.8292568203201 23.049388523047924
935.2130761994358 26.66180620884279
924.375823142051 7.696613358419427
