131.6258278145695 560.3675496688743
61.69205298013242 530.1688741721855
20.36754966887412 312.4205298013246
37.850993377483405 172.55298013245033
165.00331125827807 150.30132450331132
303.2814569536423 183.6788079470199
441.5596026490065 288.5794701986756
567.1225165562912 253.61258278145692
699.0430463576157 541.2947019867551
842.0894039735097 706.5927152317881
1517.5860927152314 395.0695364238411
1633.6125827814567 455.4668874172187
1590.6986754966883 588.9768211920531
1652.6854304635758 302.88410596026495
1384.0761589403971 286.9900662251656
1287.1225165562912 331.49337748344374
1047.1225165562912 226.59271523178813
1051.8907284768209 201.16225165562923
986.7251655629136 186.85761589403978
902.4867549668872 217.05629139072857
850.0364238410593 204.341059602649
815.0695364238409 150.30132450331132
791.2284768211919 156.658940397351
624.3410596026489 137.58609271523187
565.5331125827813 135.99668874172187
309.6390728476821 102.6192052980133
546.4602649006621 54.93708609271516
576.6589403973509 53.347682119205274
602.0894039735098 50.1688741721855
608.4470198675496 97.85099337748352
627.5198675496687 32.68543046357627
673.6125827814568 54.93708609271516
708.5794701986754 58.11589403973517
716.526490066225 69.24172185430463
734.0099337748343 46.99006622516549
1147.254966887417 204.341059602649
1228.3145695364235 201.16225165562923
1377.7185430463574 178.9105960264901
1352.2880794701985 169.37417218543055
1277.5860927152314 70.83112582781462
1275.9966887417215 121.69205298013253
1288.711920529801 43.811258278145715
739.6846848822419 111.35237489583784
720.788145256787 91.13747204069995
742.760865751502 75.31711328450504
780.1144905925178 63.01238980746456
749.3526818999165 49.38930310074119
719.0303276172097 20.385312047717207
695.7392438928116 30.492763475286154
742.760865751502 27.856037015920375
758.5812245076969 18.627494408140024
793.7375772992411 27.416582606026054
796.374303758607 43.23694136222093
806.0423007762816 10.717315030042528
947.1071663523528 81.90892943291959
927.3317179071091 95.97147054953729
855.2611946844436 104.7605587474233
823.6204771720537 55.10221042936712
849.9877417657119 21.703675277400123
872.8393710802156 41.039669312749425
886.9019121968333 40.6002149028551
901.8433621332397 42.797486952326665
888.6597298364105 27.416582606026054
860.9741020130695 5.004407701416596
897.4488180342966 8.080588570676753
950.1833472216128 16.869676768562783
947.9860751721415 56.86002806894433
999.4022411297748 9.398951800359669
1009.949146967238 15.1118591289856
1026.2089601333273 8.959497390465344
1060.4864041050828 5.883316521205188
1061.8047673347658 41.039669312749425
1048.6211350379367 85.86401912196831
1019.1776895750183 92.45583527038286
1112.3420244726105 89.3796544011227
1130.7991096881713 92.01638086048854
1084.6563966492695 88.94019999122844
1073.2305819920177 79.71165738344808
1090.3693039778955 59.057300118415846
1085.9747598789525 75.75656769439934
1120.252203850708 58.17839129862722
1152.7718301828863 22.582584097188715
1184.8520021051706 22.582584097188715
1164.6370992500326 5.883316521205188
1143.9827419850003 7.641134160782428
1132.1174729178542 20.385312047717207
1096.96112012631 23.02203850708304
1100.0373009955701 3.246590061839413
987.9764264725229 44.55530459190385
1005.9940572781893 51.1471207403184
932.6051708258408 13.793495899302682
916.3453576597516 13.35404148940836
872.3999166703213 27.416582606026054
1175.184005087496 128.05164247182137
1296.5431560019297 18.920244726108535
1312.4582474452873 8.310183763870043
1197.5159203543703 122.0736151923162
1210.33016983017 144.14635364635362
