170.43288590604033 216.74161073825485
1006.4060402684565 311.77516778523477
1399.4261744966445 666.1375838926173
826.0033557046982 221.57382550335547
816.3389261744967 137.81543624161054
766.4060402684565 170.03020134228166
735.8020134228188 147.47986577181177
532.8489932885907 131.37248322147627
367.3456375838927 13.587248322147389
531.6409395973155 62.71476510067089
496.2046979865773 80.43288590604004
541.305369127517 51.439597315436004
600.0973154362418 79.62751677852327
669.3590604026847 62.71476510067089
698.3523489932888 58.68791946308705
647.6140939597317 40.16442953020112
590.4328859060404 12.78187919463062
564.6610738255035 28.889261744966234
550.9697986577182 17.61409395973135
508.28523489932894 7.144295302013234
560.6342281879197 17.61409395973135
636.3349705304519 46.148330058939194
600.5 20.686640471512874
571.2662082514735 33.88899803536356
588.7121807465619 41.43320235756397
653.3094302554027 55.57858546168967
477.9066797642437 7.955795677799756
576.2170923379174 25.873280943025634
1257.520134228188 916.7684563758392
383.85570469798654 447.7214765100673
510.13758389261744 517.305369127517
709.8691275167786 460.6073825503357
863.2114093959732 437.4127516778525
937.9496644295301 450.2986577181209
592.9295302013423 151.30536912751683
676.0436241610739 155.81543624161077
-12.063758389261722 439.94966442953023
-37.835570469798625 436.7281879194631
410.11073825503365 25.32550335570471
434.5939597315437 2.1308724832214807
431.88235294117646 41.000000000000014
452.88235294117646 13.470588235294144
819.3235294117646 156.32352941176464
561.2352941176471 64.29411764705884
597.0588235294118 55.470588235294144
522.4117647058824 48.23529411764707
632.7058823529412 63.67647058823536
683.1764705882354 69.32352941176478
