489.70716112531983 -40.16496163682905
489.70716112531983 -40.16496163682905
179.1189258312021 771.29283887468
46.53580562659852 659.5792838874678
213.49232736572895 542.9552429667516
222.08567774936063 460.70460358056243
330.11636828644515 542.9552429667516
319.0677749360614 422.6483375959076
397.6355498721229 434.9245524296673
581.7787723785168 705.0012787723783
612.4693094629158 301.11381074168764
591.5997442455243 216.40792838874643
1099.8350383631716 662.0345268542197
1115.794117647059 743.057544757033
1202.9552429667522 558.9143222506391
1309.7583120204606 562.597186700767
1263.1086956521742 491.39514066496133
1288.8887468030694 383.3644501278769
1446.024296675192 445.97314578005074
1636.3056265984658 428.78644501278745
1566.3312020460362 843.7225063938617
1842.5460358056268 894.0549872122762
1883.0575447570334 404.2340153452683
1853.5946291560106 358.81202046035776
1674.3618925831206 380.9092071611251
1509.860613810742 234.82225063938586
1474.2595907928392 232.36700767263392
1512.3158567774938 326.8938618925828
1241.0115089514068 277.78900255754445
1285.2058823529414 156.2544757033245
1298.7097186700769 130.47442455242924
1209.093350383632 155.02685421994852
1178.402813299233 147.6611253196927
1158.7608695652175 137.84015345268506
1146.484654731458 334.2595907928385
1162.4437340153454 362.49488491048555
1150.167519181586 409.14450127877217
1109.6560102301792 431.2416879795394
975.8452685421996 348.9910485933501
1040.9092071611256 281.47186700767224
920.6023017902814 323.210997442455
1077.7378516624042 194.3107416879792
995.4872122762149 166.07544757033213
940.2442455242967 148.88874680306867
913.2365728900256 169.75831202045993
912.0089514066497 143.9782608695648
880.0907928388749 159.93734015345228
853.0831202046038 186.94501278772339
721.727621483376 183.2621483375956
678.7608695652175 189.40025575447532
639.4769820971869 180.80690537084365
703.3132992327367 142.75063938618882
672.6227621483376 131.7020460358052
629.6560102301792 125.56393861892548
691.0370843989772 108.37723785166202
713.1342710997444 112.06010230178981
731.5485933503837 114.51534526854175
751.190537084399 152.57161125319658
803.9782608695652 139.06777493606103
859.2212276214834 88.73529411764662
767.1496163682866 91.19053708439854
778.1982097186701 83.82480818414285
769.6048593350386 56.81713554987175
846.945012787724 31.037084398976504
898.5051150895142 15.078005115089125
1087.558823529412 18.760869565217035
1078.5051150895142 15.5
726.6381074168797 13.313299232736426
737.0728900255754 44.003836317135494
676.3056265984654 53.21099744245515
695.3337595907927 30.499999999999943
645.6150895140664 69.17007672634264
657.891304347826 5.333759590792737
371.85549872122766 233.5946291560099
473.74808184143234 264.2851662404089
301.8810741687981 207.81457800511475
164.38746803069057 259.374680306905
110.37212276214836 372.3158567774933
46.53580562659852 353.901534526854
14.617647058823536 578.5562659846545
15.845268542199506 240.96035805626568
136.1521739130435 212.72506393861863
104.23401534526857 191.85549872122726
161.9322250639387 156.2544757033245
104.23401534526857 134.15728900255715
44.08056265984658 151.3439897698206
95.64066496163684 103.46675191815814
117.73785166240413 60.499999999999545
139.8350383631714 66.6381074168794
188.9398976982098 88.73529411764662
164.38746803069057 62.955242966751484
202.44373401534534 60.499999999999545
261.3695652173914 134.15728900255715
204.89897698209722 163.6202046035802
238.04475703324812 168.53069053708396
263.82480818414325 177.12404092071574
375.53836317135557 180.80690537084365
359.5792838874681 143.9782608695648
387.81457800511515 101.01150895140631
465.15473145780066 152.57161125319658
463.9271099744247 56.81713554987175
449.1956521739132 18.760869565217035
420.9603580562661 35.94757033248038
408.6841432225065 87.50767263427065
333.79923273657295 6.48465473145734
304.3363171355499 6.48465473145734
260.14194373401546 34.71994884910441
295.74296675191823 71.54859335038326
256.4590792838875 74.0038363171351
251.54859335038367 51.90664961636776
330.11636828644515 126.79156010230145
325.5127877237851 174.74552429667511
199.6815856777492 129.32352941176464
127.86572890025562 41.548593350383555
138.91432225063923 30.499999999999943
114.36189258312005 24.36189258312004
121.11381074168783 11.471867007672474
77.53324808184128 13.313299232736426
101.47186700767249 3.4923273657287837
67.71227621483361 30.499999999999943
94.71994884910471 41.548593350383555
29.656010230178882 76.5358056265984
11.855498721227464 54.43861892583112
36.40792838874666 31.113810741687928
24.131713554987048 10.244245524296616
51.75319693094614 5.947570332480723
353.7480818414321 65.48721227621479
381.9833759590792 48.30051150895133
196.61253196930934 21.906649616368213
229.14450127877225 11.471867007672474
262.2902813299232 15.768542199488365
236.510230179028 43.39002557544751
1413.761744966443 194.51342281879215
819.7214765100671 468.98322147651027
649.6275167785234 341.41275167785255
814.5671140939597 218.35234899328879
790.728187919463 52.12416107382569
790.0838926174497 32.15100671140965
43.345637583892625 110.07046979865777
164.47315436241612 8.916107382550422
