89.55198776758425 154.9342507645257
167.83944954128458 182.33486238532078
1422.396024464832 229.30733944954102
1835.3623853211009 31.631498470947687
1790.3470948012234 17.931192660550096
417.3807339449543 99.24617737003035
550.4694189602449 36.61620795107012
665.9434250764527 23.89449541284375
663.007645259939 114.90366972477045
591.5703363914374 99.24617737003035
827.4113149847097 60.102446483180245
820.561162079511 43.46636085626892
888.0840978593275 39.55198776758391
981.0504587155966 37.5948012232414
969.3073394495415 47.38073394495393
1028.0229357798166 43.46636085626892
1015.3012232415905 43.46636085626892
1039.7660550458718 19.001529051987518
1070.1024464831808 44.444954128440145
1122.4571865443427 43.02293577981649
1138.114678899083 44.490825688073386
1163.5581039755355 25.408256880733916
1181.172782874618 58.19113149847095
1211.0198776758411 73.35932721712538
1282.9464831804285 69.93425076452598
1322.5795107033641 69.93425076452598
1287.8394495412847 6.814984709480086
1227.166666666667 7.304281345565755
434.12318840579695 623.2053140096623
