17.35393258426967 88.47752808988741
119.82584269662914 64.20786516853934
115.78089887640442 43.98314606741576
122.5224719101123 39.93820224719104
140.05056179775278 37.24157303370788
164.32022471910108 68.25280898876406
188.58988764044938 58.814606741573016
215.55617977528078 52.07303370786519
227.69101123595493 56.11797752808991
233.08426966292126 45.33146067415731
266.7921348314606 91.1741573033708
261.3988764044943 53.421348314606746
276.23033707865164 14.320224719101134
299.15168539325833 52.07303370786519
315.3314606741572 43.98314606741576
336.9044943820224 41.286516853932596
342.2977528089887 66.90449438202245
311.2865168539325 89.82584269662925
385.443820224719 118.14044943820227
266.7921348314606 120.83707865168537
227.69101123595493 127.57865168539325
219.6011235955055 168.02808988764042
175.10674157303362 189.6011235955056
388.1404494382021 33.19662921348316
393.5337078651684 10.275280898876417
409.7134831460673 21.06179775280907
423.19662921348305 27.803370786516894
416.4550561797752 37.24157303370788
473.08426966292126 62.85955056179773
416.4550561797752 91.1741573033708
452.8595505617977 122.18539325842698
409.7134831460673 116.79213483146066
397.57865168539314 197.69101123595505
493.30898876404484 186.90449438202245
510.8370786516853 128.9269662921348
551.2865168539324 138.36516853932585
497.35393258426956 41.286516853932596
524.3202247191009 27.803370786516894
491.96067415730323 11.623595505618027
462.2977528089886 11.623595505618027
369.2640449438201 12.971910112359637
334.2078651685393 4.882022471910091
367.9157303370785 0.8370786516853741
440.7247191011235 12.971910112359637
517.5786516853932 11.623595505618027
525.6685393258426 8.92696629213492
536.455056179775 12.971910112359637
559.3764044943819 10.275280898876417
568.8146067415728 12.971910112359637
597.129213483146 34.54494382022472
597.129213483146 14.320224719101134
620.0505617977526 14.320224719101134
638.9269662921347 7.578651685393311
636.2303370786515 48.028089887640476
668.5898876404492 6.230337078651701
683.4213483146066 11.623595505618027
690.1629213483145 15.668539325842744
665.8932584269662 38.58988764044943
696.9044943820222 84.43258426966293
714.4325842696626 34.54494382022472
749.4887640449435 69.60112359550567
793.9831460674154 50.72471910112358
788.5898876404492 22.410112359550567
803.4213483146066 18.36516853932585
834.4325842696626 7.578651685393311
827.6910112359549 60.162921348314626
845.2191011235952 48.028089887640476
876.2303370786515 19.71348314606746
880.2752808988762 73.64606741573039
854.6573033707862 87.12921348314609
648.3651685393256 217.91573033707863
556.6797752808986 290.7247191011236
466.3426966292133 306.90449438202245
398.92696629213475 310.94943820224717
301.84831460674144 275.89325842696627
301.84831460674144 236.79213483146066
261.3988764044943 323.0842696629213
224.99438202247183 422.85955056179773
173.75842696629206 394.54494382022466
20.050561797752778 405.33146067415726
919.3764044943819 42.63483146067415
947.6910112359549 50.72471910112358
932.8595505617975 70.94943820224717
861.3988764044941 298.814606741573
823.6460674157302 335.21910112359546
625.443820224719 441.7359550561797
715.7808988764043 525.3314606741573
231.06179775280907 578.2528089887637
125.89325842696633 545.8932584269659
20.724719101123696 502.7471910112356
1048.1404494382023 330.1629213483143
980.7247191011237 397.57865168539286
980.7247191011237 278.92696629213447
1091.2865168539324 322.07303370786485
1088.5898876404494 262.7471910112356
1293.5337078651687 262.7471910112356
984.0955056179776 23.758426966292177
1013.7584269662923 42.63483146067415
1117.5786516853934 38.58988764044943
1152.6348314606741 52.07303370786519
1251.061797752809 23.758426966292177
1284.7696629213483 12.971910112359637
1294.2078651685395 38.58988764044943
1276.6797752808989 49.37640449438203
1330.612359550562 65.55617977528095
1377.803370786517 34.54494382022472
1334.6573033707866 230.05056179775278
1491.061797752809 193.64606741573033
1526.1179775280898 174.7696629213483
1508.5898876404494 85.78089887640454
1531.5112359550562 85.78089887640454
1527.4662921348315 33.19662921348316
1520.7247191011236 12.971910112359637
1477.5786516853932 11.623595505618027
1470.8370786516853 22.410112359550567
1481.623595505618 41.286516853932596
1445.2191011235955 31.84831460674161
1426.3426966292136 25.106741573033787
1435.7808988764045 14.320224719101134
1646.1179775280898 45.33146067415731
1674.4325842696628 21.06179775280907
1691.9606741573034 29.151685393258447
1690.6123595505617 66.90449438202245
1674.4325842696628 42.63483146067415
1712.185393258427 35.89325842696633
1586.7921348314605 77.6910112359551
1714.88202247191 155.89325842696627
1897.5786516853932 25.44382022471882
1730.387640449438 28.140449438201813
1849.0393258426966 661.8483146067412
1913.758426966292 367.91573033707823
