178.8001049317944 442.7875131164742
1049.1463798530956 781.2555089192026
1139.8074501573979 767.1526757607554
1230.4685204617 634.1831059811122
1202.262854144806 333.9942287513116
1724.0676810073453 386.3761804826861
1754.2880377754461 289.67103882476385
1476.2607555089194 207.06873032528847
904.0886673662121 219.15687303252867
1266.732948583421 108.34889821615934
1838.9050367261282 126.48111227701975
98.21248688352568 37.83473242392438
225.6416579223504 49.387722980062904
292.12644281217206 49.387722980062904
311.2660020986358 50.395068205666234
322.3467995802728 72.55666316894013
397.8976915005246 78.60073452256029
548.9994753410283 106.80640083945434
594.3300104931794 78.60073452256029
802.8504721930744 86.65949632738716
765.5786988457503 85.65215110178377
766.5860440713536 32.26285414480583
1001.8011542497377 84.64480587618038
1015.9039874081848 78.60073452256029
1073.3226652675762 56.43913955928639
1006.8378803777546 30.24816369359911
981.6542497376706 33.27019937040916
958.4853095487933 28.233473242392392
989.7130115424975 24.204092339978956
920.2061909758658 3.049842602308445
1094.4769150052466 8.086568730325212
1094.4769150052466 23.196747114375626
1122.6825813221408 11.108604407135317
1146.8588667366212 9.093913955928542
1173.0498426023087 16.145330535152084
1198.2334732423924 33.27019937040916
1220.3950682056666 36.292235047219265
1257.6668415529907 24.204092339978956
1239.5346274921303 14.130640083945421
1267.7402938090243 26.218782791185617
1297.9606505771249 23.196747114375626
1311.0561385099686 7.079223504721881
1343.291185729276 15.137985309548753
1349.335257082896 47.373032528856186
1376.533578174187 35.28488982161588
1393.658447009444 50.395068205666234
1302.9973767051417 71.54931794333675
1290.9092339979015 67.51993704092331
1274.7917103882478 70.54197271773342
1484.3195173137462 75.57869884575018
1489.356243441763 99.7549842602308
1518.5692549842604 42.33630640083936
1435.966946484785 31.25550891920244
1421.8641133263382 10.101259181531987
1380.5629590766002 17.152675760755415
1466.1873032528858 17.152675760755415
1477.2681007345227 17.152675760755415
1527.6353620146906 22.18940188877218
1549.7969569779646 35.28488982161588
1572.9658971668416 28.233473242392392
1643.480062959077 273.5535152151101
1675.2114375655824 46.3656873032528
1786.0194123819517 51.40241343126962
1811.2030430220357 49.387722980062904
1831.3499475341027 21.18205666316885
1763.8578174186778 21.18205666316885
951.5835913312695 368.0851393188855
1032.8219814241488 229.38544891640868
1215.1130030959755 142.202786377709
1320.623839009288 32.71362229102175
1501.205882352941 30.676470588235247
1396.3823529411764 9.147058823529335
