1781.3226567768036 563.8041132838839
1666.0967633175994 263.4399865138232
1355.3752528658124 246.6092380310181
1269.9268374915712 104.19521240728238
988.9828051247472 113.25792312879287
966.9733648010788 45.93492919757227
998.0455158462577 45.93492919757227
894.4716790289951 136.5620364126769
223.83108563722192 267.32400539447053
17.978084962913044 294.512137559002
464.64025623735665 212.94774106540785
485.3550236008092 158.57147673634518
517.7218476062036 136.5620364126769
519.0165205664194 96.42717464598775
569.5087660148348 140.4460552933242
570.8034389750505 172.8128792987187
643.3051247471342 144.33007417397152
638.126432906271 89.95380984490885
846.5687795010115 49.81894807821982
714.512137559002 185.75960890087651
429.6840863115307 32.9881995954147
454.28287255563043 5.800067430883246
437.4521240728253 99.01652056641933
358.4770734996629 77.00708024275104
349.4143627781524 49.81894807821982
280.7966958867162 71.82838840188788
292.44875252865813 131.38334457181372
1055.0111260957517 403.26466621712734
979.9200944032367 422.68476062036405
944.9639244774105 651.8418745785569
787.0138233310856 809.7919757248819
183.69622387053272 117.14194200944019
184.9908968307485 17.4521240728252
139.67734322319626 26.514834794335684
59.40761968981798 26.514834794335684
777.4103623649079 3.437062937062592
