11.580797481636978 781.2555089192026
267.4464847848899 585.8305351521509
227.15267576075553 416.5965372507869
158.65320041972723 344.0676810073451
113.82633788037762 362.7035676810072
277.01626442812164 334.4979013641132
374.72875131164733 346.5860440713535
408.9784889821616 313.3436516264427
435.1694648478489 304.2775445960125
481.5073452256034 272.042497376705
564.1096537250787 261.9690451206714
622.5356768100734 296.2187827911856
771.6227701993704 225.70461699895054
929.7759706190975 264.99108079748146
869.3352570828961 390.90923399790125
629.5870933892969 374.7917103882475
582.2418677859391 469.4821615949631
659.8074501573976 586.3342077649527
720.2481636935992 586.3342077649527
984.6762854144805 499.1988457502622
1008.8525708289612 269.52413431269656
1180.1012591815322 247.36253934942283
1280.835781741868 182.89244491080788
1552.8189926547745 475.0225603357817
1673.7004197271774 301.75918153200405
572.6720881427074 130.9826862539349
510.21668415529916 68.5272822665267
584.7602308499477 50.395068205666234
569.6500524658973 38.306925498425926
541.4443861490032 18.16002098635886
625.0540398740819 7.079223504721881
663.3331584470095 35.28488982161588
700.6049317943338 88.67418677859382
698.5902413431271 50.395068205666234
744.9281217208816 92.70356768100726
779.1778593913957 71.54931794333675
803.3541448058763 64.49790136411326
894.0152151101785 4.0571878279117755
813.4275970619099 21.18205666316885
775.1484784889823 21.18205666316885
764.0676810073453 16.145330535152084
748.9575026232949 21.18205666316885
719.7444910807976 17.152675760755415
705.6416579223505 21.18205666316885
995.6140939597317 109.42617449664425
1039.4261744966445 89.45302013422815
