1766.8608562691131 1061.111620795107
1486.9831804281346 951.5091743119265
539.7048929663611 589.4296636085625
220.68348623853228 632.4877675840977
1365.6376146788991 378.05351681957166
1181.6620795107035 403.4969418960243
1109.2461773700306 223.43577981651356
919.3990825688074 274.3226299694187
976.1574923547403 190.16360856269094
1124.9036697247707 135.36238532110065
1348.0229357798166 86.43272171253795
1455.6681957186545 68.81804281345535
422.2737003058105 108.05351681957166
434.9954128440368 50.31651376146766
488.81804281345575 112.94648318042795
506.43272171253835 184.38379204892948
595.4847094801225 100.22477064220163
613.099388379205 40.530581039755134
649.3073394495414 79.6743119266053
732.487767584098 105.11773700305794
780.4388379204895 125.6681957186542
714.8730886850155 196.1269113149845
783.3746177370033 173.61926605504567
826.4327217125384 173.61926605504567
855.790519877676 189.2767584097857
928.2064220183488 119.79663608562674
949.7354740061165 64.01681957186526
961.4785932721715 48.35932721712521
1018.2370030581043 48.35932721712521
1032.915902140673 70.86697247706405
1065.2094801223243 40.530581039755134
1116.0963302752298 17.044342507644956
1082.824159021407 12.15137614678872
1038.7874617737007 19.001529051987518
759.8883792048932 50.31651376146766
731.5091743119268 22.91590214067253
770.652905198777 10.194189602446272
857.7477064220186 14.108562691131283
1918.053516819572 39.55198776758391
1388.6345565749236 29.766055045871383
1177.7477064220186 4.857798165137581
1204.1697247706425 12.19724770642199
1242.824159021407 6.325688073394474
1282.4571865443427 2.9006116207950754
49.195652173912954 426.8768115942031
