154.9308560677329 451.99576669802445
263.3033866415805 303.88664158043264
552.2968015051741 235.25070555032914
637.1886171213547 260.53762935089355
1746.2008466603952 692.2215428033867
1208.4021636876764 71.81702728127942
1248.1387582314205 70.91392285983068
1239.1077140169332 55.5611476952023
1371.8640639698965 79.94496707431801
1405.2789275634996 70.01081843838199
1477.527281279398 96.20084666039514
1522.6825023518345 197.34854186265295
1555.1942615239889 178.3833490122296
1510.0390404515524 44.72389463781752
1534.4228598306681 28.468015051740394
1633.7643461900284 41.1114769520226
1659.0512699905928 32.98353715898406
1731.2996237064913 55.5611476952023
1686.1444026340546 107.9412041392286
1662.6636876763878 146.77469426152402
1755.683443085607 108.8443085606774
1911.9205079962373 90.78222013170273
1060.2930385700847 25.758701787394216
724.3381937911574 70.92803386641577
741.4971777986833 64.15475070555027
778.5244590780812 60.99388523047973
825.9374412041395 11.774694261523905
840.8386641580437 80.8621825023518
892.7671683913456 83.11994355597363
909.9261523988716 29.836782690498524
907.6683913452498 14.484007525870084
939.2770460959553 46.09266227657565
957.7906867356543 28.93367826904978
662.023988711195 71.83113828786449
633.57619943556 43.38334901222947
680.9891815616184 40.674035747883295
671.958137347131 34.352304797742164
583.0023518344311 51.059736594543665
346.840545625588 73.18579492003755
529.719190968956 49.253527751646175
543.2657572906869 40.222483537158894
482.3062088428976 16.290216368767517
561.3278457196616 2.2920978363121662
394.2535277516464 14.935559736594428
381.6100658513642 4.0983066792096565
368.51505174035753 5.001411100658402
