314.6573033707865 504.0955056179772
31.511235955056236 299.15168539325816
972.6348314606744 547.2415730337076
1080.5 506.79213483146043
1309.7134831460676 358.4775280898874
1484.9943820224717 61.84831460674127
1776.2303370786517 26.792134831460316
1838.2528089887637 121.17415730337052
381.39887640449444 195.6685393258427
405.66853932584274 149.8258426966292
482.5224719101125 153.8707865168539
547.241573033708 149.8258426966292
609.2640449438204 147.12921348314603
645.6685393258429 147.12921348314603
622.7471910112362 54.09550561797744
68.58988764044938 55.44382022471905
300.5 134.99438202247188
300.5 41.96067415730329
335.55617977528095 10.949438202247165
382.74719101123605 10.949438202247165
428.58988764044955 36.56741573033702
475.78089887640465 74.32022471910108
496.00561797752823 74.32022471910108
477.12921348314615 17.69101123595499
545.8932584269664 27.12921348314603
407.01685393258435 710.7247191011238
768.3651685393262 8.252808988763945
804.7696629213486 8.252808988763945
943.6460674157307 16.34269662921338
842.5224719101126 125.55617977528084
1155.3314606741574 105.33146067415726
1051.5112359550562 134.99438202247188
1066.3426966292136 39.26404494382018
1019.1516853932585 29.825842696629138
1087.915730337079 54.09550561797744
1118.926966292135 31.174157303370748
1129.7134831460676 67.5786516853932
1135.1067415730338 63.53370786516848
1151.2865168539329 21.735955056179705
1189.0393258426968 21.735955056179705
1194.432584269663 48.70224719101117
1234.8820224719102 50.05056179775272
1302.2977528089891 58.14044943820221
1505.4027237354085 491.47276264591443
117.93190661478602 57.40661478599222
185.8696498054475 55.305447470817114
237.69844357976652 69.31322957198444
280.4221789883269 46.90077821011673
335.0525291828794 68.61284046692606
362.36770428015564 43.0486381322957
356.76459143968873 6.6284046692607035
341.7062256809338 8.029182879377402
1020.0330739299607 95.57782101167314
1038.5933852140074 86.82295719844359
993.0680933852136 49.00194552529183
947.1926070038907 51.103112840466906
940.5389105058362 30.96692607003888
894.1381322957194 33.243190661478565
892.9124513618673 132.6984435797666
990.6167315175094 122.89299610894949
862.0953307392992 88.22373540856032
670.1887159533069 145.4805447470819
1543.4571984435797 114.13813229571983
1584.429961089494 111.33657587548637
1738.5155642023346 2.075875486381335
1818.3599221789882 62.659533073929936
1819.0603112840467 94.5272373540856
745.1303501945526 134.79961089494162
828.8268482490273 150.90856031128402
676.3171206225682 20.02334630350194
659.8579766536966 2.163424124513625
627.8151750972763 28.778210116731515
637.9708171206227 20.373540856031124
652.3287937743191 50.840466926070036
586.6673151750974 25.45136186770428
560.2276264591441 12.669260700389103
545.5194552529184 2.163424124513625
575.8112840466927 5.490272373540846
588.2431906614787 3.5642023346303517
612.9319066147862 20.723735408560316
358.8657587548639 135.85019455252916
