120.25724881995956 931.4912339851652
172.0441672285907 778.7198246797033
86.59575185434932 363.1298044504382
121.55192178017535 237.5465273095076
73.64902225219151 149.50876601483472
1062.7791638570466 581.9295347269049
858.2208361429534 405.8540121375589
772.772420768712 369.6031692515171
737.8162508428861 341.12036412677
736.5215778826703 294.512137559002
512.5431557653405 412.3273769386378
614.4986513823333 230.36513823331086
621.61935266352 177.93088334457184
657.8701955495618 97.6611598111935
736.1979096426164 111.25522589345917
797.6948752528659 150.09541469993258
824.8830074173974 158.51078894133514
868.9018880647338 152.03742414025623
922.6308159136886 192.8196223870533
893.5006743088336 284.09406608226567
444.2491571139583 129.38064733648008
543.2916385704654 84.7144302090357
421.5923803101821 90.54045853000673
416.413688469319 144.9167228590694
439.71780175320305 216.12373567093732
478.55799055967645 152.03742414025623
329.0232636547539 163.04214430209038
358.1534052596089 122.25994605529331
305.071813890762 99.60316925151716
290.1830748482805 57.52629804450436
242.28017532029673 79.53573836817259
262.34760620364125 90.54045853000673
128.996291301416 126.79130141604855
73.97269049224539 30.338165879972962
48.079231287929815 7.681389076196865
188.55124747134184 29.6908293998651
978.625421443021 267.9106540795685
962.4420094403237 212.88705327039781
1010.9922454484155 185.05158462575855
1026.5283209710046 188.28826702629806
1045.9484153742414 161.10013486176666
1033.6490222521916 217.41840863115306
1077.0205664194202 209.0030343897505
1084.141267700607 186.99359406608227
1126.8654753877277 154.62677006068782
1133.9861766689146 239.4278489548213
1135.2808496291302 263.37929871881323
1104.2086985839514 272.44200944032366
1141.106877950101 324.87626432906274
1205.8405259608903 322.28691840863115
1209.7245448415374 293.15677680377615
1176.0630478759272 232.30714767363452
1313.9457181389078 293.15677680377615
1288.6995954147 355.3010788941335
1335.307821982468 354.0064059339178
1371.5586648685098 358.537761294673
1319.7717464598786 528.1399190829401
1493.2579231287932 462.11159811193534
1458.949089683075 253.021915037087
1519.7987188132167 242.66453135536074
1141.7542144302092 89.24578556979094
1225.9079568442348 118.375927174646
1245.3280512474714 120.31793661496965
1235.618004045853 176.636210384356
1278.989548213082 188.28826702629806
1316.5350640593392 141.0327039784221
1377.384693189481 161.10013486176666
1406.514834794336 164.3368172623061
1446.0023600809172 177.93088334457184
1516.5620364126771 188.28826702629806
1305.5303438975052 105.72252191503713
1289.994268374916 92.12845583277145
1310.7090357383684 89.86277815239384
1343.3995279838168 109.28287255563055
1360.8776129467296 105.72252191503713
1351.4912339851653 95.68880647336485
1339.5155091031695 83.06574511126101
1326.2451112609576 62.99831422791647
1302.9409979770737 52.96459878624415
1396.4811193526637 99.89649359406613
1369.9403236682401 108.95920431557659
1477.721847606204 120.93492919757253
1532.7454484153745 175.63486176668917
1528.2140930546193 207.0306810519218
1487.755563047876 231.95313553607554
1581.943020903574 210.26736345246124
1590.0347269049225 176.28219824679707
1539.5424814565072 121.58226567768043
1538.2478084962913 115.43256911665549
1493.581591368847 110.57754551584631
1495.1999325691168 123.84794335805805
1504.586311530681 129.67397167902905
1453.123061362104 134.20532703978427
1462.5094403236685 118.02191503708704
1436.9396493594068 103.78051247471348
1423.6692515171949 112.51955495616997
1414.9302090357385 103.45684423465953
1367.3509777478087 87.59710047201622
1360.5539447066758 64.94032366824013
1347.2835468644641 61.37997302764671
1338.8681726230616 59.11429534726909
1340.4865138233313 67.52966958867165
1370.9113283884021 64.29298718813223
1369.9403236682401 73.03202966958872
1313.9457181389078 69.79534726904927
1320.4190829399868 78.85805799055973
1382.563385030344 74.00303438975055
1391.3024275118005 75.6213755900203
1513.6490222521916 109.28287255563055
1443.4130141604855 96.6598111935267
1381.9160485502362 99.24915711395823
1592.6240728253542 309.3401888064734
1608.1601483479435 273.0893459204315
1641.8216453135537 291.86210384356036
1642.4689817936617 364.363789615644
1698.1399190829402 385.07855697909645
1704.613283884019 335.8809844908969
1735.6854349291978 315.8135536075523
1804.950438300742 363.7164531355361
1623.2107215104518 192.1722859069454
1653.3118678354688 244.9302090357384
1654.2828725556305 270.82366824005396
1654.9302090357385 220.65509103169254
1676.9396493594065 166.6024949426838
1726.784558327714 193.14329062710723
1749.765003371544 197.3509777478085
1747.1756574511128 222.27343223196226
1757.856709372893 267.9106540795684
1809.643627781524 233.27815239379638
1786.3395144976398 206.7373567093729
1856.251854349292 239.42784895482131
1871.4642616318274 266.2923128792987
1854.3098449089684 273.0893459204316
1914.8358057990558 303.5141604855024
1914.1884693189481 278.26803776129464
1707.5262980445043 908.1871207012812
1715.294335805799 562.5094403236682
1717.8836817262304 526.2585974376263
1559.9335805799055 576.7508428860417
1886.1911665542818 517.1958867161159
1903.021915037087 580.634861766689
36.103506405933956 99.01652056641933
1119.7007992007993 614.3461538461536
