279.60112359550567 690.1629213483143
479.1516853932584 727.9157303370783
1285.4438202247193 363.8707865168536
69.2640449438203 234.43258426966258
144.7696629213483 239.8258426966289
222.97191011235964 242.52247191011202
171.73595505617982 388.1404494382019
247.24157303370797 431.2865168539323
476.4550561797754 269.48876404494354
498.02808988764053 247.91573033707846
554.6573033707865 293.75842696629184
643.6460674157303 293.75842696629184
667.9157303370786 293.75842696629184
880.9494382022473 312.6348314606739
889.0393258426967 277.57865168539297
778.4775280898876 193.98314606741542
708.365168539326 210.16292134831428
1026.567415730337 140.0505617977526
1013.0842696629213 80.72471910112336
420.6429706115966 73.84392374900688
409.96783161239085 78.4189833200951
403.86775218427323 55.54368546465412
391.6675933280382 84.5190627482126
385.5675138999206 82.9940428911832
374.89237490071486 122.6445591739473
353.5420969023034 98.24424146147703
336.76687847498016 104.34432088959466
310.8415409054806 116.54447974582979
301.6914217633043 125.69459888800611
269.6660047656871 142.46981731532935
257.46584590945196 130.26965845909422
226.96544876886418 111.96942017474157
202.56513105639402 133.31969817315303
185.78991262907067 104.34432088959466
45.488085782366966 121.11953931691791
34.81294678316124 119.59451945988849
82.08856235107231 98.24424146147703
71.41342335186658 98.24424146147703
236.1155679110405 84.5190627482126
202.56513105639402 78.4189833200951
338.29189833200957 76.89396346306569
934.5746624305004 79.94400317712439
879.6739475774425 147.04487688641757
846.123510722796 133.31969817315303
1007.7756155679111 23.51826846703716
1010.8256552819697 12.843129467831204
994.0504368546467 12.843129467831204
977.2752184273232 26.568308181095745
960.5 8.2680698967431
952.8749007148531 9.79308975377262
1134.3522637013505 93.66918189038893
1135.8772835583798 119.59451945988849
1099.2768069896745 78.4189833200951
1030.650913423352 69.26886417791866
1044.3760921366165 40.293486894360285
1694.0345512311358 221.77084988085755
1780.9606830818109 255.32128673550415
1866.3617950754567 78.4189833200951
1771.8105639396347 23.51826846703716
1764.1854646544878 93.66918189038893
1700.1346306592534 44.86854646544839
1527.8073868149327 34.19340746624266
1480.5317712470217 122.6445591739473
1401.2307386814934 99.76926131850644
1402.7557585385227 15.893169181890016
1431.7311358220811 12.843129467831204
1393.6056393963465 34.19340746624266
1335.6548848292296 78.4189833200951
1262.453931691819 72.31890389197747
1305.154487688642 46.39356632247791
1231.9535345512313 44.86854646544839
1213.6532962668787 14.368149324860724
1174.0027799841146 8.2680698967431
1152.652501985703 63.16878474980115
1198.4030976965846 76.89396346306569
1227.378474980143 93.66918189038893
1134.3522637013505 14.368149324860724
1099.2768069896745 57.06870532168364
1061.1513105639397 40.293486894360285
1614.7335186656078 3.6930103256549955
73.38235294117646 75.49999999999994
170.79411764705875 58.55882352941171
213.49999999999997 54.32352941176467
433.735294117647 37.02941176470583
451.735294117647 59.97058823529406
386.7941176470587 28.91176470588229
370.91176470588226 29.2647058823529
922.9117647058823 57.49999999999994
979.3823529411765 199.3823529411764
369.05882352941165 51.235294117647086
412.470588235294 23.00000000000003
446.52941176470574 21.058823529411796
454.9999999999999 18.94117647058826
443.70588235294105 29.35294117647061
423.9411764705881 35.7058823529412
351.23529411764696 29.35294117647061
323.17647058823513 41.17647058823532
153.5882352941176 76.47058823529413
179.17647058823525 55.64705882352942
361.2729468599034 42.166666666666686
271.61111111111114 88.54347826086956
46.103864734299414 188.80917874396155
1182.3357487922706 383.59178743961377
1048.036231884058 13.56763285024158
1058.084541062802 18.97826086956522
1070.4516908212559 5.838164251207729
1061.9492753623188 34.43719806763286
1089.7753623188405 13.56763285024158
1104.074879227053 30.18599033816426
1121.466183574879 25.934782608695656
1143.4951690821256 35.21014492753625
1157.0217391304348 34.43719806763286
1176.731884057971 70.37922705314008
1158.9541062801932 86.99758454106279
1196.0555555555554 98.97826086956522
1178.6642512077294 40.62077294685992
1182.1425120772947 13.56763285024158
1037.9879227053138 61.49033816425123
715.4758454106279 280.16183574879216
1078.7608695652175 86.15217391304333
1307.5531400966183 158.03623188405788
1336.1521739130435 121.70772946859893
1621.3695652173913 215.08937198067656
1548.7125603864733 117.69806763285044
