21.956953642384065 754.2748344370862
12.420529801324506 99.44039735099341
296.9238410596025 298.11589403973517
373.21523178807934 72.4205298013245
462.2218543046356 170.96357615894044
443.1490066225165 293.3476821192053
543.2814569536423 242.48675496688747
862.7516556291389 528.5794701986756
853.2152317880793 234.5397350993378
761.0298013245031 124.87086092715231
487.6523178807946 54.93708609271516
551.228476821192 39.04304635761582
581.4271523178807 43.811258278145715
684.7384105960264 15.20198675496681
832.5529801324501 102.6192052980133
853.2152317880793 70.83112582781462
799.1754966887415 24.738410596026597
859.5728476821191 13.612582781456922
983.5463576158938 54.93708609271516
1082.0894039735097 86.72516556291396
1131.3609271523176 156.658940397351
1201.2947019867547 406.19536423841066
1377.7185430463574 371.2284768211921
1473.0827814569534 377.58609271523187
1434.937086092715 183.6788079470199
1256.9238410596024 135.99668874172187
1218.778145695364 116.92384105960264
1217.188741721854 35.864238410596045
1275.9966887417215 13.612582781456922
1247.3874172185429 24.738410596026597
1295.0695364238409 81.95695364238418
1337.983443708609 43.811258278145715
1385.665562913907 31.09602649006615
1365.0033112582778 105.79801324503319
1535.0695364238406 120.10264900662253
1523.9437086092712 81.95695364238418
1466.7251655629136 27.917218543046374
1441.2947019867547 13.612582781456922
1372.9503311258275 4.076158940397363
1843.413907284768 471.360927152318
1833.8774834437081 158.248344370861
1581.1622516556288 75.5993377483444
1616.1291390728472 81.95695364238418
1601.824503311258 43.811258278145715
1727.3874172185426 80.36754966887418
1803.6788079470193 53.347682119205274
1860.8973509933771 61.294701986754944
1916.5264900662246 108.97682119205297
