482.88410596026483 237.71854304635758
552.8178807947019 239.30794701986758
714.937086092715 377.58609271523187
775.3344370860925 253.61258278145692
743.5463576158938 186.85761589403978
885.003311258278 253.61258278145692
1001.0298013245031 177.32119205298022
1029.639072847682 293.3476821192053
1226.7251655629136 237.71854304635758
1336.394039735099 271.09602649006627
1404.7384105960261 304.47350993377495
1558.9105960264897 242.48675496688747
1500.1026490066222 190.03642384105967
1411.096026490066 159.83774834437088
1525.533112582781 59.705298013245056
1663.8112582781453 134.40728476821198
1659.0430463576156 102.6192052980133
1700.3675496688738 97.85099337748352
1755.9966887417215 86.72516556291396
1618.0527389149595 7.94046313758173
1679.8658172887149 11.603460374545023
1698.638678128152 15.724332266128728
1709.1697951844212 6.108964519100084
1732.9792772246826 4.7353405552388494
1540.67192228411 8.398337792202142
1527.8514319547385 3.361716591377615
1554.4081619227222 12.519209683785846
1508.6206964606813 1.072343318275557
1487.5584623481423 10.6877110653042
1486.1848383842812 3.361716591377615
1499.203339882122 9.37033398821228
1583.1326129666013 4.6552062868370285
1574.1738703339884 6.541257367387175
1063.7612966601178 207.78880157170926
1599.164047151277 14.556974459725069
1768.9086444007858 4.18369351669952
1796.7278978388997 9.37033398821228
1522.3074656188605 17.85756385068774
