172.99294449670745 56.43603010348056
312.07102539981196 7.66839134524912
346.3889934148637 18.505644402633834
366.25729068673576 5.862182502351516
550.4905926622768 51.017403574788204
893.6702728127942 83.52916274694246
1567.386171213547 287.63076199435557
1626.991063029163 235.25070555032914
1720.913922859831 247.89416745061146
1654.084195672625 134.1030103480714
1715.4952963311384 126.87817497648155
1702.8518344308563 69.07949200376277
1766.0691439322673 76.30432737535273
1782.3250235183446 81.72295390404508
1845.542333019756 43.79256820319824
1883.4727187206022 51.017403574788204
533.3316086547507 3.646754468485483
559.0700846660395 13.129350893697165
595.6458137347131 3.646754468485483
581.1961429915334 5.452963311382973
626.3513640639699 20.805738476011385
649.3805268109126 39.77093132643472
665.1848541862653 19.451081843838296
705.3730009407338 48.35042333019766
698.5997177798683 7.259172154280407
732.0145813734714 11.774694261524076
769.944967074318 46.544214487300195
821.87347130762 22.611947318908847
848.5150517403575 9.968485418626585
548.6843838193791 38.41627469426163
948.7596425211668 49.253527751646374
941.534807149577 29.38523047977432
977.2074317968018 24.86970837253068
969.5310442144876 5.001411100658572
1025.9750705550332 30.288334901223067
1057.1321730950144 8.162276575729152
1076.0973659454378 4.098306679209884
1105.8998118532459 49.253527751646374
1109.0606773283164 7.259172154280407
1133.8960489181563 43.83490122295402
1198.0164628410162 24.86970837253068
1139.314675446849 3.646754468485483
1205.2412982126061 11.323142050799731
1240.010818438382 34.352304797742335
1233.2375352775166 27.127469426152487
866.5771401693323 8.613828786453496
1285.617591721543 11.323142050799731
1297.3579492003764 8.162276575729152
1305.9374412041393 30.73988711194741
1310.9045155221074 16.290216368767744
1321.7417685794921 4.098306679209884
1347.0286923800566 22.611947318908847
1375.4764816556917 16.741768579492117
1400.3118532455317 40.22248353715909
1421.5348071495769 105.2460018814676
1409.7944496707432 3.646754468485483
1433.2751646284103 15.387111947319028
1465.7869238005646 32.0945437441205
1510.0390404515524 60.54233301975549
1526.7464722483537 24.41815616180631
1563.3222013170275 32.5460959548449
1575.9656632173096 36.61006585136417
1579.1265286923801 7.259172154280407
1610.0578551269991 36.1585136406398
1631.2808090310443 33.44920037629362
1612.315616180621 11.774694261524076
1621.346660395108 9.968485418626585
1639.4087488240827 11.774694261524076
1689.9825964252116 2.2920978363123936
1714.3664158043275 13.129350893697165
1747.3297271872061 9.065380997177897
1784.357008466604 19.902634054562668
1847.574317968015 28.933678269049977
1866.5395108184384 8.162276575729152
1896.7935089369707 14.484007525870254
1917.3391345249297 136.840545625588
216.31573896353166 7.438579654510647
-30.59404990403064 247.89923224568142
496.62284069097893 14.377159309020954
768.4078694817659 30.03934740882903
