691.0370843989772 722.1879795396418
722.9552429667519 851.0882352941176
775.7429667519182 1005.7685421994884
948.8375959079285 962.8017902813299
1006.5358056265986 714.822250639386
929.1956521739132 636.2544757033246
1153.8503836317138 761.4718670076725
1245.9219948849106 925.973145780051
1388.326086956522 859.6815856777492
1822.9040920716118 853.5434782608695
1875.691815856778 1005.7685421994884
1676.8171355498723 595.742966751918
1824.1317135549878 292.52046035805597
1739.4258312020463 286.3823529411761
1732.0601023017905 334.2595907928385
1597.021739130435 369.86061381074137
1492.6739130434785 366.17774936061346
1541.7787723785168 292.52046035805597
1649.8094629156012 238.50511508951377
1517.2263427109976 258.14705882352905
1479.170076726343 266.74040920716084
1442.3414322250642 189.40025575447532
1405.5127877237853 182.03452685421962
1396.9194373401538 223.77365728900213
1331.8554987212278 344.08056265984624
400.09079283887473 391.9578005115086
387.81457800511515 573.6457800511507
10.934782608695684 665.7173913043476
68.63299232736574 484.0294117647056
51.44629156010234 312.16240409207126
180.34654731457806 233.5946291560099
105.46163682864454 151.3439897698206
64.95012787723789 217.6355498721224
41.62531969309464 116.97058823529369
9.707161125319715 56.81713554987175
25.666240409207205 43.3132992327362
52.67391304347831 28.581841432224564
28.121483375959087 22.443734015344948
69.86061381074171 26.126598465472625
82.13682864450129 11.395140664961218
88.27493606138108 51.90664961636776
131.24168797953968 60.499999999999545
142.29028132992335 87.50767263427065
161.9322250639387 74.0038363171351
155.7941176470589 43.3132992327362
158.24936061381078 19.988491048593005
132.46930946291565 23.671355498720914
127.55882352941182 39.63043478260829
208.58184143222508 35.94757033248038
207.3542199488491 11.395140664961218
224.54092071611257 1.5741687979534618
251.54859335038367 40.85805626598426
252.77621483375964 69.09335038363133
226.9961636828645 139.06777493606103
278.5562659846548 91.19053708439854
359.5792838874681 140.29539641943688
347.3030690537085 163.6202046035802
393.952685421995 155.02685421994852
390.2698209718671 200.44884910485894
314.15728900255766 220.09079283887434
461.47186700767276 229.91176470588198
406.2289002557546 277.78900255754445
304.3363171355499 352.673913043478
527.7634271099746 168.53069053708396
519.1700767263428 135.38491048593312
528.9910485933506 108.37723785166202
595.2826086956522 233.5946291560099
559.6815856777496 223.77365728900213
715.5895140664963 228.684143222506
586.6892583120207 309.7071611253193
756.1010230179029 301.11381074168764
919.3746803069055 302.3414322250636
981.9833759590795 309.7071611253193
983.2109974424554 243.41560102301753
950.0652173913045 223.77365728900213
860.4488491048594 237.2774936061378
1060.5511508951408 254.46419437340114
1013.9015345268544 199.22122762148297
1092.4693094629158 185.71739130434742
1126.8427109974427 225.0012787723781
1140.3465473145782 180.80690537084365
1150.167519181586 146.43350383631673
1130.5255754475704 113.2877237851658
1056.868286445013 146.43350383631673
1076.5102301790282 116.97058823529369
1066.6892583120207 88.73529411764662
1048.2749360613811 86.28005115089468
1017.5843989769824 92.41815856777453
997.942455242967 94.87340153452647
973.3900255754478 74.0038363171351
975.8452685421996 94.87340153452647
943.9271099744246 131.7020460358052
902.1879795396421 151.3439897698206
828.5306905370846 155.02685421994852
872.7250639386191 86.28005115089468
822.3925831202048 62.955242966751484
854.3107416879798 51.90664961636776
776.9705882352941 156.2544757033245
1193.1342710997444 240.96035805626568
1228.7352941176473 281.47186700767224
1287.6611253196934 301.11381074168764
1205.410485933504 368.6329923273654
1180.858056265985 492.6227621483373
1221.3695652173915 520.8580562659844
1242.2391304347827 228.684143222506
1255.7429667519184 156.2544757033245
1221.3695652173915 146.43350383631673
1212.7762148337597 114.51534526854175
165.61508951406654 -25.43350383631764
1330.6278772378519 475.43606138107396
694.4130434782608 158.1726342710997
769.2979539641943 116.43350383631707
746.5869565217391 117.66112531969304
723.8759590792838 115.20588235294116
770.5255754475703 57.507672634271046
784.0294117647059 50.141943734015285
812.8785166240409 11.471867007672474
798.7608695652174 26.817135549871978
760.0907928388747 15.768542199488365
753.338874680307 40.320971867007586
710.3721227621484 21.906649616368213
730.6278772378516 21.906649616368213
698.0959079283887 9.016624040920647
687.0473145780052 23.134271099744183
699.9373401534526 45.84526854219945
689.5025575447569 97.40537084398972
666.1777493606137 55.05242966751911
656.3567774936062 23.134271099744183
637.9424552429666 7.175191815856692
632.418158567775 27.430946291559962
636.1010230179027 67.32864450127869
602.341432225064 7.175191815856692
592.5204603580562 28.65856777493599
596.2033248081841 20.679028132992244
596.8171355498721 53.21099744245515
613.3900255754475 107.84015345268534
636.7148337595906 106.61253196930936
603.5690537084399 169.2212276214833
484.48976982097184 98.01918158567771
517.0217391304348 80.21867007672626
502.9040920716112 54.43861892583112
544.0294117647059 54.43861892583112
509.656010230179 32.95524296675188
508.428388746803 15.768542199488365
488.7864450127877 13.313299232736426
552.0089514066495 9.016624040920647
542.8017902813299 17.60997442455232
572.8785166240409 10.244245524296616
561.8299232736572 65.48721227621479
581.4718670076727 78.37723785166236
453.7992327365728 22.520460358056198
444.5920716112531 7.789002557544677
434.7710997442455 11.471867007672474
431.08823529411757 20.679028132992244
404.08056265984646 17.60997442455232
419.42583120204597 112.13682864450124
423.72250639386186 149.57928388746797
385.66624040920703 80.83248081841424
381.36956521739125 50.141943734015285
318.7608695652173 60.57672634271097
336.5613810741687 88.81202046035799
324.28516624040907 118.88874680306895
327.354219948849 5.947570332480723
307.09846547314567 3.4923273657287837
271.4974424552429 14.540920716112396
232.21355498721218 30.499999999999943
92.87851662404078 28.65856777493599
178.19820971866997 9.016624040920647
347.3030690537085 66.6381074168794
245.01006711409403 103.6275167785235
360.98322147651004 69.47986577181211
324.25838926174504 39.84228187919467
737.8959731543625 7.6275167785235
