241.25550891920264 255.4213011542497
283.56400839454363 199.0099685204616
366.1663168940189 241.31846799580262
287.59338929695707 130.5104931794333
1809.188352570829 3.049842602308445
1682.2628541448057 8.086568730325212
1220.898740818468 11.108604407135317
1066.774921301154 14.130640083945421
1077.855718782791 10.101259181531987
1030.5104931794333 17.152675760755415
1000.2901364113325 28.233473242392392
970.0697796432318 7.079223504721881
879.9123819517314 18.16002098635886
816.4496327387199 93.71091290661064
796.3027282266527 74.57135362014685
728.8105981112277 74.57135362014685
692.5461699895068 60.468520461699825
612.9658971668415 37.299580272822595
616.9952780692549 23.196747114375626
591.811647429171 31.25550891920244
576.7014690451206 35.28488982161588
590.8043022035677 46.3656873032528
560.583945435467 60.468520461699825
527.3415529905561 88.67418677859382
558.5692549842602 12.115949632738648
538.422350472193 19.16736621196219
521.2974816369359 5.064533053515107
502.15792235047206 29.240818467995723
475.9669464847848 30.24816369359911
496.11385099685197 21.18205666316885
463.8788037775445 38.306925498425926
412.50419727177325 33.27019937040916
398.4013641133263 54.42444910807967
327.8871983210912 52.40975865687295
298.2603143418465 15.028487229862577
313.3487229862473 4.18369351669952
1039.748322147651 485.09060402684577
1204.6879194630874 380.71476510067123
566.0302013422818 87.17785234899327
607.2651006711408 85.8892617449664
650.7550335570468 43.36577181208054
