673.308988764045 369.26404494381995
727.2415730337078 458.2528089887637
902.5224719101124 326.11797752808957
961.8483146067417 390.83707865168515
1080.5 388.1404494382019
1255.7808988764045 382.7471910112357
1420.2752808988762 444.7696629213481
1495.7808988764045 736.0056179775278
1792.4101123595506 625.4438202247188
1630.612359550562 471.7359550561795
1600.9494382022472 369.26404494381995
1668.3651685393256 334.207865168539
489.938202247191 420.4999999999998
287.6910112359551 741.3988764044941
616.679775280899 1048.8146067415728
1123.6460674157302 989.4887640449434
39.60112359550567 633.5337078651683
212.18539325842698 363.8707865168536
80.05056179775283 307.2415730337076
90.83707865168549 212.8595505617975
131.28651685393265 212.8595505617975
131.28651685393265 212.8595505617975
382.0730337078652 231.73595505617948
543.8707865168539 220.94943820224694
625.443820224719 157.91573033707854
690.1629213483147 137.691011235955
656.4550561797753 105.3314606741572
667.2415730337079 108.02808988764036
584.9943820224719 95.89325842696621
609.2640449438202 101.28651685393248
556.6797752808989 105.3314606741572
529.7134831460673 98.58988764044938
520.2752808988764 156.56741573033702
509.48876404494376 153.87078651685385
396.2303370786517 167.35393258426956
318.0280898876405 139.03932584269654
344.9943820224719 89.15168539325833
328.814606741573 89.15168539325833
297.8033707865168 58.140449438202154
234.4325842696629 108.02808988764036
195.33146067415726 17.69101123595499
256.005617977528 4.207865168539229
136.005617977528 10.949438202247052
123.87078651685385 14.994382022471768
521.6235955056179 39.264044943820124
469.0393258426966 79.71348314606733
443.4213483146067 83.75842696629206
452.85955056179773 20.387640449438095
439.376404494382 23.0842696629212
397.5786516853932 8.252808988763945
332.85955056179773 27.129213483145918
744.0955056179776 68.92696629213475
702.2977528089889 78.3651685393258
727.9157303370787 83.75842696629206
824.9943820224719 78.3651685393258
822.2977528089887 191.6235955056179
773.7584269662921 186.2303370786516
802.0730337078651 233.42134831460663
923.4213483146068 50.05056179775272
959.8258426966293 12.297752808988662
985.443820224719 72.97191011235947
1031.2865168539327 60.83707865168532
1021.8483146067415 27.129213483145918
854.6573033707864 23.0842696629212
896.4550561797753 39.264044943820124
784.5449438202247 8.252808988763945
760.2752808988764 16.34269662921338
740.0505617977528 20.387640449438095
590.3876404494382 5.556179775280725
1132.4101123595506 141.73595505617976
1172.8595505617977 83.75842696629206
1232.185393258427 139.0393258426966
1282.0730337078653 126.90449438202245
1588.1404494382023 140.3876404494382
1066.3426966292134 43.3089887640449
1048.814606741573 10.949438202247165
1124.3202247191011 23.084269662921315
1174.2078651685392 17.69101123595499
1195.7808988764045 10.949438202247165
1445.5561797752812 55.61235955056188
1609.3764044943823 73.8146067415731
1645.106741573034 39.43258426966301
1674.7696629213485 67.74719101123605
1624.2078651685397 39.43258426966301
1595.8932584269664 57.634831460674235
1560.8370786516857 58.98314606741582
1537.241573033708 34.03932584269671
1548.0280898876408 27.971910112359637
1576.3426966292136 15.162921348314683
1399.7134831460676 49.5449438202248
1477.915730337079 44.151685393258504
1502.859550561798 41.45505617977537
1524.432584269663 20.55617977528098
1440.1629213483147 35.387640449438294
1432.7471910112363 18.53370786516862
1407.803370786517 21.230337078651758
1363.9831460674159 20.55617977528098
1353.8707865168542 10.443820224719161
1379.488764044944 5.724719101123696
1349.1516853932587 22.578651685393368
1316.792134831461 20.55617977528098
1278.365168539326 7.747191011236055
1270.9494382022474 24.601123595505726
1363.9831460674159 81.90449438202256
1394.994382022472 83.92696629213492
1380.1629213483147 57.634831460674235
1402.4101123595508 10.443820224719161
1488.0280898876406 15.837078651685488
1701.73595505618 5.724719101123696
1190.7247191011238 243.70224719101128
70.27528089887645 18.53370786516862
58.81460674157307 16.511235955056264
83.08426966292137 11.117977528089966
1256.7921348314608 58.30898876404501
1248.7022471910113 83.92696629213492
1229.1516853932587 25.275280898876474
1242.6348314606744 10.443820224719161
1305.3314606741574 10.443820224719161
