1867.7527472527472 503.0974025974024
1464.9555444555447 671.8886113886111
939.401098901099 752.4480519480518
636.3441558441559 439.80069930069897
670.8696303696304 432.12837162837127
363.97652347652354 324.71578421578397
434.94555444555454 340.06043956043925
392.7477522477524 318.9615384615381
252.72777222777233 278.6818181818178
9.13136863136873 412.9475524475522
1223.277222777223 240.32017982017942
26.394105894105962 242.2382617382614
78.18231768231772 211.5489510489507
1019.7392223161454 199.289322565546
1103.1154265315106 177.452697651998
1160.6847103945006 198.2967487058392
1221.231715836611 107.97252747252708
1244.060914609866 181.4229930908249
1272.845556541361 237.0071292344016
1260.9346702248802 48.41809589012337
1301.630198472856 67.27699922455122
1315.5262325087501 55.36611290807048
1227.1871589948514 60.32898220660411
1025.6946654743858 88.12105027839243
1039.59069951028 90.10619799780596
1012.7912052981983 103.00965817399344
1016.7615007370252 88.12105027839243
988.9694326652369 94.07649343663292
998.8951712623042 97.05421501575307
936.3630181007803 125.83885694724819
953.2367737157947 114.92054449047413
958.1996430143283 97.05421501575307
949.2664782769679 97.05421501575307
931.4001488022467 99.03936273516655
965.1476600322754 64.29927764543106
1353.2440391776058 122.86113536812798
1362.1772039149664 114.92054449047413
1376.0732379508606 128.81657852636835
1386.9915504076346 114.92054449047413
1379.0509595299807 216.16307818056032
1421.73163549737 260.828901867363
1444.5608342706248 174.47497607287778
1414.7836184794228 99.03936273516655
1458.456868306519 64.29927764543106
1480.293493220067 52.38839132895032
1515.0335783098024 62.314129926017586
1537.8627770830572 56.35868676777716
1556.721680417485 56.35868676777716
1629.179572176076 46.43294817070989
1653.9939186687443 46.43294817070989
1633.1498676149029 98.04678887545981
1597.4172086654607 97.05421501575307
1601.3875041042875 135.76459554431545
1556.721680417485 223.11109519850737
1621.238981298422 233.03683379557472
1689.7265776181862 196.3116009864258
1734.392401304989 184.40071466994505
1659.9493618269844 62.314129926017586
1684.7637083196528 84.1507548395656
1703.6226116540806 59.33640834689743
1745.310713761763 66.28442536484454
1765.1621909558976 167.52695905493073
1794.9394067470994 230.05911221645448
1805.8577192038733 66.28442536484454
1833.6497872756618 101.02451045457997
1819.7537532397675 70.25472080367138
1846.5532474518493 62.314129926017586
1860.4492814877433 56.35868676777716
1877.3230371027578 48.41809589012337
1883.278480260998 87.12847641868575
1347.6909908273549 31.86374115395097
844.3516129225422 79.97872307512668
861.6430926715644 83.28985749515222
916.8286663386566 75.93178100620659
796.5241157443957 88.44051103741415
751.6398491618273 103.52456783975268
728.4619082216486 106.09989461088364
717.056889663783 96.53439517525433
647.1551630187996 80.71453072402124
623.2414144297263 97.63810664859618
599.6955696651003 108.67522138201461
593.8091084739438 143.6260847045063
588.2905511072346 122.287662886564
569.5274560604232 120.8160475887749
570.6311675337652 134.79639291777156
589.0263587561292 79.97872307512668
565.8484178159505 82.55404984625766
564.7447063426087 103.89247166419996
93.98744909687467 125.89691517832266
77.70963443059533 119.73774206135207
61.87176070124246 121.93744674598443
40.754595728771946 133.3759111060726
83.42886661063942 183.0892369787636
137.98154278952154 154.9330170154696
160.4185305727715 157.5726626370284
154.2593574558009 139.09514328611672
193.41410084225663 147.4540210877196
195.17386458996253 174.7303591771607
305.5990397585062 142.17472984460198
339.03455096491786 128.97650173680793
359.27183406353544 125.89691517832266
402.82598681925583 119.73774206135207
362.35142062202067 149.21378483542549
346.07360595574136 154.4930760785431
372.910003108256 144.37443452923435
421.30350617016757 165.93154043863132
471.06719504271973 176.8721593092223
452.7179917984116 147.3095540822814
442.5239899960182 147.3095540822814
425.70388702206907 90.73284407899797
435.3881887343428 97.35894525055369
499.6104000894213 105.00444660234874
471.06719504271973 98.8880455209127
488.39699810678854 139.66405273048633
472.0865952229591 132.52825146881096
526.6245048657638 137.62525237000764
1870.3558584272869 26.27422577422567
1879.1242329099473 26.27422577422567
1908.7174967889255 19.697944912230582
1917.4858712715854 8.737476808905285
1905.977379763094 9.28550021407159
1719.1013986013986 27.370272584558222
1719.649422006565 19.697944912230582
1708.1409304980734 23.534108748394374
1710.8810475239047 4.353289567575189
1733.3500071357214 27.91829598972447
1916.9378478664194 41.61888111888106
1901.0451691165977 25.726202369059422
1560.9715127701375 23.987229862475544
1513.3487229862474 21.629666011787947
484.03634577603134 98.48624754420439
539.6748526522592 83.39783889980362
558.5353634577602 97.07170923379181
537.3172888015717 131.96365422396863
1765.1365422396857 22.572691552062963
1316.2563850687623 78.68271119842836
1287.0225933202357 89.99901768172896
1416.2170923379176 73.96758349705314
710.8355704697988 109.42617449664431
1246.2449664429532 52.08389261744969
129.76470588235293 154.73529411764696
59.88235294117647 155.79411764705873
507.5882352941178 108.14705882352928
510.41176470588243 102.49999999999986
1285.9999999999995 57.23529411764707
1571.9705882352937 19.11764705882355
1580.9705882352937 18.94117647058826
1416.7647058823525 28.64705882352942
1395.411764705882 31.470588235294148
1426.2941176470583 55.823529411764724
1437.9411764705878 33.411764705882376
1239.3235294117649 1027.5588235294117
1882.1176470588234 9.588235294117665
1789.735294117647 151.55882352941165
1714.9117647058824 101.79411764705873
920.2647058823529 664.735294117647
