390.8296703296704 1045.9145854145854
1171.4890109890111 992.2082917082917
1276.9835164835167 783.1373626373626
1526.334165834166 729.4310689310689
1904.1963036963039 867.5329670329669
1633.7467532467535 614.3461538461538
1551.269230769231 654.625874125874
1436.1843156843158 694.9055944055943
1342.1983016983017 597.0834165834165
1167.6528471528472 627.7727272727273
975.8446553446555 671.8886113886114
1058.322177822178 560.63986013986
544.2762237762239 445.55494505494494
962.4180819180818 455.1453546453545
772.527972027972 372.6678321678321
878.0224775224776 347.73276723276706
975.8446553446555 353.4870129870128
1052.5679320679321 353.4870129870128
1267.393106893107 397.60289710289703
1179.1613386613387 317.04345654345644
557.7027972027972 351.56893106893085
701.5589410589412 292.10839160839146
933.4993083839237 191.74567739952346
600.6383232152463 218.30373472681157
425.3551448551448 189.9751402443709
412.9613847690771 161.64654576193027
391.7149389072466 147.48224852070996
559.0307000691615 161.64654576193027
644.9017520940597 144.82644278798114
752.0192499807883 125.35053408130325
715.7232383001613 112.07150541765918
707.7558211019749 90.82505955582872
735.1991470068392 84.62817951279482
754.6750557135172 92.59559671098123
677.6566894643817 109.41569968493036
696.2473295934834 103.21881964189652
650.2133635595173 98.79247675401513
576.736071620687 117.38311688311683
609.4910089910089 104.98935679704903
485.55340813033115 82.85764235764225
535.1284484746022 98.79247675401513
635.1637977407206 85.51344809037107
643.1312149389071 67.80807653884568
590.015100284331 75.7754937370321
627.1963805425344 51.873242142472805
604.1793975255513 44.79109352186265
590.9003688619073 39.47948205640506
570.539191577653 57.18485360793045
548.4074771382463 56.299585030354194
422.69933912241606 50.102704987320294
474.04491662183966 55.41431645277794
526.2757626988396 31.51206485821865
560.801237224314 19.11830477215085
461.83606653087185 3.2113146593665647
527.748336079505 3.2113146593665647
550.6158581678063 14.64507570351725
629.3070371187255 131.00040868222686
486.0487369773085 52.30922973130766
650.7161100196463 248.33889980353638
362.35294117647055 14.000000000000028
598.470588235294 64.02941176470583
