289.17132867132875 451.30919080919057
496.3241758241759 412.9475524475522
344.79570429570435 326.6338661338658
421.5189810189811 292.10839160839123
350.5499500499501 238.40209790209758
76.26423576423588 278.6818181818178
138.2646529294881 7.508376239145606
76.51812772641944 12.751005737519336
64.28532556354736 40.12918200680451
45.06235073617691 31.391466176181556
17.101660078183556 43.62426833905368
24.674347131390103 37.216610063263545
613.327172827173 276.76373626373595
644.0164835164837 353.4870129870127
753.347152847153 313.20729270729237
586.4740259740261 94.54595404595364
659.3611388611389 109.89060939060903
703.4770229770231 98.38211788211754
778.7114389107397 9.533763439357813
743.9445275004716 8.246100053792304
821.2043306344008 5.026941589878618
861.7657272797135 23.054228987795398
850.1767568096241 81.64291303102493
886.8751632982404 39.79385300014667
920.9982430157257 16.615912059967968
951.9021642692973 25.629555758926358
921.6420747085083 66.83478409702184
958.3404811971247 61.68413055475992
1014.3538384692233 55.245813626932495
1540.8577441539483 59.19844441273017
1386.7367003625745 51.317254673398566
1374.47707187917 87.22045237479807
1335.0711231825119 73.20944839376409
1280.7784827560054 6.657179483852815
1235.2427198176451 83.71770137953956
1267.643166523786 104.7342073510905
