404.5597014925373 522.3507462686564
301.39552238805976 373.33582089552203
1514.5298507462685 581.5746268656713
1583.3059701492537 79.12686567164133
1690.2910447761194 73.39552238805925
1711.3059701492537 52.38059701492489
1747.6044776119404 52.38059701492489
1768.6194029850747 48.55970149253676
1900.4402985074628 105.87313432835776
929.9328358208954 67.66417910447717
412.2014925373134 602.5895522388057
851.6044776119403 7.335820895522261
559.3059701492537 56.05223880596998
1772.9563758389259 463.18456375838946
832.2058823529413 15.85294117647058
850.9117647058824 28.20588235294116
831.1470588235295 39.85294117647058
463.02941176470586 90.67647058823522
