1808.292207792208 577.9025974025973
1838.9815184815188 483.9165834165833
1708.5519480519483 411.0294705294705
1537.8426573426575 503.0974025974025
1440.0204795204797 397.60289710289703
1432.348151848152 317.04345654345644
1344.1163836163837 330.4700299700298
1294.2462537462538 305.5349650349649
1240.53996003996 282.5179820179819
1202.1783216783217 265.2552447552446
1290.4100899100902 201.95854145854128
1461.1193806193808 182.7777222777221
1440.0204795204797 163.5969030969029
1601.1393606393608 182.7777222777221
1572.368131868132 169.35114885114865
1683.6168831168834 205.79470529470518
1664.4360639360639 196.20429570429553
1754.5859140859143 209.63086913086886
1791.029470529471 155.9245754245752
1908.5119880119878 91.63886113886093
1860.55994005994 94.51598401598386
1812.607892107892 109.86063936063914
1719.580919080919 81.08941058941042
1677.383116883117 96.43406593406576
1629.4310689310691 99.31118881118863
1607.3731268731267 111.7787212787211
1562.2982017982017 76.2942057942056
1534.4860139860139 89.72077922077904
1510.50999000999 91.63886113886093
1514.3461538461538 49.44105894105877
1502.8376623376626 79.17132867132847
1467.3531468531469 48.482017982017794
1452.0084915084915 49.44105894105877
1421.319180819181 51.359140859140666
1407.8926073926073 54.23626373626354
1407.8926073926073 71.49900099900083
1389.6708291708292 65.74475524475503
1364.7357642357642 60.94955044955026
1323.497002997003 67.66283716283698
1302.3981018981017 71.49900099900083
1321.578921078921 55.195304695304515
1269.7907092907092 56.15434565434549
1268.8316683316684 41.768731268731074
1248.6918081918081 37.932567432567225
1248.6918081918081 72.45804195804175
1238.1423576423576 66.703796203796
1199.7807192807193 71.49900099900083
1164.2962037962036 94.51598401598386
1133.606893106893 88.76173826173812
1112.507992007992 91.63886113886093
1137.443056943057 37.932567432567225
1120.1803196803196 28.342157842157576
1110.58991008991 36.01448551448533
1077.0234765234763 86.84365634365616
1100.0404595404596 58.07242757242739
1096.2042957042956 9.161338661338391
1086.613886113886 44.645854145853946
1081.8186813186812 31.21928071928056
1022.3581418581417 36.01448551448533
1022.3581418581417 107.94255744255724
996.4640359640358 106.02447552447535
1004.1363636363635 22.587912087911832
118.46203796203804 111.8086913086911
185.59490509490513 102.21828171828156
362.0584415584417 88.79170829170812
273.82667332667336 27.413086913086772
465.6348651348652 138.66183816183798
515.5049950049951 152.08841158841142
573.0474525474526 267.1733266733265
697.7227772227773 238.4020979020977
576.8836163836165 129.07142857142833
892.4080919080919 94.51598401598386
940.3601398601401 103.14735264735242
957.6228771228772 91.63886113886093
745.6748251748252 125.20529470529453
693.8866133866135 129.04145854145833
698.6818181818182 109.86063936063914
689.0914085914086 42.72777222777205
504.95554445554444 59.03146853146836
497.28321678321674 27.3831168831166
508.7917082917083 32.17832167832148
498.2422577422577 47.52297702297682
515.5049950049951 47.52297702297682
713.0674325674327 58.07242757242739
727.453046953047 54.23626373626354
745.6748251748252 52.31818181818164
748.5519480519481 40.8096903096901
732.2482517482518 31.21928071928056
820.4800199800201 18.751748251748044
831.0294705294706 13.956543456543159
831.0294705294706 54.23626373626354
864.5959040959042 80.13036963036944
895.2852147852149 20.66983016982988
900.5599400599402 70.0454545454545
959.5409590409593 2.448051948051784
919.2612387612389 11.079420579420457
933.6468531468533 7.243256743256666
928.8516483516486 15.859640359640395
907.7527472527474 2.433066933066982
891.9285714285717 2.433066933066982
942.2782217782221 8.202297702297415
887.6128871128874 17.29820179820183
898.162337662338 8.187312687312726
890.9695304695308 12.502997002997063
123.73676323676314 11.079420579420344
140.99950049950039 7.243256743256438
153.46703296703285 1.4890109890106942
410.49000999001 5.325174825174599
438.3021978021977 7.243256743256438
446.9335664335664 11.079420579420344
89.69080919080932 217.30319680319644
945.4117647058823 14.529411764705898
985.6470588235294 2.5294117647059124
1018.6470588235294 23.000000000000014
1091.0 18.058823529411782
1047.0588235294117 33.94117647058826
973.7794117647059 3.455882352941188
