722.0804327375355 600.1048918156162
1574.6110065851367 343.62323612417674
1643.2469426152402 343.62323612417674
1590.8668861712138 260.53762935089355
1533.0682031984952 253.31279397930382
1549.3240827845723 218.99482596425207
1403.021166509878 256.9252116650987
1393.9901222953906 211.76999059266223
1446.370178739417 161.1961429915333
1430.11429915334 144.94026340545622
1707.3673565381 226.24788334901228
1667.630761994356 188.3174976481656
1673.9524929444972 168.44920037629356
1753.4256820319854 169.3523047977423
1807.6119473189092 152.19332079021646
1771.48777046096 150.387111947319
1791.3560677328321 139.54985888993417
1771.48777046096 101.61947318908756
1738.072906867357 95.2977422389464
1645.9562558795865 89.87911571025404
1608.9289746001887 89.87911571025404
1613.4444967074323 77.23565380997184
1586.3513640639703 77.23565380997184
1492.4285042333024 85.36359360301037
1499.6533396048922 79.94496707431801
1393.9901222953908 64.59219190968957
1380.4435559736598 60.07666980244596
1343.416274694262 63.68908748824083
1254.9120413922863 81.76528692380062
1184.9214487300098 158.98071495766703
1218.3363123236127 153.56208842897468
1314.0653809971782 149.4981185324554
1323.0964252116655 135.04844778927568
1327.1603951081847 72.282690498589
1314.5169332079024 65.5094073377235
1266.6523988711199 51.51128880526821
1230.979774223895 51.51128880526821
1233.689087488241 43.83490122295402
1206.1444026340548 40.22248353715909
1182.2121354656636 38.41627469426163
1157.3767638758236 38.41627469426163
1420.180150517404 45.189557855127106
1594.9308560677332 78.60442144873011
1912.1462841015991 153.56208842897468
1897.2450611476952 125.56585136406403
1863.8301975540921 111.56773283160872
1755.0061147695203 81.76528692380062
1681.8546566321731 51.059736594543836
550.942144873001 57.381467544684966
544.6204139228599 19.902634054562668
517.527281279398 27.579021636876888
501.27140169332085 23.06349952963322
478.6937911571026 16.290216368767744
648.0258701787395 29.836782690498694
676.4736594543745 37.513170272812914
683.24694261524 23.966603951081964
661.1208842897461 14.484007525870254
639.4463781749766 16.290216368767744
749.1735653809973 42.93179680150527
777.1698024459079 47.898871119473284
800.1989651928506 48.35042333019766
839.0324553151459 43.83490122295402
859.3523047977421 38.86782690498589
894.5733772342427 29.385230479774236
981.2714016933207 23.96660395108185
987.1415804327376 17.64487300094072
1008.3645343367828 28.933678269049864
1023.7173095014111 24.869708372530567
1051.2619943555974 8.162276575729095
1076.0973659454376 11.774694261524019
1013.3316086547507 2.2920978363123368
1025.975070555033 52.86594543744121
1054.8744120413924 42.48024459078081
1072.0333960489181 45.18955785512702
1096.4172154280338 35.70696142991534
1127.1227657572906 30.739887111947326
1117.1886171213546 28.03057384760115
1192.1462841015991 25.772812793979313
1115.8339604891814 85.82925682031987
557.4289827255278 1.4788867562378982
1328.331094049904 36.459692898272635
1361.4980806142034 41.52687140115171
