112.55298013245027 730.4337748344371
346.19536423841055 776.5264900662253
748.3145695364237 566.725165562914
629.1092715231787 622.3543046357617
1094.8046357615892 647.7847682119207
1514.4072847682116 884.6059602649008
1775.0695364238409 167.78476821192058
1131.3609271523176 19.970198675496704
648.1821192052979 72.4205298013245
586.1953642384104 86.72516556291396
447.91721854304626 236.1291390728477
716.526490066225 333.0827814569536
799.1754966887415 472.9503311258279
889.7715231788077 395.0695364238411
783.2814569536422 255.20198675496695
808.7119205298011 225.00331125827825
298.5132450331125 110.56622516556297
234.93708609271516 108.97682119205297
250.63752455795674 45.67681728880166
110.598231827112 7.955795677799699
123.32907662082513 4.6552062868370285
166.7082514734774 18.329076620825248
165.76522593320232 11.25638506876237
1397.592337917485 65.39194499017674
1648.4371316306483 31.443025540275016
169.065815324165 61.236738703339995
188.86935166994107 45.67681728880166
205.84381139489193 27.75933202357575
236.02062868369347 16.44302554027516
224.70432220039288 44.262278978389105
