1788.3899082568807 945.637614678899
1909.7354740061162 360.43883792048905
1600.5000000000002 403.4969418960243
1410.6529051987768 278.2370030581037
1344.1085626911315 156.89143730886826
1218.8486238532112 237.13608562691115
1169.9189602446484 231.26452599388358
913.52752293578 148.17584097859304
977.1360856269115 151.11162079510683
1030.9587155963304 70.86697247706405
1209.0626911314985 77.7171253822628
1295.178899082569 19.001529051987518
1278.5428134556578 19.001529051987518
860.6834862385322 57.16666666666646
833.2828746177372 43.46636085626892
676.7079510703365 53.25229357798145
617.0137614678899 70.86697247706405
591.5703363914373 88.4816513761466
572.9770642201836 22.91590214067253
643.4357798165138 40.530581039755134
630.7140672782875 27.808868501528764
685.5152905198777 34.65902140672762
1600.9892966360858 22.91590214067253
1527.5948012232416 34.65902140672762
1796.7079510703365 16.06574923547373
1727.2278287461777 39.55198776758391
1690.04128440367 43.46636085626892
1435.6070336391438 20.958715596329967
