696.3920539730132 405.92728635682136
821.6094452773614 434.7128935532231
959.7803598200901 355.5524737631182
900.7698650674663 308.0562218890552
864.7878560719641 251.92428785607171
791.3845577211396 312.37406296851543
248.77586206896558 313.8133433283356
1862.2091454272866 526.8268365817089
1572.9137931034486 430.3950524737628
1319.6004497751126 437.5914542728633
1192.9437781109448 395.8523238380807
1405.957271364318 267.75637181409263
1762.8988005997005 165.5674662668663
1666.4670164917545 179.9602698650673
1593.0637181409295 200.11019490254841
1528.2961019490256 143.9782608695649
1410.2751124437784 151.1746626686654
1549.8853073463272 109.43553223388278
1069.165667166417 155.4925037481256
1146.886806596702 161.24962518740608
1309.5254872563721 129.58545727136413
1105.1476761619194 79.21064467766098
1159.8403298350825 102.2391304347824
21.369565217391315 220.26011994002977
42.9587706146927 156.9317841079458
38.64092953523244 57.621439280359596
148.0262368815593 177.081709145427
191.20464767616195 119.51049475262346
176.81184407796107 96.48200899550204
255.97226386806602 90.72488755622169
208.47601199400302 48.98575712143884
443.07871064467776 162.68890554722623
545.2676161919042 115.19265367316314
581.2496251874064 116.63193403298328
617.2316341829087 139.6604197901047
519.3605697151426 123.82833583208378
496.33208395802114 115.19265367316314
480.5000000000001 90.72488755622169
456.0322338830585 4.368065967016037
562.5389805097452 74.89280359820066
592.7638680659671 60.49999999999977
700.7098950524739 56.18215892053945
673.3635682158922 61.93928035981992
641.6994002998501 15.882308845576745
693.5134932533733 14.443028485756713
723.7383808095954 7.246626686656327
834.5629685157421 1.4895052473759733
886.3770614692655 8.685907046476359
909.405547226387 23.078710644677358
955.4625187406298 23.078710644677358
950.7848575712146 5.312593703148423
983.1686656671666 23.303598200899614
1006.9167916041981 16.107196401799115
1084.6379310344828 26.901799100449807
1147.966266866567 11.789355322338906
1170.9947526236883 3.1536731634183752
1206.9767616191905 26.18215892053979
1211.2946026986508 68.64092953523243
1253.7533733133434 8.91079460269873
1235.7623688155923 10.350074962518761
1220.6499250374814 21.86431784107947
1267.4265367316343 65.04272863568224
1320.6799100449778 57.84632683658174
1332.9137931034484 22.5839580209896
1295.492503748126 3.873313343328391
1274.6229385307347 2.4340329835083594
1387.6064467766118 105.34257871064472
1345.1476761619192 65.76236881559225
1427.1866566716644 28.341079460269956
1415.6724137931035 14.667916041979083
1389.765367316342 18.985757121439292
1363.8583208395803 1.7143928035982299
1463.1686656671664 7.471514242878584
1468.2061469265368 27.621439280359937
1480.4400299850074 21.86431784107947
1499.8703148425786 32.65892053973016
1498.4310344827586 42.73388305847084
1513.5434782608695 43.45352323838085
1507.066716641679 70.08020989505252
1537.291604197901 66.48200899550227
1709.2856071964018 88.79085457271367
1685.5374812593702 83.75337331334339
1664.667916041979 79.43553223388312
1635.8823088455772 69.36056971514246
1664.667916041979 13.948275862069067
1636.6019490254873 41.29460269865069
1625.0877061469264 52.80884557721146
1614.2931034482758 43.45352323838085
1592.7038980509744 62.88380809595208
1655.3125937031484 40.574962518740676
1667.5464767616193 60.0052473763119
1695.612443778111 70.79985007496259
1714.323088455772 170.11019490254876
