489.938202247191 803.4213483146063
293.08426966292143 741.3988764044941
144.7696629213483 490.61235955056156
500.7247191011237 312.6348314606739
527.691011235955 293.75842696629184
659.8258426966291 331.5112359550559
700.2752808988765 318.02808988764014
797.3539325842697 239.8258426966289
953.7584269662922 231.73595505617948
433.308988764045 156.23033707865147
441.39887640449444 137.3539325842694
344.32022471910113 156.23033707865147
241.8483146067416 153.53370786516825
212.18539325842698 183.19662921348288
115.10674157303379 212.8595505617975
90.83707865168549 220.94943820224694
1.84831460674161 415.10674157303345
1129.0393258426966 140.0505617977526
1010.3876404494381 177.80337078651652
1018.4775280898875 137.3539325842694
953.7584269662922 137.3539325842694
1568.5898876404494 229.03932584269637
1627.9157303370785 264.0955056179773
1846.3426966292132 86.11797752808957
1886.7921348314608 183.19662921348288
1838.2528089887637 193.98314606741542
1595.5561797752807 80.72471910112336
1482.2977528089887 72.63483146067392
1490.387640449438 129.26404494381995
1441.8483146067415 86.11797752808957
1377.129213483146 61.84831460674127
1406.7921348314608 59.15168539325816
1333.9831460674159 40.27528089887619
1352.8595505617977 40.27528089887619
1369.0393258426966 115.7808988764042
1317.803370786517 134.65730337078617
1369.0393258426966 153.53370786516825
1422.9719101123596 140.0505617977526
1447.241573033708 193.98314606741542
860.0505617977526 187.57865168539325
961.1741573033706 50.05056179775272
982.7471910112358 50.05056179775272
1028.5898876404494 86.45505617977528
988.1404494382022 83.75842696629206
1094.6573033707864 106.67977528089887
1104.0955056179773 89.15168539325839
1127.0168539325841 114.7696629213483
1147.241573033708 116.11797752808985
1145.8932584269664 101.28651685393254
1175.5561797752807 72.97191011235952
1211.9606741573034 77.01685393258424
1187.691011235955 54.09550561797744
1159.3764044943819 58.14044943820221
1127.0168539325841 59.488764044943764
1136.4550561797753 55.44382022471905
1121.623595505618 43.3089887640449
1236.2303370786517 20.387640449438095
1290.1629213483147 25.78089887640442
1296.9044943820227 31.174157303370748
1276.6797752808989 17.69101123595499
1282.0730337078653 67.5786516853932
1252.4101123595506 64.88202247191009
1245.6685393258426 39.26404494382018
1299.6011235955057 106.67977528089887
1272.6348314606741 82.41011235955051
1273.9831460674159 112.07303370786514
1420.9494382022474 97.24157303370782
1466.7921348314608 72.97191011235952
1466.7921348314608 54.09550561797744
1044.7696629213483 54.09550561797744
1024.5449438202245 51.39887640449433
1050.1629213483145 33.870786516853855
1085.2191011235955 35.219101123595465
1101.3988764044943 10.949438202247165
1205.2191011235955 41.96067415730329
49.71348314606735 157.91573033707863
202.0730337078652 110.72471910112358
218.25280898876406 148.47752808988764
214.20786516853934 134.99438202247188
354.43258426966304 147.12921348314603
369.2640449438203 147.12921348314603
350.3876404494382 117.4662921348314
338.25280898876406 114.7696629213483
385.44382022471916 87.80337078651678
396.2303370786518 86.45505617977528
412.4101123595507 82.41011235955051
429.93820224719116 82.41011235955051
447.4662921348315 78.3651685393258
471.73595505617993 82.41011235955051
479.82584269662937 72.97191011235952
474.43258426966304 67.5786516853932
451.51123595505624 63.53370786516848
1008.0280898876407 36.735955056179876
1134.0955056179778 20.55617977528098
407.1764705882352 130.2058823529411
465.05882352941165 132.49999999999991
456.05882352941165 114.32352941176462
431.52941176470574 110.61764705882345
1067.5294117647059 25.647058823529434
1051.470588235294 124.11764705882354
985.470588235294 9.058823529411782
979.1176470588234 8.352941176470608
993.9411764705881 9.94117647058826
1116.4117647058822 27.235294117647072
1095.941176470588 21.588235294117666
1088.8823529411764 17.17647058823532
1083.4117647058822 27.764705882352956
1081.6470588235293 57.94117647058826
1119.5882352941176 96.23529411764707
209.96859903381633 433.06038647343024
214.60628019323659 344.9444444444447
1454.4130434782608 838.0845410628024
1661.562801932367 804.0748792270535
894.7995169082125 344.9444444444447
913.3502415458937 321.7560386473432
342.5289855072464 97.74637681159402
320.8864734299517 328.08454106280186
286.8768115942029 171.94927536231876
259.82367149758454 181.99758454106268
119.14734299516903 167.3115942028984
95.95893719806759 170.40338164251193
109.87198067632846 152.62560386473416
90.54830917874392 148.76086956521726
152.38405797101444 124.79951690821241
166.29710144927532 170.40338164251193
581.3695652173914 340.45169082125597
759.1473429951692 313.3985507246376
422.9154589371981 214.46135265700474
414.4130434782609 170.40338164251193
366.49033816425117 92.33574879227035
245.13768115942025 106.24879227053123
382.7222222222223 97.74637681159402
445.33091787439616 100.83816425120756
1142.7222222222222 15.113526570048322
1148.5193236714974 17.818840579710155
1155.475845410628 20.52415458937199
1165.5241545893718 9.702898550724626
1160.1135265700482 17.04589371980677
1156.2487922705313 12.40821256038646
1134.6062801932367 27.094202898550748
1101.7560386473428 37.1425120772947
1063.1086956521738 56.85265700483092
1065.0410628019322 63.809178743961354
1151.2246376811593 39.46135265700485
1206.8768115942028 50.282608695652186
1219.243961352657 59.55797101449275
1110.25845410628 45.2584541062802
1116.442028985507 62.263285024154584
1123.3985507246375 69.21980676328502
1092.4806763285023 75.78985507246375
1203.0120772946857 185.93478260869563
1176.7318840579708 165.45169082125602
1197.9879227053138 134.53381642512076
1228.905797101449 135.69323671497582
1245.13768115942 150.76570048309176
1243.2053140096616 180.52415458937196
1079.3405797101448 148.06038647342993
1090.9347826086955 131.44202898550725
1018.2777777777776 69.60628019323673
1035.282608695652 32.89130434782609
1189.8719806763283 39.46135265700485
1125.7173913043475 13.56763285024158
1128.4227053140094 5.451690821256079
1051.9009661835748 11.248792270531396
1011.7077294685989 7.384057971014499
999.3405797101448 23.229468599033822
1029.8719806763283 24.775362318840592
986.9734299516906 16.272946859903385
979.2439613526569 17.818840579710155
1082.4323671497582 20.52415458937199
1082.4323671497582 20.52415458937199
1084.7512077294684 8.543478260869563
1090.161835748792 9.702898550724626
1077.794685990338 6.997584541062793
1052.673913043478 17.818840579710155
940.4033816425119 109.34057971014477
914.123188405797 79.19565217391289
1503.108695652174 41.321256038647164
390.5583657587549 119.21595330739304
923.204280155642 52.24124513618676
934.7607003891051 59.77042801556419
944.0408560311284 58.369649805447466
943.34046692607 49.08949416342413
941.4143968871595 41.385214007782096
961.7256809338521 36.48249027237354
982.2120622568093 56.443579766536956
986.0642023346303 63.27237354085602
972.9319066147859 56.793774319066145
973.6322957198444 46.81322957198444
1001.8229571984435 52.76653696498053
995.3443579766537 34.03112840466926
974.3326848249027 33.50583657587549
986.7645914396887 30.87937743190662
1605.2081712062252 56.793774319066145
1564.9357976653691 21.77431906614785
1675.597276264591 52.15369649805447
1686.1031128404666 57.40661478599222
1682.2509727626455 146.35603112840465
1781.3560311284045 141.62840466926076
1879.4105058365758 126.5700389105059
1906.0252918287938 174.19649805447474
1260.6750972762643 86.73540856031127
1221.4533073929958 48.38910505836574
1231.9591439688716 14.989299610894939
1243.8657587548637 25.670233463035018
1218.6517509727626 25.845330739299612
1203.3307392996107 30.660505836575872
1210.3346303501944 33.46206225680933
1222.328793774319 34.95038910505836
1229.420233463035 38.89007782101167
1235.8988326848248 43.617704280155635
1192.124513618677 27.11478599221789
1184.3326848249026 22.7373540856031
1170.6750972762645 39.37159533073929
1177.7665369649803 24.050583657587538
1169.712062256809 23.17509727626458
1160.3443579766536 24.57587548638132
1173.4766536964978 15.64591439688715
1129.8774319066147 50.840466926070036
1139.5077821011673 91.37548638132294
1162.270428015564 75.61673151750972
1168.749027237354 63.53501945525291
1054.235408560311 83.32101167315176
995.0525291828792 45.324902723735406
1009.760700389105 74.74124513618676
995.4027237354085 70.36381322957197
1096.258754863813 51.715953307392994
1016.7645914396886 29.128404669260703
1003.4571984435797 7.2412451361867625
1001.7062256809338 13.194552529182872
968.4377431906614 16.871595330739297
974.5661478599221 18.622568093385212
