258.0280898876405 808.8146067415727
1031.9606741573034 401.6235955056177
1215.3314606741574 420.4999999999998
1163.421348314607 318.702247191011
1206.5674157303374 349.7134831460672
1059.6011235955057 293.0842696629211
970.612359550562 297.1292134831458
888.365168539326 214.8820224719098
869.488764044944 202.74719101123566
597.129213483146 314.32022471910096
583.6460674157303 205.10674157303362
663.1966292134831 186.2303370786516
688.814606741573 172.74719101123588
886.0056179775281 185.05056179775286
907.5786516853933 172.9157303370787
971.6235955056179 196.51123595505624
867.8033707865169 155.38764044943824
863.0842696629213 139.88202247191018
832.7471910112359 130.44382022471916
822.6348314606741 149.3202247191012
805.7808988764045 144.60112359550567
774.0955056179776 163.4775280898877
720.1629213483146 159.43258426966298
710.7247191011236 111.56741573033716
720.8370786516855 131.79213483146074
730.9494382022472 121.00561797752815
741.7359550561798 119.6573033707866
728.2528089887641 102.12921348314615
764.6573033707865 132.46629213483152
778.1404494382023 119.6573033707866
792.2977528089888 119.6573033707866
849.6011235955057 141.23033707865176
807.129213483146 121.00561797752815
764.6573033707865 93.36516853932591
774.7696629213483 86.62359550561806
783.5337078651686 83.92696629213492
726.9044943820224 87.97191011235964
730.9494382022472 79.88202247191018
720.1629213483146 84.6011235955057
741.0617977528091 127.74719101123603
751.1741573033709 119.6573033707866
791.623595505618 89.994382022472
805.1067415730337 92.69101123595513
784.8820224719101 105.50000000000009
741.0617977528091 83.25280898876412
1587.4662921348313 841.1741573033705
1269.311188811189 526.1143856143854
1218.0851393188857 1001.1811145510837
1180.4380804953562 340.8715170278637
1015.9798761609909 199.19969040247668
704.8962848297215 297.2801857585138
744.5247678018577 196.1811145510836
791.5835913312694 139.2151702786378
742.5433436532509 46.58359133126942
731.1501547987617 54.01393188854496
751.9551083591332 39.648606811145555
754.9272445820434 50.05108359133135
802.9767801857586 106.02631578947373
809.9117647058824 131.28947368421055
824.2770897832818 123.859133126935
796.5371517027864 99.58668730650157
649.9117647058824 108.50309597523224
762.8529411764706 83.23993808049539
747.9922600619195 55.50000000000006
647.7941176470588 726.8529411764705
