1125.0033112582778 522.2218543046358
1271.2284768211919 382.35430463576165
1417.4536423841057 410.96357615894044
1755.9966887417215 395.0695364238411
1798.9105960264897 331.49337748344374
1689.2417218543042 271.09602649006627
1717.850993377483 178.9105960264901
1678.1158940397347 126.46026490066231
1570.0364238410593 167.78476821192058
1528.711920529801 167.78476821192058
1495.3344370860923 153.4801324503312
1439.7052980132448 147.12251655629143
1411.096026490066 131.2284768211921
1344.3410596026488 170.96357615894044
1361.824503311258 153.4801324503312
1180.6324503311255 175.73178807947022
1206.0629139072846 132.81788079470198
1193.347682119205 80.36754966887418
1166.3278145695363 86.72516556291396
1167.9172185430461 69.24172185430463
1137.7185430463574 153.4801324503312
1101.162251655629 147.12251655629143
1013.7450331125825 134.40728476821198
1055.0695364238409 108.97682119205297
959.7052980132448 2.4867549668874744
1035.9966887417215 19.970198675496704
832.5529801324501 27.917218543046374
935.0000000000002 3.9411764705882604
868.0294117647061 107.26470588235287
1038.8529411764707 144.67647058823525
1305.6764705882356 165.6764705882352
1469.794117647059 132.1470588235293
1470.1470588235297 235.91176470588226
1384.7352941176473 206.97058823529403
1332.1470588235297 147.6764705882352
