258.7872555630479 708.8074848280512
121.55192178017535 491.3024275118004
169.45482130815918 416.2113958192851
251.01921780175326 535.3213081591368
304.1008091706002 412.3273769386378
178.5175320296696 343.7097100472015
77.53304113283889 294.512137559002
187.58024275118004 201.2956844234659
251.01921780175326 236.25185434929188
499.5964261631827 449.8728927848954
605.7596089008766 399.38064733648
674.3772757923128 495.1864463924477
766.2990559676332 486.1237356709372
599.2862440997977 787.7825354012137
819.38064733648 703.628792987188
768.8884018880647 903.008428860418
946.2585974376263 782.6038435603506
1012.2869184086312 633.716453135536
1145.6382333108563 818.8546864463924
1244.0333782872556 763.1837491571139
1263.4534726904922 701.0394470667566
1345.0178691840863 625.9484153742412
1412.3408631153068 853.8108563722184
1321.7137559002022 904.3031018206339
1232.3813216453134 967.742076871207
1255.6854349291975 1062.2532029669587
1087.3779501011463 1053.1904922454485
1659.6233985165204 842.1587997302764
1036.885704652731 337.2363452461227
1123.628792987188 391.6126095751854
1372.2060013486175 364.42447741065394
1247.917397167903 216.83175994605517
1332.0711395819285 207.7690492245447
1237.5600134861766 100.31119352663507
1135.28084962913 45.93492919757227
174.95718138907617 138.4433580579905
262.34760620364125 172.1048550236008
282.4150370869859 188.28826702629806
301.18779501011466 208.35569790964254
320.60788941335136 152.03742414025623
365.92144302090367 174.69420094403233
326.43391773432234 179.22555630478757
342.61732973701953 57.52629804450436
542.6443020903574 52.34760620364125
524.5188806473366 186.3462575859744
545.8809844908969 149.44807821982465
600.9045853000675 60.11564396493588
601.5519217801755 36.164194200943996
382.10485502360086 11.565407956844183
434.53910991234 6.032703978422205
458.4905596763319 3.1196898179367167
558.5040458530008 3.1196898179367167
601.2282535401215 6.032703978422205
145.66520566419422 -17.918745785569683
1414.6065407956844 376.015846257586
1604.923465947404 356.5957518543493
1658.005057316251 209.65037086985842
1755.7528658125423 194.11429534726904
1905.2875927174648 229.07046527309507
1308.4433580579907 37.45886716115979
1388.7130815913688 55.58428860418064
1404.2491571139583 45.87424140256235
1201.6328388401887 22.570128118678326
1038.5040458530007 102.83985165205661
995.132501685772 141.0327039784221
885.7326365475387 114.78523263654759
830.3853674983143 94.39413351314909
863.0758597437626 106.69352663519896
845.5977747808497 69.47167902899534
859.8391773432232 64.94032366824013
999.3401888064734 36.78118678354693
1012.934254888739 36.457518543492995
1025.5573162508429 34.83917734322327
1025.880984490897 46.814902225219214
653.0151719487526 179.51888064733652
711.9227916385705 105.72252191503713
753.6759946055294 54.58293998651391
780.8641267700607 106.36985839514503
809.9942683749157 99.89649359406613
172.5296695886716 11.358057990559658
154.9055944055944 298.8216783216782
334.8653250773994 232.35758513931893
