279.60112359550567 682.0730337078649
457.5786516853933 808.8146067415727
972.6348314606744 477.1292134831458
875.5561797752808 280.2752808988761
859.376404494382 253.30898876404467
864.7696629213484 220.94943820224694
870.1629213483146 193.98314606741542
897.1292134831461 175.10674157303345
1085.8932584269664 210.16292134831428
1350.1629213483147 212.8595505617975
1595.5561797752807 371.96067415730306
1792.4101123595506 247.91573033707846
279.60112359550567 231.73595505617948
50.38764044943821 450.1629213483143
18.028089887640476 388.1404494382019
700.2752808988765 258.7022471910109
659.8258426966291 258.7022471910109
624.7696629213484 269.48876404494354
457.5786516853933 250.61235955056145
454.8820224719101 231.73595505617948
479.1516853932584 220.94943820224694
538.4775280898876 280.2752808988761
686.7921348314607 183.19662921348288
773.0842696629214 175.10674157303345
1417.5786516853932 99.60112359550534
1355.5561797752807 110.38764044943787
1058.9269662921347 67.2415730337076
1015.7808988764043 64.54494382022449
988.8146067415731 61.84831460674127
969.9382022471912 61.84831460674127
4.8820224719101475 163.4775280898877
29.151685393258475 121.00561797752815
2.859550561797789 117.63483146067423
66.9044943820225 147.9719101123596
139.71348314606743 124.37640449438209
151.84831460674158 111.56741573033716
178.81460674157304 106.84831460674164
208.47752808988767 69.76966292134838
189.60112359550564 65.05056179775289
244.88202247191012 69.09550561797761
281.9606741573034 87.97191011235964
292.0730337078652 100.78089887640456
318.36516853932585 99.43258426966298
329.1516853932584 94.03932584269671
360.1629213483146 97.41011235955062
301.5112359550561 50.89325842696638
286.67977528089887 55.61235955056188
267.12921348314603 34.71348314606752
422.85955056179773 61.005617977528175
419.48876404494376 38.758426966292234
155.2191011235955 54.264044943820295
186.23033707865167 34.03932584269671
335.8932584269662 25.94943820224728
323.0842696629213 27.297752808988832
1139.1516853932585 6.904494382022449
1081.174157303371 16.34269662921338
1557.1292134831465 46.005617977528004
1813.3089887640454 33.870786516853855
1368.365168539326 20.387640449438095
1422.2977528089891 5.556179775280839
1431.73595505618 59.488764044943764
1499.1516853932587 50.05056179775272
1733.7584269662925 6.904494382022449
1260.5000000000002 5.556179775280839
1220.0505617977528 8.252808988763945
1021.8483146067416 5.556179775280839
794.3202247191007 118.30898876404501
828.0280898876401 108.870786516854
869.151685393258 44.82584269662928
891.3988764044939 48.870786516854
909.6011235955052 32.016853932584326
910.9494382022467 6.398876404494445
943.9831460674152 3.0280898876404763
1467.5000000000002 57.49999999999994
1502.0882352941178 102.32352941176464
1312.2058823529414 137.26470588235287
1281.1470588235295 81.85294117647052
1157.7058823529412 56.70588235294119
922.8235294117649 58.470588235294144
983.5294117647061 26.529411764705884
1022.5294117647061 25.647058823529406
876.2487922705312 527.3599033816428
149.4855072463768 37.91545893719808
166.49033816425123 40.62077294685992
306.780193236715 16.659420289855092
392.19082125603865 15.113526570048322
355.475845410628 30.572463768115938
347.3599033816425 8.157004830917913
324.55797101449275 18.205314009661834
129.58212560386463 290.838164251208
1188.1328502415458 175.8140096618356
1267.7463768115942 232.2391304347825
1251.5144927536232 135.6207729468598
1307.1666666666665 26.635265700482933
1565.3309178743962 26.635265700482933
1616.3454106280194 35.13768115942014
1762.4323671497586 53.68840579710127
1882.625603864734 4.847826086956729
1087.6497584541064 76.87681159420276
1186.9734299516908 24.316425120772806
