400.5752587017875 981.2149576669804
592.0333960489183 769.8885230479775
156.73706491063038 60.04844778927554
214.53574788334905 38.373941674505886
250.65992474129828 69.07949200376277
308.0070555032926 23.049388523048037
324.26293508936976 25.758701787394216
373.0305738476012 17.630761994355566
478.6937911571026 52.851834430856115
528.3645343367828 30.274223894637828
553.6514581373473 51.045625587958625
620.4811853245533 137.74365004703674
691.826434619003 122.3908748824083
509.39934148635945 16.290216368767744
519.7850423330199 5.001411100658572
539.2017873941675 6.8076199435560625
555.0061147695203 8.162276575729152
565.3918156161807 24.41815616180631
569.0042333019757 8.162276575729152
584.8085606773284 17.644873000940834
615.9656632173096 32.997648165569245
611.9016933207903 13.129350893697165
640.8010348071497 13.129350893697165
688.214016933208 23.966603951081964
744.6580432737536 20.805738476011385
774.0089369708373 84.92615239887121
781.2337723424272 9.968485418626585
789.8132643461902 8.162276575729152
810.5846660395109 7.259172154280407
820.518814675447 16.290216368767744
827.2920978363125 5.452963311382973
839.4840075258703 5.452963311382973
838.5809031044215 18.096425211665206
853.0305738476012 21.70884289746013
856.6429915333961 13.580903104421509
930.246001881468 136.8546566321731
984.8838193791162 105.24600188146754
1045.3918156161812 87.63546566321727
905.8621825023523 29.836782690498524
913.9901222953908 14.484007525870084
932.9553151458142 20.805738476011214
965.0155221072441 58.73612417685791
966.8217309501416 33.44920037629345
968.1763875823148 5.001411100658402
995.721072436501 23.966603951081765
995.721072436501 43.834901222953846
1019.6533396048924 39.319379115710205
1032.2968015051747 27.579021636876693
998.8819379115716 8.613828786453325
1035.0061147695208 6.807619943555892
1052.1650987770468 11.774694261523905
1047.649576669803 32.997648165569075
1058.0352775164633 33.90075258701779
1067.0663217309507 29.38523047977415
1103.1904985889 20.805738476011214
1095.96566321731 6.807619943555892
1119.446378174977 21.257290686735587
1080.6128880526817 16.290216368767574
1138.863123236125 46.544214487300025
1137.960018814676 92.60253998118529
1177.69661335842 77.24976481655688
1195.7587017873948 46.544214487300025
1191.2431796801511 14.484007525870084
1162.3438381937917 18.54797742238938
1156.4736594543751 5.904515522107147
1163.6984948259649 3.6467544684853124
1420.6317027281289 268.6937911571026
1408.8913452492952 200.05785512699907
1406.182031984949 129.61571025399815
1447.7248353715904 125.10018814675448
1346.5771401693328 83.55738476011288
1237.3015051740365 37.06161806208851
1211.5630291627476 32.5460959548449
1251.7511759172162 57.381467544684966
1279.2958607714024 45.189557855127106
1296.9063969896526 51.96284101599255
1345.674035747884 9.065380997177897
1354.7050799623714 56.02681091251185
1371.412511759173 31.191439322671783
1383.6044214487306 30.288334901223067
1401.214957666981 46.544214487300195
1456.3043273753535 35.706961429915424
1418.8254938852313 3.646754468485483
1396.6994355597374 5.904515522107317
1431.4689557855133 6.8076199435560625
1537.1321730950149 5.001411100658572
1550.2271872060214 25.772812793979398
1480.6881467544692 8.613828786453496
1769.6815616180625 85.33537158983995
1827.4802445907812 81.72295390404508
1809.4181561618066 191.90169332079006
1809.6439322671683 77.70131702728136
1875.5705550329258 70.92803386641589
1765.3918156161806 66.86406396989659
1292.3908748824088 8.162276575729152
1311.356067732832 5.904515522107317
1215.1859903381642 11.949275362318645
