32.304281345565755 247.0137614678897
218.23700305810402 92.39602446483161
246.61620795107038 101.20336391437291
276.95259938837927 219.61314984709458
282.82415902140684 258.7568807339448
308.26758409785936 215.69877675840956
334.6896024464832 258.7568807339448
355.2400611620796 215.69877675840956
392.42660550458726 204.9342507645258
432.5489296636086 209.8272171253821
453.099388379205 188.2981651376145
433.5275229357799 180.46941896024447
521.6009174311928 201.99847094801208
583.2522935779818 239.1850152905197
646.8608562691134 225.48470948012215
695.790519877676 207.87003058103954
802.4571865443428 216.67737003058085
848.4510703363916 247.0137614678897
870.9587155963305 223.52752293577964
662.5183486238534 202.9770642201833
725.1483180428136 174.5978593272169
592.0596330275231 182.426605504587
566.6162079510705 162.85474006116186
517.6865443425078 153.06880733944934
615.5458715596332 159.91896024464813
708.5122324159023 155.02599388379184
680.1330275229359 130.5611620795105
642.9464831804283 118.81804281345546
627.2889908256882 134.47553516819556
613.5886850152907 119.79663608562674
689.9189602446485 121.75382262996919
722.2125382262999 101.20336391437291
755.4847094801225 91.41743119266033
761.35626911315 144.26146788990803
797.5642201834863 164.81192660550442
809.3073394495415 134.47553516819556
828.8792048929666 129.58256880733921
816.1574923547402 96.31039755351662
850.408256880734 89.46024464831783
861.1727828746178 126.64678899082548
896.402140672783 113.92507645259917
884.6590214067279 101.20336391437291
891.5091743119268 84.56727828746159
883.6804281345568 84.56727828746159
910.1024464831806 84.56727828746159
934.567278287462 109.03211009174294
942.3960244648321 91.41743119266033
306.7996941896026 94.39908256880733
352.30428134556587 89.01681957186543
360.1330275229359 87.05963302752292
380.6834862385322 87.54892966360853
402.70183486238545 81.67737003058102
540.6834862385322 74.33792048929661
609.1850152905199 73.84862385321101
291.1422018348625 90.48470948012232
320.0107033639145 89.01681957186543
1029.001529051988 166.76911314984687
1183.6192660550462 146.2186544342506
957.5642201834864 130.5611620795105
1042.7018348623856 146.2186544342506
1047.5948012232418 129.58256880733921
1074.0168195718657 139.3685015290518
1031.9373088685018 109.03211009174294
1064.2308868501532 109.03211009174294
1132.732415902141 114.90366972477045
1166.0045871559637 93.3746177370029
1223.7415902140676 109.03211009174294
791.2033639143733 33.72629969418958
816.1574923547403 63.08409785932719
823.9862385321103 65.04128440366969
854.3226299694192 51.340978593272155
870.4694189602449 52.80886850152905
868.5122324159023 42.53363914373088
881.7232415902142 55.255351681957166
866.0657492354742 93.90978593272172
941.4174311926607 78.74159021406729
948.2675840978595 63.57339449541283
913.52752293578 54.76605504587155
918.4204892966363 44.490825688073386
931.6314984709483 49.87308868501526
946.7996941896026 46.44801223241589
937.5030581039757 41.55504587155963
968.8180428134558 73.84862385321101
1000.6223241590216 80.69877675840979
974.2003058103977 97.82415902140673
1071.0810397553519 93.90978593272172
1102.8853211009177 80.20948012232415
1141.5397553516823 91.95259938837921
1137.1360856269116 75.8058103975535
1167.961773700306 80.20948012232415
1172.8547400611624 65.04128440366969
1180.1941896024468 59.65902140672782
1015.3012232415904 73.84862385321101
1025.0871559633028 74.33792048929661
1022.1513761467892 60.63761467889907
1013.8333333333335 59.65902140672782
1006.4938837920491 57.70183486238531
993.2828746177372 43.51223241590213
991.3256880733946 50.3623853211009
990.3470948012234 61.12691131498468
980.0718654434253 66.50917431192659
987.9006116207953 73.35932721712538
988.8792048929665 82.6559633027523
970.7752293577984 63.08409785932719
970.2859327217127 53.78746177370027
968.3287461773702 45.95871559633025
1033.4051987767587 26.87614678899081
1041.7232415902142 23.45107033639141
1100.4388379204895 34.70489296636083
1099.4602446483182 54.76605504587155
1086.738532110092 60.63761467889907
1095.5458715596333 66.50917431192659
1104.3532110091746 61.12691131498468
1119.521406727829 54.27675840978591
1112.6712538226302 48.4051987767584
1120.9892966360858 40.087155963302735
1138.1146788990827 35.68348623853211
1158.1758409785934 33.72629969418958
1155.2400611620797 17.090214067278282
1128.8180428134558 66.50917431192659
1077.9311926605506 69.93425076452598
1064.7201834862387 68.46636085626909
1057.3807339449545 54.76605504587155
1063.7415902140674 55.255351681957166
1054.934250764526 47.915902140672756
1049.0626911314987 47.426605504587144
1046.6162079510705 60.63761467889907
1031.4480122324162 60.63761467889907
835.2400611620797 22.472477064220158
1210.0412844036703 71.89143730886849
1206.6162079510707 52.80886850152905
1198.2981651376151 4.857798165137581
1208.5733944954134 6.325688073394474
1202.2125382263 20.515290519877652
1238.9097859327221 21.004587155963293
1256.035168195719 15.133027522935777
1272.6712538226304 59.65902140672782
1275.6070336391442 45.95871559633025
1289.7966360856274 61.12691131498468
1304.475535168196 15.133027522935777
1359.766055045872 47.426605504587144
1399.8883792048935 46.93730886850153
1394.5061162079514 13.175840978593271
1407.7171253822635 13.175840978593271
1450.7752293577987 33.72629969418958
1542.7629969418963 28.833333333333314
1256.5244648318046 4.857798165137581
1602.4571865443431 23.94036697247705
1586.799694189603 26.87614678899081
1606.8608562691138 34.70489296636083
1597.0749235474013 11.707951070336378
1625.4541284403676 11.707951070336378
1647.9617737003064 29.322629969418955
1863.7415902140679 4.857798165137581
1850.7752293577983 3.3899082568807444
1383.2522935779818 9.750764525993873
802.9464831804282 25.408256880733916
823.007645259939 15.622324159021389
976.1574923547402 59.65902140672782
977.625382262997 54.76605504587155
1006.493883792049 51.340978593272155
1035.8516819571867 48.4051987767584
1032.4266055045873 82.16666666666666
1148.389908256881 18.558103975535147
817.6253822629973 53.25229357798145
