1557.803370786517 990.8370786516857
1636.005617977528 265.4438202247188
1544.3202247191011 235.7808988764042
1902.9719101123596 130.61235955056145
1843.6460674157302 130.61235955056145
1784.3202247191011 44.320224719100906
1724.9943820224717 28.14044943820204
1679.1516853932585 38.926966292134466
1606.3426966292132 44.320224719100906
1622.5224719101125 20.050561797752607
1555.1067415730336 87.46629213483118
1544.3202247191011 171.06179775280862
1460.7247191011234 154.88202247190975
1352.8595505617977 179.15168539325805
1118.2528089887642 138.70224719101088
1004.994382022472 179.15168539325805
1053.5337078651687 90.16292134831428
1209.938202247191 30.837078651685033
1080.5 36.23033707865147
996.9044943820226 55.10674157303333
948.365168539326 76.67977528089864
788.5898876404497 19.713483146067347
835.7808988764048 31.848314606741553
868.1404494382025 19.713483146067347
885.6685393258429 22.410112359550567
901.8483146067417 18.36516853932585
923.421348314607 10.275280898876417
942.2977528089889 15.66853932584263
1002.9719101123599 4.882022471910091
969.2640449438204 4.882022471910091
1056.9044943820227 14.320224719101134
1071.73595505618 6.230337078651701
1091.9606741573034 4.882022471910091
911.6235955056183 12.803370786516894
1037.0168539325846 0.6685393258427439
929.1516853932586 5.387640449438209
941.2865168539328 4.039325842696655
807.8033707865171 3.3651685393258504
