214.8820224719102 344.99438202247165
613.9831460674158 614.6573033707864
605.8932584269663 250.61235955056145
511.5112359550561 231.73595505617948
702.9719101123595 269.48876404494354
783.8707865168539 388.1404494382019
697.5786516853933 377.3539325842694
867.4662921348314 420.4999999999998
956.4550561797754 299.15168539325816
1080.5 350.38764044943787
719.8258426966294 93.1966292134831
750.8370786516855 72.97191011235952
980.0505617977531 156.56741573033707
1047.4662921348317 147.12921348314603
1109.4887640449442 232.0730337078652
1096.0056179775283 176.79213483146066
887.0168539325845 59.488764044943764
920.7247191011238 63.53370786516848
897.8033707865171 54.09550561797744
970.612359550562 59.488764044943764
1026.2303370786522 73.8146067415731
947.35393258427 43.47752808988773
910.9494382022475 25.275280898876474
927.8033707865172 21.904494382022563
937.915730337079 18.53370786516862
1014.7696629213486 58.30898876404501
1043.0842696629215 58.30898876404501
1051.848314606742 56.28651685393265
960.162921348315 2.353932584269728
968.9269662921351 2.353932584269728
1030.2752808988766 15.162921348314683
990.5000000000003 3.7022471910113377
1007.35393258427 15.162921348314683
871.848314606742 36.735955056179876
860.3876404494385 60.33146067415737
984.4325842696633 103.47752808988773
992.5224719101127 32.69101123595516
550.34520123839 416.6609907120743
561.2430340557275 111.49071207430336
862.9148606811148 16.36687306501554
941.1811145510837 52.527863777089834
977.342105263158 53.02321981424154
1005.5773993808051 26.769349845201305
1013.5030959752323 36.67647058823536
1006.0727554179568 54.01393188854496
1029.8498452012386 57.97678018575857
1046.1965944272447 69.36996904024772
1062.0479876160994 89.18421052631584
1070.96439628483 52.527863777089834
973.3792569659445 18.843653250774054
953.0696594427246 6.955108359133192
928.7972136222912 10.422600619195123
959.013931888545 17.852941176470665
413.44117647058823 486.8529411764704
