1238.6218781218784 867.5329670329669
818.5619380619382 451.3091908091906
772.527972027972 520.3601398601397
705.3951048951051 320.8796203796203
655.5249750249752 284.43606393606376
638.2622377622379 219.2212787212785
626.7537462537464 175.1053946053944
436.8636363636365 232.64785214785195
199.02147852147857 466.6538461538461
70.50999000999013 338.14235764235747
7.213286713286777 399.52097902097887
51.32917082917095 198.12237762237737
204.77572427572431 136.74375624375602
27.832667332667203 49.44105894105877
90.17032967032954 25.46503496503476
60.44005994005983 31.21928071928056
251.28921078921067 69.58091908091887
281.97852147852143 11.079420579420344
256.0844155844155 5.325174825174599
389.39110889110884 206.72377622377604
295.40509490509487 257.5529470529469
359.66083916083915 317.0134865134863
434.46603396603393 13.956543456543159
423.9165834165833 9.161338661338391
855.0054945054947 21.628871128870856
863.6368631368632 29.30119880119861
841.5789210789212 44.645854145853946
851.1693306693307 51.359140859140666
903.9165834165835 73.41708291708272
927.8926073926075 60.94955044955026
940.36013986014 78.21228771228748
956.6638361638363 55.195304695304515
1037.2232767232767 55.195304695304515
1072.7077922077924 71.49900099900083
1015.1653346653347 71.49900099900083
1007.4930069930072 105.06543456543437
976.8036963036964 149.1813186813185
982.5579420579422 209.6008991008989
1013.2472527472529 158.77172827172808
1031.469030969031 120.41008991008977
1065.0354645354646 163.5669330669329
1140.7997002997004 196.17432567432553
1120.6598401598403 153.01748251748234
1192.5879120879122 213.43706293706276
1197.383116883117 168.36213786213767
1260.6798201798206 273.8566433566432
1302.8776223776226 166.44405594405578
1350.8296703296705 202.88761238761225
1319.1813186813188 143.42707292707274
1310.5499500499504 132.87762237762223
1277.9425574425577 134.79570429570413
1284.6558441558445 147.2632367632366
1263.556943056943 131.91858141858125
1301.9185814185817 73.41708291708272
1328.7717282717285 68.62187812187796
1321.0994005994007 47.52297702297682
1915.2252747252746 244.63586413586387
1893.1673326673326 259.0214785214783
1862.4780219780218 191.88861138861114
1891.2492507492507 137.22327672327646
1800.1403596403597 257.10339660339633
1773.2872127872129 227.37312687312664
1703.277222777223 291.6288711288709
1650.5299700299702 309.8506493506491
1655.325174825175 247.5129870129868
1586.2742257742257 198.60189810189786
1532.567932067932 200.51998001997976
1544.0764235764236 180.3801198801196
1384.8756243756243 106.53396603396573
1714.7857142857142 255.18531468531444
1736.8436563436562 217.78271728271704
1765.614885114885 193.80669330669303
1685.0554445554444 164.07642357642334
1626.5539460539462 174.62587412587385
1673.5469530469531 149.69080919080892
1607.3731268731267 164.07642357642334
1590.1103896103896 171.74875124875098
1763.696803196803 146.81368631368605
1778.0824175824177 158.3221778221776
1788.631868131868 156.40409590409564
1798.2222777222778 150.6498501498499
1783.8366633366632 134.34615384615358
1826.9935064935066 126.67382617382589
1669.7107892107892 109.41108891108854
1677.383116883117 117.08341658341624
1726.294205794206 106.53396603396573
1616.0044955044955 118.04245754245721
1602.5779220779223 103.6568431568428
1824.1163836163837 109.86063936063914
1866.3141858141857 98.35214785214765
1896.0444555444556 81.08941058941042
1884.5359640359638 59.99050949050928
1822.1983016983017 79.17132867132847
1803.0174825174827 72.45804195804175
1786.713786213786 65.74475524475503
1656.2842157842156 38.8916083916082
1710.9495504495503 59.03146853146836
1710.9495504495503 48.482017982017794
1589.1513486513486 27.3831168831166
1602.5779220779223 45.60489510489492
1625.5949050949052 74.3761238761237
1590.1103896103896 84.92557442557421
1562.2982017982017 88.76173826173812
1544.0764235764236 92.59790209790191
1464.476023976024 80.13036963036944
1442.418081918082 54.23626373626354
1366.6538461538462 99.31118881118863
1353.2272727272725 101.22927072927058
1357.0634365634364 45.60489510489492
1332.1283716283715 52.31818181818164
1333.0874125874125 31.21928071928056
1393.506993006993 35.055444555444346
1373.3671328671328 55.195304695304515
1406.9335664335663 59.99050949050928
1433.7867132867132 54.23626373626354
1421.319180819181 40.8096903096901
1555.5849150849149 34.09640359640338
1720.53996003996 87.80269730269714
1684.0964035964034 86.84365634365616
1698.482017982018 80.13036963036944
1710.9495504495503 71.49900099900083
626.7537462537464 384.17632367632336
1624.7352941176473 887.7941176470588
156.49999999999994 601.205882352941
87.67647058823528 467.08823529411745
306.9411764705884 74.88235294117648
397.9117647058825 105.85294117647052
369.6764705882354 88.55882352941168
777.8529411764706 192.6764705882352
755.3088235294117 10.161764705882362
774.8088235294117 11.838235294117652
913.9117647058823 49.64705882352942
979.5588235294117 53.176470588235304
1885.735294117647 355.5588235294117
