411.7359550561797 382.7471910112357
465.66853932584274 344.99438202247165
164.32022471910108 191.62359550561797
206.1179775280899 168.70224719101122
649.7134831460676 95.89325842696627
655.1067415730339 44.65730337078645
719.8258426966295 59.488764044943764
913.9831460674161 125.55617977528084
1604.3202247191014 587.0168539325841
1255.1067415730338 421.17415730337063
1304.994382022472 355.1067415730335
1402.0730337078653 147.46629213483118
1493.7584269662923 181.17415730337052
1616.4550561797755 123.19662921348288
1704.0955056179778 123.19662921348288
1309.3764044943823 46.17415730337086
1264.2078651685395 15.162921348314683
1146.230337078652 25.94943820224728
1097.0168539325844 62.35393258426973
1052.5224719101125 30.6685393258428
1207.5786516853934 5.724719101123696
1013.4213483146068 112.91573033707871
950.0505617977528 12.46629213483152
1018.1404494382023 17.859550561797818
749.1516853932585 140.55617977528098
1865.2191011235955 78.02808988764014
1660.2752808988762 34.88202247190975
