16.683412002697253 158.57147673634518
76.2383681726231 219.42110586648676
36.103506405933956 386.4339177343222
297.6274443695213 425.27410654079563
153.9187457855698 227.1891436277815
119.28624409979764 170.1628455832771
176.89919082939983 156.56877950101148
230.6281186783547 163.04214430209038
214.44470667565744 236.83850303438976
290.83041132838844 200.58766014834794
312.1925151719488 185.69892110586648
347.7960215778827 129.38064733648008
321.25522589345917 72.41503708698582
400.2302764666217 141.0327039784221
429.36041807147683 138.4433580579905
429.36041807147683 104.1345246122724
468.84794335805805 93.12980445043826
516.7508428860419 105.42919757248819
508.9828051247472 124.8492919757249
532.2869184086312 194.11429534726904
581.4844908968308 140.38536749831417
608.0252865812544 163.68948078219825
540.054956169926 275.03135536075524
620.3246797033042 477.0003371544168
739.4345920431559 475.705664194201
713.5411328388403 186.99359406608227
725.1931894807824 139.09069453809843
606.7306136210385 7.681389076196865
583.4265003371545 7.034052596088941
708.3624409979772 28.396156439649303
749.7919757248821 27.10148347943357
802.2262306136212 14.802090357383577
822.2936614969658 14.154753877275766
841.0664194200946 7.034052596088941
858.5445043830076 20.628118678354664
880.5539447066758 31.632838840188754
849.4817936614971 90.54045853000673
868.9018880647338 108.66587997302759
882.4959541469996 163.68948078219825
820.99898853675 140.38536749831417
794.4581928523265 153.9794335805799
773.7434254888741 143.62204989885367
816.4676331759948 108.66587997302759
876.6699258260285 205.11901550910318
839.7717464598788 184.40424814565074
921.9834794335807 220.00775455158464
767.917397167903 166.27882670262977
1003.2242076871206 218.06574511126098
952.7319622387051 180.52022926500337
1128.1601483479433 168.22083614295343
1174.7683749157113 242.66453135536074
1239.5020229265003 213.53438975050574
1077.667902899528 104.1345246122724
1121.6867835468643 111.90256237356711
1108.7400539447065 56.878961564396434
1091.9093054619013 49.758260283209665
1073.1365475387727 7.034052596088941
1143.6962238705325 18.038772757923084
1144.3435603506405 40.69554956169918
1176.7103843560349 22.570128118678326
1227.2026298044502 86.00910316925149
1174.7683749157113 122.25994605529331
1260.2167902899528 117.72859069453807
1269.926837491571 25.80681051921772
1205.84052596089 9.269386378961656
1238.5310182063386 11.535064059339277
1384.8290627107215 104.42784895482134
1394.2154416722858 17.684760620364216
1461.2147673634524 60.408968307484884
1479.3401888064732 108.63553607552262
1502.3206338503032 100.22016183412006
1555.0785569790964 47.78590694538104
1324.9504383007418 3.767026298044584
1590.1965610249495 112.84322319622393
1592.138570465273 60.732636547538846
1627.742076871207 18.332097100472083
1667.5532703978422 59.761631827377016
1674.350303438975 38.723196223870616
1722.9005394470669 30.307821982468056
1787.3105192178018 51.346257585974456
1774.363789615644 6.032703978422205
1803.817599460553 35.8101820633851
1839.7447741065407 16.713755900202358
1876.3192852326365 61.37997302764671
1862.7252191503708 18.655765340526045
1855.28084962913 106.0461901550911
1572.7184760620364 33.220836142953544
1469.468307484828 31.926163182737753
961.1473364801079 8.9760620364126
930.0751854349293 84.06709372892783
1605.2471341874577 833.096089008766
1701.8621038435604 13.153405259608974
1910.9517869184087 16.390087660148424
1506.3664868509777 129.99763991908299
684.2962037962038 478.16233766233745
1284.6558441558443 102.21828171828133
1774.5671140939598 97.82885906040269
1735.9093959731545 104.27181208053696
1733.9765100671143 91.38590604026848
1678.5671140939598 109.42617449664431
