155.46688741721852 751.0960264900663
287.38741721854296 561.9569536423842
478.11589403973494 638.248344370861
643.413907284768 617.5860927152319
605.2682119205297 449.1092715231789
732.4205298013243 436.39403973509934
789.639072847682 437.98344370860934
899.3079470198672 426.8576158940398
935.8642384105958 348.97682119205297
789.639072847682 126.46026490066231
821.4271523178807 115.33443708609275
892.9503311258277 61.294701986754944
862.7516556291389 80.36754966887418
910.4337748344369 102.6192052980133
939.0430463576156 86.72516556291396
1008.9768211920526 417.3211920529802
1188.5794701986752 460.23509933774835
1296.6589403973508 670.0364238410597
1802.0894039735094 650.9635761589404
1897.4536423841055 345.7980132450332
1892.6854304635758 35.864238410596045
1620.8973509933771 16.791390728476927
1603.413907284768 8.844370860927256
1589.1092715231784 10.433774834437145
1633.6125827814567 309.2417218543046
1546.1953642384103 326.72516556291396
1369.7715231788077 321.9569536423842
1291.8907284768209 155.0695364238411
1152.0231788079468 209.1092715231789
1145.665562913907 128.0496688741722
1104.3410596026488 104.20860927152319
18.41748526522582 1018.6139489194502
950.3624754420431 98.95776031434193
1579.8320235756385 10.784872298624862
1384.154223968566 23.987229862475544
1418.574656188605 95.18565815324172
1478.4567779960707 84.34086444007866
