192.02317880794698 720.8973509933777
95.06953642384104 622.3543046357617
444.73841059602637 328.31456953642396
635.4668874172183 328.31456953642396
826.1953642384103 353.74503311258286
883.4139072847679 291.7582781456954
907.2549668874169 239.30794701986758
735.5993377483442 259.9701986754967
751.7492873119596 195.90689004868196
728.4345204157709 195.90689004868196
801.2931669663608 197.0726283934914
815.8648962764788 194.74115170387253
875.9004210341649 197.0726283934914
915.5355247576858 191.82680584184894
930.1072540678038 204.06705846234803
828.6880180693827 163.2662163940177
831.6023639314062 140.5343186702337
850.2541774483573 139.3685803254242
902.712402964782 134.12275777378176
966.2451427568963 119.55102846366378
968.5766194465152 136.45423446340067
990.1427788254898 132.3741502565676
1000.05155475637 125.96258936011567
1019.8691066181304 113.7223367396166
1024.5320599973684 124.21398184290148
1054.2583877900088 122.46537432568738
1041.435265997105 189.49532915223006
1089.8134073066967 205.23279680715748
1107.882351651243 187.7467216350159
1081.0703697206259 171.42638480768377
1068.830117100127 118.9681592912591
1088.0647997894825 122.46537432568738
1099.1393140651721 113.7223367396166
1087.481930617078 154.52317880794692
1104.9680057892194 151.0259637735186
1135.2772027542649 146.36301039428085
1125.3684268233847 126.5454585325204
1169.0836147537386 124.21398184290148
1186.56968992588 117.80242094644962
1251.8510372352089 116.6366826016402
1294.4004868207533 111.97372922240243
1041.8359528487229 131.46267190569782
1142.2681728880157 125.33300589391001
1173.8595284872297 124.38998035363494
1068.712180746562 112.60216110019684
713.1915520628684 108.3880157170924
914.7632612966601 359.910609037328
712.2485265225932 186.15815324165027
894.7239685658153 134.46856581532424
927.2583497053045 129.75343811394902
944.7043222003929 127.8673870333989
1113.0343811394891 124.56679764243623
50.71611001964639 120.17583497053053
79.47838899803538 120.17583497053053
119.55697445972497 123.00491159135566
175.19548133595282 117.34675834970537
194.99901768172884 115.46070726915528
220.9322200392927 106.97347740667982
290.71611001964635 108.3880157170924
281.75736738703336 105.55893909626727
343.5255402750491 22.572691552062963
321.8359528487229 21.15815324165041
1134.4351557533375 95.83057851239676
