392.8595505617975 241.17415730337075
568.1404494382024 295.10674157303333
705.6685393258427 297.80337078651655
276.90449438202256 100.94943820224682
139.3764044943821 11.960674157302947
107.01685393258435 1.1741573033705208
676.005617977528 92.85955056179739
1236.5674157303372 10.780898876404535
1247.3539325842696 24.264044943820238
1272.297752808989 10.780898876404535
1316.1179775280898 4.71348314606746
1332.9719101123596 12.129213483146088
1337.691011235955 42.46629213483146
1361.9606741573034 51.2303370786517
1362.6348314606741 16.84831460674158
1351.8483146067415 0.668539325842687
1336.3426966292136 0.668539325842687
1394.994382022472 -0.005617977528061147
1421.9606741573034 6.735955056179819
1447.5786516853932 22.915730337078656
1468.4775280898875 26.960674157303373
1439.4887640449438 66.73595505617976
1454.3202247191011 74.8258426966292
1471.8483146067415 66.73595505617976
1475.8932584269664 51.2303370786517
1513.6460674157304 16.84831460674158
1512.9719101123596 97.07303370786516
1501.5112359550562 83.58988764044943
1370.7247191011236 154.376404494382
1355.2191011235955 73.47752808988764
1306.0056179775281 68.08426966292134
1284.432584269663 36.39887640449439
1287.129213483146 10.10674157303373
1241.9606741573034 51.2303370786517
1206.2303370786517 53.926966292134836
1189.376404494382 26.960674157303373
1204.8820224719102 19.544943820224717
1165.7808988764045 38.421348314606746
1127.3539325842698 25.61235955056179
1101.7359550561798 79.54494382022472
1080.1629213483147 20.893258426966298
1110.5 39.09550561797755
1136.11797752809 105.83707865168537
1171.8483146067417 99.7696629213483
1210.2752808988764 206.96067415730334
1333.6460674157304 221.79213483146066
1057.241573033708 78.87078651685394
1100.3876404494383 204.26404494382018
1418.9269662921347 259.7134831460674
990.1629213483145 80.38764044943821
1021.1741573033707 53.421348314606746
1046.7921348314605 34.54494382022472
909.2640449438202 10.275280898876417
942.9719101123595 12.971910112359637
893.0842696629213 43.98314606741576
835.1067415730338 25.106741573033787
1390.6123595505617 0.8370786516853741
1789.7134831460671 257.3539325842693
1835.5561797752807 241.1741573033704
