248.89160839160846 650.7897102897102
193.26723276723283 503.0974025974025
70.50999000999013 474.32617382617366
60.91958041958048 420.61988011988
732.248251748252 547.2132867132866
881.8586413586415 320.8796203796203
732.248251748252 303.61688311688295
607.5729270729271 272.9275724275723
557.7027972027972 217.30319680319667
586.4740259740261 217.30319680319667
653.6068931068933 184.69580419580393
743.7567432567434 157.84265734265716
805.1353646353648 240.32017982017965
847.3331668331668 171.2692307692306
864.5959040959042 169.35114885114865
883.7767232767235 159.760739260739
821.6460068403123 169.92168720390504
916.7318999681635 134.76387798016174
934.3108045800352 189.0986740532196
967.0714904476142 129.17059014911166
1003.0283407900788 316.94525304864976
1046.1765612010365 72.4386707198895
1110.8988918174732 144.352371404819
1146.8557421599378 133.9648368614403
1139.6643720914449 106.79743882491141
1157.2432767033165 95.61086316281126
1136.468207616559 66.84538288883948
1171.6260168403026 79.63004078838247
1147.6547832786594 21.30003912171742
1133.2720431416735 14.907710171945949
1124.4825908357375 23.69716247788176
1166.0327290092523 21.30003912171742
1205.9847849453242 41.27606708975338
1202.7886204704387 6.118257866010083
1214.7742372512603 11.71154569706016
1236.348347456739 34.08469702126047
1237.1473885754604 13.309627934503055
1277.0994445115323 34.883738139981915
1275.5013622740896 14.907710171945949
1308.2620481416684 145.9504536422619
1288.2860201736326 157.9360704230835
1218.7694428448674 264.20853921303484
1294.6783491234041 226.6536066331272
1285.0898556987468 295.37114284317096
1263.515745493268 330.52895206691426
1311.4582126165542 300.96443067422103
1301.869719191897 402.44265275184375
1284.0886590931548 35.292779647924476
1243.527262447842 41.08726488296918
1194.6880297524654 10.459271497733027
1230.058823529412 6.411764705882376
