330.1331138287865 155.77751646284094
315.6834430856068 13.087017873941477
391.54421448730017 43.79256820319824
608.2892756349955 32.95531514581353
667.8941674506117 31.149106302916152
734.7238946378176 318.33631232361233
967.7248353715902 311.1114769520226
1502.3626528692382 394.1970837253057
1578.2234242709317 332.785983066792
1720.913922859831 296.6618062088429
778.9760112888055 22.14628410159912
803.3598306679213 11.309031044214407
865.6740357478836 19.436970837252943
886.4454374412045 19.436970837252943
1046.2949200376297 7.696613358419427
1067.0663217309507 15.824553151458076
1080.6128880526817 28.46801505174028
1111.3184383819384 42.01458137347123
1142.927093132644 44.723894637817466
1194.4040451552214 49.23941674506108
1233.237535277517 47.433207902163645
1245.8809971777991 68.20460959548444
1264.8461900282227 64.59219190968952
1252.2027281279402 32.080432737535205
1272.0710253998122 38.4021636876763
1324.902634054563 46.09266227657582
1343.4162746942618 21.70884289746013
1343.867826904986 38.41627469426163
1370.0578551269994 21.257290686735757
1363.7361241768583 54.67215428033876
1357.414393226717 92.15098777046103
1402.5696142991537 93.05409219190977
1512.7483537158987 66.86406396989659
1520.424741298213 93.95719661335849
1565.128410159925 100.2789275634996
1415.2130761994358 6.8076199435560625
1601.7041392285987 87.16980244590786
1620.669332079022 70.01081843838199
1677.5649106302922 39.30526810912511
1698.336312323613 49.239416745061135
1660.4059266227662 47.4332079021637
1611.6382878645347 32.08043273753532
1478.8819379115714 13.115239887112011
1499.6533396048922 13.115239887112011
1540.2930385700852 20.340075258701745
1877.1986564299425 19.041266794625244
