31.909395973154343 277.94966442952995
669.7617449664431 442.2449664429528
755.1308724832215 406.8087248322146
1070.8355704697988 273.1174496644294
1101.4395973154365 223.184563758389
1605.6006711409398 392.3120805369126
1707.0771812080538 667.7483221476509
1238.3523489932888 65.33221476510039
1239.9630872483224 41.17114093959708
1006.4060402684565 2.513422818791696
96.33892617449663 261.8422818791944
189.76174496644302 226.40604026845608
254.19127516778522 200.63422818791923
204.25838926174498 187.7483221476508
155.93624161073825 165.19798657718093
288.0167785234899 166.80872483221447
317.01006711409394 161.97651006711385
386.2718120805369 144.2583892617447
792.580536912752 36.137583892617215
652.4463087248325 26.473154362415926
681.4395973154365 62.71476510067089
703.1845637583895 71.57382550335547
581.5738255033559 107.81543624161054
555.8020134228191 105.39932885906023
489.76174496644313 90.90268456375816
554.9966442953023 65.93624161073802
430.9697986577183 127.94966442953
1287.4941060903732 3.240667976424504
1337.4127516778522 280.20469798657734
1453.3859060402683 219.64093959731554
1524.258389261745 322.72818791946315
1239.1577181208052 84.94295302013427
1040.0704697986575 35.976510067114134
691.506711409396 83.6543624161074
711.9630872483222 37.24496644295303
648.8221476510067 46.90939597315437
684.9026845637584 21.459731543624173
628.5268456375838 48.842281879194644
711.2352941176471 56.441176470588175
745.5588235294117 63.49999999999994
751.9117647058823 44.088235294117595
