571.8907284768211 555.5993377483444
350.9635761589403 547.6523178807947
109.37417218543044 209.1092715231789
66.4602649006622 204.341059602649
21.010607034488707 87.20766008578119
46.678852095193896 83.12952769295886
28.92698167937909 61.05963474356747
71.38753659288204 69.93556995147489
348.9051138107976 78.23573527476861
301.55587474233573 72.3780974518661
373.3119380728914 71.88996096662424
380.1458488662777 39.18481645541863
414.3154028332089 40.64922591114424
418.2204947151439 57.73400289460983
432.86458927240017 71.88996096662424
516.3359282487609 83.11710012718737
522.6817025569053 72.866233937108
497.2986053243277 29.42208675058112
525.1223849831146 16.730538134292317
478.2612823998946 16.730538134292317
547.088526818999 6.479671944212953
586.1394456383491 13.313582737599175
593.949629402219 10.384763826147946
727.6990263584928 67.00859611420549
756.0109425025216 48.45940967501423
784.8109951317922 211.49699574580055
627.1429103986666 9.896627340906093
1010.8256552819697 204.99563145353432
1076.4015091342337 183.64535345512286
1296.0043685464657 208.04567116759313
1385.9805401111994 108.91938046068276
1465.2815726767276 111.96942017474157
1529.332406671962 89.09412231930082
1565.9328832406673 78.4189833200951
1399.705718824464 8.2680698967431
1350.9050833995236 5.218030182684289
1259.4038919777602 108.91938046068276
1201.4531374106434 47.9185861795072
1105.376886417792 20.468228752978344
954.3999205718826 99.76926131850644
1874.7632612966604 9.753438113948846
1912.4842829076622 11.639489194498992
1065.4115913555988 97.54322200392934
89.8516699410609 65.95186640471522
23.83988212180749 32.94597249508851
28.083497053045207 27.759332023575723
46.47249508840868 31.059921414538394
89.8516699410609 28.23084479371326
32.32711198428292 81.98330058939104
14.409626719057002 65.48035363457768
1088.0442043222004 23.0442043222005
1236.099214145383 66.42337917485276
988.0834970530452 95.65717092337925
948.9479371316307 22.572691552062963
999.8713163064833 7.484282907662191
1006.4724950884088 21.629666011787947
1051.2662082514735 30.588408644400886
1307.5333988212183 110.65717092337911
335.5098231827111 61.236738703339995
