3.5220356768101055 291.6857292759705
74.03620146904518 122.45173137460642
94.18310598111236 116.40766002098621
33.74239244491082 76.11385099685185
154.6238195173138 62.01101783840488
196.9323189926548 55.966946484784785
202.9763903462749 114.39296956977957
251.32896117523615 64.02570828961166
1276.8064008394545 273.5535152151101
1341.2764952780694 273.5535152151101
1085.4108079748164 219.15687303252867
1043.1023084994754 219.15687303252867
342.99737670514173 64.49790136411326
359.1149003147955 57.44648478488978
386.3132214060861 68.5272822665267
377.2471143756559 88.67418677859382
451.7906610703044 105.79905561385095
491.0771248688353 102.7770199370409
470.93022035676825 58.45383001049311
543.45907660021 135.01206715634828
519.2827911857294 75.57869884575018
541.4443861490032 61.47586568730321
476.97429171038834 81.85886673662128
522.8084994753411 46.6017838405038
564.6133263378805 41.06138509968531
580.7308499475341 54.15687303252895
585.2639034627493 45.090766002098746
589.2932843651627 34.009968520461825
600.3740818467996 20.410807974816493
608.4328436516265 22.42549842602321
608.9365162644282 61.20828961175246
637.6458551941239 29.476915005246724
665.8515215110178 80.34784889821624
685.9984260230851 16.88509968520475
659.8074501573977 11.848373557187927
646.7119622245541 2.7822665267577236
698.0865687303253 5.300629590766107
717.2261280167891 5.300629590766107
715.7151101783841 21.41815320041985
713.7004197271774 35.52098635886685
677.9396642182583 10.841028331584596
749.9648478488982 5.804302203567829
768.0970619097586 21.41815320041985
751.4758656873032 28.97324239244503
768.6007345225603 12.855718782791314
797.3100734522561 15.374081846799697
815.4422875131165 12.352046169989649
801.3394543546694 5.804302203567829
813.4275970619098 50.63116474291721
810.4055613850996 79.3405036726129
888.4748163693598 62.21563483735582
971.0771248688353 50.12749213011554
977.1211962224554 60.704616998950776
926.7539349422875 41.06138509968531
923.7318992654775 27.462224554040006
914.6657922350473 27.462224554040006
910.6364113326339 21.41815320041985
893.007869884575 24.943861490031594
883.4380902413432 31.995278069255107
896.0299055613852 43.07607555089202
903.0813221406087 40.05403987408196
1090.9512067156347 31.995278069255107
1058.2124868835258 5.300629590766107
1123.1862539349422 7.818992654774547
1173.0498426023084 30.98793284365175
1199.7444910807976 30.484260230850055
1216.8693599160547 14.366736621196367
1243.5640083945436 21.921825813221517
1285.368835257083 21.41815320041985
1310.5524658971667 15.374081846799697
1324.1516264428121 4.7969569779644425
1346.313221406086 2.7822665267577236
1346.313221406086 12.352046169989649
1367.9711437565581 12.855718782791314
1379.555613850997 15.374081846799697
1392.1474291710388 11.848373557187927
1423.8788037775446 18.396117523609774
1425.3898216159496 4.293284365162776
1433.9522560335781 3.7896117523611106
1473.7423924449108 3.7896117523611106
1502.4517313746064 19.403462749213134
1551.3079748163693 5.804302203567829
1638.44333683106 53.41710388247634
1636.428646379853 14.130640083945421
1646.5020986358866 17.152675760755415
1690.8252885624345 8.086568730325212
1838.9050367261282 66.04039874081832
118.37819253438107 243.4469548133594
