1517.3539325842698 1004.3202247191014
1840.9494382022472 842.522471910112
1902.9719101123596 311.2865168539323
1579.3764044943819 305.893258426966
1414.8820224719102 109.03932584269637
1449.938202247191 84.76966292134807
1417.5786516853932 57.80337078651655
1428.3651685393256 30.837078651685033
1379.825842696629 41.623595505617686
1350.1629213483147 33.53370786516825
1220.7247191011238 98.25280898876372
1169.4887640449438 28.14044943820204
1220.7247191011238 28.14044943820204
813.5337078651686 41.623595505617686
732.6348314606743 44.320224719100906
759.6011235955056 14.657303370786167
944.6176470588238 130.73529411764707
873.1470588235295 40.55882352941171
913.029411764706 26.441176470588175
620.794117647059 40.55882352941171
656.4411764705884 52.55882352941171
668.4411764705884 45.14705882352936
790.1176470588238 30.235294117647072
815.7058823529414 16.647058823529434
824.8823529411767 12.588235294117666
845.0000000000002 10.823529411764724
1810.0294117647059 262.7352941176471
1122.3235294117646 52.205882352941124
1169.970588235294 2.7941176470587266
1148.441176470588 101.97058823529406
