190.43377483443703 695.4668874172186
336.6589403973509 727.2549668874173
501.95695364238395 851.2284768211922
737.1887417218541 970.4337748344371
934.2748344370859 1046.725165562914
919.9701986754965 588.9768211920531
616.3940397350992 588.9768211920531
540.1026490066224 558.7781456953643
657.7185430463575 337.8509933774836
711.7582781456952 399.837748344371
805.5331125827813 472.9503311258279
845.2682119205297 484.07615894039736
1069.3741721854303 588.9768211920531
1188.5794701986752 415.73178807947033
824.6059602649004 231.3609271523179
835.7317880794701 202.75165562913912
985.1357615894037 201.16225165562923
1077.32119205298 169.37417218543055
1125.0033112582778 194.80463576158948
1765.533112582781 131.2284768211921
840.6125124929166 95.44308007868813
1022.4258784107005 117.20452542019893
1028.041735273026 108.7807401267109
1016.1080394405845 108.07875801892021
1049.8031806145368 100.35695483322286
1072.2666080638382 115.80056120461762
1069.4586796326755 145.28380973182584
1108.0676955611625 133.35011389938438
1089.1141786508144 107.37677591112958
1086.3062502196517 72.97965262938663
1052.6111090456995 72.97965262938663
1054.7170553690714 61.747938904735854
1074.3725543872104 51.92018939566651
1093.3260712975584 40.68847567101574
1121.4053556091853 71.57568841380532
1137.5509440883707 56.834064150201186
1112.9815703156974 55.430099934619875
1120.0013913936039 12.609191359388888
1164.928246292207 12.609191359388888
1194.411494819415 16.11910189834225
1186.6896916337178 51.92018939566651
1211.259065406391 79.99947370729336
1263.205741382901 154.40957713310456
1275.1394372153422 201.44237835507954
1341.8277374554561 203.5483246784516
1395.8803597553378 201.44237835507954
1339.0198090242934 141.77389919287248
1415.5358587734768 136.86002443833775
1440.10523254615 55.430099934619875
1278.6493477542958 21.032976652876926
1346.0396301022001 87.72127689299077
1259.6958308439475 36.47658302427169
1212.6630296219726 9.099280820435524
1399.3902702942912 28.754779838574336
1411.3239661267326 23.840905084039605
1439.4032504383595 25.946851407411657
1476.608302151265 26.648833515202284
1555.2302982238202 26.648833515202284
1529.958942343356 61.04595679694524
1470.9924452889395 68.06577787485196
1391.6684671085936 84.21136635403741
1405.0061271566165 59.641992581363866
1235.1264570712742 1.3774776347381135
1662.5179820179824 223.0574425574423
1276.294117647059 2.176470588235304
1238.0000000000002 37.470588235294144
1209.4117647058827 66.41176470588236
1322.352941176471 54.05882352941178
1137.058823529412 70.9117647058823
417.32352941176475 393.3235294117647
597.3235294117648 434.26470588235287
