788.0496688741721 455.4668874172187
1016.9238410596023 48.57947019867561
1004.2086092715228 35.864238410596045
967.6523178807945 24.738410596026597
1121.824503311258 13.612582781456922
1241.029801324503 42.221854304635826
1298.2483443708607 19.970198675496704
1303.0165562913905 175.73178807947022
1312.55298013245 223.41390728476824
1188.5794701986752 155.0695364238411
1365.0033112582778 116.92384105960264
1468.3145695364235 94.67218543046363
1533.4801324503308 139.17549668874176
1530.301324503311 156.658940397351
1511.2284768211916 225.00331125827825
-159.23509933774832 120.10264900662253
1603.1719056974462 252.11100196463656
1833.270137524558 98.39783889980345
1040.4214145383105 17.386051080550203
1053.6237721021612 22.572691552062963
1064.9400785854618 49.448919449901865
1085.6866404715129 27.287819253438215
1100.3035363457761 33.88899803536356
