1375.5262329485836 690.5944386149002
1534.6867785939141 710.7413431269674
1909.4192025183631 346.08237145855185
597.8557187827912 428.68467995802723
128.4328436516265 396.44963273871974
65.97743966421831 261.4653725078698
138.50629590766005 291.6857292759705
231.18205666316896 303.7738719832108
279.5346274921302 315.86201469045113
346.01941238195184 287.6563483735571
390.3426023084995 255.4213011542497
440.7098635886674 255.4213011542497
513.2387198321092 283.62696747114364
434.6657922350473 196.99527806925494
573.6794333683106 253.40661070304293
609.9438614900316 261.4653725078698
702.6196222455405 269.52413431269656
781.1925498426024 301.75918153200405
785.2219307450159 247.36253934942283
875.883001049318 243.33315844700928
922.2208814270725 253.40661070304293
928.2649527806927 329.9648478488981
980.6469045120673 249.3772298006295
1055.1904512067158 257.43599160545637
1085.4108079748164 277.58289611752343
1155.9249737670516 329.9648478488981
1109.587093389297 221.17156348373544
1276.8064008394545 273.5535152151101
1325.1589716684157 319.89139559286446
1534.6867785939141 213.11280167890868
1629.37722980063 178.86306400839442
1466.6909758656873 165.23242392444905
1485.830535152151 68.5272822665267
1530.1537250786987 92.70356768100726
1559.3667366211962 42.33630640083936
1597.6458551941237 47.373032528856186
1800.1222455403988 146.09286463798526
1806.1663168940188 181.3499475341028
1826.313221406086 177.32056663168936
1877.6878279118573 85.65215110178377
1840.416054564533 47.373032528856186
1864.5923399790136 21.18205666316885
1888.7686253934942 12.115949632738648
1378.0445960125917 39.31427072402931
1370.9931794333684 49.387722980062904
1341.7801678908709 78.60073452256029
1301.4863588667365 81.6227701993704
1273.2806925498426 84.64480587618038
1260.1852046169988 88.67418677859382
1283.354144805876 163.21773347324233
1239.0309548793284 179.33525708289605
1265.2219307450157 14.130640083945421
1224.9281217208813 21.18205666316885
1203.7738719832107 74.57135362014685
1152.3992654774395 151.12959076600202
1148.3698845750262 91.69622245540394
1114.120146904512 123.93126967471142
1046.628016789087 142.06348373557182
1107.0687303252885 49.387722980062904
1122.1789087093389 28.233473242392392
1140.3111227701993 33.27019937040916
1160.4580272822664 29.240818467995723
1085.9144805876178 29.240818467995723
1058.7161594963272 58.45383001049311
983.1652675760754 63.490556138509874
994.2460650577124 16.145330535152084
1016.4076600209862 12.115949632738648
954.45592864638 172.28384050367254
945.3898216159497 142.06348373557182
896.0299055613852 132.99737670514162
951.4338929695699 56.43913955928639
916.1768100734523 56.43913955928639
919.1988457502624 22.18940188877218
954.45592864638 12.115949632738648
901.066631689402 3.049842602308445
879.9123819517315 18.16002098635886
855.7360965372509 10.101259181531987
857.7507869884575 26.218782791185617
844.6552990556139 86.65949632738716
884.9491080797483 89.68153200419721
786.2292759706191 117.8871983210912
631.098111227702 159.1883525708289
651.2450157397692 98.74763903462747
629.0834207764954 102.7770199370409
690.5314795383002 57.44648478488978
746.9428121720882 56.43913955928639
798.3174186778595 58.45383001049311
809.3982161594964 17.152675760755415
797.3100734522561 9.093913955928542
782.1998950682058 4.0571878279117755
765.0750262329486 28.233473242392392
710.6783840503673 16.145330535152084
701.6122770199371 11.108604407135317
687.5094438614901 23.196747114375626
750.9721930745017 25.211437565582287
757.0162644281219 16.145330535152084
613.973242392445 26.218782791185617
587.7822665267577 30.24816369359911
559.5766002098636 25.211437565582287
555.5472193074502 51.40241343126962
511.2240293809025 24.204092339978956
499.1358866736622 29.240818467995723
499.1358866736622 65.50524658971665
460.8567681007346 78.60073452256029
498.12854144805885 105.79905561385095
556.5545645330535 92.70356768100726
413.5115424973767 47.373032528856186
410.4895068205667 25.211437565582287
32.231374606505625 77.5933892969569
312.2733473242391 96.7329485834207
342.49370409233995 95.72560335781736
353.5745015739768 63.490556138509874
364.6552990556138 84.64480587618038
367.6773347324239 26.218782791185617
292.76006191950455 408.7352941176471
368.05417956656345 436.4752321981424
742.5433436532508 430.5309597523219
537.9613003095976 25.298761609907046
1418.704334365325 4.9736842105264145
1058.0851393188852 6.955108359133192
1080.8715170278638 130.29876160990716
937.2182662538698 8.441176470588289
966.4442724458203 17.357585139318957
784.6486068111453 45.09752321981429
728.1780185758513 11.90866873065022
741.0572755417955 8.441176470588289
760.3761609907119 1.5061919504644834
1020.438080495356 38.65789473684217
