893.6343283582089 566.2910447761191
1025.455223880597 480.3208955223877
1468.6791044776119 365.6940298507459
1464.8582089552237 316.02238805970114
1550.8283582089553 159.36567164179064
1164.9179104477612 174.64925373134292
1090.410447761194 182.29104477611895
1103.7835820895523 86.76865671641747
1006.3507462686565 182.29104477611895
941.3955223880596 134.52985074626827
756.0820895522388 132.6194029850742
704.5 140.26119402985023
785.6940298507461 130.55970149253722
732.2014925373132 113.36567164179087
816.2611940298506 91.39552238805959
826.7686567164178 80.88805970149235
844.9179104477611 76.1119402985073
878.3507462686566 15.932835820895434
963.365671641791 59.87313432835805
1190.7089552238806 76.1119402985073
1163.0074626865671 76.1119402985073
601.3358208955223 23.574626865671462
723.6044776119402 56.05223880596998
744.6194029850745 43.63432835820879
700.6791044776118 26.440298507462558
1798.7089552238806 202.2014925373133
1894.231343283582 218.44029850746256
1441.4552238805968 127.69402985074612
21.037313432835703 33.12686567164167
256.9776119402984 23.574626865671462
371.6044776119402 17.843283582089384
745.0970149253731 7.335820895522261
1246.7082514734773 68.2210216110019
93.92281879194633 379.4261744966444
932.4411764705883 86.79411764705875
893.2647058823529 117.49999999999991
833.6176470588235 146.79411764705878
696.3235294117646 92.0882352941176
