869.8728927848954 824.0333782872555
33.51416048550237 262.14531355360737
152.62407282535406 308.7535401213754
151.32939986513827 499.070465273095
148.7400539447067 445.98887390424807
402.49595414699934 350.1830748482804
178.19386378961562 128.0859743762643
207.97134187457854 117.72859069453807
237.1014834794336 111.25522589345917
200.85064059339177 84.06709372892783
212.50269723533378 155.27410654079566
235.8068105192178 131.9699932569116
289.5357383681726 117.72859069453807
274.6469993256911 147.506068779501
345.85401213755904 124.8492919757249
384.69420094403245 148.15340525960892
335.4966284558328 161.74747134187453
363.3320971004721 236.83850303438976
225.44942683749153 212.88705327039781
422.8870532703979 125.49662845583272
442.95448415374244 131.9699932569116
463.669251517195 131.9699932569116
501.21476736345255 138.4433580579905
491.5047201618342 123.55461901550905
422.8870532703979 266.6159811193527
447.4858395144977 263.37929871881323
499.27275792312895 259.4952798381659
599.6099123398518 210.94504383007416
647.5128118678356 120.31793661496965
712.8937963587324 124.8492919757249
732.3138907619691 182.46223870532702
709.0097774780851 191.52494942683745
683.1163182737695 248.49055967633177
663.048887390425 224.53910991233988
731.6665542818612 282.152056641942
749.7919757248821 249.78523263654756
754.9706675657453 321.6395819285233
563.35906945381 410.97201618341205
850.7764666217129 266.6159811193527
787.3374915711397 212.88705327039781
793.1635198921108 179.22555630478757
799.6368846931896 139.09069453809843
869.5492245448418 139.09069453809843
918.7467970330413 188.28826702629806
905.8000674308835 95.71915037086984
878.6119352663522 84.06709372892783
905.8000674308835 78.2410654079568
949.1716115981121 80.18307484828051
929.7515171948755 82.12508428860417
936.8722184760622 36.164194200943996
988.335468644639 86.00910316925149
1026.5283209710046 81.47774780849625
1014.2289278489546 63.352326365475335
990.2774780849628 57.52629804450436
1063.4265003371543 72.41503708698582
1103.5613621038433 68.53101820633844
1148.2275792312878 40.69554956169918
1164.410991233985 40.69554956169918
1180.5944032366824 41.99022252191497
1195.4831422791638 32.28017532029662
1211.666554281861 63.352326365475335
1187.0677680377612 76.946392447741
1159.8796358732297 95.07181389076197
1124.276129467296 163.68948078219825
1301.6463250168576 100.25050573162504
1374.7953472690492 87.30377612946728
1332.0711395819285 54.28961564396491
1299.704315576534 56.878961564396434
1286.1102494942684 31.632838840188754
1257.627444369521 34.22218476062034
1251.1540795684423 49.758260283209665
1219.4345920431556 45.22690492245442
1234.3233310856372 37.45886716115979
1229.144639244774 20.628118678354664
1205.1931894807822 10.270734996628448
1259.5694538098448 2.5026972353336987
1249.2120701281187 1.208024275117964
1287.4049224544842 4.444706675657358
1324.3031018206339 4.444706675657358
1352.138570465273 9.623398516520524
1323.655765340526 27.10148347943357
1359.9066082265676 30.338165879972962
1345.0178691840863 27.10148347943357
1373.5006743088334 23.864801078894065
1394.8627781523937 2.5026972353336987
1423.9929197572487 4.444706675657358
1425.2875927174646 23.864801078894065
1438.2343223196224 18.038772757923084
1447.2970330411329 27.10148347943357
1468.6591368846932 20.628118678354664
1508.1466621712743 9.623398516520524
1521.0933917734324 37.45886716115979
1559.9335805799055 16.096763317599425
1583.8850303438976 90.54045853000673
1673.2174645987864 102.19251517194868
1403.2781523937963 41.342886041807105
1387.742076871207 34.22218476062034
1393.5681051921779 18.038772757923084
