723.6804281345567 505.2706422018347
874.3837920489298 499.3990825688071
1332.3654434250766 278.2370030581037
1348.0229357798166 86.43272171253795
1087.717125382263 223.43577981651356
982.0290519877676 178.42048929663588
764.7813455657495 231.26452599388358
501.5397553516822 134.47553516819556
590.5917431192663 111.96788990825672
630.7140672782878 132.518348623853
704.1085626911317 129.58256880733921
769.6743119266059 50.31651376146766
829.3685015290524 13.129969418959945
849.9189602446487 13.129969418959945
902.7629969418964 13.129969418959945
1026.0657492354744 2.365443425076137
1067.166666666667 37.5948012232414
1169.9189602446486 46.40214067278266
1222.7629969418963 39.55198776758391
1216.8914373088687 9.215596330274932
1238.909785932722 17.090214067278282
1257.9923547400615 8.28287461773698
1323.06880733945 4.857798165137581
1340.1941896024468 1.4327217125381821
1464.9648318042816 16.60091743119264
1915.1177370030582 95.33180428134534
856.8424124513615 138.6517509727627
923.0291828793768 23.437743190661536
