1241.623595505618 305.5561797752807
1263.196629213483 150.5
1294.2078651685392 188.25280898876406
1391.2865168539324 155.89325842696627
1451.9606741573032 262.41011235955057
1547.6910112359549 176.1179775280899
1427.6910112359549 80.38764044943821
1412.8595505617977 84.43258426966293
1508.5898876404492 54.7696629213483
1538.252808988764 56.11797752808991
1249.7134831460673 49.37640449438203
1224.0955056179776 62.85955056179773
1193.0842696629213 50.72471910112358
1128.3651685393259 39.93820224719104
1098.702247191011 52.07303370786519
1073.0842696629213 79.03932584269666
1056.9044943820224 89.82584269662925
1025.8932584269662 80.38764044943821
1001.6235955056179 70.94943820224717
984.0955056179776 45.33146067415731
1019.1516853932584 46.679775280898866
1050.1629213483145 33.19662921348316
1064.9943820224719 46.679775280898866
1101.3988764044943 14.320224719101134
885.3314606741571 62.691011235955045
960.1629213483144 58.64606741573033
930.4999999999999 20.893258426966298
913.6460674157302 20.21910112359552
849.6011235955054 47.185393258426984
842.8595505617976 28.308988764044955
1045.1067415730336 8.084269662921372
1080.8370786516853 10.10674157303373
1171.1741573033705 49.88202247191012
260.0505617977528 15.668539325842744
296.4550561797752 23.758426966292177
357.129213483146 19.71348314606746
571.511235955056 26.455056179775283
590.3876404494381 29.151685393258447
748.140449438202 158.58988764044943
783.196629213483 212.52247191011236
707.6910112359549 18.36516853932585
718.4775280898875 23.758426966292177
741.3988764044941 14.320224719101134
875.7941176470588 11.90866873065022
1465.267801857585 62.43498452012392
1457.8374613003093 77.79102167182668
1476.1656346749223 57.97678018575857
