1120.2752808988762 346.679775280899
1295.5561797752807 318.3651685393259
1384.5449438202245 356.11797752808997
1469.4887640449438 376.3426966292136
1682.5224719101125 263.0842696629214
1791.7359550561798 257.6910112359551
1261.511235955056 93.36516853932591
1361.2865168539324 111.56741573033716
1414.5449438202245 113.58988764044952
1430.0505617977526 53.58988764044952
797.6910112359546 191.96067415730352
811.1741573033704 164.32022471910125
917.6910112359546 180.50000000000014
1012.0730337078647 170.38764044943832
1026.9044943820222 191.96067415730352
939.2640449438198 320.7247191011237
1653.870786516854 111.56741573033716
1605.3314606741574 56.28651685393265
1649.1516853932585 61.005617977528175
1635.6685393258426 20.55617977528098
1678.814606741573 18.53370786516862
