1250.0505617977528 5.387640449438209
1210.9494382022472 27.63483146067415
1223.0842696629213 22.24157303370788
1154.9943820224719 34.37640449438203
1175.8932584269664 51.90449438202248
1183.9831460674159 96.39887640449439
1197.4662921348315 95.72471910112358
1221.061797752809 105.1629213483146
1230.5 93.02808988764045
1251.3988764044943 41.11797752808991
1283.0842696629213 51.2303370786517
1297.241573033708 35.050561797752835
1290.5 20.21910112359552
1293.1966292134832 11.455056179775283
1302.6348314606741 18.196629213483163
1316.7921348314608 8.758426966292177
1316.7921348314608 20.893258426966298
1312.073033707865 47.185393258426984
1327.5786516853932 38.421348314606746
1333.6460674157304 14.825842696629223
1347.8033707865168 8.084269662921372
1330.9494382022472 4.71348314606746
1368.7022471910113 8.758426966292177
1344.432584269663 45.8370786516854
1339.0393258426966 35.050561797752835
1352.5224719101125 33.028089887640476
1391.6235955056181 13.477528089887642
1401.061797752809 51.2303370786517
1376.7921348314608 43.14044943820227
1397.691011235955 32.35393258426967
1445.5561797752807 18.196629213483163
1455.6685393258426 41.11797752808991
1490.0505617977528 25.61235955056179
1481.9606741573034 6.061797752809014
1496.7921348314608 2.6910112359550453
1457.0168539325841 5.387640449438209
1526.4550561797753 26.960674157303373
1546.6797752808989 10.10674157303373
1513.6460674157304 11.455056179775283
1502.185393258427 20.893258426966298
1502.185393258427 52.578651685393254
1445.5561797752807 63.36516853932585
1460.387640449438 63.36516853932585
1455.6685393258426 93.70224719101122
1506.2303370786517 125.38764044943818
1448.2528089887642 163.81460674157302
1409.1516853932585 153.70224719101122
1397.691011235955 123.36516853932582
1376.7921348314608 107.85955056179773
1376.1179775280898 93.70224719101122
1393.6460674157304 76.17415730337078
1418.5898876404494 79.54494382022472
1428.0280898876404 67.41011235955057
1337.691011235955 213.70224719101122
1331.623595505618 130.1067415730337
1282.4101123595506 101.11797752808988
1344.432584269663 66.06179775280899
1343.758426966292 264.2640449438202
1266.9044943820224 238.64606741573033
1157.3539325842696 174.7696629213483
1396.005617977528 282.63483146067415
1743.8707865168537 250.27528089887636
1793.7584269662918 283.9831460674157
1126.3426966292134 368.9269662921348
1000.9494382022472 366.23033707865164
971.2865168539325 294.7696629213483
1067.0168539325841 319.0393258426966
1050.8370786516853 219.26404494382024
1102.073033707865 193.64606741573033
1092.6348314606741 143.75842696629218
1054.88202247191 153.19662921348316
1025.2191011235955 104.65730337078651
956.4550561797753 115.4438202247191
925.443820224719 107.35393258426967
902.5224719101124 74.99438202247188
920.0505617977528 81.73595505617982
948.3651685393259 69.60112359550567
1050.8370786516853 61.511235955056236
1068.3651685393259 43.98314606741576
1115.5561797752807 60.162921348314626
227.69101123595493 26.455056179775283
262.7471910112359 31.84831460674161
276.23033707865164 46.679775280898866
408.3651685393257 39.93820224719104
446.11797752808974 43.98314606741576
502.7471910112359 45.33146067415731
533.7584269662921 42.63483146067415
765.6685393258424 73.64606741573039
803.4213483146066 34.54494382022472
784.5449438202245 277.2415730337078
696.9044943820222 294.7696629213483
539.1516853932583 277.2415730337078
315.3314606741572 332.5224719101123
121.17415730337075 487.5786516853932
643.6460674157303 367.91573033707823
762.2977528089888 378.7022471910109
