313.16351989211057 754.1210384356034
732.637559002023 391.6126095751854
658.8412002697235 299.69082939986504
651.0731625084288 128.79399865138225
622.5903573836817 117.14194200944019
528.0792312879298 131.38334457181372
502.1857720836143 86.06979096426153
408.96931894807824 95.13250168577201
389.54922454484154 74.41773432231957
368.8344571813891 123.61530681051909
350.70903573836813 67.94436952124056
379.1918408631153 44.64025623735665
498.301753202967 23.925488873904214
477.58698583951445 23.925488873904214
469.8189480782198 8.389413351314715
428.38941335131494 5.800067430883246
889.2929871881322 258.26129467296005
736.5215778826703 159.8661496965609
723.5748482805125 131.38334457181372
719.6908293998652 86.06979096426153
688.6186783546864 73.12306136210373
697.6813890761969 58.8816587997302
661.430546190155 56.292312879298606
640.7157788267026 38.16689143627764
623.8850303438975 38.16689143627764
587.6341874578557 47.22960215778813
596.6968981793661 69.2390424814564
621.2956844234659 73.12306136210373
565.6247471341875 13.568105192177882
528.0792312879298 31.69352663519885
519.0165205664194 4.505394470667397
731.3428860418071 42.050910316924956
687.3240053944706 44.64025623735665
671.7879298718813 13.568105192177882
661.430546190155 13.568105192177882
609.643627781524 14.86277815239373
819.38064733648 91.2484828051247
815.4966284558327 74.41773432231957
842.6847606203642 67.94436952124056
851.7474713418746 95.13250168577201
759.8256911665542 77.00708024275104
787.0138233310856 64.06035064059324
775.3617666891437 54.99763991908276
929.4278489548212 110.66857720836128
963.0893459204316 82.18577208361421
1307.4723533378287 694.5660822656777
1133.9861766689144 937.9645987862441
1021.3496291301415 844.748145650708
1281.5788941335131 576.7508428860417
1426.5822656776802 583.2242076871206
1420.1089008766014 300.9855023600808
1376.0900202292648 298.3961564396493
1289.3469318948078 262.14531355360737
1315.2403910991234 245.31456507080225
1099.0300067430883 342.41503708698576
1004.5188806473363 123.61530681051909
1034.2963587322993 108.07923128792982
1115.8607552258934 137.85670937289274
1110.6820633850302 118.43661496965592
1487.431894807822 236.25185434929188
1510.7360080917058 223.30512474713407
1702.3476062036411 469.2929871881321
1802.0374241402562 937.9645987862441
1729.5357383681726 201.2956844234659
1690.6955495616992 187.05428186109225
1673.864801078894 174.10755225893445
1653.1500337154416 180.58091706001335
1596.1844234659472 180.58091706001335
1585.8270397842211 118.43661496965592
1851.2349966284557 165.04484153742396
1861.592380310182 205.17970330411322
1855.1190155091028 244.01989211058662
1702.3476062036411 271.20802427511785
1917.2633175994604 642.7791638570465
1515.8719008264466 116.95263827081988
1531.7396694214876 119.39383343928785
1553.7104259376988 115.73204068658595
729.807056579784 59.584551811824326
