59.15168539325833 307.5786516853933
142.74719101123594 286.0056179775281
253.308988764045 222.6348314606742
374.6573033707866 269.82584269662925
578.2528089887642 373.64606741573044
682.0730337078654 288.7022471910113
91.84831460674161 49.5449438202248
85.10674157303373 10.443820224719161
176.7921348314607 38.758426966292234
195.66853932584272 41.45505617977537
210.50000000000003 5.724719101123696
232.74719101123597 12.46629213483152
263.7584269662922 62.35393258426973
303.5337078651685 46.84831460674167
318.36516853932585 62.35393258426973
360.8370786516854 38.758426966292234
295.44382022471905 24.601123595505726
535.4438202247192 48.870786516854025
705.3314606741574 13.140449438202324
747.1292134831461 7.07303370786525
670.9494382022473 104.1516853932585
730.2752808988765 116.28651685393265
799.039325842697 146.62359550561806
1073.4213483146073 190.44382022471916
1112.5224719101127 208.64606741573039
940.9494382022477 300.83707865168543
1206.5674157303376 383.08426966292143
1199.82584269663 6.904494382022449
1387.241573033708 365.556179775281
1426.3426966292136 337.24157303370794
1791.73595505618 233.42134831460675
1717.5786516853934 82.41011235955051
1760.7247191011238 78.3651685393258
1530.5 46.84831460674167
1597.9157303370787 78.53370786516862
1660.612359550562 81.90449438202256
1742.185393258427 34.03932584269671
1733.4213483146068 9.095505617977608
935.5561797752811 191.62359550561808
870.8370786516855 168.70224719101134
