478.2422389463782 262.34383819379116
1549.3240827845723 679.5780809031044
1767.875352775165 930.6411100658515
1278.8443085606773 126.90639698965197
1036.8123236124177 128.71260583254946
1160.5376293508937 105.23189087488242
1040.4247412982124 34.7897460018815
1069.3240827845718 32.98353715898406
1190.3400752587017 17.630761994355566
1149.700376293509 70.01081843838199
1193.049388523048 60.97977422389465
1249.0418626528692 67.30150517403581
1540.7445907808092 60.97977422389465
1570.5470366886173 200.05785512699913
1581.384289746002 139.54985888993417
1763.8113828786454 239.79444967074323
1809.8697083725308 235.27892756349962
1650.0202257761055 55.5611476952023
1615.7022577610537 4.987300094073362
1672.5978363123238 49.239416745061135
1745.7492944496707 15.82455315145819
1768.326904985889 23.049388523048037
743.754938852305 25.772812793979398
679.1829727187209 9.968485418626585
896.4692898272556 118.48464491362756
908.4462571976969 184.81861804222638
