368.06349952963313 63.66086547507041
48.364534336782704 13.087017873941477
476.43603010348085 157.5837253057383
534.2347130761996 152.16509877704596
644.4134524929447 56.43603010348056
680.5376293508938 56.43603010348056
776.2666980244593 31.149106302916152
909.9261523988713 56.43603010348056
991.2055503292569 72.69190968955775
1094.1594543744122 88.94778927563493
1144.7333019755413 70.88570084666026
1222.4002822201319 18.505644402633834
1247.6872060206965 139.52163687676386
1235.0437441204142 316.53010348071496
1076.0973659454378 336.398400752587
1650.4717779868301 318.33631232361233
1312.710724365005 117.84713076199421
1334.3852304797745 94.36641580432729
1359.6721542803389 13.087017873941477
1375.9280338664162 94.36641580432729
1431.9205079962373 157.5837253057383
1444.5639698965197 94.36641580432729
1346.577140169332 16.727657572906878
1555.1942615239889 13.115239887112011
1622.9270931326437 101.61947318908756
1648.214016933208 51.94873000940737
1652.7295390404515 10.405926622765719
1677.1133584195672 6.793508936970852
1702.4002822201319 66.39840075258701
1822.5131702728129 116.06914393226725
1830.6411100658515 7.69661335841954
1867.6683913452496 3.1810912511759852
1915.532925682032 92.58842897460022
