1579.3764044943823 594.4325842696632
1563.196629213483 357.1292134831458
1646.7921348314608 284.3202247191009
1563.196629213483 154.88202247190975
1150.612359550562 160.2752808988762
986.1179775280899 117.1292134831458
932.1853932584271 144.0955056179772
886.3426966292135 146.79213483146032
937.5786516853933 76.67977528089864
848.5898876404495 100.94943820224694
740.7247191011237 82.07303370786485
749.4887640449435 74.99438202247194
808.8146067415728 35.89325842696627
824.9943820224717 39.938202247190986
829.0393258426964 21.061797752808957
853.3089887640447 18.365168539325737
796.6797752808986 34.54494382022472
769.7134831460671 23.758426966292063
752.1853932584268 19.713483146067347
709.0393258426964 22.410112359550453
682.4101123595503 28.308988764044955
782.8595505617975 1.342696629213492
770.7247191011234 1.342696629213492
570.4999999999998 40.44382022471913
601.511235955056 42.46629213483149
633.8707865168537 18.87078651685397
658.140449438202 21.567415730337103
674.9943820224717 15.500000000000028
617.016853932584 18.87078651685397
602.1853932584268 24.938202247191043
728.2528089887638 24.264044943820238
717.4662921348312 4.039325842696655
636.5674157303368 8.758426966292177
627.8033707865167 8.084269662921372
614.9943820224717 8.084269662921372
1421.2865168539324 2.691011235955102
1382.8595505617977 4.039325842696655
1361.2865168539327 1.342696629213492
1093.5588235294117 161.08823529411762
1233.3235294117649 223.91176470588232
1411.3823529411766 82.20588235294113
1448.4411764705883 75.49999999999994
1410.941176470588 10.823529411764724
1575.3235294117646 45.49999999999994
1136.6176470588234 238.2058823529411
1060.3823529411764 104.61764705882348
1738.2941176470586 17.35294117647061
1773.2352941176468 14.352941176470608
1832.8823529411764 16.647058823529434
821.6176470588236 100.55882352941168
603.8529411764707 120.67647058823522
667.3823529411766 86.79411764705875
708.6764705882354 90.32352941176464
735.1029411764704 3.0147058823529562
734.1323529411762 9.455882352941188
729.8970588235292 7.514705882352949
666.0147058823527 17.044117647058826
673.3382352941175 7.426470588235304
680.3970588235292 6.279411764705891
685.4264705882351 18.45588235294118
578.6176470588232 11.882352941176492
572.2647058823526 12.411764705882376
