263.3033866415805 1055.2695202257762
1325.3541862652871 507.98824082784574
1672.1462841015996 609.1359360301035
1811.224365004704 746.4078080903105
1670.3400752587022 394.1970837253057
1491.5253998118535 345.42944496707435
1417.4708372530577 349.0418626528692
1567.386171213547 265.956255879586
1748.007055503293 311.1114769520226
1849.1547507055507 298.4680150517403
1831.092662276576 258.7314205079962
1784.131232361242 237.05691439322663
1905.147224835372 256.9252116650987
1697.4332079021638 262.34383819379116
1616.1538099717782 222.60724365004694
1542.0992474129823 209.96378174976473
1505.9750705550332 217.18861712135458
1430.11429915334 197.32031984948253
1375.9280338664162 173.8396048918156
1357.8659454374415 164.80856067732827
1305.485888993415 172.033396048918
1271.1679209783633 159.38993414863592
983.9807149576671 363.4915333960489
962.3062088428978 305.6928504233301
857.5460959548449 298.4680150517403
1099.5780809031046 215.3824082784571
1077.9035747883352 182.87064910630284
1108.609125117592 143.13405456255873
1173.6326434619007 132.2968015051739
960.5000000000002 182.87064910630284
353.61382878645355 318.33631232361233
472.82361241768587 383.35983066792096
324.71448730009416 284.0183443085606
15.85277516462844 258.7314205079962
355.42003762935093 211.76999059266223
427.6683913452494 197.32031984948253
501.72295390404526 164.80856067732827
539.6533396048919 179.25823142050797
664.2817497648167 152.16509877704596
778.0729068673567 164.80856067732827
826.8405456255881 148.5526810912511
854.836782690499 135.03433678269056
868.3833490122299 111.55362182502358
880.1237064910634 124.19708372530579
888.251646284102 107.9412041392286
909.0230479774228 125.10018814675448
920.7634054562562 163.0305738476012
946.0503292568208 130.5188146754469
956.8875823142055 156.70884289746004
971.3372530573852 121.48777046095961
978.5620884289749 131.42191909689564
990.3024459078085 161.2243650047037
1042.682502351835 144.06538099717784
763.6232361241772 120.58466603951086
782.5884289746006 105.23189087488242
800.6505174035751 99.81326434619007
834.9684854186269 102.52257761053625
743.7549388523051 98.91015992474138
713.9524929444971 103.42568203198499
754.5921919096899 97.10395108184389
768.1387582314209 97.10395108184389
673.3127939793042 110.65051740357484
594.7427093132646 102.52257761053625
577.5837253057388 108.8443085606774
609.1923800564443 101.61947318908756
635.3824082784575 84.46048918156168
704.018344308561 77.23565380997184
697.6966133584199 99.81326434619007
687.7624647224839 88.97601128880528
669.7003762935093 88.97601128880528
529.719190968956 120.58466603951086
548.6843838193794 96.20084666039514
532.4285042333023 80.8480714957667
493.5950141110069 67.30150517403581
695.8904045155224 32.08043273753532
694.084195672625 38.40216368767642
688.6655691439325 34.7897460018815
675.1190028222017 35.692850423330235
653.4444967074321 32.98353715898406
638.0917215428037 41.1114769520226
620.9327375352779 47.4332079021637
593.839604891816 47.4332079021637
585.7116650987773 48.33631232361245
570.3588899341489 47.4332079021637
508.0446848541865 34.7897460018815
252.91768579492 174.77093132643466
307.1039510818439 149.4840075258702
356.774694261524 131.42191909689564
368.51505174035753 104.32878645343374
398.3174976481656 109.7474129821261
455.2130761994356 126.90639698965197
442.5696142991534 114.26293508936976
485.0155221072438 103.42568203198499
513.0117591721544 66.39840075258701
485.0155221072438 52.851834430856115
575.3259642521167 70.91392285983068
549.1359360301036 70.91392285983068
534.6862652869239 61.882878645343396
447.08513640639705 51.94873000940737
422.70131702728133 79.04186265286926
406.44543744120415 70.01081843838199
388.3833490122296 60.97977422389465
376.64299153339607 70.01081843838199
376.64299153339607 70.01081843838199
166.2196613358419 156.70884289746004
92.16509877704604 174.77093132643466
16.3043273753527 164.83678269049864
32.56020696142983 127.80950141110071
70.4905926622765 82.6542803386642
109.32408278457191 82.6542803386642
181.57243650047033 126.90639698965197
207.7624647224835 121.48777046095961
157.1886171213546 95.2977422389464
196.02210724365003 63.68908748824083
203.24694261523987 72.72013170272817
179.7662276575729 57.367356538099784
166.2196613358419 55.5611476952023
219.502822201317 70.91392285983068
235.75870178739413 58.27046095954847
318.8443085606774 60.97977422389465
291.7511759172154 38.40216368767642
314.32878645343374 34.7897460018815
413.670272812794 42.91768579492009
434.44167450611485 19.436970837253057
444.3758231420509 19.436970837253057
451.6006585136407 25.758701787394216
427.216839134525 22.146284101599235
420.89510818438384 16.727657572906878
413.670272812794 26.661806208842904
400.1237064910631 28.468015051740394
379.35230479774225 32.08043273753532
388.3833490122296 32.08043273753532
363.99952963311387 23.049388523048037
327.87535277516463 28.468015051740394
270.07666980244585 28.468015051740394
220.40592662276575 44.72389463781752
234.85559736594544 25.758701787394216
218.59971777986826 16.727657572906878
198.7314205079962 19.436970837253057
187.89416745061143 19.436970837253057
172.54139228598305 17.630761994355566
97.5837253057384 60.97977422389465
67.78127939793032 38.40216368767642
39.785042333019675 34.7897460018815
6.370178739416673 57.367356538099784
11.78880526810903 36.59595484477893
103.90545625587956 42.91768579492009
103.90545625587956 42.91768579492009
112.93650047036684 26.661806208842904
127.38617121354655 42.91768579492009
130.0954844778927 10.405926622765719
139.12652869238 22.146284101599235
75.00611476952017 23.952492944496726
87.64957666980237 19.436970837253057
345.9374412041393 13.115239887112011
354.06538099717784 14.0183443085607
293.5573847601129 23.049388523048037
208.66556914393223 15.82455315145819
152.67309501411094 19.436970837253057
104.80856067732824 13.115239887112011
189.47460018814675 79.50752587017882
339.8414863593603 67.76716839134534
353.38805268109127 58.736124176858056
98.26105362182501 29.836782690498694
464.6074856046066 81.14299424184267
442.9568138195778 82.52495201535515
447.5633397312861 71.92994241842615
283.1103646833013 101.411708253359
39.42514395393478 45.67274472168913
114.51151631477929 39.6842610364684
181.30614203454894 23.100767754318696
296.9299424184261 13.427063339731376
287.71689059500954 60.41362763915555
298.31190019193855 62.25623800383883
605.3368522072938 74.2619961612283
611.7859884836853 73.34069097888664
259.6470588235293 37.205882352941174
308.88235294117635 28.735294117647058
241.2941176470587 36.411764705882376
