341.623595505618 522.9719101123593
449.4887640449439 407.016853932584
756.9044943820226 425.893258426966
1050.8370786516853 107.69101123595476
1671.061797752809 841.1741573033705
1493.084269662921 307.2415730337076
1493.084269662921 242.52247191011202
1455.3314606741574 13.30898876404467
1374.432584269663 32.18539325842676
560.050561797753 202.07303370786485
800.0505617977527 115.7808988764042
756.9044943820226 102.29775280898843
1031.2865168539327 5.556179775280839
896.4550561797753 5.556179775280839
1066.3426966292136 10.949438202247165
1404.3390092879258 147.18730650154794
1302.295665634675 122.38854489164083
