406.2289002557546 685.359335038363
592.8273657289003 862.1368286445012
772.0601023017905 674.3107416879793
913.2365728900256 627.6611253196929
1107.2007672634272 680.4488491048592
20.755754475703327 911.2416879795395
1205.410485933504 482.80179028132966
1351.4974424552431 487.71227621483354
1356.407928388747 745.512787723785
1498.8120204603583 625.205882352941
1568.786445012788 718.5051150895139
1466.8938618925833 894.0549872122762
1860.9603580562664 674.3107416879793
1878.14705882353 610.4744245524295
1854.8222506393865 508.5818414322248
1705.0524296675194 517.1751918158566
1687.865728900256 458.2493606138105
1751.702046035806 417.7378516624037
1572.4693094629158 479.11892583120175
1637.5332480818417 404.2340153452683
1730.8324808184145 353.901534526854
1840.090792838875 384.5920716112529
1837.635549872123 245.87084398976947
1775.026854219949 207.81457800511475
1603.1598465473148 272.87851662404057
1682.9552429667522 186.94501278772339
1612.9808184143226 206.58695652173878
1651.0370843989772 215.18030690537046
1665.7685421994888 275.3337595907925
1527.0473145780054 306.0242966751914
1463.2109974424554 116.97058823529369
1395.6918158567778 229.91176470588198
1349.0421994884912 344.08056265984624
1301.1649616368288 384.5920716112529
1229.9629156010233 371.08823529411734
1258.1982097186703 226.22890025575407
1253.2877237851665 189.40025575447532
1258.1982097186703 152.57161125319658
1368.6841432225067 174.6687979539638
1308.5306905370846 159.93734015345228
1363.7736572890028 142.75063938618882
1356.407928388747 126.79156010230145
1382.1879795396421 116.97058823529369
1385.87084398977 69.09335038363133
940.2442455242967 368.6329923273654
880.0907928388749 348.9910485933501
741.3695652173915 233.5946291560099
700.8580562659847 237.2774936061378
670.1675191815859 264.2851662404089
727.8657289002558 155.02685421994852
651.7531969309464 134.15728900255715
900.9603580562662 225.0012787723781
899.7327365728902 180.80690537084365
1022.4948849104859 216.40792838874643
1076.5102301790282 217.6355498721224
989.3491048593353 206.58695652173878
1047.0473145780054 151.3439897698206
1064.2340153452687 151.3439897698206
1048.2749360613811 91.19053708439854
1048.2749360613811 66.6381074168794
1060.5511508951408 60.499999999999545
1162.4437340153454 34.71994884910441
1217.6867007672636 97.3286445012784
1322.03452685422 125.56393861892548
1297.482097186701 130.47442455242924
1487.7634271099746 51.90664961636776
1620.3465473145784 34.71994884910441
1659.630434782609 60.499999999999545
1705.0524296675194 69.09335038363133
1674.3618925831206 31.037084398976504
1684.1828644501281 6.48465473145734
1615.4360613810745 5.25703324808137
1098.6074168797957 8.939897698209279
1035.9987212276217 26.126598465472625
1049.502557544757 11.395140664961218
999.1700767263428 27.354219948848595
979.5281329923276 28.581841432224564
964.7966751918161 77.686700767263
956.2033248081843 116.97058823529369
935.3337595907931 86.28005115089468
903.4156010230181 104.69437340153411
896.0498721227623 58.044757033247606
898.5051150895142 27.354219948848595
876.407928388747 26.126598465472625
850.6278772378519 17.533248081841066
830.9859335038363 6.48465473145734
806.4335038363172 62.955242966751484
786.7915601023019 82.59718670076687
813.799232736573 99.78388746803034
1008.9910485933505 99.78388746803034
1200.5000000000002 51.90664961636776
951.5997442455244 3.4923273657287837
801.2161125319694 15.768542199488365
1474.3255033557048 49.50671140939602
1201.788590604027 90.09731543624169
994.9697986577182 44.35234899328862
568.3823529411765 514.3823529411764
