350.70903573836813 743.7636547538772
671.7879298718813 799.4345920431557
658.8412002697235 606.5283209710046
1052.4217801753202 545.678691840863
1091.2619689817936 814.9706675657451
1203.8985165205663 781.3091706001348
1339.8391773432231 671.2619689817936
1181.889076196898 475.766351989211
951.4372892784895 440.8101820633849
688.6186783546864 343.7097100472015
683.4399865138233 245.31456507080225
617.4116655428186 225.89447066756566
577.2768037761294 131.38334457181372
516.4271746459879 159.8661496965609
440.68880647336493 123.20060687795015
424.1817262306137 109.60654079568448
446.8385030343899 79.50539447066761
405.08530006743104 61.703641267700675
335.4966284558329 75.29770734996634
306.6901550910318 31.926163182737753
331.93627781523946 6.032703978422205
445.5438300741741 25.129130141604918
475.6449763991909 71.73735670937293
500.2437626432908 73.35569790964269
603.1702629804452 95.04146999325695
628.4163857046528 106.36985839514503
591.5182063385031 64.94032366824013
591.5182063385031 49.080579905596835
545.233648010789 68.17700606877958
522.5768712070129 66.55866486850982
531.6395819285234 25.129130141604918
513.5141604855024 21.2451112609576
575.0111260957519 23.510788941335193
601.2282535401215 23.510788941335193
613.2039784221174 18.332097100472083
649.7784895482132 40.98887390424821
668.551247471342 40.01786918408638
654.9571813890763 68.17700606877958
675.6719487525287 64.94032366824013
687.0003371544168 79.50539447066761
698.0050573162509 110.57754551584631
675.6719487525287 122.22960215778832
713.8648010788942 65.26399190829406
700.9180714767365 23.187120701281255
276.91267700606886 20.597774780849704
285.6517194875254 75.29770734996634
347.1486850977749 17.361092380310254
366.5687795010115 25.129130141604918
474.3503034389752 43.90188806473372
505.0987862441 6.032703978422205
517.3981793661499 11.535064059339277
646.5418071476738 18.97943358057998
705.7730950775457 9.269386378961656
727.45886716116 10.56405933917739
733.9322319622388 88.89177343223201
760.7966958867162 146.18105192178024
783.7771409305464 105.72252191503716
756.589008766015 73.03202966958871
532.2869184086313 78.5343897505058
832.6510451786919 87.59710047201625
779.5694538098451 32.57349966284568
796.4002022926502 81.12373567093738
833.6220498988538 109.60654079568448
870.5202292650035 109.28287255563055
855.3078219824681 93.74679703304122
869.5492245448416 66.55866486850985
887.0273095077546 66.55866486850985
917.4521240728254 90.1864463924478
876.0225893459206 137.76567768037768
830.7090357383684 188.581591368847
872.4622387053271 254.6099123398517
899.0030343897506 264.64362778152395
915.5101146325018 184.69757248819965
944.6402562373569 146.82838840188813
972.79939312205 109.28287255563055
982.1857720836144 143.26803776129475
960.1763317599462 122.87693863789622
992.8668240053946 183.07923128792993
974.4177343223197 224.50876601483486
994.1614969656104 244.25252865812547
1040.4460552933244 153.62542144302097
554.9436952124074 195.05495616992587
825.8540121375592 252.991571139582
811.9362778152395 237.77916385704657
1030.4123398516522 171.75084288604188
1019.0839514497641 128.3792987188133
993.8378287255564 133.23432231962246
1009.0502360080918 86.30242751180049
1021.0259608900877 82.41840863115314
1055.9821308159137 100.54383007417402
1050.8034389750505 168.51416048550243
1059.866149696561 192.78927848954828
1067.3105192178016 291.5384356035064
1092.2329737019554 195.4089683074848
1103.5613621038435 160.4527983816588
1117.802764666217 194.437963587323
1153.406271072151 210.62137559002022
1158.908631153068 185.3752528658125
1147.903910991234 168.86817262306135
1170.884356035064 225.18644639244772
1207.4588671611596 322.61058664868506
1210.371881321645 288.62542144302085
1265.0718138907619 264.350303438975
1202.2801753202966 185.3752528658125
1233.999662845583 200.26399190829397
1283.5209035738367 205.44268374915708
1325.2741065407954 226.48111935266348
1327.2161159811192 287.654416722859
1382.8870532703977 247.84322319622385
1396.8047875927173 313.87154416722854
1130.425826028321 150.09541469993258
1202.2801753202966 413.56136210384363
627.4453809844906 317.10822656776804
1480.634861766689 283.4467296021578
1550.5472016183412 305.45616992582603
1616.575522589346 317.75556304787597
1631.4642616318274 387.66790289952803
1517.533041132839 530.7292650033717
1478.0455158462576 490.5944032366825
1428.8479433580578 381.841874578557
1404.249157113958 363.7164531355361
1311.032703978422 376.015846257586
1563.8175994605529 754.1210384356034
1777.4386378961565 1046.7171274443695
1820.1628455832772 901.7137559002023
1856.4136884693187 862.8735670937289
1891.3698583951448 715.2808496291301
1820.1628455832772 592.2869184086311
1882.3071476736343 618.1803776129467
1830.520229265003 495.1864463924477
1739.8931220498987 457.64093054619
1710.1156439649358 448.57821982467965
1691.990222521915 495.1864463924477
1663.5074173971677 615.5910316925151
1540.5134861766687 622.064396493594
1623.3725556304787 512.0171948752528
1812.3948078219826 423.9794335805798
1886.1911665542818 381.25522589345906
1833.1095751854348 496.4811193526634
1809.8054619015509 484.8290627107215
463.34558327714086 13.15340525960886
557.5330411328389 23.187120701281174
632.947741065408 78.53438975050574
1472.2194875252862 161.10013486176672
1493.2579231287928 175.66520566419425
1481.6058664868508 198.96931894807824
1444.707687120701 200.58766014834794
1313.9457181389075 186.9935940660823
1350.1965610249492 136.82501685772087
1323.3320971004719 127.11496965610255
1482.9005394470664 132.94099797707355
1240.473027646662 104.13452461227246
1222.671274443695 121.28894133513154
1242.7387053270395 131.64632501685776
1255.3617666891435 139.0906945380985
1493.9052596089007 140.06169925826032
1246.622724207687 123.68610923803111
1423.9929197572487 339.8256911665542
1143.5896376350925 325.67482517482506
1336.1389065479975 201.84138588684033
1259.5464081373173 168.27495232040678
1338.5801017164654 130.43642720915437
1256.4949141767324 102.97298156389056
1216.5203432930705 90.7670057215511
1189.6671964399238 68.49109980928154
1186.6157024793388 149.05054036872207
1494.2062937062938 159.12047043865215
-226.79270729270723 1015.2252747252746
1370.49000999001 190.65984015984012
1389.1913086913087 194.97552447552442
