300.92813455657506 1023.9250764525993
3.4357798165139 464.169724770642
263.7415902140674 501.35626911314966
432.0596330275231 430.89755351681936
502.5183486238534 471.998470948012
633.6498470948013 274.3226299694187
278.90978593272183 163.7415902140669
302.3960244648319 169.61314984709435
333.711009174312 156.8914373088681
376.7691131498472 181.35626911314944
422.7629969418961 165.69877675840934
375.7905198776759 219.52140672782832
607.7171253822631 131.44801223241546
786.7996941896025 243.98623853210967
854.3226299694192 188.20642201834818
893.4663608562693 216.5856269113146
738.8486238532113 58.680428134556536
770.1636085626915 87.05963302752292
794.6284403669728 85.59174311926606
821.0504587155966 61.12691131498468
805.8822629969422 42.53363914373085
818.6039755351685 37.15137614678898
836.7079510703368 25.408256880733916
852.8547400611624 43.512232415902105
859.2155963302756 38.1299694189602
830.8363914373092 92.93119266055047
871.9373088685019 76.78440366972475
891.9984709480126 33.72629969418958
914.0168195718659 57.21253822629967
921.8455657492359 30.79051987767579
905.6987767584102 27.36544342507642
918.9097859327221 13.665137614678827
938.9709480122328 13.665137614678827
935.5458715596335 31.279816513761432
1004.0474006116212 45.95871559633025
1035.8516819571869 44.001529051987745
1037.8088685015296 49.87308868501526
1061.2951070336396 54.27675840978591
1015.7905198776762 83.63455657492355
1016.279816513762 145.7752293577982
1063.7415902140676 136.47859327217125
976.646788990826 191.2798165137615
1086.2492354740066 78.25229357798165
1124.9036697247711 56.23394495412845
1117.074923547401 20.02599388379204
1092.6100917431197 13.175840978593271
1160.622324159022 27.85474006116206
1171.3868501529057 16.60091743119264
1213.9556574923554 32.747706422018325
1225.6987767584103 46.44801223241589
1327.9617737003064 67.48776758409787
1359.2767584097865 40.087155963302735
1135.668195718655 8.28287461773698
1149.8577981651383 2.9006116207950754
1166.004587155964 8.28287461773698
1105.3318042813462 51.83027522935777
1736.035168195719 9.215596330274932
1911.2033639143733 61.08103975535147
1809.4296636085628 156.00458715596312
1106.7996941896029 10.240061162079485
1120.010703363915 2.9006116207950754
