1268.6321645313553 257.5532703978422
1187.715104517869 248.49055967633177
1376.090020229265 205.11901550910318
1374.7953472690492 137.14868509777477
1436.9396493594065 70.4730276466621
1499.0839514497638 28.396156439649303
1789.7380310182064 166.9261631827377
1763.8445718138908 116.43391773432234
1219.4345920431556 134.5593391773432
1152.111598111935 158.51078894133514
1166.3530006743085 129.38064733648008
1201.3091706001346 130.02798381658795
1275.752865812542 93.12980445043826
1258.922117329737 86.00910316925149
1295.1729602157789 84.7144302090357
1322.36109238031 75.65171948752527
1295.8202966958866 45.22690492245442
1299.704315576534 27.10148347943357
1281.5788941335131 37.45886716115979
1245.3280512474712 55.58428860418064
1231.0866486850978 52.34760620364125
1222.671274443695 43.284895482130764
1159.8796358732297 73.06237356709369
1110.0347269049223 72.41503708698582
1134.633513149022 46.521577882670215
1078.3152393796356 46.521577882670215
1115.8607552258932 46.521577882670215
1157.9376264329062 34.22218476062034
1163.7636547538773 11.565407956844183
1212.9612272420768 14.802090357383577
1202.6038435603505 16.096763317599425
1357.964598786244 20.628118678354664
1379.9740391099122 11.565407956844183
1401.3361429534725 11.565407956844183
1408.4568442346595 11.565407956844183
1391.6260957518543 25.15947403910991
1856.4136884693187 177.99157113958177
1890.075185434929 89.95380984490885
1351.989932885906 8.402684563758385
1112.1764705882351 33.764705882352956
1199.705882352941 32.35294117647061
1178.3529411764703 11.352941176470608
1196.5294117647056 65.44117647058818
1189.4705882352937 60.49999999999993
1150.8235294117644 45.85294117647052
