512.3042813455659 1047.4113149847094
1637.686544342508 1061.111620795107
7.350152905198911 458.29816513761443
420.31651376146806 352.610091743119
559.276758409786 364.3532110091742
312.6712538226301 123.71100917431176
475.11773700305827 114.90366972477045
568.0840978593274 180.46941896024447
598.4204892966363 121.75382262996919
634.6284403669727 91.41743119266033
589.613149847095 33.680428134556394
515.2400611620797 26.83027522935754
677.6865443425079 139.3685015290518
839.1544342507648 168.72629969418944
1001.6009174311929 88.4816513761466
1007.4724770642205 62.05963302752275
1059.3379204892972 58.14525993883774
1076.9525993883794 80.65290519877652
1677.3195718654435 135.4541284403668
1774.2003058103978 96.31039755351662
1784.9648318042814 32.70183486238511
1917.0749235474009 36.61620795107012
1892.6100917431195 3.344036697247475
1357.3195718654435 93.3746177370029
1299.5825688073396 53.25229357798145
1190.9587155963304 70.86697247706405
1191.9373088685015 50.31651376146766
914.5061162079514 6.814984709480086
927.2278287461778 3.3899082568807444
1160.1330275229361 32.747706422018325
1257.0137614678902 4.857798165137581
862.1513761467895 2.9006116207950754
774.5672782874624 26.83027522935754
1374.4449541284405 54.23088685015267
