12.971910112359524 13.477528089887642
4.207865168539371 59.99438202247191
61.51123595505621 16.174157303370805
75.66853932584272 16.84831460674158
174.76966292134833 58.64606741573033
197.01685393258427 46.51123595505618
222.63483146067418 6.061797752809014
319.71348314606735 64.03932584269663
337.9157303370787 12.803370786516894
354.09550561797755 20.893258426966298
321.06179775280896 7.410112359550567
443.75842696629206 5.387640449438209
278.58988764044943 6.735955056179819
267.8033707865169 6.061797752809014
70.94943820224722 213.70224719101122
59.48876404494385 266.96067415730334
224.99438202247183 283.9831460674157
733.3089887640447 227.35393258426967
582.2977528089887 91.1741573033708
601.5112359550561 13.477528089887642
755.8932584269662 77.52247191011236
734.3202247191011 142.24157303370785
803.7584269662921 80.8932584269663
805.7808988764044 11.455056179775283
834.7696629213483 6.061797752809014
839.151685393258 333.8707865168539
947.0168539325839 316.34269662921344
895.7808988764043 116.79213483146066
841.8483146067413 128.9269662921348
841.8483146067413 106.00561797752812
875.5561797752807 39.93820224719104
895.7808988764043 30.5
942.9719101123592 52.07303370786519
948.3651685393256 106.00561797752812
1025.2191011235952 130.27528089887642
1029.26404494382 61.511235955056236
1048.140449438202 31.84831460674161
1017.1292134831458 30.5
1033.3089887640447 38.58988764044943
857.6910112359549 -0.005617977528061147
857.6910112359549 1.342696629213492
869.825842696629 13.477528089887642
890.0505617977526 2.016853932584297
1206.5674157303367 283.9831460674157
1211.960674157303 212.52247191011236
1206.5674157303367 112.74719101123594
1145.893258426966 158.58988764044943
1108.1404494382018 130.27528089887642
1086.5674157303367 83.08426966292137
1090.949438202247 6.735955056179819
1119.26404494382 18.87078651685394
1128.7022471910109 26.286516853932596
1140.837078651685 30.331460674157313
1140.1629213483143 13.477528089887642
1162.4101123595503 15.5
1171.1741573033705 12.129213483146088
1204.207865168539 43.14044943820227
1234.5449438202245 38.421348314606746
1239.9382022471907 20.893258426966298
1213.6460674157302 14.825842696629223
1268.2528089887637 28.308988764044955
1250.7247191011234 23.589887640449433
1264.8820224719097 59.320224719101134
1294.5449438202245 66.06179775280899
1282.41011235955 94.37640449438203
1292.522471910112 119.3202247191011
1238.589887640449 119.3202247191011
1210.2752808988762 78.87078651685394
1226.455056179775 92.35393258426967
1335.6685393258424 76.17415730337078
1334.9943820224717 28.98314606741576
1321.5112359550558 8.758426966292177
1307.3539325842694 5.387640449438209
1291.1741573033705 11.455056179775283
1336.3426966292132 3.3651685393258504
1350.4999999999995 8.084269662921372
1375.4438202247188 89.65730337078651
1398.3651685393256 117.29775280898875
1287.8033707865166 166.51123595505615
1392.2977528089884 69.43258426966293
1402.41011235955 70.1067415730337
1374.7696629213478 9.432584269662925
1402.41011235955 11.455056179775283
1384.8820224719095 17.52247191011236
1448.2528089887635 38.421348314606746
1423.3089887640444 25.61235955056179
1446.904494382022 20.21910112359552
1420.6123595505612 12.129213483146088
1475.8932584269658 35.050561797752835
1475.8932584269658 62.691011235955045
1490.0505617977522 69.43258426966293
1498.8146067415726 116.62359550561797
1513.6460674157297 76.84831460674158
1485.3314606741567 109.88202247191012
1430.0505617977522 115.27528089887639
1412.5224719101118 95.0505617977528
1529.1516853932578 151.67977528089887
1561.5112359550556 109.88202247191012
1578.3651685393252 93.02808988764045
1600.6123595505612 78.19662921348313
1616.1179775280893 21.567415730337075
1642.41011235955 26.286516853932596
1649.8258426966286 26.286516853932596
1675.4438202247184 27.63483146067415
1694.9943820224712 35.050561797752835
1659.2640449438195 70.1067415730337
1635.6685393258422 74.8258426966292
1622.1853932584263 117.29775280898875
1635.6685393258422 129.4325842696629
1653.1966292134825 117.97191011235955
1670.724719101123 125.38764044943818
1684.2078651685388 103.81460674157302
1666.6797752808984 200.89325842696627
1620.8370786516848 104.48876404494382
1758.0280898876401 235.4438202247191
1379.825842696629 810.1629213483142
1503.870786516854 750.837078651685
1069.7134831460676 694.2078651685389
