195.66853932584272 98.42134831460675
217.9157303370787 100.4438202247191
157.2415730337079 77.52247191011236
473.42134831460675 62.691011235955045
445.7808988764045 119.3202247191011
704.9943820224717 194.99438202247188
838.4775280898873 201.73595505617976
905.893258426966 192.29775280898878
823.6460674157302 188.25280898876406
838.4775280898873 165.3314606741573
524.6573033707864 81.56741573033707
586.005617977528 82.91573033707866
603.5337078651684 74.15168539325842
670.2752808988763 72.12921348314606
689.825842696629 68.75842696629212
726.2303370786515 61.34269662921349
741.0617977528088 62.691011235955045
609.6011235955054 62.01685393258427
813.8707865168537 56.62359550561797
838.8146067415729 62.01685393258427
786.2303370786516 136.84831460674155
821.9606741573032 119.3202247191011
875.2191011235954 111.90449438202245
946.0056179775278 195.49999999999997
1063.3089887640447 165.1629213483146
1028.9269662921345 106.51123595505618
993.1966292134828 112.57865168539325
1084.8820224719097 164.4887640449438
1055.2191011235952 90.33146067415728
1074.0955056179773 63.36516853932585
1262.8595505617973 53.25280898876406
1246.0056179775277 74.8258426966292
1008.0280898876401 78.19662921348316
958.1404494382019 88.30898876404493
1049.8258426966288 65.38764044943821
1045.780898876404 72.80337078651684
1380.5 64.20786516853934
1449.2640449438202 58.814606741573016
1690.6123595505617 80.38764044943821
1705.0186640471513 84.25245579567775
1652.2092337917486 64.44891944990172
1644.6650294695482 57.84774066797638
1832.327111984283 67.27799607072689
1118.4567779960707 197.41552062868368
1774.802554027505 373.761296660118
957.1994106090374 227.59233791748528
903.4469548133595 58.7907662082514
821.1679764243614 79.1542239685659
958.8497053045185 15.97151277013765
556.6493123772102 88.58447937131638
691.5019646365422 47.09135559921424
1175.2740667976425 82.45481335952857
532.2046979865775 63.338926174496635
555.3993288590607 61.083892617449635
645.8529411764707 133.3823529411764
588.9411764705883 57.49999999999994
653.7058823529412 51.49999999999994
851.9705882352941 75.14705882352936
1044.9411764705883 105.67647058823528
884.8823529411767 67.29411764705884
801.4117647058824 64.02941176470587
794.7058823529412 64.91176470588233
790.4705882352941 58.911764705882334
