469.49302093718825 17.818045862412873
485.7642073778662 36.003489531405876
465.66450648055815 44.61764705882359
692.5039880358921 79.07427716849458
648.4760717846459 17.818045862412873
647.5189431704885 8.246759720837531
617.8479561316051 22.603688933200488
672.4042871385841 8.246759720837531
666.6615154536389 11.118145563310122
728.8748753738782 2.5039880358923483
774.8170488534396 41.746261216351
854.2587238285143 25.47507477567308
927.0004985044865 95.34546360917255
1021.7562313060816 62.80309072781665
1052.3843469591225 24.51794616151551
1072.4840478564306 12.07527417746769
1266.7811565304087 62.80309072781665
1209.353439680957 64.71734795613168
1202.6535393818544 38.87487537387841
1225.624626121635 11.118145563310122
1278.266699900299 11.118145563310122
1307.9376869391824 68.54586241276178
1240.9386839481556 80.03140578265209
1459.6425722831505 199.67248255234307
1493.1420737786639 75.24576271186447
1458.6854436689928 75.24576271186447
1415.6146560319041 69.50299102691929
1394.5578265204385 81.94566301096717
1384.0294117647059 58.9745762711865
1324.6874376869391 38.87487537387841
1425.1859421734794 8.246759720837531
1440.5 28.34646061814567
1483.5707876370886 9.2038883349951
1511.327517447657 11.118145563310122
1645.3255234297108 38.87487537387841
1658.725324027916 37.9177467597209
1793.6804586241276 75.24576271186447
1821.4371884346958 81.94566301096717
1812.823030907278 72.37437686939188
1847.2796610169491 49.403290129611264
1872.1650049850448 89.60269192422737
1819.522931206381 111.61665004985053
1717.1101694915255 89.60269192422737
1619.4830508474574 98.21684945164513
1851.1081754735792 390.14107676969104
1611.8260219341973 77.16001994017955
1199.7821535393819 655.3554336989032
1666.8609172482554 532.8429710867397
357.50897308075764 15.993519441674605
192.88285144566294 12.165004985044561
22.51395812562299 25.564805583249836
100.99850448654024 15.993519441674605
458.70433436532505 15.376160990712151
439.8808049535603 26.273993808049624
631.0882352941177 15.376160990712151
607.311145510836 18.84365325077408
781.1811145510836 26.769349845201305
827.7445820433437 18.84365325077408
995.6702786377712 21.320433436532596
1103.1625386996907 29.741486068111527
1097.2182662538703 10.91795665634686
1121.4907120743037 11.90866873065022
1145.2678018575853 14.385448916408732
1149.7260061919505 22.311145510835985
1164.0913312693501 19.339009287925766
1194.3080495356041 20.825077399380888
1392.450464396285 7.450464396284929
1381.0572755417961 32.71362229102175
1386.5061919504647 45.09752321981432
1455.8560371517033 18.84365325077408
421.0268292682927 19.02682926829266
485.65121951219515 122.05121951219513
424.77317073170735 137.03658536585365
706.2170731707317 17.724390243902462
731.9731707317073 20.06585365853661
1015.7585365853661 102.95365853658538
1162.3341463414636 56.12439024390244
1147.8170731707319 73.45121951219514
947.3878048780489 3.675609756097572
973.6121951219513 18.192682926829292
1525.729268292683 196.0414634146342
1273.7878048780487 89.27073170731704
1805.7682926829268 48.0609756097561
1775.79756097561 48.0609756097561
1908.7926829268295 89.27073170731704
1493.8853658536586 15.280487804878021
1569.748780487805 19.12926829268295
1562.2560975609758 18.192682926829292
1676.0512195121953 154.93414634146342
1544.4609756097561 73.91951219512194
1580.5195121951222 91.24634146341464
912.8735408560311 14.420233463035018
897.6400778210117 1.8132295719844365
875.7529182879377 17.57198443579766
1002.1731517509728 18.097276264591443
992.8929961089494 56.96887159533074
834.079766536965 35.43190661478599
1463.204280155642 18.272373540856023
1418.9046692607003 11.093385214007782
1406.2976653696498 15.120622568093381
1341.8618677042803 35.0817120622568
1353.2431906614786 18.272373540856023
1366.0252918287938 30.52918287937743
1229.0992217898834 36.13229571984435
20.577821011673223 310.77237354085605
