1161.8986013986016 238.4020979020977
872.268231768232 165.51498501498486
1052.5679320679321 173.18731268731244
1031.469030969031 130.98951048951028
1163.8166833166836 138.66183816183798
1232.8676323676325 117.56293706293684
1428.5119880119883 75.36513486513468
1501.399100899101 54.266233766233654
1549.351148851149 75.36513486513468
1687.4530469530473 77.28321678321652
697.7227772227773 115.64485514485489
544.2762237762239 94.54595404595386
500.1603396603398 75.36513486513468
400.42007992007996 119.48101898101879
327.5329670329671 63.85664335664319
250.80969030969035 90.70979020978996
202.85764235764248 88.79170829170812
1838.501998001998 31.21928071928056
1863.4370629370628 22.587912087911832
1813.566933066933 13.956543456543159
1780.9595404595402 27.3831168831166
1723.417082917083 29.30119880119861
1654.366133866134 29.30119880119861
1608.3321678321677 22.587912087911832
1459.680819180819 44.645854145853946
1435.7047952047951 28.342157842157576
1447.2132867132866 45.60489510489492
1401.1793206793207 21.628871128870856
1358.9815184815184 24.505994005993784
1378.1623376623374 11.079420579420344
1336.9235764235764 38.8916083916082
1279.3811188811187 59.99050949050928
1253.4870129870128 36.01448551448533
1291.8486513486514 21.628871128870856
1241.0194805194806 18.751748251748044
1264.0364635364635 13.956543456543159
1219.9205794205793 15.874625374625111
1204.575924075924 20.66983016982988
1194.9855144855144 40.8096903096901
1167.1733266733265 65.74475524475503
1179.640859140859 11.079420579420344
1168.1323676323675 22.587912087911832
1410.2902097902097 27.3831168831166
1303.8366633366634 15.874625374625111
1114.9055944055945 34.09640359640338
1136.9635364635365 14.915584415584135
1110.1103896103896 7.243256743256438
1086.1343656343656 11.079420579420344
1060.2402597402597 36.01448551448533
1093.8066933066932 45.60489510489492
1042.9775224775226 20.66983016982988
1067.9125874125875 22.587912087911832
1022.8376623376623 28.342157842157576
994.0664335664336 28.342157842157576
1004.6158841158841 47.52297702297682
990.2302697302697 68.62187812187796
977.7627372627372 15.874625374625111
962.418081918082 21.628871128870856
1524.416083916084 85.88461538461519
1166.6938061938063 5.325174825174599
898.1623376623378 89.72077922077904
848.2922077922078 59.99050949050928
886.6538461538461 29.30119880119861
911.5889110889112 29.30119880119861
934.6058941058942 25.46503496503476
873.2272727272727 2.4480519480516705
864.5959040959041 21.628871128870856
903.9165834165834 7.243256743256438
947.0734265734267 12.03846153846132
931.7287712287713 12.03846153846132
834.8656343656344 8.202297702297415
812.8076923076923 21.628871128870856
773.4870129870129 11.079420579420344
754.3061938061937 44.645854145853946
764.8556443556444 37.932567432567225
745.6748251748252 15.874625374625111
738.0024975024975 9.161338661338391
754.3061938061937 12.03846153846132
702.517982017982 5.325174825174599
714.0264735264735 11.079420579420344
720.7397602397602 4.366133866133623
692.9275724275724 17.792707292707064
672.7877122877122 14.915584415584135
649.7707292707292 18.751748251748044
730.3301698301698 105.06543456543437
793.6268731268731 85.88461538461519
620.0404595404594 35.055444555444346
610.4500499500499 20.66983016982988
530.8496503496502 13.956543456543159
446.45404595404585 7.243256743256438
558.6618381618381 4.366133866133623
615.2452547452547 1.4890109890106942
882.3381618381618 27.36813186813191
370.21028971028966 25.46503496503476
342.3981018981018 15.874625374625111
319.3811188811188 8.202297702297415
135.24525474525464 4.366133866133623
99.76073926073913 13.956543456543159
114.14635364635355 11.079420579420344
62.35814185814172 2.4480519480516705
82.4980019980019 18.751748251748044
18.24225774225761 5.325174825174599
12.488011988011865 27.3831168831166
148.67182817182808 4.366133866133623
182.23826173826163 4.366133866133623
371.16933066933063 7.243256743256438
873.2272727272727 22.572927072927115
1356.104395604396 13.94155844155847
1352.7477522477525 4.351148851148878
1373.367132867133 2.433066933066982
1443.8566433566434 37.43806193806196
1148.9515484515487 43.192307692307736
548.1123876123877 37.43806193806196
579.2812187812189 53.74175824175825
680.8823529411766 28.64705882352942
791.7941176470589 10.11764705882355
507.85294117647084 2.176470588235304
581.4411764705885 2.705882352941188
475.02941176470614 2.0000000000000284
406.11764705882376 16.20588235294113
345.4117647058826 76.91176470588229
428.0000000000002 67.3823529411764
186.23529411764753 113.44117647058815
