439.8883792048931 573.7721712538224
574.934250764526 526.7996941896023
790.224770642202 640.3165137614677
1238.420489296636 914.3226299694188
1175.790519877676 714.689602446483
913.5275229357799 554.2003058103973
1062.2737003058105 526.7996941896023
1346.0657492354742 558.1146788990824
1420.4388379204895 509.1850152905197
1796.218654434251 544.4143730886848
1884.2920489296637 346.73853211009146
1510.4694189602449 417.1972477064219
1614.2003058103976 395.66819571865426
1549.6131498470947 319.3379204892964
1637.686544342508 199.9495412844034
1700.316513761468 223.43577981651356
1066.1880733944956 362.3960244648316
927.2278287461775 346.73853211009146
1297.1360856269114 278.2370030581037
1451.7538226299696 231.26452599388358
1361.7232415902142 182.33486238532078
997.6865443425078 186.2492354740059
1021.172782874618 162.76299694189572
1042.7018348623853 133.4051987767582
978.1146788990827 137.3195718654431
964.4143730886851 141.23394495412822
688.4510703363917 23.89449541284375
687.4724770642204 43.46636085626892
723.6804281345569 47.38073394495393
724.659021406728 25.851681957186315
792.1819571865447 30.744648318042607
774.5672782874619 98.26758409785913
746.1880733944956 159.91896024464813
859.7048929663612 163.83333333333312
983.0076452599392 72.8241590214065
1028.0229357798169 64.01681957186526
853.8333333333336 79.6743119266053
816.6467889908258 70.86697247706405
826.4327217125385 43.46636085626892
839.1544342507648 26.83027522935754
860.6834862385324 33.680428134556394
738.3593272171256 3.344036697247475
612.1207951070339 10.194189602446272
532.8547400611623 36.61620795107012
538.7262996941898 9.215596330274932
464.35321100917446 2.365443425076137
517.1972477064222 12.15137614678872
1590.4694189602446 5.34709480122325
1579.7048929663608 4.857798165137581
1506.3103975535169 13.175840978593271
1657.9923547400613 13.175840978593271
1667.2889908256882 10.240061162079485
1734.8119266055046 11.707951070336378
1756.3409785932722 13.665137614678883
1261.9067278287462 4.857798165137581
1404.2920489296637 2.9006116207950754
1397.4418960244648 2.9006116207950754
449.18501529051997 2.365443425076137
1053.4468599033817 164.02657004830905
1091.7077294685992 250.98309178743946
1161.2729468599034 258.32608695652164
1288.036231884058 170.59661835748778
1337.891304347826 187.98792270531388
1212.2874396135267 144.3164251207728
1198.3743961352657 161.7077294685989
1116.0555555555557 72.81884057971001
1383.3019323671497 258.374396135266
1709.4855072463768 595.3792270531405
