1525.4438202247188 892.4101123595503
284.994382022472 307.2415730337076
414.4325842696629 250.61235955056145
568.1404494382024 301.84831460674127
473.7584269662922 51.061797752808616
589.7134831460675 69.9382022471907
616.679775280899 158.92696629213458
716.4550561797754 126.56741573033673
1528.1404494382023 409.7134831460671
1358.926966292135 213.19662921348316
1272.6348314606741 226.67977528089892
1180.9494382022472 129.6011235955056
963.8707865168537 77.01685393258424
802.073033707865 20.387640449438095
1247.0168539325841 50.05056179775272
1190.387640449438 46.005617977528004
1336.0056179775281 27.12921348314603
1136.4550561797753 5.556179775280839
1117.915730337079 3.7022471910113377
753.1966292134832 100.78089887640456
370.03560371517017 491.9551083591331
1184.4009287925699 648.4876160990713
1029.8498452012388 149.13777089783275
1048.6733746130035 112.48142414860678
