30.836391437308976 362.3960244648316
161.967889908257 297.8088685015289
332.24311926605515 244.96483180428118
297.9923547400613 41.50917431192642
339.09327217125394 87.50305810397532
398.78746177370044 22.91590214067253
664.9648318042816 29.766055045871383
641.4785932721716 14.108562691131283
624.8425076452602 16.06574923547373
684.5366972477066 46.40214067278266
695.3012232415904 50.31651376146766
735.4235474006119 39.55198776758391
775.5458715596333 36.61620795107012
834.2614678899085 9.215596330274932
865.5764525993886 10.194189602446272
909.6131498470951 5.301223241589923
934.0779816513765 2.365443425076137
1217.8700305810398 33.680428134556394
1229.613149847095 123.71100917431176
1362.7018348623856 29.766055045871383
1469.368501529052 25.851681957186315
1584.8425076452602 7.258409785932486
1333.344036697248 5.301223241589923
1319.6437308868503 2.365443425076137
