595.4438202247188 68.75842696629212
573.8707865168537 21.567415730337075
625.1067415730336 35.050561797752835
660.8370786516851 51.2303370786517
713.4213483146066 57.297752808988776
738.3651685393256 79.54494382022472
781.5112359550559 63.36516853932585
813.1966292134829 75.5
828.702247191011 51.2303370786517
847.578651685393 67.41011235955057
875.8932584269661 63.36516853932585
751.1741573033705 19.544943820224717
718.8146067415728 20.21910112359552
701.9606741573032 15.5
718.8146067415728 2.6910112359550453
753.8707865168537 4.71348314606746
745.1067415730334 6.735955056179819
790.2752808988762 2.6910112359550453
812.5224719101121 6.061797752809014
832.073033707865 4.039325842696655
904.2078651685391 22.915730337078656
864.4325842696627 4.71348314606746
888.0280898876402 1.342696629213492
927.1292134831458 11.455056179775283
942.6348314606739 54.60112359550561
917.016853932584 55.27528089887642
921.7359550561796 72.80337078651684
960.1629213483144 96.39887640449439
960.8370786516851 65.38764044943821
1005.331460674157 81.56741573033707
1003.9831460674152 49.88202247191012
978.3651685393253 29.657303370786508
1010.0505617977523 23.589887640449433
1026.904494382022 35.050561797752835
1056.5674157303365 39.09550561797755
1078.8146067415726 45.162921348314626
1092.2977528089882 31.679775280898866
1103.7584269662916 64.7134831460674
1133.4213483146063 88.30898876404495
1107.8033707865163 31.005617977528118
1103.7584269662916 14.825842696629223
1147.5786516853927 16.84831460674158
1068.02808988764 10.780898876404535
1055.8932584269658 14.825842696629223
1236.5674157303365 122.01685393258427
1241.286516853932 78.19662921348313
1212.2977528089882 24.938202247191015
1287.8033707865163 35.050561797752835
1303.3089887640444 72.80337078651684
1293.8707865168535 106.51123595505618
1329.6011235955052 39.09550561797755
1360.6123595505617 111.23033707865167
1377.4662921348313 82.91573033707866
1405.7808988764043 86.28651685393257
1452.2977528089884 64.7134831460674
1467.8033707865166 69.43258426966293
1637.0168539325841 140.2191011235955
827.0168539325842 551.2865168539322
918.7022471910112 324.76966292134796
991.5112359550561 287.0168539325839
1129.0393258426966 885.6685393258424
1355.5561797752807 715.7808988764041
1716.9044943820222 235.78089887640408
1765.4438202247188 198.02808988764014
1913.758426966292 246.56741573033673
