14.320224719101105 73.47752808988764
10.949438202247222 82.91573033707866
21.73595505617982 97.07303370786516
6.904494382022506 112.57865168539325
61.51123595505621 96.39887640449439
84.43258426966295 101.11797752808988
114.76966292134833 87.63483146067415
168.70224719101125 70.78089887640448
184.2078651685393 76.84831460674158
199.03932584269663 76.17415730337078
199.03932584269663 68.08426966292134
208.47752808988767 70.1067415730337
212.5224719101124 76.17415730337078
260.3876404494382 63.36516853932585
289.376404494382 66.06179775280899
265.1067415730337 74.8258426966292
305.55617977528084 72.80337078651684
304.8820224719101 55.27528089887642
314.32022471910113 55.949438202247194
327.8033707865168 56.62359550561797
335.21910112359546 73.47752808988764
346.67977528089887 65.38764044943821
346.67977528089887 47.185393258426984
361.51123595505624 65.38764044943821
371.623595505618 54.60112359550561
367.5786516853933 42.46629213483146
392.52247191011236 51.2303370786517
402.63483146067415 55.27528089887642
414.09550561797755 57.297752808988776
444.4325842696629 55.27528089887642
463.3089887640449 45.8370786516854
468.7022471910112 36.39887640449439
410.7247191011236 105.83707865168537
428.25280898876406 93.70224719101122
395.8932584269663 132.80337078651684
244.2078651685393 101.79213483146066
221.96067415730337 112.57865168539325
169.37640449438206 155.72471910112358
87.12921348314609 206.96067415730334
65.89325842696627 374.3202247191011
168.3651685393258 386.4550561797752
273.5337078651684 393.1966292134831
324.76966292134824 363.5337078651685
688.8146067415728 279.938202247191
788.5898876404492 258.3651685393258
811.511235955056 269.1516853932584
949.0393258426964 227.35393258426967
951.7359550561796 190.94943820224717
935.5561797752807 146.45505617977528
738.7022471910111 138.36516853932585
709.0393258426964 155.89325842696627
642.9719101123594 174.7696629213483
555.3314606741571 135.6685393258427
616.0056179775279 126.2303370786517
517.5786516853932 119.48876404494382
493.30898876404484 95.21910112359552
843.8707865168537 83.08426966292137
793.9831460674154 70.94943820224717
818.2528089887637 62.85955056179773
872.1853932584268 70.94943820224717
919.3764044943819 72.29775280898878
703.6460674157302 83.08426966292137
675.3314606741571 87.12921348314609
924.0955056179774 521.6235955056176
1215.3314606741574 413.7584269662917
1325.8932584269664 553.9831460674153
1722.2977528089887 990.837078651685
1339.3764044943819 411.0617977528086
1352.8595505617977 305.8932584269659
1592.8595505617977 273.53370786516825
1563.196629213483 165.6685393258424
1250.387640449438 230.38764044943787
1180.2752808988762 273.53370786516825
1107.4662921348313 230.38764044943787
1126.3426966292136 141.398876404494
1061.6235955056181 106.34269662921315
1002.2977528089888 109.03932584269626
505.7808988764043 51.90449438202248
534.7696629213481 72.12921348314609
546.2303370786515 84.93820224719101
536.7921348314604 112.57865168539325
515.2191011235952 48.53370786516854
530.0505617977526 40.443820224719104
544.8820224719099 47.185393258426984
539.4887640449435 51.90449438202248
538.140449438202 58.64606741573033
557.6910112359549 41.792134831460686
571.8483146067413 33.028089887640476
573.8707865168537 39.76966292134833
572.5224719101121 47.85955056179776
594.0955056179773 41.792134831460686
620.387640449438 46.51123595505618
625.7808988764042 38.421348314606746
631.1741573033705 24.938202247191015
643.3089887640447 32.35393258426967
662.8595505617975 39.09550561797755
644.6573033707863 56.62359550561797
664.2078651685391 74.8258426966292
680.387640449438 41.792134831460686
669.6011235955053 23.589887640449433
686.455056179775 23.589887640449433
698.5898876404492 22.915730337078656
725.5561797752806 55.27528089887642
755.893258426966 46.51123595505618
757.9157303370783 37.74719101123594
764.6573033707863 30.331460674157313
760.6123595505616 8.758426966292177
754.5449438202245 6.061797752809014
741.7359550561795 6.061797752809014
746.455056179775 26.960674157303373
731.6235955056177 26.286516853932596
780.1629213483143 35.050561797752835
799.0393258426964 12.803370786516894
778.1404494382019 6.061797752809014
812.522471910112 16.174157303370805
842.1853932584268 12.129213483146088
852.2977528089885 12.129213483146088
840.1629213483144 34.37640449438203
823.3089887640447 24.264044943820238
877.2415730337076 28.308988764044955
866.455056179775 24.938202247191015
859.7134831460671 20.893258426966298
905.5561797752806 14.825842696629223
922.4101123595503 21.567415730337075
931.8483146067413 6.061797752809014
892.0730337078649 7.410112359550567
615.6685393258424 23.589887640449433
1183.6460674157304 116.79213483146066
1158.0280898876404 69.60112359550567
1051.5112359550562 79.03932584269666
1331.623595505618 10.10674157303373
1321.5112359550562 7.410112359550567
1351.1741573033707 7.410112359550567
1312.0730337078653 45.162921348314626
1361.2865168539327 49.88202247191012
1366.6797752808989 70.78089887640448
1353.1966292134832 76.84831460674158
1426.0056179775281 71.45505617977528
1443.5337078651685 65.38764044943821
1454.3202247191011 86.28651685393257
1501.5112359550562 71.45505617977528
1490.0505617977528 56.62359550561797
1473.1966292134832 11.455056179775283
1495.4438202247193 1.342696629213492
1529.1516853932585 79.54494382022472
1523.758426966292 3.3651685393258504
1528.4775280898875 22.24157303370788
1419.938202247191 123.36516853932582
1377.4662921348315 157.74719101123594
1360.612359550562 115.27528089887639
1345.1067415730338 159.7696629213483
1292.5224719101125 144.938202247191
1296.5674157303372 116.62359550561797
1280.3876404494383 77.52247191011236
1267.5786516853932 73.47752808988764
1266.2303370786517 37.07303370786519
1246.6797752808989 17.52247191011236
1239.9382022471912 22.915730337078656
1243.308988764045 93.02808988764045
1018.8146067415729 49.88202247191012
1039.7134831460673 61.34269662921349
970.949438202247 51.2303370786517
956.7921348314605 71.45505617977528
952.0730337078651 55.949438202247194
960.1629213483145 22.915730337078656
980.3876404494381 20.21910112359552
1014.7696629213482 16.84831460674158
1044.4325842696628 10.10674157303373
1070.7247191011234 7.410112359550567
1123.9831460674156 22.24157303370788
1123.9831460674156 9.432584269662925
1101.0617977528088 13.477528089887642
1136.1179775280898 16.174157303370805
1195.4438202247188 12.129213483146088
1178.5898876404494 39.76966292134833
1209.6011235955054 67.41011235955057
1204.2078651685392 25.61235955056179
1217.0168539325841 16.174157303370805
1227.129213483146 2.6910112359550453
1188.702247191011 4.039325842696655
1162.4101123595506 14.825842696629223
1150.9494382022472 0.668539325842687
1281.0617977528088 4.71348314606746
1268.9269662921347 0.668539325842687
1289.825842696629 1.342696629213492
1084.2078651685392 8.758426966292177
976.3426966292134 8.758426966292177
1028.252808988764 5.387640449438209
1150.2752808988762 13.477528089887642
