422.2737003058105 466.12691131498445
248.0840978593274 423.06880733944934
128.69571865443436 309.5519877675838
700.1941896024466 423.06880733944934
899.8272171253823 329.12385321100896
995.7293577981651 333.038226299694
794.1391437308869 239.0932721712536
323.435779816514 314.44495412844
309.7354740061164 172.54892966360813
510.3470948012235 169.6131498470944
607.2278287461777 184.29204892966322
715.8516819571869 163.7415902140669
718.7874617737007 224.4143730886846
571.9984709480125 135.36238532110053
575.9128440366976 104.04740061162039
652.2431192660554 107.9617737003054
669.857798165138 94.26146788990786
749.1238532110095 60.010703363913876
706.0657492354744 56.096330275228866
1015.3012232415905 98.17584097859287
1916.0963302752293 153.06880733944934
1880.8669724770643 107.07492354740037
1787.9006116207952 151.11162079510683
1744.84250764526 111.96788990825672
1846.6162079510705 41.50917431192642
1832.915902140673 12.15137614678872
1809.4296636085628 13.129969418959945
1349.4908256880735 121.75382262996919
1339.7048929663608 84.56727828746159
1107.7782874617737 127.62538226299677
1109.7354740061162 70.86697247706405
1148.8792048929663 50.31651376146766
865.5764525993884 48.4051987767584
892.4877675840979 19.047400611620787
949.2461773700306 35.68348623853211
1052.9770642201836 61.61620795107032
1073.0382262996943 55.255351681957166
1054.934250764526 42.53363914373088
1069.613149847095 32.25840978593271
1062.2737003058105 78.25229357798165
1167.4724770642201 50.85168195718654
1152.7935779816517 32.747706422018325
1187.0443425076455 45.95871559633025
1222.2737003058105 45.95871559633025
1253.5886850152906 12.19724770642199
1234.0168195718657 13.175840978593271
1196.830275229358 10.240061162079485
1157.6865443425077 3.3899082568807444
1021.1727828746178 8.28287461773698
989.8577981651378 13.175840978593271
976.1574923547402 10.729357798165097
965.3929663608563 9.750764525993873
823.9862385321102 50.31651376146766
1330.8975535168197 2.9006116207950754
1057.3807339449543 32.25840978593271
1596.5856269113149 1068.940366972477
