473.75842696629206 912.6348314606744
924.0955056179774 448.8146067415727
1150.612359550562 478.4775280898873
1178.252808988764 41.286516853932596
1216.005617977528 50.72471910112358
1264.5449438202245 15.668539325842744
1307.6910112359549 11.623595505618027
1362.9719101123594 26.455056179775283
1388.5898876404492 30.5
1392.634831460674 15.668539325842744
1433.084269662921 42.63483146067415
1458.7022471910109 60.162921348314626
1451.9606741573032 31.84831460674161
1492.4101123595503 69.60112359550567
1492.4101123595503 22.410112359550567
1513.9831460674154 37.24157303370788
1555.780898876404 69.60112359550567
1585.4438202247188 66.90449438202245
1571.960674157303 43.98314606741576
1512.634831460674 165.3314606741573
1426.3426966292132 200.3876404494382
1352.1853932584268 107.35393258426967
1326.567415730337 161.2865168539326
1225.4438202247188 153.19662921348316
1228.140449438202 199.0393258426966
1304.9943820224717 242.18539325842693
1058.252808988764 135.6685393258427
1127.0168539325841 120.83707865168537
1002.9719101123594 50.72471910112358
1063.6460674157302 7.578651685393311
1100.0505617977526 6.230337078651701
1141.8483146067415 10.275280898876417
950.3876404494381 37.24157303370788
939.6011235955054 4.882022471910091
950.3876404494381 108.70224719101122
839.825842696629 89.82584269662925
800.7247191011235 182.85955056179773
703.6460674157303 120.83707865168537
750.8370786516853 76.34269662921349
727.9157303370786 57.46629213483152
436.00561797752823 192.6348314606738
376.67977528089887 138.70224719101088
481.8483146067416 119.8258426966288
584.3202247191012 111.73595505617936
587.0168539325842 73.98314606741542
330.8370786516854 38.926966292134466
182.52247191011236 17.353932584269387
368.58988764044943 36.230337078651246
