833.9065934065936 614.3461538461538
966.2542457542457 579.8206793206792
1190.6698301698302 460.89960039960033
1259.7207792207794 552.9675324675324
1405.495004995005 560.63986013986
1056.404095904096 253.7467532467531
954.7457542457544 313.2072927072925
1008.452047952048 364.99550449550424
691.9685314685316 483.9165834165833
584.5559440559441 359.24125874125866
540.44005994006 347.73276723276706
1184.9155844155846 330.4700299700298
1257.8026973026974 232.64785214785195
1284.6558441558443 238.4020979020977
924.0564435564436 123.31718281718258
833.9065934065936 148.2522477522475
772.527972027972 54.266233766233654
749.5109890109891 67.69280719280698
722.6578421578422 61.93856143856124
1118.7417582417584 142.46803196803177
1166.6938061938063 121.3691308691307
1206.9735264735268 68.62187812187796
1443.8566433566434 126.16433566433551
1479.341158841159 136.713786213786
1246.294205794206 27.3831168831166
1182.9975024975029 35.055444555444346
1136.9635364635367 69.58091908091887
1143.6768231768233 14.915584415584135
1131.209290709291 13.956543456543159
1115.8646353646354 36.01448551448533
1093.8066933066934 59.99050949050928
1083.257242757243 38.8916083916082
1062.1583416583417 49.44105894105877
1045.8546453546455 24.505994005993784
1826.0344655344657 24.505994005993784
1846.1743256743257 12.03846153846132
1911.3891108891107 42.72777222777205
1772.328171828172 32.17832167832148
1752.1883116883118 51.359140859140666
1648.6118881118882 13.956543456543159
1619.8406593406594 27.3831168831166
1257.3231768231767 18.751748251748044
1227.592907092907 20.66983016982988
1112.5079920079922 1.4740259740260058
1086.6138861138863 1.4740259740260058
