1417.5786516853932 984.0955056179773
1916.455056179775 878.9269662921345
64.54494382022466 339.9382022471911
237.12921348314603 260.38764044943827
349.0393258426967 291.39887640449444
432.63483146067426 201.06179775280899
482.5224719101125 186.2303370786517
621.3988764044946 188.92696629213486
593.0842696629215 469.3764044943822
831.73595505618 404.6573033707866
953.0842696629218 414.09550561797766
834.4325842696633 117.4662921348314
877.5786516853937 108.02808988764042
96.5674157303371 48.870786516854025
132.2977528089888 60.33146067415737
131.623595505618 138.5337078651686
198.36516853932582 143.25280898876412
306.2303370786517 143.25280898876412
319.71348314606735 111.56741573033716
262.41011235955057 98.7584269662922
401.28651685393254 117.63483146067423
165.33146067415734 55.61235955056188
201.06179775280899 46.17415730337086
222.63483146067418 29.994382022471996
197.01685393258427 11.117977528089966
187.57865168539328 19.882022471910204
162.63483146067418 7.07303370786525
286.0056179775281 29.994382022471996
410.05056179775283 7.07303370786525
427.5786516853932 63.02808988764053
468.7022471910112 60.33146067415737
435.66853932584263 5.724719101123696
466.67977528089887 5.724719101123696
492.97191011235964 32.016853932584354
540.1629213483147 98.7584269662922
843.5337078651689 13.814606741572959
869.1516853932588 34.03932584269654
894.095505617978 32.69101123595499
857.0168539325847 48.870786516853855
1178.5898876404501 73.8146067415731
1196.1179775280907 48.19662921348322
1299.2640449438209 111.56741573033716
1442.8595505617986 39.43258426966301
1180.275280898877 281.9606741573034
1502.185393258428 46.17415730337086
1529.1516853932594 25.275280898876474
1542.6348314606753 9.095505617977608
1587.803370786518 27.297752808988832
1594.5449438202256 34.71348314606752
1561.5112359550571 223.4775280898877
1618.8146067415742 220.78089887640454
1637.691011235956 125.72471910112367
1683.5337078651696 146.62359550561806
1750.2752808988776 119.6573033707866
1707.803370786518 116.28651685393265
1705.1067415730347 71.11797752808997
1805.5561797752819 58.98314606741582
1871.623595505619 62.35393258426973
1914.4325842696633 58.14044943820221
