174.08641358641364 648.8716283716282
306.434065934066 662.2982017982016
596.0644355644356 579.8206793206791
642.0984015984018 604.755744255744
761.0194805194806 681.4790209790208
1081.339160839161 740.9395604395603
8.785500713073162 25.73925624824716
237.17712906474154 3.404428239093477
588.7705506281932 72.57034723518228
673.0665144046764 106.4328284103508
554.9080694530246 209.46122858160814
502.3131518830821 207.29979361298038
704.0470822883412 231.07557826788593
596.0644355644356 464.735764235764
730.33016983017 418.70179820179794
878.0224775224776 483.9165834165832
801.5233921922236 44.20295039625702
726.56298796109 130.66034914136804
805.2024304366963 161.47229443882782
859.9281243232294 157.3333764137959
795.0850752643961 241.9512560366705
1599.2212787212788 623.9365634365632
1739.2412587412591 464.735764235764
1595.385114885115 432.12837162837127
1346.0344655344657 391.84865134865106
1252.0484515484518 286.3541458541456
1087.0934065934068 259.5009990009987
1272.2505870752625 121.68790300608487
1502.619698483335 88.20865498138232
1516.9679476367792 3.713409966656741
1266.6707124044788 53.93228200371061
1205.2920910258574 39.584032850266624
1178.1898426249077 45.16390752105042
