296.9705882352942 650.9859335038362
547.4053708439899 848.6329923273656
504.4386189258313 492.6227621483373
816.2544757033249 582.2391304347824
920.6023017902814 582.2391304347824
1108.4283887468032 659.5792838874678
1250.8324808184145 558.9143222506391
1357.635549872123 670.6278772378515
1417.789002557545 662.0345268542197
1652.2647058823532 900.1930946291559
1908.8375959079287 896.510230179028
1803.2621483375963 671.8554987212275
1873.236572890026 702.5460358056264
1873.236572890026 496.3056265984652
1847.4565217391307 604.3363171355496
1632.6227621483379 522.0856777493603
1624.029411764706 452.11125319693065
1654.719948849105 436.15217391304327
1765.2058823529417 361.2672634271097
1689.093350383632 346.5358056265982
1763.9782608695657 247.0984654731454
1732.0601023017905 220.09079283887434
1867.0984654731462 444.74552429667494
1829.0421994884912 434.9245524296673
1534.4130434782612 271.65089514066466
1541.7787723785168 195.53836317135517
1517.2263427109976 211.49744245524266
1470.5767263427113 143.9782608695648
1421.471867007673 146.43350383631673
1351.4974424552431 103.46675191815814
1335.5383631713557 197.993606138107
1288.8887468030694 185.71739130434742
1250.8324808184145 161.16496163682825
1254.5153452685424 130.47442455242924
1265.5639386189262 120.6534526854216
1255.7429667519184 97.3286445012784
1291.3439897698213 92.41815856777453
1194.3618925831204 177.12404092071574
1157.5332480818415 174.6687979539638
1145.257033248082 82.59718670076687
1363.7736572890028 48.22378516624008
1420.244245524297 11.395140664961218
1612.0601023017903 186.4079283887467
1602.8529411764707 43.39002557544751
1630.4744245524296 73.46675191815854
1632.9296675191815 13.927109974424411
1571.5485933503837 9.016624040920647
1559.272378516624 31.727621483375913
1116.1010230179027 21.906649616368213
1057.1751918158566 27.430946291559962
1073.1342710997442 117.66112531969304
1162.136828644501 84.51534526854215
1053.4923273657287 213.4156010230178
1054.1061381074167 298.1214833759591
1231.497442455243 371.7787723785165
1213.0831202046033 420.26982097186703
1016.049872122762 146.51023017902804
1003.7736572890024 133.62020460358048
997.0217391304346 45.84526854219945
1000.7046035805625 20.06521739130426
768.3772378516626 405.46163682864426
832.2135549872123 351.44629156010205
781.881074168798 135.38491048593312
780.653452685422 103.46675191815814
789.2468030690538 82.59718670076687
762.2391304347827 77.686700767263
784.33631713555 22.443734015344948
824.8478260869567 39.63043478260829
840.8069053708441 23.671355498720914
872.7250639386191 61.727621483375515
908.326086956522 94.87340153452647
914.4641943734016 199.22122762148297
664.33631713555 218.3260869565217
731.8554987212276 117.04731457800506
756.4079283887468 43.39002557544751
795.0780051150896 4.719948849104753
927.6611253196932 20.06521739130426
955.2826086956522 30.499999999999943
894.5153452685423 2.878516624040799
874.1863136863137 345.814685314685
