768.8884018880647 816.2653405259608
1381.268712070128 940.5539447066756
1522.388064733648 526.2585974376263
1827.9308833445718 717.8701955495617
1030.088671611598 330.70229265003377
1044.9774106540794 238.13317599460555
1075.4022252191503 239.4278489548213
1130.425826028321 234.24915711395818
1162.1453135536076 234.8964935940661
1237.2363452461227 212.23971679028995
1266.3664868509777 199.94032366824
1336.2788267026299 205.11901550910318
1360.8776129467296 190.87761294672958
1416.5485502360082 183.75691166554282
1430.7899527983818 129.38064733648008
1480.6348617666893 134.5593391773432
1540.837154416723 123.55461901550905
1593.271409305462 132.61732973701953
1634.7009440323668 80.18307484828051
1632.7589345920433 111.90256237356711
1677.4251517194875 133.91200269723532
1683.8985165205665 84.06709372892783
1703.3186109238031 108.66587997302759
1725.3280512474716 81.47774780849625
1741.5114632501686 128.0859743762643
1801.0664194200945 131.3226567768038
1889.7515171948755 144.9167228590694
1898.8142279163858 120.31793661496965
1829.5492245448418 63.352326365475335
1782.9409979770737 88.59844908968307
1775.820296695887 63.352326365475335
1747.3374915711397 30.338165879972962
1824.3705327039786 36.164194200943996
1884.5728253540124 45.22690492245442
1913.7029669588674 56.878961564396434
1896.8722184760622 27.74881995954138
1408.1331759946056 81.47774780849625
1374.4716790289954 86.00910316925149
1322.0374241402562 82.12508428860417
1316.858732299393 47.81625084288601
1272.8398516520565 51.05293324342546
1228.8209710047201 111.90256237356711
1092.8803101820633 88.59844908968307
1057.2768037761293 102.19251517194868
1016.4946055293324 99.60316925151716
1010.0212407282535 114.49190829399862
980.2437626432906 104.1345246122724
997.0745111260957 115.78658125421441
792.8398516520566 356.5957518543493
740.4055967633176 511.9565070802428
616.1169925826027 497.71510451786924
500.24376264329055 461.4642616318274
579.866149696561 401.2619689817937
620.0010114632502 387.66790289952803
571.4507754551585 326.8182737693864
536.4946055293324 305.45616992582603
557.8567093728927 210.94504383007416
786.3664868509777 140.38536749831417
846.5687795010115 126.79130141604855
937.1958867161161 104.78186109238027
963.7366824005395 104.1345246122724
895.1190155091032 233.6018206338503
894.4716790289954 262.08462575859744
949.495279838166 275.03135536075524
712.5701281186783 238.13317599460555
621.9430209035738 238.78051247471342
616.7643290627107 213.53438975050574
343.9120026972354 247.19588671611598
431.9497639919084 281.50472016183414
491.5047201618342 262.08462575859744
518.0455158462577 224.53910991233988
293.4197572488199 401.9093054619016
279.8256911665543 270.5
53.257923128792925 294.45144976399195
24.775118004045794 147.506068779501
119.93358057990557 142.97471341874575
138.70633850303435 133.91200269723532
141.9430209035738 124.8492919757249
84.9774106540795 152.03742414025623
94.04012137558996 135.85401213755898
82.38806473364795 133.91200269723532
215.0920431557653 105.42919757248819
261.7002697235333 105.42919757248819
277.88368172623063 102.19251517194868
334.8492919757249 91.1877950101146
393.75691166554293 73.70971004720161
406.7036412677006 72.41503708698582
415.7663519892111 75.00438300741736
426.77107215104525 75.00438300741736
439.0704652730951 72.41503708698582
449.42784895482134 70.4730276466621
318.0185434929198 98.30849629130137
244.8695212407282 104.78186109238027
505.09878624409987 57.52629804450436
94.36378961564401 535.3213081591368
374.01314902225215 651.8418745785569
354.59305461901556 594.8762643290627
341.64632501685776 536.6159811193526
572.0981119352664 606.5283209710046
645.1174496644296 182.91610738255036
456.5000000000001 65.59395973154358
