791.9606741573033 458.2528089887637
967.2415730337079 450.1629213483143
1269.2640449438204 331.5112359550559
1331.2865168539324 307.2415730337076
69.93820224719093 466.679775280899
87.4662921348314 281.9606741573034
256.0056179775281 257.6910112359551
296.4550561797753 279.2640449438203
397.5786516853933 276.56741573033713
106.67977528089892 40.10674157303379
172.74719101123597 21.230337078651758
205.10674157303376 48.870786516854025
211.84831460674158 11.117977528089966
232.07303370786516 36.735955056179876
258.36516853932585 35.387640449438294
280.6123595505618 29.994382022471996
267.8033707865169 54.264044943820295
320.3876404494382 60.33146067415737
333.1966292134831 37.41011235955065
332.52247191011236 3.028089887640533
288.0280898876405 139.88202247191018
236.7921348314607 144.60112359550567
237.4662921348315 192.46629213483152
428.25280898876395 4.376404494382086
472.74719101123594 7.747191011236055
609.6011235955056 52.91573033707874
617.691011235955 127.07303370786525
637.9157303370786 55.61235955056188
666.2303370786516 36.735955056179876
686.4550561797752 13.140449438202324
716.7921348314605 15.162921348314683
716.1179775280898 56.28651685393265
734.9943820224718 52.91573033707874
770.7247191011235 27.297752808988832
802.4101123595507 24.601123595505726
830.050561797753 21.904494382022563
881.2865168539327 17.859550561797846
896.7921348314608 17.859550561797846
873.1966292134832 44.151685393258504
889.3764044943821 63.02808988764053
913.6460674157304 60.33146067415737
974.3202247191012 44.151685393258504
987.8033707865169 21.904494382022563
1058.5898876404494 21.230337078651758
1102.4101123595506 164.82584269662928
843.8707865168541 322.4101123595506
1198.477528089888 32.5224719101123
1445.2191011235955 10.949438202247165
1470.8370786516855 129.6011235955056
1466.7921348314608 12.297752808988662
1609.7134831460676 12.297752808988662
1740.5000000000002 54.09550561797744
1767.4662921348317 98.58988764044943
1727.0168539325846 101.28651685393254
1659.601123595506 198.36516853932585
