1535.3347943358058 755.4157113958192
1333.365812542144 140.4460552933242
1394.2154416722858 105.48988536749823
942.374578556979 386.4339177343222
1036.885704652731 382.5498988536749
1102.9140256237356 304.8695212407281
1084.7886041807146 95.13250168577201
1127.5128118678354 67.94436952124056
1013.581591368847 54.99763991908276
979.9200944032367 65.35502360080909
894.4716790289951 20.041469993256896
875.0515846257586 23.925488873904214
833.6220498988537 91.2484828051247
794.7818610923803 114.5525960890086
793.4871881321644 89.95380984490885
763.7097100472015 153.392784895482
515.7798381658797 197.99831422791635
648.4838165879971 170.1628455832771
692.5026972353335 147.506068779501
683.439986513823 109.96055293324338
636.1844234659472 117.72859069453807
664.6672285906943 84.06709372892783
703.5074173971677 90.54045853000667
715.1594740391097 104.13452461227234
730.6955495616991 86.00910316925149
715.8068105192176 48.463587322993874
764.3570465273093 79.53573836817259
757.2363452461224 62.05765340525954
765.6517194875249 28.396156439649303
813.5546190155088 40.69554956169918
843.9794335805797 22.570128118678326
806.4339177343221 16.096763317599425
775.3617666891433 2.5026972353336987
749.4683074848277 3.150033715441623
659.4885367498312 65.94167228590686
669.8459204315575 63.352326365475335
707.391436277815 36.81153068105186
630.3583951449762 86.00910316925149
629.7110586648682 65.94167228590686
653.6625084288601 37.45886716115979
592.8128792987186 76.946392447741
602.5229265003368 58.82097100472009
570.1561024949424 50.40559676331753
547.4993256911663 36.16419420094394
600.5809170600132 25.15947403910991
607.054281861092 23.864801078894065
620.0010114632498 29.6908293998651
642.0104517869181 27.10148347943357
655.6045178691838 19.33344571813882
677.6139581928521 20.628118678354664
663.3725556304785 14.802090357383577
611.5856372218473 13.507417397167842
621.9430209035736 9.623398516520524
697.0340525960887 12.212744436952107
669.1985839514496 113.19723533378283
798.6658799730275 9.623398516520524
629.7110586648682 16.096763317599425
641.3631153068102 13.507417397167842
649.1311530681048 20.628118678354664
724.3143674507312 12.95390972663688
716.3804831532104 4.409726636999267
609.491008991009 87.8026973026972
-105.80872483221472 885.8422818791948
564.0973154362415 12.117449664429557
600.1778523489932 34.66778523489933
552.2352941176471 50.5294117647059
635.1764705882354 50.79411764705877
813.0588235294117 2.5294117647059124
858.0588235294117 3.7647058823529562
