1230.9495504495505 255.66483516483504
1263.5569430569433 198.12237762237737
1273.1473526473528 182.7777222777221
1131.2092907092908 253.7467532467531
1215.6048951048951 192.3681318681317
1148.4720279720282 129.07142857142833
970.0904095904096 230.7297702297701
738.0024975024976 238.4020979020977
385.0754245754247 412.9475524475523
1592.0284715284715 179.87062937062916
1871.1093906093906 89.72077922077904
1918.1023976023976 7.243256743256438
1889.3311688311687 4.366133866133623
1855.7647352647355 1.4890109890106942
1800.1403596403597 22.587912087911832
1805.8946053946052 7.243256743256438
1789.590909090909 12.03846153846132
1778.0824175824177 11.079420579420344
1750.27022977023 7.243256743256438
1755.0654345654343 2.4480519480516705
1706.154345654346 9.161338661338391
1684.0964035964034 8.202297702297415
1713.8266733266732 21.628871128870856
1721.499000999001 4.366133866133623
1685.0554445554444 47.52297702297682
1670.6698301698302 52.31818181818164
1627.5129870129872 14.915584415584135
1647.6528471528472 13.956543456543159
1589.1513486513486 31.21928071928056
1556.5439560439559 35.055444555444346
1559.4210789210788 18.751748251748044
1569.9705294705295 22.587912087911832
1564.2162837162837 98.35214785214765
1598.7417582417584 55.195304695304515
1497.0834165834167 112.73776223776207
1489.4110889110889 48.482017982017794
1056.4040959040958 133.83666333666315
1120.6598401598403 73.41708291708272
1079.421078921079 91.63886113886093
1017.0834165834166 112.73776223776207
978.7217782217782 102.1883116883115
942.2782217782218 139.5909090909089
901.9985014985015 101.22927072927058
876.1043956043956 65.74475524475503
900.0804195804195 64.7857142857141
1012.2882117882118 28.342157842157576
1020.9195804195804 24.505994005993784
977.7627372627372 35.055444555444346
1206.9735264735264 61.908591408591235
1115.8646353646354 51.359140859140666
1134.0864135864135 67.66283716283698
1133.1273726273726 51.359140859140666
1240.53996003996 48.482017982017794
1299.0414585414587 115.61488511488494
1267.393106893107 64.7857142857141
1273.1473526473528 58.07242757242739
1260.6798201798201 47.52297702297682
1253.0074925074925 29.30119880119861
1316.3041958041958 37.932567432567225
1300.9595404595404 36.01448551448533
1346.9935064935066 32.17832167832148
1366.1743256743257 34.09640359640338
1389.1913086913087 22.587912087911832
1400.6998001998004 21.628871128870856
1408.3721278721277 20.66983016982988
1262.1183816183816 11.064435564435598
1263.556943056943 19.216283716283755
1259.7207792207791 10.58491508491511
1281.299200799201 15.859640359640395
1271.2292707292709 13.94155844155847
1282.2582417582419 4.351148851148878
1288.9715284715285 3.8716283716283897
1359.9405594405594 15.859640359640395
1368.5719280719281 6.2692307692308304
1378.1623376623377 17.77772227772232
1392.0684315684316 10.58491508491511
1377.2032967032967 3.8716283716283897
1370.9695304695306 0.9945054945055176
1358.5019980019981 1.4740259740260058
1333.0874125874127 13.94155844155847
1323.9765234765237 10.58491508491511
1341.7187812187813 19.695804195804214
1273.6268731268733 24.9705294705295
1294.2462537462538 20.66983016982988
1298.0824175824177 9.161338661338391
1302.8776223776224 5.325174825174599
1319.1813186813188 1.4890109890106942
1305.7547452547453 17.792707292707064
1302.3981018981021 41.75374625374627
1294.7257742257743 52.7827172827173
1333.0874125874127 7.22827172827175
1272.6678321678323 0.5149850149850295
1411.2492507492511 32.17832167832148
1397.8226773226775 13.956543456543159
1354.6658341658344 9.161338661338391
166.41408591408594 343.8966033966032
128.05244755244757 240.32017982017965
105.0354645354646 232.64785214785195
423.43706293706305 263.3371628371626
184.15634365634358 145.3451548451547
221.55894105894097 142.46803196803177
257.0434565434565 150.14035964035946
276.2242757242757 154.93556443556423
303.07742257742257 149.1813186813185
232.10839160839154 210.5599400599399
274.30619380619373 196.17432567432553
188.95154845154835 48.482017982017794
208.13236763236753 47.52297702297682
200.46003996003984 37.932567432567225
387.4730269730269 156.85364635364618
434.46603396603393 98.35214785214765
468.9915084915084 139.5909090909089
423.9165834165833 212.4780219780218
452.68781218781214 202.88761238761225
466.1143856143856 185.6248751248749
518.8616383616383 37.932567432567225
502.55794205794194 35.055444555444346
615.7247752247753 133.83666333666315
539.9605394605395 242.20829170829154
506.3941058941058 213.43706293706276
546.6738261738261 226.8636363636362
828.6318681318681 68.62187812187796
860.2802197802197 71.49900099900083
1047.7727272727273 107.94255744255724
1804.4560439560441 397.6028971028968
119.79411764705884 402.1470588235293
607.2058823529412 448.73529411764684
653.0882352941177 271.5588235294115
703.2058823529412 292.73529411764684
302.97058823529414 299.0882352941174
343.2058823529412 274.38235294117624
-6.205882352941188 512.9705882352939
377.97058823529414 192.1470588235291
345.50000000000006 154.02941176470557
348.32352941176475 120.14705882352914
377.61764705882354 102.8529411764703
423.1470588235295 136.73529411764676
536.7941176470589 143.08823529411734
586.5588235294118 129.676470588235
665.6176470588236 152.26470588235262
1135.3823529411766 149.61764705882348
1321.3823529411766 97.3823529411764
