582.7818791946308 427.7483221476508
1181.9765100671143 453.52013422818777
1254.4597315436242 458.3523489932884
1277.010067114094 308.5536912751676
1075.6677852348994 160.3657718120803
853.3859060402685 158.75503355704677
695.5335570469799 94.32550335570443
903.3187919463089 71.77516778523466
901.7080536912754 54.05704697986562
937.1442953020135 136.204697986577
850.1644295302015 52.44630872483185
790.9697986577182 35.332214765100446
723.3187919463089 23.251677852348735
695.9362416107385 16.003355704697697
676.6073825503358 34.526845637583676
654.0570469798658 10.365771812080311
599.291946308725 11.97651006711385
770.8355704697988 3.9228187919460424
881.9765100671143 81.23825503355681
784.8614931237723 24.93025540275045
814.5667976424364 7.955795677799529
751.8555992141455 32.94597249508851
1479.1577181208054 562.4060402684565
778.486577181208 158.3926174496645
740.4731543624159 113.29194630872485
765.7617449664428 41.755033557047
527.6946308724831 6.963087248322154
394.20588235294133 49.02941176470583
