84.48871119473189 298.4680150517403
163.96190028222023 244.28174976481648
228.98541862652874 222.60724365004694
277.7530573847602 190.09548447789268
299.42756349952975 182.87064910630284
1433.7267168391347 659.7097836312324
1540.293038570085 621.7793979303858
1690.2083725305743 529.6627469426152
1657.6966133584197 374.3287864534336
1374.1218250235186 383.35983066792096
1168.214016933208 437.54609595484476
693.1810912511761 345.42944496707435
834.0653809971778 305.6928504233301
705.8245531514582 282.2121354656632
536.0409219190971 296.6618062088429
340.97036688617123 186.4830667920977
340.97036688617123 186.4830667920977
359.0324553151459 184.67685794920033
438.5056444026341 228.0258701787394
561.3278457196615 193.70790216368766
610.0954844778929 206.35136406396975
797.9412041392288 251.5348071495767
865.6740357478836 238.8913452492945
846.7088428974603 193.73612417685797
780.782220131703 184.7050799623707
609.1923800564442 149.4840075258702
476.4360301034808 133.228127939793
663.378645343368 129.61571025399815
708.5338664158045 133.228127939793
721.1773283160867 111.55362182502347
741.0456255879589 76.33254938852303
767.235653809972 102.52257761053619
783.4915333960491 104.32878645343362
778.9760112888055 145.87158984007522
804.26293508937 143.16227657572904
797.0380997177801 87.16980244590775
821.4219190968959 90.78222013170273
871.092662276576 174.7709313264346
871.092662276576 174.7709313264346
925.2789275634998 174.7709313264346
952.3720602069618 183.80197554092194
983.9807149576674 165.7398871119473
1003.8490122295394 141.3560677328316
1044.4887111947323 109.74741298212604
1076.097365945438 144.06538099717778
1117.6401693320795 165.7398871119473
1110.4153339604895 238.8913452492945
1142.927093132644 237.08513640639705
1248.5903104421454 175.67403574788335
1110.4153339604895 96.20084666039509
862.9647224835375 127.80950141110065
773.5573847601131 48.336312323612326
799.7474129821263 48.336312323612326
657.9600188146755 79.04186265286921
653.4444967074319 49.23941674506108
660.6693320790217 38.4021636876763
685.0531514581376 39.30526810912505
690.4717779868299 23.952492944496612
672.4096895578552 13.115239887111898
682.3438381937913 6.793508936970738
851.2243650047042 73.18579492003758
848.9666039510823 43.38334901222947
833.1622765757295 26.675917215427944
840.3871119473193 11.32314205079956
800.6505174035751 8.162276575728981
702.6636876763879 12.22624647224825
713.0493885230483 5.452963311382803
888.7031984948264 52.41439322671678
875.6081843838199 78.15286923800562
884.1876763875828 83.57149576669798
884.1876763875828 83.57149576669798
905.410630291628 78.15286923800562
923.9242709313269 60.54233301975535
929.7944496707437 52.865945437441155
949.2111947318914 51.96284101599241
951.0174035747889 63.703198494825926
946.5018814675452 91.2478833490122
964.1124176857954 73.18579492003758
1001.1396989651934 70.92803386641577
1012.8800564440269 65.05785512699902
1011.5253998118537 45.64111006585131
976.3043273753533 43.38334901222947
976.3043273753533 43.38334901222947
980.819849482597 35.25540921919088
1047.1980244590786 83.57149576669798
1060.7445907808096 62.34854186265284
1035.0061147695208 18.54797742238938
1049.4557855127005 18.096425211665007
1067.5178739416751 32.09454374412036
1059.8414863593607 84.47460018814672
1118.5432737535284 73.1857949200377
1081.9675446848546 89.89322671683922
1088.2892756349959 64.15475070555041
1160.9891815616186 95.31185324553158
1160.5376293508941 59.1876763875824
1138.8631232361247 63.70319849482607
1192.1462841015998 64.15475070555041
1168.6655691439328 58.28457196613368
918.957196613359 158.0776105362183
1175.8904045155227 61.445437441204234
1211.5630291627474 73.1857949200377
1144.7333019755415 26.22436500470377
1169.5686735653815 43.83490122295402
1169.5686735653815 43.83490122295402
1176.7935089369714 37.06161806208851
1185.8245531514588 28.933678269049977
1224.2064910630297 28.933678269049977
1227.8189087488247 37.06161806208851
1210.2083725305745 35.25540921919108
1256.7182502351839 34.352304797742335
1272.0710253998125 38.41627469426163
1282.0051740357485 32.5460959548449
1247.6872060206967 86.73236124176864
1248.138758231421 105.2460018814676
1259.8791157102546 103.89134524929452
1274.3287864534343 112.47083725305745
1295.5517403574795 94.40874882408286
1265.297742238947 84.92615239887121
1325.3541862652874 102.53668861712143
1347.028692380057 104.79444967074326
1378.1857949200382 103.43979303857014
1364.6392285983072 111.56773283160872
1425.147224835372 112.47083725305745
1436.8875823142057 158.98071495766703
1360.575258701788 159.88381937911578
1370.0578551269996 229.42285983066796
1370.0578551269996 229.42285983066796
1284.7144873000946 84.92615239887121
1482.4943555973666 133.22812793979313
1473.4633113828793 165.73988711194738
1511.393697083726 136.840545625588
1493.3316086547516 198.25164628410164
1533.9713076199441 149.4840075258702
1456.3043273753533 124.19708372530579
1554.742709313265 163.0305738476012
1561.0644402634061 200.05785512699913
1585.4482596425219 198.25164628410164
1608.0258701787402 263.27516462841027
1656.7935089369716 298.4962370649107
1627.8941674506123 150.387111947319
1644.1500470366893 159.41815616180628
1693.8207902163695 181.09266227657577
1106.8029162746948 38.40216368767642
1117.6401693320795 32.98353715898406
1057.1321730950147 51.045625587958625
941.5348071495772 6.793508936970852
910.8292568203203 1.374882408278495
862.9647224835377 0.47177798682969296
1623.3786453433686 175.6740357478834
1832.8988711194734 184.67685794920033
9.982596425211568 160.32126058325503
44.300564440263344 172.96472248353723
44.300564440263344 172.96472248353723
78.61853245531509 200.05785512699913
101.19614299153332 194.63922859830677
95.77751646284096 161.2243650047037
120.16133584195669 188.3174976481656
130.0954844778927 178.3833490122296
125.57996237064903 209.99200376293516
90.35888993414855 191.02681091251185
90.35888993414855 191.02681091251185
113.83960489181558 171.15851364063974
149.06067732831602 158.51505174035753
164.41345249294446 169.3523047977423
176.15380997177797 156.70884289746004
234.85559736594544 134.1312323612418
195.79633113828785 160.78692380056452
268.0446848541863 128.72671683913458
235.53292568203196 156.7229539040452
277.9788334901223 112.47083725305745
301.4595484477893 110.66462841015999
319.0700846660395 98.9242709313265
223.7925682031985 100.2789275634996
145.22248353715898 84.92615239887121
153.35042333019757 84.92615239887121
94.64863593603009 88.99012229539048
94.64863593603009 88.99012229539048
112.25917215428034 87.63546566321739
68.45860771401694 65.05785512699916
79.29586077140168 71.37958607714026
96.90639698965192 70.02492944496717
116.3231420507996 66.86406396989659
89.23000940733773 62.80009407337732
124.4510818438382 51.059736594543836
101.42191909689556 59.1876763875824
82.00517403574788 47.898871119473284
91.03621825023517 43.83490122295402
157.41439322671684 44.73800564440273
177.2826904985889 48.35042333019766
183.60442144873 54.22060206961439
208.43979303857006 70.02492944496717
198.95719661335843 89.89322671683922
219.72859830667923 68.67027281279408
235.53292568203196 56.47836312323622
254.94967074317964 46.09266227657582
287.0098777046096 46.09266227657582
263.0776105362183 38.41627469426163
316.8123236124177 44.73800564440273
329.9073377234243 57.83301975540931
361.51599247412986 58.736124176858056
369.6439322671684 61.89698965192858
375.51411100658515 36.61006585136417
386.80291627469427 44.73800564440273
400.3494825964252 44.73800564440273
415.7022577610536 42.93179680150527
1008.8160865475074 6.7793979303857554
999.3334901222958 11.294920037629424
996.1726246472251 40.194261523988786
1023.2657572906871 7.2309501411101
751.8828786453437 5.424741298212666
763.1716839134529 1.8123236124177424
965.4670743179684 3.618532455315176
983.0776105362186 11.294920037629424
975.8527751646287 2.7154280338664876
1207.0475070555035 21.680620884289823
292.20272812793985 26.675917215428143
306.2008466603951 21.70884289746013
316.13499529633117 21.70884289746013
281.81702728127937 27.127469426152487
275.043744120414 26.675917215428143
1096.162188099808 47.97600767754324
17.774472168906 47.97600767754324
12.707293666026928 55.807101727447275
23.76295585412673 97.72648752399238
145.37523992322457 108.78214971209218
170.25047984644914 99.10844529750486
195.1257197696737 102.33301343570062
862.6470588235294 3.5882352941175952
855.9411764705882 4.117647058823479
878.9705882352941 3.147058823529335
838.735294117647 31.735294117647015
