384.7696629213483 584.9943820224717
1040.0505617977528 579.6011235955053
942.9719101123595 264.0955056179773
740.7247191011237 274.88202247190986
1180.2752808988762 212.8595505617975
1129.0393258426966 158.92696629213458
951.061797752809 167.016853932584
144.0955056179775 116.11797752808985
126.56741573033703 141.73595505617976
265.44382022471916 126.90449438202245
367.9157303370787 106.67977528089887
401.623595505618 86.45505617977528
621.3988764044946 98.58988764044943
684.7696629213485 105.33146067415726
706.3426966292136 112.07303370786514
683.4213483146069 54.09550561797744
715.7808988764048 72.97191011235952
734.6573033707868 68.92696629213481
761.6235955056181 43.3089887640449
874.8820224719104 102.63483146067415
846.5674157303374 102.63483146067415
1014.0955056179779 72.46629213483155
1039.039325842697 162.1292134831461
716.1179775280903 36.735955056179876
712.0730337078655 11.117977528089966
785.5561797752813 10.443820224719161
774.7696629213486 10.443820224719161
828.0280898876408 19.882022471910204
1131.398876404495 110.21910112359558
1062.6348314606748 94.71348314606749
1072.7471910112365 79.2078651685394
1103.7584269662927 78.53370786516862
1141.5112359550567 83.92696629213492
1177.2415730337084 69.76966292134838
1190.7247191011243 96.06179775280907
1273.646067415731 79.88202247191018
1209.6011235955061 193.1404494382023
630.1629213483147 83.92696629213492
564.2151702786377 987.3111455108361
637.5278637770898 388.92105263157896
692.0170278637772 15.376160990712151
649.4164086687307 26.273993808049596
667.7445820433438 214.5247678018576
1014.9891640866873 52.527863777089834
