1049.6125389237313 287.8370685496251
1173.37290031139 226.97131704749796
1155.1131748607518 274.64948905749753
1284.9601113986228 345.65953247664584
1412.7781895530898 350.7316784351565
1537.5529801324503 248.2743300732424
1623.7794614271304 349.71724924345426
1583.2022937590457 371.0202622691988
1760.7274023069165 437.9725889215386
1872.3146133941495 178.2787158457963
1715.0780886803211 248.2743300732424
1469.5862242884084 187.40857857111533
1454.3697864128767 135.6726897943073
979.6169246962852 126.54282706898823
907.5924520854348 124.51396868558402
852.8132757335204 16.984474365159485
877.1595763343712 9.883470023244627
954.2561949037322 8.86904083154252
1022.2229507477741 149.8746984781369
1157.142033244156 147.8458400947327
1274.8158194816017 167.11999473707294
1324.5228498750055 230.01460462260434
1323.5084206833035 150.88912766983913
1349.8835796675585 131.61497302749876
1382.3453138020263 163.06227797026452
1371.1865926933028 89.00894697600984
1332.6382834086226 91.03780535941405
1282.9312530152188 73.79250910047813
1259.59938160607 80.89351344239287
1304.2342660409631 35.24419981579763
1271.7725319064953 58.576071224946304
1243.368514538836 17.998903556861592
1201.7769176790491 8.86904083154252
1171.3440419279855 20.027761940265805
1148.012170518837 20.027761940265805
1096.276281742029 30.17205385728698
1058.7424016490504 5.825753256436201
85.53311258278143 35.864238410596045
211.09602649006615 32.68543046357627
392.28807947019857 35.864238410596045
451.09602649006615 24.738410596026597
435.2019867549668 24.738410596026597
1849.7715231788075 650.9635761589404
257.97058823529414 43.73529411764699
1111.735294117647 231.6764705882352
1100.0882352941178 139.55882352941168
1229.9705882352941 132.1470588235293
1821.1470588235295 286.02941176470586
