559.1754966887415 811.4933774834439
184.0761589403973 781.2947019867552
284.2086092715231 66.06291390728484
500.36754966887406 64.47350993377484
535.3344370860926 54.93708609271516
1221.956953642384 116.92384105960264
923.1490066225163 212.28807947019868
1303.0165562913905 104.20860927152319
1558.5685057672908 241.26312442436753
1511.6021446427787 101.81660892066147
1484.0033551160036 99.87985176088779
1598.7562168325949 56.30281566597961
1620.544734880049 58.23957282575333
1608.9241919214069 49.5241656067717
1666.5427174246743 67.43916933467835
1734.3292180167537 67.43916933467835
1712.056510679356 57.27119424586647
1753.212600324547 67.43916933467835
1771.6117933423973 85.35417306258508
1805.0208543484937 69.37592649445207
1631.6810885487478 63.08146572518757
1694.1415069514494 43.71389412745061
1644.7541993772202 61.14470856541385
397.51375245579555 839.4390962671907
1611.8948919449901 61.23673870333997
1680.2642436149313 64.0658153241651
646.2367387033398 52.277996070727
774.016699410609 56.52161100196474
820.6964636542239 53.69253438113958
628.319253438114 58.87917485265234
1029.1051080550103 45.67681728880166
1262.9754420432223 32.474459724950975
1257.7888015717097 29.64538310412584
1270.9911591355603 32.474459724950975
1240.8143418467587 54.635559921414625
1209.2229862475447 33.88899803536356
1303.0540275049123 29.64538310412584
1431.541257367387 254.94007858546172
1473.9774066797643 252.11100196463656
1719.1640471512771 200.24459724950884
1586.9047151277016 79.62573673870344
1039.714145383104 250.22495088408647
