719.1516853932584 1051.5112359550558
241.8483146067416 652.4101123595502
848.5898876404495 425.893258426966
130.61235955056173 304.8820224719102
212.85955056179773 395.2191011235956
29.151685393258475 129.0955056179776
52.747191011236 169.54494382022477
54.769662921348356 53.58988764044952
174.09550561797752 180.33146067415737
250.2752808988764 168.19662921348322
221.28651685393257 29.32022471910119
236.11797752808988 34.03932584269671
276.5674157303371 43.47752808988773
265.78089887640454 15.162921348314683
272.52247191011236 3.7022471910113377
294.7696629213483 3.028089887640533
306.90449438202245 48.19662921348322
401.28651685393254 8.421348314606803
470.05056179775283 72.46629213483155
64.54494382022466 300.83707865168543
478.8146067415733 110.21910112359558
511.84831460674184 75.83707865168546
576.5674157303373 22.578651685393368
600.8370786516856 21.904494382022563
630.5000000000002 12.46629213483152
650.0505617977531 27.297752808988832
629.1516853932586 65.05056179775289
658.1404494382025 50.89325842696638
729.6011235955058 34.03932584269671
777.4662921348317 10.443820224719161
812.5224719101126 52.91573033707874
809.8258426966295 32.69101123595516
832.0730337078654 30.6685393258428
809.1516853932586 140.55617977528095
873.1966292134838 155.38764044943824
967.5786516853939 8.421348314606803
1079.4887640449444 136.51123595505624
1084.20786516854 102.80337078651692
1126.0056179775288 63.70224719101131
1163.7584269662927 3.7022471910113377
1518.3651685393259 63.02808988764053
1649.1516853932585 71.11797752808997
1821.061797752809 83.92696629213492
