538.4775280898876 765.6685393258424
382.0730337078652 752.1853932584266
193.308988764045 552.6348314606739
20.724719101123696 520.2752808988761
1293.5337078651687 633.5337078651683
1530.8370786516853 525.6685393258424
1085.8932584269664 447.4662921348312
994.2078651685393 433.9831460674154
951.061797752809 374.6573033707863
1201.8483146067415 215.5561797752806
1269.2640449438204 193.98314606741542
1309.7134831460676 202.07303370786485
1390.612359550562 231.73595505617948
1447.241573033708 234.43258426966258
1584.7696629213483 193.98314606741542
1638.7022471910113 193.98314606741542
1724.9943820224717 212.8595505617975
1681.8483146067415 336.9044943820222
1600.9494382022472 326.11797752808957
1517.3539325842694 344.99438202247165
1902.9719101123596 353.0842696629211
133.98314606741576 299.15168539325816
599.8258426966293 290.38764044943787
564.7696629213483 311.96067415730306
571.5112359550561 318.70224719101094
649.7134831460673 340.27528089887613
714.432584269663 325.4438202247188
768.3651685393259 317.3539325842694
819.6011235955057 311.96067415730306
803.4213483146068 259.3764044943817
873.5337078651687 237.8033707865165
935.5561797752811 276.90449438202216
954.4325842696632 245.89325842696599
970.612359550562 167.6910112359547
1025.8932584269664 182.52247191011202
1050.1629213483147 181.1741573033704
1077.129213483146 116.45505617977489
1129.7134831460676 102.97191011235918
1240.2752808988766 59.8258426966288
1186.3426966292136 73.30898876404457
1148.58988764045 71.96067415730295
1144.544943820225 47.69101123595465
1124.3202247191016 43.64606741572993
1077.129213483146 82.74719101123554
1089.2640449438204 65.21910112359512
1056.9044943820227 77.35393258426927
1054.2078651685397 101.62359550561757
1011.0617977528092 105.66853932584229
974.6573033707867 65.21910112359512
1253.7584269662925 36.90449438202205
1229.4887640449442 34.20786516853889
1299.6011235955061 93.53370786516814
1311.73595505618 77.35393258426927
1338.7022471910118 90.83707865168503
1334.6573033707868 174.43258426966258
253.308988764045 283.308988764045
301.8483146067416 273.87078651685397
274.8820224719101 157.91573033707863
454.20786516853946 198.36516853932585
413.7584269662922 279.2640449438203
481.17415730337086 148.47752808988764
514.8820224719102 120.16292134831463
351.7359550561798 129.6011235955056
270.8370786516854 140.3876404494382
369.6011235955058 131.79213483146074
364.8820224719103 113.58988764044952
378.36516853932596 119.6573033707866
413.4213483146069 123.0280898876405
435.66853932584286 117.63483146067423
525.3314606741574 102.12921348314615
512.5224719101125 108.19662921348322
536.11797752809 79.88202247191018
535.4438202247193 63.02808988764053
485.55617977528107 72.46629213483155
490.9494382022473 71.11797752808997
507.12921348314615 67.74719101123605
1410.1629213483147 70.27528089887636
1438.4775280898878 59.488764044943764
1473.5337078651687 78.3651685393258
1495.106741573034 108.02808988764042
1522.0730337078653 91.8483146067415
1571.9606741573034 40.61235955056173
1558.477528089888 33.870786516853855
1624.544943820225 46.005617977528004
1696.0056179775283 67.5786516853932
1856.4550561797755 25.78089887640442
1894.2078651685397 10.949438202247165
1903.6460674157306 86.45505617977528
1878.0280898876408 106.67977528089887
1501.8483146067417 35.219101123595465
1474.8820224719102 51.39887640449433
1365.6685393258426 14.994382022471882
1399.376404494382 10.949438202247165
1330.612359550562 23.084269662921315
1284.7696629213483 25.78089887640442
1272.6348314606741 10.949438202247165
1064.9943820224719 29.825842696629138
1033.9831460674156 16.34269662921338
1051.5112359550562 14.994382022471882
1109.8258426966293 10.443820224719161
1088.252808988764 10.443820224719161
1009.3764044943821 40.10674157303379
997.2415730337078 13.81460674157313
1217.0168539325841 15.162921348314683
1207.5786516853932 9.095505617977608
1184.6573033707864 11.792134831460771
1197.4662921348315 8.421348314606803
1153.6460674157304 29.994382022471996
1141.5112359550562 13.81460674157313
1043.0842696629213 79.88202247191018
971.6235955056179 110.21910112359558
1132.073033707865 260.55617977528095
1196.1179775280898 25.94943820224728
1161.7359550561798 17.859550561797846
1167.129213483146 58.30898876404501
1233.196629213483 7.07303370786525
1372.7471910112358 124.37640449438209
1795.7808988764048 29.825842696629138
1093.1176470588236 30.764705882352956
1047.7647058823532 54.588235294117666
1068.7647058823532 58.117647058823536
1005.764705882353 97.11764705882354
1004.3529411764707 51.588235294117666
405.7173913043479 181.29710144927535
306.7801932367151 169.70289855072463
289.7753623188407 137.2391304347826
286.2971014492755 119.07487922705315
333.4468599033818 117.91545893719805
464.4613526570049 73.47101449275361
464.8478260869566 82.74637681159419
397.2149758454107 126.41787439613526
130.35507246376812 181.22463768115927
158.18115942028987 174.26811594202889
192.96376811594206 159.5821256038646
223.88164251207735 165.7657004830917
27.939613526569985 331.1763285024154
75.86231884057966 295.6207729468598
101.36956521739125 281.7077294685989
44.94444444444437 229.92028985507238
18.664251207729393 244.6062801932366
65.0410628019323 217.55314009661822
54.99275362318835 130.21014492753613
69.67874396135258 127.89130434782595
1120.693236714976 24.388888888888914
1187.9396135265702 45.2584541062802
1242.81884057971 34.050724637681185
1262.5289855072465 11.635265700483103
1079.340579710145 13.56763285024158
1062.7222222222222 12.40821256038646
1176.925120772947 105.47584541062787
1220.9830917874397 124.79951690821241
897.8913043478259 332.5772946859905
