642.733300099701 584.5279162512462
181.39730807577257 203.59072781655004
37.8280159521434 17.907776669989744
297.6884346959122 75.24576271186447
270.88883349950135 41.746261216351
185.7043868394814 17.818045862412873
213.4611166500497 8.246759720837531
305.3454636091724 9.2038883349951
371.38733798604176 14.946660019940282
337.88783649052834 14.946660019940282
373.3015952143568 108.74526420737794
353.20189431704875 89.60269192422737
408.71535393818533 124.05932203389841
432.6435692921235 84.81704885343976
839.4232303090728 190.10119641076778
916.9506480558325 162.3444666001995
516.870887337986 41.746261216351
535.056331006979 37.9177467597209
456.5717846460617 53.23180458624131
441.2577268195413 21.64656031904292
397.22981056829497 4.418245264207485
1038.9845463609172 381.61665004985025
1220.8389830508474 329.93170488534383
1270.609670987039 171.0483549351942
1414.178963110668 283.9895314057824
1680.2607178464607 653.4411764705882
1902.314556331007 239.96161515453616
967.4349845201236 97.62074303405575
1007.0634674922601 125.36068111455108
638.5185758513935 152.10990712074306
312.5743034055729 66.89318885448921
147.1253869969042 31.722910216718333
265.5154798761612 22.311145510835985
229.35448916408686 5.9643962848298315
414.122291021672 17.852941176470665
451.2739938080497 24.29256965944279
465.63931888544903 10.91795665634686
480.96829268292686 612.6170731707315
547.9341463414635 29.32926829268291
703.8756097560977 161.182926829268
100.07198443579767 126.39494163424123
6.219844357976683 36.394941634241235
243.82684824902725 66.77431906614785
259.06031128404675 65.54863813229571
210.5583657587549 32.630350194552534
362.83463035019463 19.49805447470817
340.5972762645915 1.9883268482490166
316.6089494163425 23.350194552529175
624.6050583657586 3.389105058365743
1113.8852140077818 20.285992217898837
1100.928015564202 14.332684824902742
1146.1031128404666 17.134241245136195
1309.643968871595 3.4766536964980332
