21.434579439252335 1064.861370716511
89.2227414330218 871.4657320872275
268.6619937694704 957.1978193146416
290.5934579439253 536.51246105919
366.3566978193147 536.51246105919
428.1635514018692 382.992211838006
356.3878504672898 359.06697819314627
501.93302180685356 480.6869158878503
621.5591900311528 494.64330218068517
691.3411214953272 347.10436137071633
934.5809968847353 299.2538940809967
970.468847352025 173.6464174454827
755.1417445482867 181.6214953271027
723.241433021807 139.75233644859793
693.3348909657321 139.75233644859793
675.3909657320872 107.85202492211818
735.2040498442369 111.83956386292823
797.0109034267913 111.83956386292823
802.9922118380063 32.08878504672862
771.0919003115265 38.070093457943585
930.5934579439253 12.151090342678799
866.7928348909658 32.08878504672862
884.7367601246107 46.04517133956347
1666.2943925233646 60.001557632398544
1734.082554517134 101.87071651090321
1807.8520249221185 67.97663551401854
1863.677570093458 54.020249221183576
1919.5031152647978 257.38473520249204
1728.1012461059192 18.132398753893767
1917.5093457943929 52.026479750778435
1669.8498452012388 656.4133126934985
877.2801857585141 6.4752321981424075
