104.65730337078648 47.85955056179776
121.51123595505621 43.14044943820227
132.97191011235955 53.25280898876406
144.43258426966295 62.691011235955045
235.44382022471908 70.78089887640448
304.8820224719101 60.66853932584269
296.79213483146066 39.09550561797755
300.8370786516854 19.544943820224717
314.32022471910113 2.016853932584297
327.12921348314603 14.825842696629223
321.7359550561797 47.85955056179776
337.9157303370787 49.20786516853934
351.39887640449433 64.7134831460674
343.3089887640449 38.421348314606746
360.1629213483146 38.421348314606746
405.33146067415726 65.38764044943821
397.2415730337078 52.578651685393254
433.6460674157303 70.1067415730337
412.74719101123594 46.51123595505618
437.01685393258424 34.37640449438203
407.3539325842696 20.893258426966298
391.8483146067416 22.915730337078656
418.814606741573 12.129213483146088
463.98314606741576 11.455056179775283
483.5337078651685 34.37640449438203
489.60112359550556 66.73595505617976
501.06179775280896 24.938202247191015
516.567415730337 8.084269662921372
519.9382022471909 34.37640449438203
516.567415730337 55.949438202247194
530.7247191011235 53.25280898876406
550.949438202247 60.66853932584269
557.0168539325842 41.792134831460686
566.4550561797752 55.27528089887642
540.8370786516853 169.2078651685393
615.6685393258426 112.57865168539325
610.2752808988763 70.1067415730337
586.005617977528 61.34269662921349
578.5898876404493 58.64606741573033
609.6011235955056 33.028089887640476
596.1179775280898 14.151685393258447
615.6685393258426 13.477528089887642
676.3426966292134 11.455056179775283
691.8483146067415 17.52247191011236
699.2640449438202 38.421348314606746
687.8033707865168 53.25280898876406
665.5561797752808 51.90449438202248
668.252808988764 41.11797752808991
623.7584269662921 64.03932584269663
669.6011235955056 117.97191011235955
681.7359550561797 165.83707865168537
657.4662921348314 177.97191011235952
728.252808988764 111.23033707865167
705.3314606741573 72.12921348314609
714.7696629213482 50.556179775280896
737.691011235955 53.926966292134836
743.0842696629212 85.61235955056179
766.005617977528 95.72471910112358
221.62359550561786 266.4550561797753
310.6123595505616 281.28651685393254
500.7247191011234 293.4213483146067
592.4101123595503 305.5561797752809
636.9044943820222 301.5112359550561
694.88202247191 261.06179775280896
824.3202247191009 368.9269662921348
948.3651685393254 378.3651685393258
969.9382022471907 304.2078651685393
922.7471910112356 181.51123595505618
984.7696629213481 192.29775280898878
956.455056179775 104.65730337078651
855.3314606741569 108.70224719101122
855.3314606741569 64.20786516853934
764.6573033707863 28.98314606741576
767.3539325842695 10.780898876404535
776.7921348314605 51.90449438202248
794.9943820224717 49.20786516853934
807.1292134831458 35.050561797752835
820.6123595505616 14.825842696629223
813.8707865168537 17.52247191011236
852.2977528089885 15.5
868.4775280898874 15.5
883.9831460674155 15.5
911.6235955056178 12.129213483146088
898.8146067415728 53.926966292134836
867.8033707865167 49.20786516853934
943.9831460674155 55.27528089887642
957.4662921348312 44.48876404494382
999.26404494382 36.39887640449439
1021.5112359550559 26.960674157303373
1050.4999999999998 21.567415730337075
1063.3089887640447 86.96067415730337
1031.6235955056177 99.7696629213483
1028.2528089887637 79.54494382022472
1132.7471910112358 99.09550561797752
1111.8483146067415 101.79213483146066
1134.769662921348 62.01685393258427
1161.0617977528086 75.5
1161.0617977528086 109.88202247191012
1174.5449438202245 108.53370786516854
1191.398876404494 67.41011235955057
1188.0280898876404 24.264044943820238
1171.8483146067415 8.758426966292177
1152.2977528089887 16.174157303370805
1108.4775280898875 12.803370786516894
1094.320224719101 17.52247191011236
1113.8707865168537 14.151685393258447
1050.1629213483143 279.938202247191
1151.2865168539322 366.23033707865164
1345.4438202247186 267.80337078651684
1398.02808988764 270.5
1346.79213483146 101.9606741573034
1269.9382022471905 95.21910112359552
1228.1404494382018 96.56741573033707
1241.6235955056175 11.623595505618027
1233.533707865168 61.511235955056236
996.9044943820226 524.3202247191008
1387.9157303370785 545.8932584269659
1816.6797752808989 346.34269662921315
1606.3426966292132 136.00561797752766
1584.0955056179773 170.72471910112358
1584.0955056179773 30.5
1594.88202247191 29.151685393258447
1617.8033707865168 26.455056179775283
1628.5898876404492 27.803370786516894
1636.6797752808986 19.71348314606746
1809.26404494382 74.99438202247188
1756.6797752808986 12.971910112359637
1801.1741573033705 2.185393258426984
1868.5898876404492 31.84831460674161
1911.7359550561796 37.24157303370788
1886.1179775280896 196.3426966292135
1853.7584269662918 220.6123595505618
1894.8820224719102 810.1629213483142
