64.10856269113162 182.33486238532078
191.32568807339464 145.14831804281323
328.32874617737014 151.0198776758407
387.0443425076454 123.61926605504561
1138.6039755351683 282.1513761467888
827.4113149847096 121.66207951070305
776.5244648318044 119.7048929663606
1486.493883792049 73.80275229357778
1371.9984709480123 93.3746177370029
1860.3165137614683 79.6743119266053
1785.943425076453 2.365443425076137
952.6712538226303 50.31651376146766
1047.594801223242 3.344036697247475
1153.2828746177374 7.258409785932486
