11.62359550561797 57.297752808988776
14.320224719101162 35.72471910112358
42.63483146067418 48.53370786516854
46.00561797752812 70.78089887640448
45.33146067415734 41.11797752808991
58.14044943820227 41.11797752808991
81.73595505617979 62.691011235955045
92.52247191011239 47.185393258426984
154.54494382022474 52.578651685393254
129.60112359550564 32.35393258426967
149.15168539325842 33.028089887640476
181.5112359550562 43.14044943820227
197.69101123595507 41.11797752808991
217.91573033707866 41.11797752808991
243.5337078651685 37.07303370786519
263.0842696629213 49.88202247191012
281.28651685393254 45.162921348314626
275.21910112359546 18.87078651685394
303.5337078651685 23.589887640449433
317.01685393258424 25.61235955056179
321.06179775280896 18.196629213483163
303.5337078651685 42.46629213483146
329.1516853932584 67.41011235955057
365.55617977528095 59.99438202247191
381.06179775280896 62.01685393258427
353.4213483146067 37.74719101123594
348.0280898876405 13.477528089887642
371.623595505618 10.780898876404535
380.3876404494382 41.792134831460686
400.6123595505618 35.050561797752835
422.185393258427 41.11797752808991
381.7359550561798 140.2191011235955
455.8932584269663 153.70224719101122
466.67977528089875 27.63483146067415
463.98314606741553 17.52247191011236
478.14044943820204 34.37640449438203
482.8595505617976 14.151685393258447
498.36516853932574 14.151685393258447
525.3314606741571 22.24157303370788
532.073033707865 24.938202247191015
548.9269662921347 23.589887640449433
563.758426966292 62.01685393258427
521.9606741573032 96.39887640449439
482.8595505617976 71.45505617977528
573.196629213483 117.97191011235955
528.0280898876402 169.8820224719101
592.073033707865 69.43258426966293
577.2415730337077 9.432584269662925
591.3988764044942 10.780898876404535
602.1853932584268 7.410112359550567
617.0168539325841 12.803370786516894
634.5449438202245 13.477528089887642
642.6348314606739 10.780898876404535
646.0056179775279 6.735955056179819
650.0505617977526 11.455056179775283
623.758426966292 109.88202247191012
692.5224719101122 120.66853932584269
695.2191011235954 43.14044943820227
687.8033707865167 26.960674157303373
677.6910112359549 6.735955056179819
693.8707865168537 10.10674157303373
709.3764044943819 37.74719101123594
726.9044943820223 59.320224719101134
729.6011235955054 78.87078651685394
704.6573033707864 161.11797752808988
642.6348314606739 202.91573033707863
618.3651685393256 188.75842696629212
684.4325842696627 215.72471910112358
739.7134831460672 151.67977528089887
770.7247191011234 156.39887640449436
806.455056179775 110.5561797752809
772.073033707865 80.8932584269663
811.8483146067413 133.47752808988764
867.8033707865166 122.69101123595505
903.5337078651683 128.75842696629212
912.2977528089884 107.85955056179773
898.8146067415727 98.42134831460675
970.2752808988761 96.39887640449439
993.1966292134828 139.54494382022472
999.2640449438198 163.14044943820224
1078.8146067415728 98.42134831460675
1118.589887640449 93.02808988764045
1105.780898876404 73.47752808988764
1076.7921348314603 70.78089887640448
1157.016853932584 86.28651685393257
1134.0955056179773 78.19662921348313
1163.084269662921 114.60112359550561
1188.0280898876401 78.87078651685394
1167.1292134831456 72.12921348314609
1151.6235955056177 57.297752808988776
1186.6797752808984 57.297752808988776
1202.8595505617973 62.01685393258427
1213.6460674157302 68.75842696629212
1228.4775280898873 44.48876404494382
1236.5674157303367 118.64606741573033
1220.3876404494379 142.24157303370785
1186.6797752808984 17.52247191011236
1195.4438202247188 14.151685393258447
1210.9494382022467 7.410112359550567
1211.6235955056177 22.24157303370788
1225.1067415730333 19.544943820224717
1223.084269662921 32.35393258426967
1229.825842696629 32.35393258426967
1152.2977528089884 26.960674157303373
1160.3876404494379 21.567415730337075
1142.1853932584268 35.050561797752835
1130.0505617977524 18.196629213483163
1144.8820224719097 18.87078651685394
1102.41011235955 13.477528089887642
1084.207865168539 22.915730337078656
1066.6797752808984 34.37640449438203
1077.466292134831 19.544943820224717
1039.7134831460671 64.7134831460674
1064.6573033707862 61.34269662921349
1074.0955056179773 60.66853932584269
1008.7022471910109 55.949438202247194
989.151685393258 45.8370786516854
959.4887640449435 47.85955056179776
932.522471910112 47.85955056179776
921.0617977528086 45.162921348314626
985.1067415730333 17.52247191011236
1009.3764044943816 19.544943820224717
1038.3651685393256 10.10674157303373
1039.0393258426961 22.915730337078656
1146.9044943820222 8.758426966292177
1136.7921348314603 11.455056179775283
941.2865168539323 14.825842696629223
956.1179775280896 6.735955056179819
964.207865168539 13.477528089887642
960.837078651685 27.63483146067415
970.9494382022468 28.98314606741576
902.8595505617974 10.10674157303373
888.7022471910109 8.084269662921372
854.3202247191008 33.028089887640476
841.5112359550559 31.679775280898866
835.4438202247188 11.455056179775283
854.3202247191008 6.735955056179819
816.5674157303367 32.35393258426967
834.0955056179772 68.75842696629212
814.5449438202245 93.02808988764045
810.4999999999998 36.39887640449439
809.1516853932582 14.825842696629223
790.2752808988761 10.780898876404535
799.7134831460671 12.803370786516894
799.7134831460671 3.3651685393258504
769.3764044943817 10.780898876404535
779.4887640449435 29.657303370786508
805.1067415730334 30.331460674157313
1253.4213483146066 26.960674157303373
1251.3988764044943 16.174157303370805
1275.6685393258426 10.10674157303373
1285.1067415730336 10.10674157303373
1273.6460674157302 22.24157303370788
1272.9719101123594 39.76966292134833
1268.9269662921347 29.657303370786508
1261.511235955056 33.028089887640476
1251.3988764044943 63.36516853932585
1293.8707865168537 64.7134831460674
1281.0617977528088 55.949438202247194
1263.5337078651685 64.7134831460674
1269.6011235955054 89.65730337078651
1272.2977528089887 120.66853932584269
1258.1404494382023 143.58988764044943
1320.1629213483145 85.61235955056179
1330.9494382022472 75.5
1366.6797752808989 64.03932584269663
1330.9494382022472 63.36516853932585
1337.691011235955 20.893258426966298
1347.8033707865168 26.960674157303373
1312.7471910112358 27.63483146067415
1307.3539325842696 13.477528089887642
1319.4887640449438 17.52247191011236
1419.2640449438202 95.0505617977528
1438.8146067415728 103.14044943820224
1420.6123595505617 126.06179775280899
1484.6573033707864 79.54494382022472
1498.1404494382023 35.050561797752835
1523.084269662921 28.308988764044955
1472.5224719101122 18.87078651685394
1446.9044943820222 156.39887640449436
1475.8932584269662 103.81460674157302
1522.4101123595506 130.1067415730337
1426.005617977528 169.2078651685393
1338.3651685393256 159.7696629213483
1357.2415730337077 140.2191011235955
1308.0280898876404 167.18539325842696
1291.8483146067415 201.56741573033705
1556.455056179775 193.64606741573033
1645.4438202247188 219.26404494382024
1359.6011235955054 321.73595505617976
1162.7471910112358 329.8258426966292
1017.1292134831458 421.5112359550561
152.85955056179785 729.2640449438198
576.2303370786518 416.45505617977494
630.1629213483146 394.88202247190975
719.1516853932584 316.6797752808985
1444.5449438202245 680.7247191011232
1371.7359550561796 618.7022471910109
1746.567415730337 818.2528089887637
1523.2919463087246 106.84899328859063
1533.6006711409395 83.010067114094
913.7885906040266 73.34563758389265
204.4194630872483 40.48657718120808
