392.70389805097426 827.6364317841078
762.5989505247378 965.8073463268363
807.2166416791606 421.7593703148423
319.30059970015003 264.87781109445257
293.3935532233883 257.68140929535207
162.41904047976018 297.98125937031466
192.6439280359821 384.33808095951997
74.62293853073466 277.8313343328333
77.50149925037483 297.98125937031466
27.126686656671726 404.48800599700115
1187.1866566716642 479.3305847076459
1177.1116941529237 325.3275862068963
1089.3155922038984 421.7593703148423
1070.6049475262369 290.78485757121416
916.6019490254873 247.6064467766115
991.4445277361319 181.39955022488732
1159.8403298350825 257.68140929535207
1148.3260869565217 226.01724137931012
1287.9362818590705 214.5029985007494
877.7413793103449 184.2781109445275
896.452023988006 106.5569715142426
848.9557721139431 90.72488755622169
812.6139430284859 70.08020989505252
805.4175412293855 88.79085457271367
788.8658170914543 74.39805097451278
806.1371814092956 54.96776611694156
821.2496251874065 54.96776611694156
774.4730134932536 34.09820089955031
770.8748125937034 15.387556221889099
683.7983508245879 31.21964017991013
621.189655172414 32.65892053973016
612.5539730134935 13.948275862069067
636.3020989505249 3.873313343328391
658.6109445277364 6.032233883058552
675.1626686656673 2.4340329835083594
601.7593703148427 44.173163418290926
559.3005997001501 64.32308845577217
483.7383808095954 67.20164917541234
423.28860569715164 66.48200899550227
389.46551724137953 69.36056971514246
498.1311844077963 21.144677661169453
437.6814092953525 18.266116941529276
402.4190404797603 40.574962518740676
391.62443778110963 19.70539730134942
367.15667166416813 36.97676161919048
357.0817091454275 26.18215892053979
342.68890554722657 14.667916041979083
321.0997001499253 3.873313343328391
230.42503748125938 85.19265367316348
197.3215892053973 91.66941529235385
279.36056971514245 42.73388305847084
262.0892053973013 17.546476761619257
271.44452773613193 12.508995502248922
282.2391304347826 4.592953523238407
184.3680659670165 40.574962518740676
184.3680659670165 29.780359820089984
152.70389805097454 55.687406296851634
130.39505247376314 61.44452773613199
116.72188905547227 47.0517241379311
85.77736131934034 44.89280359820094
54.83283358320841 57.12668665667172
28.92578710644679 52.089205397301384
75.70239880059972 29.06071964017997
44.03823088455775 5.312593703148423
31.084707646176923 13.948275862069067
111.68440779610194 21.86431784107947
97.29160419790105 18.985757121439292
125.3575712143928 24.02323838080963
114.56296851574211 11.06971514242889
97.29160419790105 11.06971514242889
7.336581709145435 86.63193403298357
1815.7923538230884 134.1281859070465
1733.7533733133432 131.96926536731638
1692.7338830584708 18.266116941529276
1647.396551724138 16.107196401799115
1634.4430284857572 73.67841079460277
1263.828335832084 62.16416791604206
1272.4640179910045 43.45352323838085
1296.212143928036 6.032233883058552
1666.8268365817091 15.387556221889099
1694.8928035982008 65.76236881559225
1278.9407796101948 3.873313343328391
1176.7518740629685 13.948275862069067
936.3920539730136 9.630434782608745
960.1401799100449 9.630434782608745
988.2061469265368 16.107196401799115
1036.4220389805098 29.06071964017997
1311.324587706147 7.471514242878584
308.8658170914543 3.873313343328391
314.62293853073464 42.73388305847084
234.74287856071965 23.303598200899614
1389.0457271364319 18.985757121439292
