1636.0056179775283 1025.8932584269664
530.3876404494382 241.1741573033704
352.41011235955057 165.6685393258424
832.4101123595507 192.6348314606738
910.6123595505618 184.54494382022438
1118.2528089887642 219.60112359550521
1689.938202247191 238.4775280898873
1266.567415730337 111.73595505617936
1091.2865168539324 138.70224719101088
1153.308988764045 200.72471910112324
1031.9606741573034 152.18539325842653
842.5224719101122 49.376404494382086
798.0280898876404 7.578651685393311
851.9606741573032 17.01685393258424
912.6348314606739 10.275280898876417
924.7696629213481 7.578651685393311
998.9269662921347 26.455056179775283
984.0955056179773 23.758426966292177
1055.5561797752807 33.19662921348322
1081.1741573033705 41.28651685393265
1222.7471910112356 74.99438202247194
1249.7134831460671 64.2078651685394
1210.6123595505615 26.455056179775283
1194.4325842696626 10.275280898876417
1209.26404494382 84.43258426966298
1056.9044943820222 154.54494382022477
559.376404494382 21.061797752808957
578.252808988764 6.230337078651701
606.567415730337 14.320224719101134
509.4887640449437 69.60112359550573
376.00561797752795 399.93820224719104
452.8595505617977 95.21910112359558
440.7247191011235 37.24157303370794
371.96067415730323 2.185393258426984
1690.2752808988764 33.702247191011224
1750.9494382022472 30.331460674157313
1806.2303370786517 37.74719101123594
1798.1404494382023 33.028089887640476
1823.0842696629213 35.72471910112358
1738.1404494382023 23.589887640449433
1766.4550561797753 24.938202247191015
1839.938202247191 31.679775280898866
934.7414860681115 103.56501547987614
990.2213622291022 197.68266253869967
870.3452012383901 58.96749226006199
871.3359133126935 25.778637770897916
951.0882352941177 39.153250773993875
602.8529411764706 87.69814241486074
587.9922600619195 64.4164086687307
