160.27528089887642 11.6235955056178
191.28651685393254 4.882022471910091
7.915730337078628 158.58988764044943
48.36516853932579 154.54494382022472
75.33146067415726 157.24157303370788
95.55617977528084 145.10674157303367
118.47752808988758 155.89325842696627
79.37640449438197 185.5561797752809
9.264044943820181 205.78089887640448
9.264044943820181 269.1516853932584
167.01685393258418 294.7696629213483
181.8483146067415 161.2865168539326
234.43258426966287 147.8033707865169
269.4887640449437 161.2865168539326
258.70224719101117 193.64606741573033
351.73595505617965 254.32022471910108
385.443820224719 491.6235955056179
562.0730337078651 211.17415730337075
425.89325842696616 207.12921348314603
393.5337078651684 154.54494382022472
338.252808988764 142.41011235955057
269.4887640449437 115.4438202247191
365.2191011235954 108.70224719101122
381.3988764044943 112.74719101123594
374.65730337078645 85.78089887640454
431.2865168539325 110.05056179775283
452.8595505617977 87.12921348314609
535.1067415730336 83.08426966292137
593.0842696629213 73.64606741573039
699.6011235955054 53.421348314606746
787.2415730337077 62.85955056179773
857.3539325842694 33.19662921348316
916.6797752808986 25.106741573033787
762.9719101123594 262.41011235955057
873.5337078651683 208.47752808988764
904.5449438202245 203.08426966292132
1012.4101123595505 2.185393258426984
1038.0280898876404 6.230337078651701
1067.6910112359549 19.71348314606746
1081.1741573033707 17.016853932584354
1093.308988764045 4.882022471910091
1058.252808988764 204.43258426966293
1021.8483146067415 235.4438202247191
992.1853932584269 185.5561797752809
1027.2415730337077 344.65730337078645
1178.252808988764 169.37640449438203
1189.0393258426966 131.62359550561797
1242.9719101123594 257.01685393258424
1280.7247191011234 162.63483146067415
1334.6573033707864 143.75842696629218
1408.8146067415728 131.62359550561797
1423.6460674157302 193.64606741573033
1480.2752808988762 205.78089887640448
1402.073033707865 337.9157303370786
1569.26404494382 236.79213483146066
1660.949438202247 240.83707865168537
1611.0617977528086 74.99438202247188
1531.511235955056 53.421348314606746
1398.0280898876404 8.92696629213492
1536.9044943820222 17.016853932584354
1581.398876404494 12.971910112359637
1655.5561797752807 18.36516853932585
1673.084269662921 53.421348314606746
1727.016853932584 50.72471910112358
1760.7247191011234 22.410112359550567
1763.4213483146063 54.7696629213483
1825.4438202247188 157.24157303370788
1856.455056179775 38.58988764044943
1865.893258426966 10.275280898876417
1891.511235955056 155.89325842696627
1898.2528089887637 126.2303370786517
1904.9943820224717 273.1966292134831
360.5 891.0617977528086
705.6685393258427 613.3089887640446
805.4438202247192 713.084269662921
754.2078651685393 915.3314606741569
1126.3426966292136 826.3426966292132
1867.9157303370785 607.9157303370782
468.9026845637584 427.1040268456377
495.9630872483222 531.4798657718122
509.1711409395973 72.05704697986585
1464.661073825503 86.87583892617454
