7.915730337078685 37.24157303370771
33.53370786516848 132.97191011235952
104.99438202247188 43.98314606741576
86.11797752808985 43.98314606741576
95.55617977528084 52.07303370786519
141.39887640449433 200.3876404494382
189.93820224719093 72.29775280898878
148.1404494382022 52.07303370786519
154.88202247191003 43.98314606741576
131.9606741573033 38.58988764044943
199.37640449438192 61.511235955056236
206.11797752808985 34.54494382022472
227.69101123595493 38.58988764044943
256.00561797752806 72.29775280898878
268.1404494382022 49.37640449438203
272.1853932584269 34.54494382022472
266.7921348314606 26.455056179775283
287.0168539325842 12.971910112359637
300.49999999999994 30.5
319.3764044943819 7.578651685393311
342.2977528089887 4.882022471910091
344.9943820224718 38.58988764044943
359.4887640449438 14.15168539325839
354.0955056179775 9.432584269662925
379.7134831460674 12.803370786516837
423.53370786516854 56.62359550561797
447.1292134831461 23.589887640449433
466.6797752808989 27.63483146067415
470.05056179775283 20.89325842696627
489.60112359550567 26.960674157303345
484.2078651685394 18.87078651685391
505.1067415730338 26.960674157303345
499.0393258426967 14.15168539325839
509.82584269662925 8.084269662921315
521.9606741573034 8.084269662921315
530.7247191011237 5.387640449438209
552.9719101123596 18.87078651685391
563.0842696629214 8.084269662921315
573.1966292134832 8.75842696629212
581.2865168539327 12.803370786516837
580.6123595505619 5.387640449438209
594.0955056179777 4.713483146067404
606.9044943820226 11.455056179775283
602.1853932584271 48.53370786516854
557.6910112359551 109.20786516853934
578.5898876404495 130.10674157303373
509.1516853932585 187.4101123595506
432.9719101123596 171.9044943820225
406.67977528089887 198.1966292134832
339.938202247191 125.38764044943824
290.0505617977528 210.33146067415737
578.2528089887642 314.9943820224718
567.4662921348315 410.72471910112347
661.8483146067417 288.02808988764036
649.7134831460676 130.2752808988763
692.859550561798 112.74719101123588
656.4550561797755 114.09550561797744
645.3314606741575 9.432584269662925
625.1067415730338 3.3651685393258504
666.2303370786518 8.084269662921372
679.0393258426967 5.387640449438209
649.3764044943822 2.6910112359550453
653.4213483146069 64.03932584269663
644.6573033707866 53.926966292134836
682.4101123595507 69.43258426966293
718.8146067415731 22.24157303370788
718.8146067415731 14.825842696629223
714.0955056179777 8.084269662921372
735.6685393258429 12.129213483146088
739.0393258426967 18.196629213483163
759.2640449438203 37.07303370786519
778.8146067415731 34.37640449438203
795.6685393258427 31.005617977528118
814.5449438202248 33.028089887640476
840.1629213483147 18.196629213483163
857.6910112359552 18.87078651685394
871.1741573033709 55.949438202247194
871.8483146067417 45.162921348314626
900.1629213483147 46.51123595505618
896.7921348314608 28.308988764044955
917.0168539325844 52.578651685393254
925.7808988764046 70.78089887640448
880.6123595505619 87.63483146067415
930.5000000000001 98.42134831460675
863.7584269662923 154.376404494382
919.0393258426967 157.07303370786516
849.6011235955058 141.56741573033707
846.9044943820226 121.34269662921346
827.3539325842698 59.99438202247191
787.5786516853933 57.297752808988776
790.9494382022473 113.92696629213484
798.365168539326 91.00561797752809
760.6123595505619 138.19662921348313
763.308988764045 114.60112359550561
963.5337078651684 121.34269662921346
971.6235955056178 54.60112359550561
956.7921348314604 61.34269662921349
1004.6573033707863 60.66853932584269
1033.6460674157302 79.54494382022472
1023.5337078651684 132.12921348314606
1063.9831460674154 80.2191011235955
1043.758426966292 24.938202247191015
1074.769662921348 14.825842696629223
988.4775280898874 16.174157303370805
913.6460674157302 2.6910112359550453
937.9157303370785 8.084269662921372
1085.5561797752807 52.578651685393254
1094.320224719101 37.74719101123594
1106.455056179775 42.46629213483146
1129.3764044943819 41.792134831460686
1116.567415730337 66.73595505617976
1094.320224719101 94.37640449438203
1126.6797752808986 127.41011235955054
1155.6685393258426 117.97191011235955
1165.1067415730336 91.00561797752809
1172.522471910112 78.19662921348313
1192.7471910112358 87.63483146067415
1208.2528089887637 49.20786516853934
1173.8707865168537 19.544943820224717
1155.6685393258426 11.455056179775283
1136.7921348314603 10.780898876404535
1213.6460674157302 16.174157303370805
1191.398876404494 9.432584269662925
1209.6011235955054 5.387640449438209
1171.8483146067415 8.758426966292177
1092.2977528089887 5.387640449438209
1113.8707865168537 5.387640449438209
1020.1629213483144 15.5
996.5674157303368 8.758426966292177
1052.522471910112 2.6910112359550453
1157.0168539325841 211.67977528089887
1226.4550561797748 12.803370786516894
1241.2865168539322 14.825842696629223
1251.398876404494 21.567415730337075
1271.6235955056177 22.24157303370788
1240.6123595505615 78.19662921348313
1248.0280898876401 51.2303370786517
1224.4325842696626 43.814606741573044
1268.2528089887637 80.2191011235955
1279.7134831460671 53.926966292134836
1300.6123595505615 55.27528089887642
1310.7247191011234 24.938202247191015
1305.331460674157 5.387640449438209
1328.2528089887637 8.084269662921372
1344.4325842696626 5.387640449438209
1324.8820224719097 55.27528089887642
1416.5674157303367 14.151685393258447
1432.7471910112356 18.87078651685394
1426.6797752808984 18.196629213483163
1439.4887640449433 20.21910112359552
1459.7134831460671 8.084269662921372
1479.26404494382 21.567415730337075
1442.1853932584268 50.556179775280896
1447.5786516853927 68.08426966292134
1467.1292134831456 68.08426966292134
1479.9382022471905 68.08426966292134
1454.9943820224717 86.96067415730337
1500.1629213483143 97.07303370786516
1405.1067415730333 90.33146067415731
1408.4775280898873 113.92696629213484
1394.3202247191007 107.85955056179773
1344.4325842696626 134.8258426966292
1323.5337078651683 120.66853932584269
1324.207865168539 144.2640449438202
1303.9831460674154 142.91573033707863
1255.4438202247188 109.88202247191012
1233.1966292134828 115.9494382022472
1309.3764044943816 217.07303370786514
1362.634831460674 146.28651685393257
1460.3876404494379 200.89325842696627
1509.6011235955052 166.51123595505615
1396.3426966292132 24.938202247191015
1396.3426966292132 77.52247191011236
1554.4325842696624 169.37640449438203
1512.6348314606735 64.20786516853934
1311.7359550561794 327.12921348314603
970.6123595505615 393.1966292134831
498.0280898876405 543.1966292134828
665.2191011235956 572.8595505617974
436.00561797752823 974.6573033707862
581.623595505618 1058.2528089887637
1487.691011235955 607.9157303370782
1816.6797752808989 777.8033707865164
973.7080536912754 31.46644295302019
