17.35393258426967 257.01685393258407
121.17415730337075 162.63483146067415
83.42134831460669 79.03932584269666
235.78089887640436 87.12921348314609
230.38764044943815 50.72471910112358
250.61235955056173 72.29775280898878
224.99438202247183 142.41011235955057
274.88202247191003 95.21910112359552
296.4550561797752 74.99438202247188
311.2865168539325 54.7696629213483
331.51123595505607 61.511235955056236
344.9943820224718 95.21910112359552
326.11797752808974 83.08426966292137
390.8370786516853 74.99438202247188
388.1404494382021 48.028089887640476
381.3988764044943 31.84831460674161
481.1741573033707 37.24157303370788
444.76966292134824 151.84831460674155
407.0168539325842 159.938202247191
582.2977528089887 23.758426966292177
679.3764044943819 33.19662921348316
820.9494382022469 200.3876404494382
787.2415730337077 177.46629213483146
757.578651685393 6.230337078651701
814.207865168539 0.8370786516853741
847.9157303370785 50.72471910112358
892.4101123595503 172.07303370786514
922.0730337078649 216.56741573033707
958.4775280898873 176.1179775280899
1402.073033707865 56.11797752808968
1464.0955056179773 83.08426966292137
1480.2752808988762 56.11797752808991
1462.7471910112358 2.185393258426984
1446.567415730337 18.36516853932585
1542.2977528089887 14.320224719101134
1511.2865168539324 4.882022471910091
1602.9719101123594 65.55617977528095
1620.4999999999998 25.106741573033787
1567.9157303370785 64.20786516853934
1605.6685393258426 146.45505617977528
1697.3539325842694 31.84831460674161
1720.2752808988762 48.028089887640476
1724.320224719101 12.971910112359637
1749.9382022471907 130.27528089887642
1847.016853932584 223.30898876404495
1496.455056179775 254.32022471910108
1520.7247191011234 211.17415730337075
1377.8033707865168 151.84831460674155
1323.8707865168537 83.08426966292137
1278.0280898876404 119.48876404494382
1163.4213483146066 157.24157303370788
1075.7808988764045 145.10674157303367
1082.5224719101122 118.14044943820227
1184.9943820224719 239.48876404494382
1178.252808988764 448.4775280898875
1077.129213483146 494.320224719101
1911.7359550561796 309.6011235955056
1307.0168539325841 1055.5561797752805
551.9606741573033 1060.9494382022467
1854.4325842696626 22.7471910112356
159.31879194630878 83.010067114094
53.01006711409397 202.84899328859063
313.94966442953023 181.58724832214767
678.6208053691275 265.98993288590606
1225.6275167785238 127.4664429530202
1860.2583892617452 145.50671140939602
