319.56692688917144 416.8626595324769
333.1255427393535 314.72108679443915
351.2036972062628 270.4296083505113
405.4381606069908 192.6935441428011
373.8013902898995 186.36619007938282
399.1108065435725 173.71148195254636
447.9218236042277 180.94274373931012
460.5765317310643 186.36619007938282
478.65468619797366 216.1951449497833
454.249177667646 255.96708477698382
513.9070874084468 329.1836103679666
502.15628700495574 300.2585632209117
560.0063812990657 243.31237665014726
536.5047804920836 189.07791324941923
501.2523792816103 187.2700978027283
574.4689048725932 195.4052673128375
669.3792158238672 190.88572869611016
660.3401385904125 186.36619007938282
678.4182930573218 276.75696241392956
671.1870312705581 404.20795140564036
671.1870312705581 528.0433095039693
608.8173983597209 543.4097408008422
775.1364194552868 416.8626595324769
854.6802991096879 449.4033375729137
729.0371255646679 296.6429323275298
776.9442349019777 296.6429323275298
772.4246962852504 348.16567255822144
798.6380202622689 328.2797026446211
865.5271917898335 404.20795140564036
952.3023332309983 330.08751809131206
928.8007324240161 294.8351168808389
885.4131617034337 293.9312091574934
825.7552519626329 268.62179290382034
832.9865137493966 303.8741941142936
834.7943291960876 255.96708477698382
945.0710714442346 271.33351607385674
917.9538397438706 256.8709925003293
1006.5367966317264 256.8709925003293
1028.2305819920175 281.27650103065685
1098.7353844129639 291.219485987457
1108.6783693697641 319.2406254111665
1087.8884917328182 315.62499451778456
994.7859962282353 494.59872374018704
917.9538397438706 730.518639533354
1122.236985219946 427.7095522126225
1246.9762510416203 405.11185912898577
1300.306806719003 300.2585632209117
1321.096684355949 278.5647778606205
1360.8686241831494 300.2585632209117
187.25496688741714 315.5993377483444
285.7980132450331 298.11589403973517
1417.4536423841057 423.67880794702
1434.937086092715 377.58609271523187
1584.3410596026486 433.21523178807956
1619.3079470198672 433.21523178807956
1689.2417218543042 399.837748344371
1714.6721854304633 286.9900662251656
1684.4735099337745 536.5264900662253
1730.5662251655626 514.2748344370862
1886.3278145695358 499.9701986754967
1897.4536423841055 433.21523178807956
1781.4271523178804 412.55298013245033
283.417082917083 370.7497502497499
