49.859916054564565 599.9333683105981
295.65215110178394 676.4916054564533
974.602833158447 473.0078698845749
1141.8221406086045 410.5524658971667
1423.8788037775448 205.0540398740818
1433.9522560335784 150.65739769150036
1502.4517313746067 108.34889821615934
1572.9658971668416 116.40766002098621
66.48111227701983 139.04144805876172
242.7665267576075 119.90188877229798
278.023609653725 74.57135362014685
239.74449108079736 70.54197271773342
227.6563483735571 28.233473242392392
195.42130115424962 14.130640083945421
178.29643231899254 25.211437565582287
159.15687303252875 37.299580272822595
302.1998950682056 35.28488982161588
460.3530954879328 37.299580272822595
522.808499475341 56.43913955928639
499.6395592864638 9.093913955928542
553.0288562434417 8.086568730325212
582.2418677859391 19.16736621196219
734.3509968520461 18.16002098635886
760.5419727177334 11.108604407135317
769.6080797481637 49.387722980062904
822.9973767051417 35.28488982161588
830.048793284365 18.16002098635886
879.4087093389296 8.086568730325212
965.5367261280169 42.33630640083936
1054.1831059811125 31.25550891920244
1083.39611752361 18.16002098635886
1110.5944386149004 32.26285414480583
1143.8368310598112 22.18940188877218
1223.4171038824766 57.44648478488978
1267.7402938090245 49.387722980062904
1511.5178384050369 49.387722980062904
1519.5766002098637 18.16002098635886
1726.082371458552 23.731899265477296
1671.6857292759707 5.59968520461689
637.5137524557956 28.613948919449854
681.835952848723 40.87328094302552
