387.4662921348314 344.99438202247165
460.27528089887653 326.11797752808957
643.6460674157303 377.3539325842694
751.5112359550561 331.5112359550559
894.4325842696629 288.3651685393255
975.3314606741574 363.8707865168536
1088.5898876404494 353.0842696629211
1131.7359550561796 215.5561797752806
1226.1179775280898 193.98314606741542
1296.2303370786517 749.4887640449435
1525.4438202247188 827.6910112359546
1498.4775280898875 663.1966292134829
1627.9157303370785 644.3202247191008
1905.6685393258426 277.57865168539297
293.7584269662922 156.56741573033707
324.7696629213484 120.16292134831463
390.8370786516855 98.58988764044943
335.55617977528095 29.825842696629138
287.01685393258435 39.26404494382018
296.4550561797753 5.556179775280839
401.623595505618 24.43258426966281
438.0280898876406 24.43258426966281
478.47752808988776 5.556179775280839
582.2977528089889 67.5786516853932
518.9269662921349 82.41011235955051
514.8820224719102 116.11797752808985
574.2078651685395 125.55617977528084
642.9719101123598 78.3651685393258
727.9157303370789 86.45505617977528
767.0168539325846 106.67977528089887
750.8370786516857 59.488764044943764
833.0842696629215 102.63483146067415
802.0730337078655 106.67977528089887
765.6685393258429 21.735955056179705
723.8707865168542 35.219101123595465
795.3314606741576 36.56741573033702
841.174157303371 10.949438202247165
858.7022471910116 16.34269662921338
900.5000000000002 10.949438202247165
912.6348314606744 63.53370786516848
876.2303370786519 68.92696629213481
877.5786516853937 101.28651685393254
944.9943820224723 132.29775280898878
966.5674157303371 17.69101123595499
980.0505617977528 13.646067415730272
981.3988764044943 29.825842696629138
958.4775280898876 64.88202247191009
1029.938202247191 67.5786516853932
1056.9044943820227 68.92696629213481
997.5786516853933 124.20786516853934
1151.2865168539327 130.94943820224717
1122.9719101123596 93.1966292134831
1170.1629213483147 97.24157303370782
1164.7696629213483 63.53370786516848
1145.8932584269664 44.65730337078645
1187.691011235955 48.70224719101117
1230.8370786516855 60.837078651685374
1218.7022471910113 129.6011235955056
1272.6348314606744 82.41011235955051
1352.1853932584272 91.8483146067415
1381.8483146067417 36.56741573033702
1415.5561797752812 32.5224719101123
1229.488764044944 36.56741573033702
711.7359550561796 697.2415730337082
1578.7022471910113 172.7471910112359
1814.6573033707868 129.6011235955056
1876.679775280899 125.55617977528084
1890.162921348315 194.32022471910113
1845.668539325843 236.1179775280899
1561.174157303371 32.5224719101123
1607.0168539325846 182.18539325842698
1083.870786516854 648.7022471910115
