605.5561797752806 78.87078651685394
627.8033707865166 5.387640449438209
619.7134831460671 183.36516853932582
753.8707865168537 97.74719101123594
703.3089887640447 36.39887640449439
708.702247191011 2.6910112359550453
736.3426966292133 10.10674157303373
759.9382022471908 24.264044943820238
773.4213483146065 64.7134831460674
815.2191011235952 44.48876404494382
794.9943820224717 18.87078651685394
763.3089887640447 4.039325842696655
806.455056179775 152.35393258426964
946.6797752808985 44.48876404494382
888.0280898876401 25.61235955056179
976.3426966292132 33.702247191011224
955.4438202247187 6.735955056179819
941.960674157303 4.039325842696655
966.2303370786512 169.8820224719101
1039.7134831460671 155.72471910112358
1036.3426966292132 220.44382022471905
1061.2865168539322 118.64606741573033
1130.7247191011231 134.8258426966292
1190.7247191011234 124.03932584269663
1092.9719101123592 58.64606741573033
1049.8258426966288 26.286516853932596
1060.6123595505615 8.084269662921372
1080.1629213483143 17.52247191011236
1085.5561797752805 8.758426966292177
1093.64606741573 32.35393258426967
1137.466292134831 33.028089887640476
1129.3764044943816 3.3651685393258504
1109.8258426966288 3.3651685393258504
1105.780898876404 18.87078651685394
1111.1741573033705 42.46629213483146
1157.6910112359546 22.915730337078656
1144.8820224719097 10.780898876404535
1156.3426966292132 4.039325842696655
1204.8820224719097 2.6910112359550453
1177.9157303370782 39.76966292134833
1186.6797752808984 73.47752808988764
1209.6011235955052 62.01685393258427
1219.7134831460671 53.25280898876406
1229.8258426966288 68.08426966292134
1282.41011235955 108.53370786516854
1235.5561797752803 422.85955056179773
1328.5898876404488 159.938202247191
1313.7584269662916 95.21910112359552
1452.6348314606735 137.01685393258424
1509.2640449438195 163.9831460674157
1483.6460674157297 401.28651685393254
1789.0393258426964 159.938202247191
1847.016853932584 151.84831460674155
1536.2303370786517 198.02808988764014
1919.1516853932585 295.10674157303333
1913.758426966292 394.88202247190975
