1875.8337828725555 540.4999999999999
1613.0151719487524 706.2181389076196
1396.8047875927173 613.0016857720835
897.0610249494268 271.20802427511785
998.0455158462577 209.06372218476054
955.3213081591368 82.18577208361421
893.1770060687795 108.07923128792982
816.7913014160486 162.4554956169925
745.5842886041808 176.69689817936603
711.9227916385704 54.99763991908276
666.6092380310182 58.8816587997302
609.643627781524 53.70296695886714
835.5640593391776 38.75354012137552
975.3887390424817 13.507417397167842
1012.9342548887392 12.212744436952107
718.3961564396495 27.74881995954138
671.1405933917736 38.75354012137552
657.5465273095078 34.22218476062034
674.377275792313 14.154753877275766
656.8991908294 8.9760620364126
623.2376938637897 8.9760620364126
599.9335805799057 14.802090357383577
570.1561024949427 5.092043155765282
634.8897505057317 10.270734996628448
625.1797033041133 58.82097100472015
805.1392447741067 5.092043155765282
958.294117647059 22.823529411764724
