163.92507645259957 86.43272171253795
351.8149847094802 82.51834862385294
418.3593272171255 162.76299694189572
480.9892966360858 92.30428134556541
572.9770642201836 182.33486238532078
686.493883792049 168.6345565749233
578.8486238532112 31.631498470947687
692.3654434250766 243.0076452599386
754.9954128440368 252.7935779816512
819.5825688073396 217.564220183486
860.6834862385322 239.0932721712536
999.6437308868503 233.22171253822603
1138.6039755351683 186.2492354740059
1199.276758409786 149.06269113149824
1336.2798165137615 196.03516819571837
1486.9831804281346 199.9495412844034
1627.9006116207954 205.82110091743095
1794.2614678899083 241.05045871559605
730.5305810397556 29.766055045871383
838.1758409785937 5.301223241589923
870.4694189602449 2.365443425076137
938.9709480122328 12.15137614678872
972.2431192660554 19.001529051987518
1029.0015290519882 60.102446483180245
1055.423547400612 85.54587155963281
1120.0107033639147 84.56727828746159
1349.9801223241593 47.38073394495393
1247.2278287461777 13.129969418959945
1258.9709480122328 5.301223241589923
273.35024154589365 297.0217391304351
-117.76086956521748 810.2584541062806
1874.8961352657004 48.132850241546066
1899.6304347826087 280.0169082125607
