164.69727177334732 591.8746065057712
126.41815320041974 275.56820566631677
7.551416579223542 329.9648478488981
386.3132214060861 573.7423924449107
442.7245540398742 410.5524658971667
581.7381951731375 392.4202518363063
573.6794333683106 233.25970619097575
444.73924449108085 43.87880377754436
1290.9092339979015 241.31846799580262
1834.8756558237149 368.2439664218257
1377.5409233997902 27.761280167890842
1339.2618048268628 9.629066107030214
1204.2775445960128 66.04039874081832
954.45592864638 37.83473242392438
912.147429171039 31.790661070304168
715.7151101783842 2.042497376705114
1385.5996852046173 3.049842602308445
