1682.174975074776 440.958624127617
1624.7472582253242 119.36340977068767
1818.5658025922232 53.23180458624131
1863.550847457627 31.217846460618205
1796.5518444666002 12.07527417746769
1772.623629112662 15.903788634097737
1732.4242273180457 52.2746759720838
1713.2816550348953 46.53190428713867
1610.8688933200397 17.818045862412873
1601.2976071784647 37.9177467597209
1589.8120638085743 28.34646061814567
1554.3983050847455 28.34646061814567
1391.686440677966 5.37537387836494
1450.0712861415752 1.5468594217348937
1432.8429710867397 5.37537387836494
1281.6166500498503 150.8589232303092
1216.5319042871383 132.67347956131613
1123.6904287138582 108.74526420737794
1096.8908275174476 108.74526420737794
1170.589730807577 1.5468594217348937
1136.1331006979062 2.5039880358923483
1072.9626121635092 13.032402791625145
49.792123629112496 64.71734795613168
141.67647058823513 51.31754735792629
179.96161515453622 42.70338983050851
200.0613160518443 41.746261216351
167.5189431704884 58.9745762711865
156.9905284147556 42.70338983050851
214.41824526420726 22.603688933200488
239.30358923230295 52.2746759720838
239.30358923230295 31.217846460618205
265.1460618145562 41.746261216351
263.23180458624114 33.132103688933285
226.86091724825508 180.5299102691925
257.48903290129596 116.4022931206382
317.7881355932202 133.63060817547364
300.55982053838477 11.118145563310122
339.80209371884337 22.603688933200488
324.48803589232296 24.51794616151551
354.1590229312062 59.93170488534406
367.5588235294116 55.14606181455639
376.17298105682937 44.61764705882359
398.18693918245253 17.818045862412873
390.5299102691923 1.5468594217348937
415.41525423728797 24.51794616151551
457.52891326021927 71.41724825523437
432.6435692921235 41.746261216351
461.3574277168493 41.746261216351
473.80009970089725 37.9177467597209
457.52891326021927 11.118145563310122
483.3713858424725 33.132103688933285
513.0423728813558 61.845962113659084
547.4990029910268 21.64656031904292
571.427218344965 19.732303090727896
619.2836490528414 11.118145563310122
582.9127617148554 21.64656031904292
627.8978065802592 65.67447657028919
493.8998005982053 158.5159521435694
672.8828514456629 117.35942173479566
640.340478564307 21.64656031904292
643.2118644067796 9.2038883349951
664.2686939182452 14.946660019940282
706.3823529411765 29.303589232303125
701.5967098703887 247.52891326021944
758.0672981056829 279.11415752741783
841.3374875373879 286.7711864406781
754.2387836490528 98.21684945164513
824.1091724825524 171.91575274177478
729.3534396809571 106.83100697906286
811.6665004985045 88.64556331006986
853.7801595214357 116.4022931206382
885.365403788634 88.64556331006986
853.7801595214357 169.0443668993022
907.3793619142573 77.16001994017955
912.1650049850448 21.64656031904292
921.73629112662 17.818045862412873
899.722333000997 8.246759720837531
890.1510468594217 17.818045862412873
749.4531405782651 4.418245264207485
967.1999002991026 65.67447657028919
1002.6136590229312 62.80309072781665
1043.7701894317047 21.64656031904292
1012.1849451645064 18.775174476570328
1001.6565304087736 18.775174476570328
987.2996011964108 24.51794616151551
977.7283150548354 24.51794616151551
947.1001994017945 4.418245264207485
1529.4164086687306 39.153250773993875
1257.7136222910215 6.955108359133192
940.6857585139317 64.91176470588243
967.4349845201236 16.366873065015568
869.3544891640863 19.339009287925766
861.9241486068107 18.84365325077408
860.9334365325074 40.14396284829729
892.6362229102164 29.741486068111527
801.9860681114548 30.236842105263236
812.3885448916404 4.9736842105264145
834.1842105263154 3.9829721362229975
813.8746130030956 27.76006191950472
802.9767801857581 17.357585139318957
768.3018575851389 3.4876160990713174
780.1904024767798 3.4876160990713174
721.7383900928788 9.431888544891706
711.8312693498448 8.936532507740026
701.4287925696591 8.441176470588289
677.1563467492256 10.91795665634686
681.1191950464392 1.5061919504644834
444.33900928792514 35.190402476780264
292.26470588235236 32.71362229102175
308.1160990712069 59.958204334365405
298.7043343653245 90.67027863777093
183.03869969040247 59.46284829721367
173.6269349845201 33.20897832817346
215.73219814241483 43.611455108359195
290.37317073170726 195.1048780487805
620.0512195121951 135.1634146341463
617.2414634146342 108.00243902439024
626.6073170731709 101.44634146341463
562.919512195122 61.17317073170727
1574.4317073170732 176.37317073170732
1606.2756097560975 149.21219512195128
1552.8902439024391 108.00243902439024
1781.4170731707318 137.03658536585365
1783.2902439024392 89.27073170731704
1043.8560975609762 54.6170731707316
933.3390243902444 68.66585365853649
648.826848249027 21.073929961089487
674.3910505836573 29.303501945525284
688.0486381322954 35.25680933852141
657.4066147859919 57.14396887159532
645.1498054474705 31.0544747081712
709.7607003891048 38.75875486381322
687.8735408560309 17.396887159533065
1811.8229571984434 215.51945525291836
1753.1653696498051 27.55252918287937
1771.3754863813226 31.929961089494157
1758.7684824902722 10.918287937743187
1692.0564202334626 1.9883268482490166
1643.2042801556418 8.992217898832678
1568.9630350194552 25.276264591439684
1543.3988326848248 40.94747081712059
490.5389105058363 59.07003891050583
498.24319066147837 50.31517509727627
504.0214007782098 19.67315175097276
520.4805447470815 14.07003891050583
559.1770428015561 21.073929961089487
601.7256809338519 26.67704280155641
452.8929961089491 18.447470817120617
476.53112840466895 13.194552529182872
330.85019455252893 32.10505836575875
187.03696498054467 21.77431906614785
492.2898832684825 14.59533073929961
