57.91867785939144 205.0540398740818
406.46012591815327 164.76023084994745
605.9144805876181 505.2429171038824
692.546169989507 513.3016789087093
1335.2324239244492 654.3300104931793
1506.4811122770202 579.7864637985309
1669.671038824764 364.21458551941237
1722.0529905561386 148.6427072402937
1915.4632738719836 64.02570828961166
1607.2156348373558 148.6427072402937
1568.9365162644283 162.7455403987408
1490.3635886673665 176.84837355718764
1512.5251836306402 219.15687303252867
1365.45278069255 172.81899265477432
1425.8934942287515 354.1411332633787
1290.9092339979015 372.2733473242391
1302.9973767051417 184.90713536201451
1307.0267576075553 239.30377754459596
728.8105981112278 344.0676810073451
620.0173137460652 261.4653725078698
642.1789087093391 229.2303252885623
700.6049317943339 233.25970619097575
883.9417628541448 241.31846799580262
970.5734522560338 265.49475341028324
1000.7938090241342 311.8326337880377
1012.8819517313748 219.15687303252867
1129.7339979013643 213.11280167890868
1204.2775445960128 247.36253934942283
1240.5419727177336 184.90713536201451
1151.895592864638 178.86306400839442
1079.3667366211964 176.84837355718764
1016.9113326337881 154.6867785939138
978.6322140608607 162.7455403987408
918.1915005246592 140.58394543546683
606.9218258132215 85.65215110178377
594.8336831059812 93.71091290661064
630.0907660020987 82.63011542497372
648.2229800629592 84.64480587618038
665.3478488982163 92.70356768100726
686.5020986358868 92.70356768100726
703.6269674711439 99.7549842602308
762.0529905561386 180.3426023084994
806.3761804826863 165.23242392444905
841.6332633788039 198.47481636935987
862.7875131164744 179.33525708289605
844.6552990556139 139.04144805876172
815.4422875131166 131.9900314795383
800.3321091290662 100.76232948583413
767.0897166841554 110.83578174186772
753.9942287513118 102.7770199370409
735.8620146904514 81.6227701993704
776.1558237145856 78.60073452256029
809.3982161594964 78.60073452256029
830.5524658971669 79.60807974816362
899.0519412381952 112.85047219307444
957.47796432319 113.85781741867777
986.6909758656874 112.85047219307444
973.5954879328438 92.70356768100726
944.3824763903464 100.76232948583413
1031.0141657922352 113.85781741867777
1068.2859391395596 114.86516264428116
1076.3447009443862 99.7549842602308
1102.5356768100737 92.70356768100726
1115.6311647429172 102.7770199370409
1241.549317943337 135.01206715634828
1194.204092339979 99.7549842602308
1135.7780692549845 66.51259181531998
1086.41815320042 77.5933892969569
1063.2492130115427 78.60073452256029
1037.0582371458554 78.60073452256029
1019.9333683105982 81.6227701993704
989.7130115424975 74.57135362014685
970.5734522560338 66.51259181531998
950.4265477439666 67.51993704092331
940.3530954879329 70.54197271773342
919.1988457502624 74.57135362014685
887.9711437565584 82.63011542497372
896.0299055613852 71.54931794333675
883.941762854145 58.45383001049311
861.7801678908711 72.55666316894013
847.677334732424 71.54931794333675
301.19254984260226 21.921825813221517
327.8871983210912 14.870409233998032
512.7350472193073 30.484260230850055
552.0215110178383 35.52098635886685
606.9218258132212 34.009968520461825
630.5944386149001 36.52833158447021
629.0834207764951 30.484260230850055
641.1715634837353 33.50629590766013
629.0834207764951 52.14218258132223
608.936516264428 59.19359916054577
661.8221406086043 72.28908709338941
647.7193074501572 61.20828961175246
688.0131164742916 75.81479538300115
675.4213011542495 62.21563483735582
672.3992654774395 71.28174186778602
709.167366211962 67.75603357817431
693.5535152151099 44.58709338929708
700.1012591815318 36.02465897166854
716.2187827911855 37.53567681007357
729.3142707240293 55.164218258132166
737.8767051416578 64.73399790136409
745.9354669464847 77.32581322140607
755.0015739769149 57.178908709338884
718.2334732423923 64.23032528856243
768.0970619097585 65.74134312696745
778.6741867785938 61.20828961175232
800.332109129066 68.76337880377753
817.9606505771247 65.74134312696745
826.0194123819516 54.156873032528836
808.3908709338929 64.23032528856243
825.0120671563483 43.57974816369358
814.4349422875131 41.56505771248686
861.2764952780692 44.58709338929691
868.3279118572926 33.002623294858324
887.9711437565581 43.076075550891886
881.4233997901364 40.05403987408181
912.1474291710388 57.178908709338884
909.1253934942287 50.1274921301154
926.7539349422875 19.907135362014657
939.3457502623295 53.65320041972714
929.2722980062958 65.74134312696745
954.4559286463798 43.07607555089186
964.5293809024134 39.55036726128011
967.0477439664219 26.95855194123814
993.7423924449108 35.52098635886668
974.6028331584471 53.65320041972714
983.1652675760756 53.65320041972714
978.6322140608604 44.58709338929691
965.5367261280169 53.65320041972714
1003.8158447009444 48.61647429171035
1010.3635886673662 42.57240293809019
1012.378279118573 60.704616998950655
1035.5472193074502 58.68992654774394
1027.992130115425 52.14218258132212
1034.0362014690452 41.06138509968517
1043.1023084994754 36.02465897166837
1043.1023084994754 24.943861490031424
1054.686778593914 55.66789087093386
1064.256558237146 55.164218258132166
1088.9365162644283 60.704616998950655
1080.8777544596014 34.009968520461655
1069.2932843651627 38.03934942287509
1203.7738719832114 57.178908709338884
1241.0456453305355 59.1935991605456
1307.0267576075557 66.74868835257081
1330.6993704092345 72.28908709338928
1268.747639034628 48.11280167890868
1289.3982161594968 29.98058761804822
1302.4937040923405 19.403462749212963
1308.034102833159 23.936516264428064
1320.625918153201 16.381427072402886
1292.9239244491087 21.921825813221346
1281.33945435467 16.88509968520455
1277.3100734522566 20.410807974816294
1273.784365162645 24.943861490031424
1283.8578174186785 7.81899265477432
1266.7329485834211 17.89244491080791
1258.1705141657926 28.469569779643166
1249.608079748164 15.877754459601192
1237.5199370409239 27.462224554039835
1221.4024134312701 28.469569779643166
1208.3069254984266 31.995278069254937
1195.2114375655829 27.462224554039835
1183.1232948583424 30.484260230849884
1170.027806925499 24.943861490031424
1155.9249737670518 28.469569779643166
1144.844176285415 29.98058761804822
1144.340503672613 20.410807974816294
1144.340503672613 13.359391395592809
1136.785414480588 12.352046169989421
1133.7633788037779 21.41815320041968
1153.4066107030435 7.81899265477432
1117.6458551941241 35.52098635886668
1106.0613850996856 28.469569779643166
1096.9952780692554 28.469569779643166
1108.579748163694 21.41815320041968
1113.6164742917108 21.41815320041968
1060.7308499475344 28.469569779643166
1071.8116474291714 12.352046169989421
1076.3447009443864 17.89244491080791
1090.9512067156352 15.374081846799527
818.6642512077295 260.06521739130443
1182.7222222222226 127.89130434782612
1160.3067632850243 75.3309178743961
