109.89986513823334 421.3900876601483
170.74949426837492 470.5876601483478
393.43324342548885 165.04484153742396
534.5525960890087 131.38334457181372
497.00708024275116 400.6753202966959
583.7501685772083 422.68476062036405
651.0731625084288 444.69420094403233
789.6031692515171 628.5377612946729
957.9106540795683 642.7791638570465
963.0893459204316 370.89784221173295
833.6220498988537 249.19858395144968
799.9605529332434 244.01989211058662
715.8068105192177 141.74072825354006
929.4278489548212 190.93830074173957
959.2053270397842 128.79399865138225
999.3401888064733 135.26736345246115
1153.406271072151 496.4811193526634
1236.2653405259607 517.1958867161159
1593.5950775455158 470.5876601483478
1741.1877950101145 482.2397167902899
1770.9652730950772 264.73465947403906
1708.8209710047201 262.14531355360737
1615.604517869184 258.26129467296005
1618.1938637896155 176.69689817936603
1093.851314902225 41.99022252191497
1128.8074848280512 38.75354012137552
1129.4548213081591 58.82097100472015
1150.1695886716116 19.33344571813882
1181.2417397167903 48.463587322993874
1219.4345920431558 51.05293324342546
1233.6759946055295 153.9794335805799
1267.9848280512474 123.55461901550905
1288.0522589345921 165.6314902225219
1324.9504383007418 168.22083614295343
1277.047538772758 20.628118678354664
1339.8391773432231 16.096763317599425
1354.080579905597 29.6908293998651
1379.3267026298045 25.15947403910991
1522.3880647336482 63.352326365475335
1565.7596089008766 47.81625084288601
