1062.2737003058105 699.032110091743
1457.6253822629972 736.2186544342507
1845.1483180428133 397.6253822629967
1694.4449541284405 450.4694189602444
1590.7140672782878 460.255351681957
1383.2522935779818 471.998470948012
1281.4785932721713 464.169724770642
1134.6896024464834 360.43883792048905
1164.047400611621 333.038226299694
1236.4633027522937 307.5948012232413
944.84250764526 389.7966360856267
766.7385321100919 428.9403669724768
1537.87003058104 311.50917431192636
876.3409785932722 323.2522935779813
892.9770642201836 229.30733944954085
996.7079510703365 196.0351681957182
1024.1085626911317 184.29204892966317
1098.4816513761468 148.0840978593268
1105.3318042813457 216.5856269113146
1138.6039755351683 270.4082568807335
1216.8914373088687 301.72324159021366
1250.1636085626915 272.365443425076
1322.5795107033641 263.5581039755348
1433.160550458716 287.04434250764484
1419.4602446483182 305.6376146788987
1420.4388379204895 229.30733944954085
1369.5519877675843 216.5856269113146
1346.0657492354742 201.90672782874577
1251.1422018348626 188.20642201834818
819.5825688073395 165.69877675840934
787.2889908256882 158.8486238532106
808.8180428134557 137.31957186544304
835.2400611620797 108.94036697247662
800.0107033639144 119.70489296636043
779.4602446483182 64.90366972477023
756.9525993883793 112.85474006116164
761.8455657492356 134.38379204892925
1469.368501529052 78.60397553516776
1554.0168195718659 87.05963302752292
1525.1483180428138 97.82415902140673
1595.6070336391442 84.12385321100916
1586.3103975535173 87.54892966360853
1697.3807339449545 90.48470948012232
1714.9954128440372 91.95259938837921
1723.8027522935786 82.16666666666666
37.197247706422 127.62538226299677
279.3990825688075 79.23088685015284
295.05657492354754 77.76299694189595
311.20336391437326 83.6345565749235
351.8149847094803 89.50611620795101
377.7477064220185 84.61314984709475
383.61926605504607 80.2094801223241
401.72324159021423 68.95565749235467
398.2981651376149 58.68042813455651
379.2155963302754 30.790519877675763
391.93730886850165 50.851681957186486
443.8027522935781 42.533639143730824
439.8883792048931 46.44801223241583
434.01681957186565 68.46636085626903
435.9740061162081 58.68042813455651
455.0565749235476 63.08409785932716
446.24923547400635 59.65902140672779
465.82110091743135 64.06269113149841
455.54587155963327 84.12385321100913
455.54587155963327 71.89143730886843
478.5428134556577 62.105504587155906
482.9464831804283 93.90978593272166
496.1574923547402 77.76299694189595
497.6253822629971 92.44189602446477
511.3256880733947 73.84862385321094
524.5366972477066 71.89143730886843
539.2155963302755 87.05963302752286
530.8975535168197 97.82415902140667
512.3042813455659 88.52752293577976
575.9128440366974 91.46330275229354
558.7874617737004 84.61314984709475
555.8516819571867 90.48470948012226
548.5122324159024 101.24923547400607
569.5519877675843 113.48165137614674
603.8027522935781 85.10244648318037
616.5244648318044 76.78440366972472
333.2217125382265 26.876146788990752
460.92813455657506 95.37767584097855
711.9373088685015 104.6743119266055
713.4051987767584 87.54892966360853
696.7691131498472 74.82721712538225
667.4113149847095 67.97706422018348
90.7752293577982 17.090214067278282
49.674311926605526 13.175840978593271
17.38073394495416 12.19724770642199
1406.2492354740061 87.50305810397532
1655.37922705314 340.30676328502443
1697.1183574879226 340.30676328502443
645.7173913043479 57.23913043478262
