99.83774834437082 326.72516556291396
131.6258278145695 333.0827814569536
20.36754966887412 555.5993377483444
414.5397350993377 496.7913907284769
455.86423841059593 345.7980132450332
401.8245033112581 337.8509933774836
1161.5596026490064 275.86423841059604
1271.2284768211919 248.84437086092723
1318.9105960264899 447.519867549669
1066.1953642384103 113.74503311258286
325.5331125827813 94.67218543046363
352.5529801324502 99.44039735099341
381.162251655629 86.72516556291396
522.6192052980131 148.71192052980132
548.0496688741721 77.18874172185429
705.4006622516555 27.917218543046374
203.14900662251648 261.5596026490066
86.78683693516686 184.213163064833
1059.0461689587428 100.28388998035359
935.7455795677799 3.2406679764244473
1016.3742632612966 2.769155206286939
925.8438113948919 4.18369351669952
1738.4960707269156 452.7986247544203
632.7986247544205 461.7573673870334
707.2976424361494 374.0559921414538
22.661100196463508 376.885068762279
74.52750491159125 221.2858546168958
228.00491159135555 117.02259332023581
298.7318271119842 102.40569744597258
426.04027504911585 84.0166994106091
128.98722986247543 258.4764243614931
543.918467583497 88.73182711198436
611.1090373280944 131.40373280943027
889.3015717092339 117.25834970530445
901.3251473477408 17.386051080550203
