28.31456953642379 561.9569536423842
632.2880794701986 143.94370860927154
667.254966887417 204.341059602649
630.6986754966886 215.46688741721857
592.5529801324502 143.94370860927154
621.162251655629 58.11589403973517
753.0827814569534 46.99006622516549
778.5132450331123 21.559602649006592
724.4735099337747 27.917218543046374
773.7450331125826 161.42715231788085
821.4271523178807 148.71192052980132
1031.2284768211919 390.3013245033113
1592.2880794701982 654.1423841059603
1717.850993377483 658.9105960264901
1755.9966887417215 526.9900662251656
1733.7450331125824 366.4602649006623
1617.7185430463574 188.44701986754967
1523.9437086092712 317.1887417218543
1528.711920529801 8.844370860927256
1651.096026490066 8.844370860927256
1792.55298013245 8.844370860927256
1817.9834437086088 13.612582781456922
4.743614931237573 625.8438113948921
631.6198428290766 83.86935166994112
618.5353634577602 2.3418467583497318
629.8516699410609 2.3418467583497318
643.525540275049 1.6345776031434411
1341.2465618860513 7.484282907662191
1498.7318271119846 4.18369351669952
