630.0907660020987 728.8735571878278
567.6353620146906 672.4622245540398
438.69517313746076 640.2271773347323
299.6815320041974 475.0225603357817
253.3436516264428 462.9344176285414
335.9459601259182 446.81689401888764
575.6941238195175 329.9648478488981
692.546169989507 456.89034627492117
827.530430220357 489.12539349422866
883.9417628541448 527.4045120671562
980.6469045120673 662.3887722980062
1105.5577124868837 682.5356768100733
1168.0131164742918 442.7875131164742
1341.2764952780694 466.9637985309548
1468.2019937040925 545.5367261280168
1552.8189926547745 543.52203567681
1838.9050367261282 809.4611752360964
1903.3751311647432 509.27229800629584
1855.022560335782 277.58289611752343
942.3677859391396 311.8326337880377
787.2366211962226 233.25970619097575
801.3394543546697 148.6427072402937
936.3237145855196 126.48111227701975
972.5881427072404 196.99527806925494
1222.4097586568732 241.31846799580262
1349.3352570828963 207.06873032528847
1393.658447009444 239.30377754459596
1353.3646379853096 255.4213011542497
692.546169989507 84.17261280167872
734.854669464848 102.30482686253924
742.9134312696749 27.761280167890842
601.8850996852048 33.80535152151083
333.93126967471153 80.1432318992654
55.90398740818466 21.717208814270634
142.53567681007348 41.8641133263377
942.3677859391396 13.658447009443762
986.6909758656875 21.717208814270634
1049.1463798530956 37.83473242392438
1067.278593913956 29.775970619097507
1159.954354669465 66.04039874081832
1544.7602308499477 118.42235047219299
1095.9879328436516 38.306925498425926
1104.0466946484785 15.137985309548753
1125.2009443861489 21.18205666316885
1155.4213011542497 12.115949632738648
1229.964847848898 24.204092339978956
1250.1117523609653 21.18205666316885
1197.7298006295907 11.108604407135317
1301.4863588667365 26.218782791185617
1338.7581322140609 22.18940188877218
1364.9491080797482 11.108604407135317
1413.3016789087092 30.24816369359911
1431.4338929695696 5.064533053515107
1470.7203567681008 72.55666316894013
1492.8819517313746 59.461175236096494
1538.2124868835258 63.490556138509874
1578.50629590766 65.50524658971665
1621.8221406086045 56.43913955928639
1628.8735571878278 22.18940188877218
1719.53462749213 24.204092339978956
783.1625386996905 194.71052631578948
585.0201238390091 14.40092879256963
565.205882352941 11.428792569659436
