57.395578551269985 354.46048918156157
221.7605832549389 293.0493885230479
257.88476011288816 318.33631232361233
286.78410159924744 330.9797742238946
324.71448730009416 284.0183443085606
362.6448730009408 312.91768579492
471.0174035747884 284.0183443085606
487.2732831608656 282.2121354656632
530.6222953904047 386.9722483537158
871.9957666980246 437.54609595484476
902.7013170272813 536.887582314205
1245.880997177799 679.5780809031044
1354.2535277516465 713.8960489181561
1460.8198494825967 751.8264346190028
548.6843838193793 265.956255879586
597.4520225776106 258.7314205079962
773.5573847601131 209.99200376293516
796.1349952963313 228.95719661335852
817.8095014111009 257.85653809971785
776.2666980244593 289.4651928504234
868.3833490122298 204.5733772342428
890.960959548448 200.96095954844787
884.639228598307 245.21307619943565
940.6317027281283 244.3099717779869
988.4962370649109 191.02681091251185
1004.7521166509881 203.67027281279405
1044.4887111947323 187.41439322671695
1069.7756349952965 181.09266227657577
1092.3532455315149 168.44920037629356
1094.1594543744122 185.60818438381943
1099.5780809031048 213.60442144873008
1129.380526810913 179.28645343367833
1150.1519285042336 181.09266227657577
1169.117121354657 165.73988711194738
1188.0823142050804 196.4454374412042
1169.117121354657 243.40686735653816
1224.2064910630297 263.27516462841027
1258.5244590780812 251.53480714957675
1285.6175917215432 215.41063029162757
1355.1566321730954 239.79444967074323
1390.3777046095959 298.4962370649107
1418.3739416745066 212.70131702728133
1411.1491063029168 247.92238946378183
1468.0446848541867 264.17826904985895
1368.7031984948264 121.48777046095961
1396.6994355597371 146.77469426152402
1411.1491063029168 126.90639698965197
1479.7850423330203 145.87158984007533
1514.103010348072 135.9374412041393
1506.8781749764821 232.56961429915344
1717.7530573847603 277.7248353715899
1656.3419567262467 222.63546566321736
1597.640169332079 207.282690498589
1547.9694261523991 126.90639698965197
1789.09830667921 139.54985888993417
1794.5169332079024 197.34854186265295
1818.9007525870181 202.7671683913453
