942.9719101123595 1051.5112359550558
29.488764044943707 369.9382022471908
303.1966292134832 275.5561797752806
342.2977528089888 309.26404494382
408.36516853932596 318.702247191011
553.9831460674159 356.45505617977506
618.7022471910115 338.92696629213464
710.3876404494383 78.36516853932591
789.9382022471912 74.32022471910119
988.1404494382026 110.7247191011237
1005.668539325843 314.3202247191013
984.0955056179779 307.5786516853934
1069.039325842697 291.39887640449456
1151.2865168539329 329.1516853932586
1182.2977528089891 312.97191011235975
1137.803370786517 198.36516853932596
1183.6460674157306 149.8258426966293
1201.174157303371 156.5674157303372
1059.6011235955061 35.21910112359558
1884.7696629213488 358.81460674157313
1888.8146067415735 241.51123595505624
1608.365168539326 210.5
1725.6685393258429 93.1966292134831
1535.5561797752812 241.51123595505624
1518.0280898876406 286.0056179775281
1470.8370786516855 337.24157303370794
1484.3202247191011 54.09550561797744
1553.0842696629215 51.39887640449433
1283.4213483146068 58.14044943820221
1451.9606741573034 10.949438202247165
754.2078651685393 1067.6910112359546
1008.1470588235296 52.382352941176464
