260.36754966887406 765.4006622516557
468.5794701986754 739.9701986754968
412.9503311258277 948.1821192052981
463.8112582781456 1040.3675496688743
622.7516556291389 1026.0629139072848
66.4602649006622 514.2748344370862
177.71854304635758 504.7384105960266
230.16887417218538 463.41390728476836
292.15562913907274 515.864238410596
228.57947019867538 379.17549668874176
201.55960264900654 379.17549668874176
85.53311258278143 256.7913907284769
254.00993377483437 301.29470198675494
323.9437086092714 250.43377483443714
282.6192052980132 215.46688741721857
341.42715231788065 395.0695364238411
395.46688741721846 366.4602649006623
384.3410596026489 298.11589403973517
412.9503311258277 210.6986754966888
457.4536423841058 199.57284768211923
522.6192052980131 231.3609271523179
541.6920529801323 234.5397350993378
557.5860927152316 269.50662251655626
576.6589403973509 286.9900662251656
611.6258278145694 364.8708609271523
571.8907284768211 422.08940397351
506.7251655629137 410.96357615894044
462.2218543046356 404.60596026490066
468.5794701986754 366.4602649006623
419.30794701986747 422.08940397351
808.7119205298011 533.3476821192054
751.4933774834435 471.360927152318
799.1754966887415 398.24834437086105
759.4403973509932 350.56622516556297
713.3476821192052 299.70529801324506
705.4006622516555 250.43377483443714
645.003311258278 226.59271523178813
775.3344370860925 186.85761589403978
761.0298013245031 153.4801324503312
767.3874172185429 132.81788079470198
718.1158940397349 142.35430463576165
737.1887417218541 108.97682119205297
867.5198675496688 145.53311258278154
907.2549668874169 102.6192052980133
912.0231788079468 137.58609271523187
857.983443708609 306.06291390728484
807.1225165562912 253.61258278145692
756.2615894039734 283.8112582781457
924.7384105960264 310.8311258278146
972.4205298013244 186.85761589403978
945.4006622516554 164.60596026490066
1830.6986754966883 649.3741721854306
1752.8178807947015 309.2417218543046
1790.9635761589402 275.86423841059604
1846.5927152317877 150.30132450331132
1814.804635761589 93.08278145695363
1829.1092715231784 37.45364238410593
1913.3476821192048 35.864238410596045
1763.9437086092712 80.36754966887418
1711.4933774834433 148.71192052980132
1681.2947019867547 64.47350993377484
1593.8774834437083 75.5993377483444
1570.0364238410593 209.1092715231789
1598.645695364238 320.3675496688743
1376.1291390728475 348.97682119205297
1331.6258278145692 331.49337748344374
1248.9768211920527 331.49337748344374
1325.2682119205294 172.55298013245033
1403.1490066225163 199.57284768211923
1318.9105960264899 88.31456953642385
1283.9437086092712 139.17549668874176
1242.619205298013 142.35430463576165
1199.7052980132448 155.0695364238411
1164.7384105960261 170.96357615894044
1148.8443708609268 142.35430463576165
1326.8576158940396 42.221854304635826
1317.3211920529798 10.433774834437145
1026.1833033638873 65.92180167536509
1039.3998289548701 63.65611157405374
1039.022213937985 105.9489934651989
1062.8119600017542 58.747116354545824
1111.524297179948 76.4950221481514
1156.4604841892897 26.64983991930177
1137.9573483619138 17.58707951405637
1093.3987763694572 30.048375071268765
1068.8538002719176 21.36322968290861
1049.217819393886 7.013859041270081
1047.32974430946 17.58707951405637
1041.6655190561814 27.782684969957415
1031.8475286171656 32.69168018946533
1036.001293802903 46.28582079733343
1009.9458576378227 51.9500460506118
1007.3025525196261 37.600675408973274
992.1979518442172 46.28582079733343
981.6247313714308 44.77536072979254
846.3235294117649 135.85294117647055
1157.5294117647059 13.29411764705884
1112.0 22.470588235294144
1491.6764705882354 339.3235294117645
