257.49258260283216 733.406271072151
386.95987862440995 787.7825354012137
531.9632501685772 875.8202966958867
616.1169925826028 890.0616992582602
713.2174645987863 664.7886041807147
816.7913014160486 669.9672960215778
952.7319622387054 636.3057990559677
1355.3752528658124 773.5411328388401
1512.0306810519216 735.9956169925825
1558.6389076196897 408.4433580579905
1500.3786244099797 307.4588671611598
1598.773769386379 263.4399865138232
1708.8209710047201 322.99494268374906
1803.332097100472 307.4588671611598
323.5209035738368 363.1298044504382
455.5775455158463 271.20802427511785
471.11362103843555 212.94774106540785
498.301753202967 258.26129467296005
499.5964261631827 289.3334457181388
509.95380984490896 346.2990559676331
623.8850303438975 332.05765340525954
670.4932569116655 294.512137559002
701.5654079568442 312.63755900202284
827.1486850977747 237.5465273095076
871.1675657451112 234.95718138907614
674.3772757923128 162.4554956169925
603.170262980445 185.75960890087651
462.0509103169252 80.89109912339836
397.3172623061362 89.95380984490885
638.126432906271 108.07923128792982
616.1169925826028 40.75623735670933
629.0637221847606 35.57754551584617
768.8884018880647 54.99763991908276
806.4339177343222 64.06035064059324
647.8364801078894 23.217464598786137
613.5276466621713 16.09676331759931
767.593728927849 11.56540795684407
755.9416722859071 23.217464598786137
832.327376938638 116.43391773432222
867.2835468644641 113.19723533378277
853.0421443020906 76.94639244774095
866.6362103843562 34.86952124072809
891.8823331085639 45.226904922454366
940.4325691166557 131.32265677680368
965.0313553607555 124.84929197572478
1027.822993931221 88.59844908968297
1038.827714093055 77.59372892784882
1049.832434254889 63.35232636547528
1068.605192178018 65.94167228590686
1105.5033715441677 81.47774780849619
1292.5836142953476 114.49190829399856
1397.4521240728259 91.83513149022241
1429.8189480782203 90.54045853000662
1396.15745111261 30.338165879972905
1376.0900202292655 36.16419420094388
1419.4615643964942 10.270734996628335
1427.8769386378967 10.270734996628335
1294.5256237356714 21.275455158462478
1291.93627781524 3.1500337154415092
1281.5788941335136 25.159474039109796
1288.0522589345924 43.28489548213065
1286.7575859743768 54.289615643964794
1277.0475387727583 47.81625084288589
1215.550573162509 18.686109238030895
1065.3685097774783 18.03877275792297
1046.5957518543496 25.159474039109796
991.572151045179 36.16419420094388
935.2538772757925 47.81625084288589
919.7178017532032 13.507417397167728
937.1958867161162 10.270734996628335
1020.702292650034 4.444706675657244
842.0374241402565 7.6813890761967505
860.1628455832773 7.034052596088827
624.5323668240053 9.269386378961656
644.9234659474038 5.385367498314281
1536.6294672960216 112.51955495616997
1462.1857720836144 92.77579231287933
1461.5384356035065 20.597774780849704
1483.8715441672286 21.892447741065496
1517.533041132839 29.66048550236016
1513.0016857720836 51.346257585974456
1535.6584625758599 32.57349966284565
1557.6679028995281 28.689480782198302
1553.136547538773 16.390087660148424
1540.189817936615 13.153405259608974
1568.996291301416 15.419082939986595
1568.3489548213083 27.718476062036473
1589.3873904248148 22.863452461227325
1597.8027646662172 24.15812542144309
1626.2855697909645 38.723196223870616
1712.3813216453136 22.863452461227325
1694.9032366824008 24.481793661497022
1672.8937963587323 13.800741739716841
1734.390761968982 17.361092380310254
1703.965947403911 13.153405259608974
1755.1055293324343 18.97943358057998
1515.2673634524613 11.858732299393182
1481.605866486851 13.153405259608974
1451.5047201618343 1.8250168577209251
1713.6759946055295 151.35974376264332
1761.5788941335131 158.15677680377615
1767.0812542144304 126.11362103843564
1443.4130141604855 9.269386378961656
1781.1608226567769 117.69824679703308
1792.8128792987188 112.51955495616997
1808.6726230613622 149.7414025623736
1845.5708024275118 125.46628455832777
1873.729939312205 152.6544167228591
1909.009777478085 120.6112609575186
1842.98145650708 43.90188806473372
1803.493931220499 14.124409979770803
1782.1318273769386 19.626770060687875
1847.8364801078894 20.921443020903638
1902.86008091706 21.2451112609576
1876.9666217127444 17.684760620364216
1033.8126934984525 8.441176470588289
1042.729102167183 38.16253869969046
971.8931888544896 13.890092879257052
951.5835913312698 42.620743034055806
693.9984520123841 162.26470588235298
1649.2925696594427 13.890092879257052
