485.03305351521516 517.3310598111227
662.3258132214062 358.1705141657921
787.2366211962226 325.93546694648467
1202.262854144806 599.9333683105981
1762.3467995802732 515.3163693599159
1764.36149003148 305.7885624344176
1818.758132214061 388.39087093389287
1687.8032528856245 360.1852046169988
1448.0550891920254 106.33420776495268
1587.0687303252887 64.02570828961166
1653.5535152151103 64.02570828961166
1736.1558237145857 78.12854144805863
1242.5566631689408 15.137985309548867
1113.6164742917108 64.49790136411343
1125.704616998951 95.72560335781748
1089.4401888772302 106.80640083945445
1076.3447009443867 63.490556138510044
1058.212486883526 99.75498426023091
1014.8966421825817 42.33630640083953
1002.8084994753413 60.468520461699995
983.6689401888775 42.33630640083953
976.6175236096541 17.15267576075553
949.4192025183634 28.233473242392506
911.1400839454358 72.5566631689403
870.8462749213014 126.95330535152164
838.6112277019939 72.5566631689403
876.8903462749216 26.21878279118573
879.9123819517316 9.093913955928656
833.5745015739772 12.115949632738761
1681.4430255402751 91.79666011787816
951.7770137524558 20.686640471512874
1635.0771812080534 929.6543624161075
1400.5536912751677 566.271812080537
1556.1510067114095 159.6812080536913
