358.10755508919203 541.5073452256033
275.50524658971676 428.68467995802723
394.37198321091296 402.49370409233984
499.1358866736622 430.6993704092339
710.6783840503674 537.4779643231899
736.8693599160547 614.0362014690451
750.9721930745018 438.75813221406077
1155.9249737670516 481.0666316894018
1357.3940188877232 531.4338929695697
1585.054039874082 344.0676810073451
1726.082371458552 346.08237145855185
1707.9501573976916 279.5975865687302
946.3971668415531 263.4800629590766
976.6175236096537 275.56820566631677
626.0613850996853 263.9522560335781
812.4202518363064 221.6437565582371
865.8095487932844 205.52623294858336
997.7717733473243 151.12959076600202
1061.2345225603358 132.99737670514162
1036.0508919202518 113.85781741867777
1046.1243441762854 98.74763903462747
1039.072927597062 79.60807974816362
1067.278593913956 82.63011542497372
1070.300629590766 63.490556138509874
1084.403462749213 84.64480587618038
1103.5430220356768 75.57869884575018
1112.609129066107 61.47586568730321
1106.565057712487 51.40241343126962
1138.8001049317943 54.42444910807967
1116.6385099685206 28.233473242392392
1196.2187827911857 78.60073452256029
1114.623819517314 166.23976915005244
1258.674186778594 102.7770199370409
1227.44648478489 65.50524658971665
1243.5640083945436 56.43913955928639
1263.7109129066107 56.43913955928639
1282.8504721930747 57.44648478488978
1242.5566631689403 12.115949632738648
1203.2701993704095 31.25550891920244
1213.3436516264428 9.093913955928542
1281.843126967471 17.152675760755415
1305.0120671563486 7.079223504721881
1332.210388247639 29.240818467995723
1322.1369359916057 23.196747114375626
1314.0781741867786 98.74763903462747
1320.1222455403988 123.93126967471142
1338.2544596012594 184.37198321091284
1343.291185729276 149.11490031479536
1390.636411332634 161.20304302203562
1363.4380902413432 121.91657922350464
1417.8347324239246 158.18100734522557
1414.8126967471144 127.96065057712485
1482.3048268625394 163.21773347324233
1546.7749213011543 137.02675760755506
1543.7528856243443 109.82843651626433
1479.2827911857294 127.96065057712485
1457.1211962224556 107.81374606505767
1437.981636935992 77.5933892969569
1479.2827911857294 78.60073452256029
1544.7602308499477 53.41710388247634
1558.8630640083948 19.16736621196219
1517.561909758657 31.25550891920244
1415.8200419727177 10.101259181531987
1732.1264428121722 12.115949632738648
1889.272298006296 41.8641133263377
1225.0186640471513 44.6453831041257
1267.4548133595285 38.0442043222003
1326.8654223968567 163.4666011787819
1161.6001964636544 9.841846758349789
1191.7770137524558 4.18369351669952
