244.54494382022472 808.8146067415727
659.8258426966291 911.2865168539322
1107.4662921348313 1013.7584269662918
1563.196629213483 776.4550561797749
1692.634831460674 673.9831460674154
1158.7022471910113 552.6348314606739
1177.5786516853932 369.26404494381995
735.3314606741573 293.75842696629184
953.7584269662922 307.2415730337076
1048.1404494382023 277.57865168539297
1150.612359550562 258.7022471910109
341.623595505618 250.61235955056145
675.3314606741574 23.08426966292143
738.7022471910115 59.48876404494388
830.3876404494384 68.92696629213492
872.1853932584273 86.4550561797754
969.2640449438205 93.19662921348322
986.7921348314611 187.57865168539337
1120.2752808988766 117.46629213483152
935.5561797752813 40.61235955056185
833.0842696629217 16.342696629213492
773.7584269662924 10.949438202247165
610.2752808988762 17.859550561797846
766.6797752808986 2.353932584269728
1175.4845201238393 141.21207430340553
1157.6517027863779 135.26780185758514
712.326625386997 19.83436532507747
677.6517027863778 3.4876160990712606
538.4566563467492 193.20897832817337
636.5371517027864 83.23993808049539
706.3823529411765 75.31424148606817
621.6764705882354 58.96749226006199
1172.5123839009289 735.6702786377709
