810.1629213483145 150.5
909.9382022471909 153.1966292134831
967.9157303370787 250.27528089887636
1064.9943820224719 104.65730337078651
1334.6573033707864 132.97191011235952
1371.0617977528088 114.09550561797755
1009.7134831460673 42.63483146067415
1000.2752808988764 62.85955056179773
493.30898876404495 215.21910112359546
551.6176470588235 201.6764705882352
559.029411764706 194.61764705882345
329.61764705882365 247.55882352941165
499.02941176470597 194.26470588235287
653.2647058823529 183.3235294117646
830.4411764705882 150.32352941176464
541.0294117647059 219.14705882352933
1157.264705882353 207.85294117647052
