95.20404984423676 731.9018691588785
153.02336448598132 630.2196261682243
65.29750778816204 610.2819314641745
13.459501557632395 512.5872274143301
272.6495327102805 365.04828660436124
436.1386292834892 556.4501557632398
436.1386292834892 632.2133956386292
264.6744548286605 781.746105919003
159.0046728971963 207.5404984423675
392.2757009345795 133.77102803738296
611.5903426791277 115.82710280373806
627.5404984423677 277.32242990654197
476.01401869158883 269.347352024922
424.17601246105926 285.29750778816185
394.26947040498453 285.29750778816185
677.3847352024924 522.556074766355
639.5031152647977 652.151090342679
727.2289719626168 662.119937694704
914.6433021806855 614.2694704049843
812.9610591900313 757.8208722741433
1042.2445482866046 438.81775700934566
799.0046728971964 265.35981308411203
735.2040498442369 243.42834890965705
836.8862928348912 103.86448598130823
1010.3442367601248 245.42211838006224
1054.2071651090343 243.42834890965705
1064.1760124610594 177.63395638629265
1110.032710280374 171.65264797507768
1070.1573208722743 115.82710280373806
1084.1137071651092 73.95794392523351
1146.9174454828662 152.9454828660436
1174.8302180685362 156.93302180685356
1211.7149532710282 135.5
1239.129283489097 121.5436137071651
1267.0420560747666 188.83333333333331
1299.4408099688476 185.3442367601246
1310.9049844236763 154.9392523364486
1324.8613707165111 132.50934579439252
1376.6993769470407 149.95482866043614
1410.0950155763242 118.55295950155764
1385.172897196262 115.56230529595015
1291.4657320872277 122.5404984423676
1236.6370716510905 93.63084112149534
1255.0794392523367 88.14797507788163
1280.5000000000002 82.66510903426791
1328.35046728972 55.749221183800614
1352.774143302181 62.727414330218096
1351.7772585669784 37.80529595015577
1327.3535825545173 29.830218068535828
1316.8862928348913 29.830218068535828
1339.3161993769472 5.904984423676012
1346.7928348909659 16.870716510903435
1360.2507788161997 17.86760124610595
1374.7056074766356 38.30373831775702
1382.6806853582557 25.842679127725887
1400.6246105919004 43.28816199376948
1793.8956386292837 500.62461059190014
1885.6090342679129 480.6869158878503
1907.5404984423678 38.070093457943585
1835.7647975077882 277.32242990654197
1911.5280373831777 287.29127725856677
1899.5654205607477 347.10436137071633
591.6526479750779 109.8457943925232
1858.828173374613 22.311145510835985
