400.9494382022473 773.7584269662918
484.54494382022483 913.9831460674154
611.2865168539325 641.6235955056178
406.3426966292135 466.3426966292131
77.35393258426973 450.1629213483143
290.3876404494382 280.2752808988761
805.4438202247192 334.207865168539
978.0280898876405 363.8707865168536
1058.9269662921347 334.207865168539
1131.7359550561796 420.4999999999998
956.4550561797754 647.016853932584
1220.7247191011238 544.5449438202244
1404.0955056179773 496.0056179775278
1603.6460674157302 425.893258426966
1619.825842696629 264.0955056179773
1859.825842696629 258.7022471910109
1822.0730337078649 673.9831460674154
937.5786516853933 145.44382022471882
988.8146067415731 134.65730337078617
697.5786516853933 145.44382022471882
643.6460674157303 172.41011235955034
209.48876404494388 231.73595505617948
249.93820224719107 212.8595505617975
112.41011235955057 164.3202247191009
71.9606741573034 167.016853932584
39.60112359550567 110.38764044943787
260.7247191011236 118.4775280898873
503.4213483146067 164.3202247191009
433.308988764045 118.4775280898873
153.53370786516848 112.07303370786514
218.25280898876406 120.16292134831463
224.99438202247188 91.8483146067415
231.73595505617982 68.92696629213481
266.79213483146066 64.88202247191009
156.23033707865164 63.53370786516848
559.3764044943822 48.70224719101117
467.6910112359552 41.96067415730329
439.3764044943821 48.70224719101117
481.17415730337086 74.32022471910108
398.9269662921349 79.71348314606733
380.05056179775283 74.32022471910108
1088.2528089887642 44.151685393258504
1094.9943820224719 34.03932584269671
1072.747191011236 11.792134831460771
1033.6460674157304 36.735955056179876
1016.11797752809 18.53370786516862
985.1067415730338 25.94943820224728
1001.9606741573034 23.252808988764116
1178.5898876404494 15.162921348314683
1151.623595505618 11.792134831460771
1227.803370786517 39.43258426966301
1264.2078651685392 3.7022471910113377
1314.0955056179776 39.43258426966301
1339.7134831460676 34.71348314606752
1379.4887640449438 21.230337078651758
1363.308988764045 10.443820224719161
1341.7359550561798 3.028089887640533
1135.443820224719 48.870786516854025
614.6573033707864 60.83707865168549
624.0955056179776 44.657303370786565
660.5 23.08426966292143
682.0730337078651 23.08426966292143
740.0505617977528 44.657303370786565
698.252808988764 31.174157303370862
749.4887640449438 25.780898876404535
785.8932584269662 20.38764044943821
837.1292134831461 27.129213483146145
919.3764044943822 24.43258426966304
202.0730337078652 10.949438202247165
220.94943820224717 8.252808988763945
113.08426966292132 10.949438202247165
73.98314606741565 10.949438202247165
