1351.491233985165 335.94167228590686
853.0421443020903 517.1958867161159
1526.2720836142953 234.95718138907614
1699.7582602832097 200.00101146325008
1729.5357383681726 234.95718138907614
1579.3536749831421 108.07923128792982
1601.3631153068104 80.89109912339836
1534.04012137559 87.36446392447726
1449.8863789615643 123.61530681051909
1313.9457181389075 232.36783546864456
1223.3186109238031 210.35839514497627
1159.87963587323 223.30512474713407
1183.1837491571139 185.75960890087651
1198.7198246797032 158.57147673634518
1167.6476736345246 77.00708024275104
1139.1648685097773 31.69352663519885
1140.4595414699932 45.93492919757227
1126.2181389076197 14.86277815239373
1273.8108563722185 10.978759271746412
1238.8546864463924 58.8816587997302
1269.9268374915712 44.64025623735665
1266.0428186109236 67.94436952124056
1365.7326365475387 80.89109912339836
1359.2592717464597 31.69352663519885
1316.535064059339 36.87221847606202
1369.616655428186 29.104180714767153
1304.7085187539733 85.21710108073728
1293.723140495868 175.54132231404947
1253.4870129870128 2.433066933066982
1393.6275167785234 58.82885906040269
1625.794117647059 734.6176470588233
1111.6470588235293 42.58823529411767
1027.0294117647063 114.32352941176465
