644.3874680306908 943.1598465473145
828.5306905370846 923.5179028132992
799.0677749360616 1065.9219948849104
991.8043478260873 827.7634271099743
1083.875959079284 804.4386189258311
1126.8427109974427 838.812020460358
1315.8964194373405 810.5767263427109
1384.643222506394 736.9194373401533
1453.390025575448 852.3158567774935
1416.561381074169 814.2595907928387
1509.860613810742 757.7890025575446
1331.8554987212278 930.8836317135549
1254.5153452685424 1029.0933503836316
1775.026854219949 917.3797953964194
1144.029411764706 644.8478260869563
1104.7455242966753 605.5639386189256
1059.3235294117649 579.7838874680305
1080.1930946291561 745.512787723785
972.1624040920716 739.3746803069052
958.6585677749363 687.8145780051149
948.8375959079285 633.7992327365727
905.87084398977 639.9373401534525
393.952685421995 644.8478260869563
450.42327365728914 659.5792838874678
514.2595907928389 644.8478260869563
492.1624040920717 727.0984654731456
380.44884910485945 810.5767263427109
231.90664961636838 782.3414322250638
181.57416879795403 852.3158567774935
18.300511508951445 849.8606138107416
45.30818414322255 756.5613810741686
148.42838874680314 689.0421994884908
121.42071611253202 604.3363171355496
197.53324808184146 614.1572890025574
218.40281329923283 595.742966751918
233.13427109974435 565.0524296675189
271.19053708439907 569.9629156010228
309.2468030690538 653.4411764705881
300.6534526854221 625.205882352941
359.5792838874681 571.1905370843988
435.6918158567776 588.3772378516622
470.06521739130443 599.4258312020459
497.07289002557553 601.8810741687978
568.2749360613811 599.4258312020459
576.8682864450129 655.89641943734
661.5741687979541 594.515345268542
660.3465473145782 670.6278772378515
698.402813299233 653.4411764705881
738.9143222506395 681.6764705882351
730.3209718670078 653.4411764705881
757.3286445012789 608.0191815856775
843.262148337596 657.124040920716
849.4002557544759 691.4974424552428
795.3849104859337 653.4411764705881
-110.5997442455243 1059.7838874680306
1002.8529411764706 608.0191815856775
979.5281329923276 573.6457800511507
945.1547314578006 593.287723785166
946.3823529411766 560.1419437340152
951.2928388746805 542.9552429667516
623.5179028132993 554.0038363171353
684.8989769820973 560.1419437340152
722.9552429667519 542.9552429667516
742.5971867007675 542.9552429667516
789.2468030690538 577.3286445012785
801.5230179028135 595.742966751918
835.8964194373402 622.750639386189
834.6687979539643 603.1086956521735
902.1879795396421 588.3772378516622
872.7250639386191 569.9629156010228
536.3567774936062 530.6790281329921
564.5920716112532 565.0524296675189
-60.26726342710998 762.6994884910484
395.48721227621496 538.0447570332478
459.3235294117648 538.0447570332478
481.42071611253203 574.2595907928386
470.9859335038364 512.2647058823527
523.7736572890026 507.3542199488489
583.3132992327368 507.3542199488489
560.6023017902816 482.1879795396417
615.8452685421996 526.9961636828641
651.4462915601025 512.8785166240407
662.4948849104861 540.4999999999998
663.1086956521741 515.9475703324806
714.0549872122764 497.5332480818411
731.8554987212278 498.7608695652171
722.6483375959081 517.1751918158566
785.257033248082 468.6841432225061
295.4360613810743 555.2314578005112
332.26470588235304 546.0242966751915
306.4846547314579 530.065217391304
321.8299232736574 496.9194373401532
358.0447570332482 531.906649616368
423.10869565217405 499.3746803069051
372.7762148337597 485.8708439897695
346.99616368286456 485.8708439897695
358.65856777493616 469.9117647058821
333.492327365729 471.753196930946
269.0421994884912 524.5409207161122
195.9987212276216 541.7276214833757
84.28516624040927 540.4999999999998
108.22378516624049 536.2033248081839
102.69948849104865 517.7890025575446
102.69948849104865 493.23657289002534
208.88874680306915 503.057544757033
380.75575447570344 499.98849104859306
399.17007672634287 503.057544757033
283.7736572890027 484.64322250639356
132.77621483375964 490.1675191815855
156.7148337595909 441.676470588235
164.0805626598466 507.9680306905368
142.59718670076734 515.9475703324806
130.3209718670077 519.0166240409205
57.277493606138165 474.20843989769793
35.79411764705887 501.2161125319691
29.656010230179078 555.8452685421992
25.973145780051002 468.6841432225061
116.20332480818401 455.79411764705856
115.58951406649602 468.07033248081814
122.34143222506381 443.5179028132989
134.0038363171354 439.2212276214831
141.98337595907915 430.0140664961634
175.12915601023005 466.2289002557542
377.6867007672633 455.79411764705856
401.0115089514066 461.93222506393835
421.26726342710987 468.07033248081814
449.50255754475694 477.2774936061378
472.21355498721215 477.8913043478258
456.25447570332466 492.0089514066493
486.94501278772367 503.05754475703304
494.31074168797943 464.38746803069023
666.1777493606138 479.11892583120175
649.6048593350383 497.5332480818411
613.3900255754476 492.0089514066493
597.4309462915601 490.78132992327335
580.2442455242966 477.2774936061378
625.6662404092071 451.49744245524266
682.1368286445013 486.4846547314575
440.90920716112527 446.58695652173884
431.7020460358055 439.83503836317107
400.3976982097186 434.31074168797926
366.6381074168797 450.8836317135547
355.58951406649606 447.8145780051148
359.2723785166239 399.9373401534524
416.970588235294 404.23401534526823
462.3925831202045 387.04731457800483
453.18542199488485 391.34398976982067
448.27493606138097 422.64833759590766
397.3286445012787 423.26214833759565
387.50767263427105 413.44117647058795
369.0933503836316 422.0345268542197
380.7557544757032 420.8069053708437
351.2928388746802 436.7659846547312
331.6508951406649 437.99360613810717
177.584398976982 428.17263427109947
162.23913043478248 429.4002557544754
482.64833759590795 437.99360613810717
470.3721227621482 457.63554987212245
416.970588235294 436.7659846547312
548.3260869565217 425.71739130434753
533.5946291560102 410.98593350383607
543.4156010230179 418.9654731457798
494.92455242966753 426.3312020460355
513.3388746803068 443.5179028132989
503.5179028132991 449.0421994884908
526.2289002557544 450.8836317135547
576.5613810741687 458.24936061381044
544.0294117647059 466.2289002557542
588.2237851662404 434.92455242966724
574.7199488491049 442.29028132992295
570.423273657289 434.92455242966724
605.4104859335038 396.25447570332454
650.2186700767263 413.44117647058795
611.5485933503836 431.8554987212273
643.4667519181585 437.99360613810717
652.6739130434783 461.93222506393835
662.4948849104859 463.77365728900224
679.6815856777494 458.24936061381044
680.9092071611253 436.7659846547312
667.4053708439898 422.64833759590766
687.661125319693 419.57928388746774
690.730179028133 409.1445012787721
701.7787723785166 433.6969309462913
690.730179028133 433.6969309462913
748.4283887468031 430.0140664961634
757.6355498721227 447.8145780051148
725.7173913043478 471.139386189258
707.9168797953964 468.07033248081814
722.648337595908 460.0907928388744
736.7659846547315 468.6841432225061
459.93734015345257 446.58695652173884
788.3260869565217 430.0140664961634
803.0575447570333 423.26214833759565
835.5895140664961 388.8887468030687
834.3618925831202 406.6892583120202
836.8171355498721 459.4769820971864
838.0447570332481 452.72506393861863
839.272378516624 445.3593350383629
842.9552429667519 437.99360613810717
862.5971867007672 442.29028132992295
869.962915601023 431.8554987212273
861.9833759590792 427.5588235294115
796.9194373401534 458.24936061381044
779.73273657289 432.4693094629153
737.3797953964194 455.18030690537057
714.6687979539641 431.8554987212273
605.4104859335038 442.29028132992295
601.113810741688 436.7659846547312
601.727621483376 458.24936061381044
88.44630872483219 481.8691275167786
98.75503355704694 453.520134228188
180.5805369127516 439.34563758389265
755.775167785235 434.19127516778536
751.9093959731545 439.66778523489944
769.6275167785236 416.79530201342294
784.1241610738257 412.6073825503357
818.5939597315437 532.768456375839
812.795302013423 549.520134228188
887.5335570469799 548.2315436241612
839.2114093959733 575.2919463087248
625.6275167785236 506.030201342282
697.4664429530203 508.60738255033567
540.9026845637586 485.41275167785255
