833.2828746177372 567.900611620795
688.4510703363915 17.931192660550096
876.3409785932722 86.43272171253795
897.8700305810398 211.6926605504584
852.8547400611621 346.73853211009146
985.9434250764529 442.6406727828744
911.5703363914374 558.1146788990824
1257.9923547400613 293.89449541284375
1575.0565749235477 374.13914373088664
1575.0565749235477 544.4143730886848
1710.1024464831805 687.288990825688
1905.8211009174313 681.4174311926604
1759.0321100917433 121.66207951070305
1796.218654434251 113.83333333333303
1717.9311926605508 78.60397553516793
1684.659021406728 78.60397553516793
1665.087155963303 121.66207951070305
1612.2431192660554 162.76299694189572
1641.6009174311928 156.89143730886826
1625.9434250764527 92.30428134556541
1584.8425076452602 78.60397553516793
1569.1850152905201 100.13302752293544
1471.3256880733945 106.00458715596301
1475.2400611620797 217.564220183486
1365.6376146788991 121.66207951070305
1351.9373088685015 94.26146788990798
1402.8241590214068 78.60397553516793
1465.4541284403672 55.117737003057755
1502.6406727828746 51.20336391437286
1500.6834862385322 6.188073394495178
1177.7477064220184 31.631498470947687
1189.4908256880735 86.43272171253795
1050.5305810397554 94.26146788990798
978.1146788990827 51.20336391437286
999.6437308868503 10.102446483180074
1030.9587155963304 25.759938837920117
1049.5519877675843 3.344036697247475
1768.818042813456 64.01681957186526
1763.9250764525996 105.11773700305794
1249.6508491508491 18.257242757242807
1266.434065934066 20.65484515484522
1301.439060939061 27.36813186813191
1348.4320679320679 37.91758241758248
1368.0924075924074 67.6478521478522
1000.3001998001998 206.7087912087912
1220.4000999000998 85.8846153846153
906.7937062937061 336.1943056943056
891.4490509490508 250.8396603396602
1780.7197802197802 231.41908091908084
1591.7887112887113 205.04545454545448
