192.0110356536502 219.41341256366718
288.1740237691001 240.60186757215615
488.64940577249564 155.8480475382003
1127.5628183361628 123.25042444821725
1323.1485568760606 98.80220713072993
1386.7139219015276 75.98387096774184
1414.4219015280132 126.51018675721548
1264.4728353140913 240.60186757215615
1319.8887945670624 224.30305602716453
1507.3251273344647 310.68675721561954
1619.7869269949063 333.5050933786077
1675.2028862478774 297.6477079796264
1706.1706281833613 271.56960950763994
1453.5390492359927 574.727504244482
1673.5730050933782 714.897283531409
1830.0415959252964 726.3064516129031
341.6176470588237 21.14705882352939
427.0294117647061 152.7941176470588
252.32352941176487 38.79411764705881
541.3823529411767 158.7941176470588
715.5588235294119 136.73529411764684
861.3235294117648 102.5
