38.665137614679 119.7048929663606
516.218654434251 149.06269113149824
739.3379204892967 145.14831804281323
768.6957186544344 123.61926605504561
831.3256880733945 223.43577981651356
972.2431192660551 178.42048929663588
1661.1727828746177 127.53363914373062
483.4357798165139 27.808868501528764
897.3807339449544 34.65902140672762
1266.7996941896026 25.851681957186315
1720.8669724770643 19.980122324158742
1755.1177370030582 9.215596330274932
1756.0963302752298 43.46636085626892
1851.0198776758411 5.301223241589923
1860.8058103975536 23.89449541284375
