1285.7808988764045 5.387640449438209
1301.9606741573034 2.016853932584297
1285.1067415730338 16.174157303370805
1281.061797752809 31.679775280898866
1254.7696629213485 33.702247191011224
1265.556179775281 8.084269662921372
1262.859550561798 21.567415730337075
1184.6573033707866 16.84831460674158
1181.2865168539327 6.735955056179819
1190.7247191011238 18.196629213483163
1165.7808988764048 38.421348314606746
1123.9831460674159 24.264044943820238
1191.3988764044946 48.53370786516854
1214.994382022472 70.78089887640448
1243.9831460674159 54.60112359550561
1250.7247191011238 69.43258426966293
1256.7921348314608 57.97191011235955
1272.297752808989 47.85955056179776
1305.3314606741574 37.74719101123594
1330.2752808988766 10.780898876404535
1320.8370786516855 50.556179775280896
1332.297752808989 56.62359550561797
1341.061797752809 43.814606741573044
1363.308988764045 6.735955056179819
1372.747191011236 30.331460674157313
1384.2078651685395 17.52247191011236
1390.9494382022472 29.657303370786508
1405.106741573034 43.14044943820227
1410.5 24.938202247191015
1405.7808988764045 9.432584269662925
1437.4662921348317 -0.005617977528061147
1448.926966292135 7.410112359550567
1455.6685393258429 12.129213483146088
1467.803370786517 22.24157303370788
1442.8595505617977 26.286516853932596
1465.1067415730338 53.25280898876406
1435.4438202247193 60.66853932584269
1482.6348314606744 27.63483146067415
1506.9044943820227 6.735955056179819
1488.7022471910113 10.10674157303373
1482.6348314606744 4.039325842696655
1452.9719101123596 115.27528089887639
1475.2191011235955 123.36516853932582
1377.4662921348315 68.08426966292134
1361.9606741573034 101.79213483146066
1319.488764044944 103.14044943820224
1312.0730337078653 126.73595505617976
1290.5000000000002 145.6123595505618
1255.4438202247193 148.9831460674157
1331.6235955056181 184.0393258426966
1364.6573033707866 185.38764044943818
1381.5112359550562 169.2078651685393
1198.8146067415732 124.03932584269663
1195.4438202247193 104.48876404494382
1160.3876404494383 120.66853932584269
1152.9719101123596 101.11797752808988
1120.612359550562 111.23033707865167
1108.4775280898878 115.27528089887639
1093.6460674157306 54.60112359550561
1047.803370786517 74.8258426966292
1153.6460674157304 183.36516853932582
1197.4662921348315 217.74719101123594
990.1629213483147 308.252808988764
1042.747191011236 252.97191011235952
978.0280898876406 204.43258426966293
972.6348314606741 168.02808988764042
898.4775280898878 126.2303370786517
1021.1741573033707 70.94943820224717
1029.2640449438202 57.46629213483152
1044.0955056179776 38.58988764044943
1004.9943820224719 73.64606741573039
897.1292134831461 58.814606741573016
914.6573033707866 61.511235955056236
878.2528089887642 66.90449438202245
835.1067415730338 33.19662921348316
392.85955056179785 783.1966292134828
63.87078651685397 802.0730337078647
190.6123595505618 548.5898876404491
546.5674157303371 440.72471910112324
597.8033707865169 332.8595505617974
659.8258426966291 311.2865168539322
676.005617977528 473.084269662921
805.4438202247192 491.96067415730295
1754.6573033707864 262.7471910112356
1773.5337078651683 216.9044943820221
-0.17415730337080504 309.6011235955056
92.85955056179773 141.06179775280896
5.219101123595465 305.5561797752809
9.264044943820181 62.85955056179773
71.28651685393254 30.5
202.07303370786514 39.93820224719104
242.5224719101123 50.72471910112358
309.9382022471909 52.07303370786519
402.97191011235947 50.72471910112358
442.073033707865 12.971910112359637
462.2977528089886 29.151685393258447
742.7471910112358 66.90449438202245
1002.2977528089888 494.65730337078617
-235.1155679110405 -8.507148530580025
