75.96268656716421 543.3656716417908
175.3059701492537 566.2910447761191
259.36567164179104 549.0970149253728
188.67910447761193 432.559701492537
284.2014925373134 455.4850746268653
360.6194029850746 419.18656716417877
479.0671641791045 396.26119402985034
335.7835820895522 337.0373134328354
375.9029850746269 319.84328358208916
362.52985074626866 258.70895522388014
400.73880597014926 252.97761194029817
477.15671641791045 266.3507462686564
593.6940298507461 312.2014925373131
194.410447761194 258.70895522388014
129.45522388059698 239.60447761193996
68.32089552238807 314.1119402985071
32.022388059701484 350.4104477611936
72.14179104477608 235.78358208955183
79.78358208955223 205.21641791044726
39.66417910447757 281.63432835820856
263.18656716417917 239.60447761193996
263.18656716417917 296.91791044776073
307.12686567164184 262.52985074626827
689.2164179104477 233.87313432835776
769.455223880597 222.4104477611936
824.8582089552237 205.21641791044726
842.0522388059701 168.91791044776073
845.8731343283582 145.9925373134324
910.8283582089553 205.21641791044726
994.8880597014925 191.84328358208904
1285.276119402985 226.23134328358174
708.3208955223879 92.49999999999955
735.0671641791043 88.67910447761142
757.9925373134329 71.48507462686518
807.6641791044776 102.05223880596964
1638.7089552238806 35.18656716417854
863.0671641791042 56.05223880596998
877.3955223880594 40.76865671641775
1074.1716417910445 59.87313432835805
1139.1268656716416 46.499999999999886
1130.5298507462685 23.574626865671462
1171.6044776119402 40.76865671641775
1191.6641791044774 22.61940298507443
1289.097014925373 15.932835820895434
1035.007462686567 11.156716417910275
843.9626865671639 74.2014925373133
503.60412573673864 77.6512770137524
532.8379174852652 71.05009823182706
496.0599214145383 98.3978388998035
375.352652259332 156.86542239685664
159.39980353634567 213.44695481335953
259.3605108055009 268.1424361493124
313.11296660117875 364.3310412573675
614.8811394891945 309.6355599214146
14.173870333988077 365.5687622789783
17.00294695481321 286.35461689587413
717.6709233791748 245.50982318271122
1017.3172888015717 2.769155206286939
949.8909626719058 29.64538310412584
912.1699410609039 47.09135559921424
1169.6159135559922 2.769155206286939
1080.0284872298625 2.769155206286939
1112.5628683693517 7.955795677799756
1040.892927308448 47.562868369351776
1077.6709233791748 23.0442043222005
1101.7180746561887 33.41748526522605
1119.6355599214146 20.686640471512874
1220.0677799607074 11.727897838899935
812.6807465618862 87.16994106090382
174.32352941176467 209.79411764705858
897.0588235294119 45.58823529411765
1016.9705882352943 60.67647058823536
935.7941176470589 102.32352941176481
1083.4117647058824 39.411764705882376
1108.6470588235295 50.00000000000004
