293.74503311258275 460.23509933774835
107.7847682119205 733.612582781457
527.387417218543 488.84437086092726
439.9701986754966 353.74503311258286
355.7317880794701 433.21523178807956
902.4867549668872 212.28807947019868
1344.3410596026488 571.4933774834437
1527.122516556291 388.7119205298013
1606.5927152317877 496.7913907284769
1829.1092715231784 404.60596026490066
1884.738410596026 150.30132450331132
1414.2748344370857 137.58609271523187
1504.870860927152 2.4867549668874744
1484.2086092715228 2.4867549668874744
1296.6589403973508 24.738410596026597
1755.9966887417215 8.844370860927256
821.5481517163616 68.02851696117665
849.419794385688 70.43717743877278
879.0119088247259 27.769477549927416
886.2378902575142 55.64112021925382
915.8300046965521 58.73796940473454
900.0016644152063 24.3285340105044
962.2827424787629 22.60806224079289
970.541006973378 11.941137268581542
987.7457246704931 22.60806224079289
1012.8646125082812 17.102552577716068
1072.0488413863568 23.984439656562103
1092.694502622895 65.27576212963825
1108.5228429042409 1.274212296370223
1088.5653703755875 3.3387784200240276
1131.2330702644326 14.349797746177671
1154.6314863325092 13.66160903829305
1163.9220338889513 5.747438897620128
943.2897838899803 17.85756385068774
1064.9400785854616 25.873280943025634
1037.1208251473477 29.64538310412584
904.6257367387033 34.83202357563863
1058.8104125736738 14.085461689587532
