7.350152905198911 554.2003058103973
1672.9159021406729 219.52140672782843
1700.316513761468 229.30733944954102
1774.6896024464834 86.43272171253795
982.0290519877676 192.12079510703336
1410.6529051987768 127.53363914373062
1226.6773700305812 113.83333333333303
1160.133027522936 135.36238532110065
480.9892966360858 154.9342507645257
418.3593272171255 127.53363914373062
1503.619266055046 22.91590214067253
1385.2094801223243 34.65902140672762
1305.9434250764527 19.980122324158742
1264.84250764526 12.15137614678872
1352.915902140673 41.50917431192642
1146.4327217125383 61.08103975535147
795.6070336391438 41.06574923547399
800.0107033639144 9.750764525993873
875.8516819571867 4.857798165137581
910.1024464831805 29.322629969418955
914.9954128440368 49.38379204892965
991.8149847094802 39.10856269113149
975.1788990825689 13.665137614678883
1042.2125382262998 27.36544342507642
1062.2737003058105 34.21559633027522
1070.591743119266 14.154434250764496
1086.2492354740061 30.79051987767582
1110.224770642202 32.25840978593271
1143.4969418960245 32.747706422018325
729.5519877675843 11.707951070336378
738.3593272171255 20.02599388379204
824.4755351681958 2.9006116207950754
921.8455657492356 2.9006116207950754
