389.1092715231787 650.9635761589404
481.29470198675483 776.5264900662253
560.7649006622515 563.5463576158941
635.4668874172183 325.13576158940396
584.6059602649005 248.84437086092723
538.5132450331124 225.00331125827825
533.7450331125826 275.86423841059604
401.8245033112581 293.3476821192053
123.67880794701983 360.10264900662264
206.32781456953637 234.5397350993378
1137.7185430463574 337.8509933774836
1673.347682119205 299.70529801324506
1136.1291390728475 169.37417218543055
996.2615894039732 142.35430463576165
287.38741721854296 210.6986754966888
363.6788079470198 197.98344370860934
490.8311258278145 178.9105960264901
516.2615894039734 142.35430463576165
323.9437086092714 93.08278145695363
708.9110346037453 278.5167536511556
735.4361870093416 331.5670584623481
724.1629972369632 243.37092671374054
654.534472172273 239.39215385290115
576.948401385904 102.12449015394054
568.9908556642251 104.77700539450018
611.4310995131791 85.5462699004429
768.5926275163368 181.03681856058938
820.9798035173894 224.1401912196833
788.4864918205341 162.46921187667203
793.1283934915134 61.67363273540627
759.9719529845181 61.01050392526634
740.0780886803209 55.042344634007236
795.780908732073 45.758541292048506
880.6613964299811 13.928358405333029
1047.7698565852374 13.265229595193091
1212.0481777115033 66.63459935967722
1204.898491294241 55.63508179465816
1306.6440287706675 39.6857813253805
1325.893184509451 34.735998421121906
1342.9424367352306 22.63652909960092
1511.2350554800223 33.08607078636902
1703.7266128678564 1.187469847813702
1741.124972588921 1.187469847813702
149.26227897838896 170.77504911591362
140.77504911591353 163.70235756385074
567.4941060903733 93.77111984282914
602.8575638506876 66.42337917485276
654.4882121807466 354.2524557956777
787.4548133595287 192.99508840864428
100.22495088408645 158.8104125736738
126.62966601178782 167.76915520628677
187.4548133595285 155.50982318271113
635.8634577603144 128.66306483300596
655.6669941060904 92.35658153241658
953.1915520628684 96.12868369351679
1238.9282907662082 36.24656188605118
1259.6748526522592 19.74361493123783
1298.3388998035364 56.99312377210225
