6.860856269113129 156.00458715596312
98.84862385321101 20.958715596329967
630.224770642202 19.001529051987518
1011.3868501529055 192.21253822629978
1021.1727828746181 162.85474006116215
1043.680428134557 114.90366972477068
1231.5703363914376 91.41743119266056
1309.857798165138 122.7324159021407
891.9984709480125 107.07492354740066
842.0902140672785 64.01681957186543
882.2125382262999 60.102446483180415
766.7385321100919 48.35932721712538
718.7874617737004 60.102446483180415
709.9801223241592 9.215596330275162
758.4204892966363 4.857798165137524
771.6314984709483 3.8792048929662997
784.8425076452602 13.175840978593214
815.6681957186547 18.558103975535147
828.3899082568811 21.004587155963264
873.8944954128444 21.004587155963264
887.1055045871562 24.429663608562663
920.377675840979 46.44801223241586
929.1850152905203 4.857798165137524
1186.5550458715597 39.59785932721712
1338.7262996941897 30.79051987767582
1399.3990825688074 1.9220183486238511
1436.0963302752295 25.897553516819556
1474.2614678899085 25.408256880733916
1602.9464831804285 4.857798165137581
1804.2920489296637 6.325688073394474
894.934250764526 5.34709480122325
853.8333333333335 63.084097859327215
725.6376146788992 9.750764525993873
