802.7471910112359 326.11797752808957
853.9831460674158 231.73595505617948
1234.2078651685392 447.4662921348312
649.0393258426967 220.94943820224694
670.6123595505618 258.7022471910109
705.6685393258427 212.8595505617975
349.71348314606746 250.61235955056145
533.0842696629214 212.8595505617975
217.5786516853933 204.76966292134807
47.6910112359551 355.78089887640425
179.82584269662925 873.5337078651683
1201.8483146067415 137.3539325842694
1279.376404494382 166.00561797752812
1321.174157303371 97.24157303370782
1360.2752808988766 102.63483146067415
1371.061797752809 39.26404494382018
1376.4550561797755 20.387640449438095
1345.4438202247193 40.61235955056173
1101.3988764044943 39.26404494382018
1078.4775280898875 93.1966292134831
1042.073033707865 87.80337078651678
1443.870786516854 50.05056179775272
1473.5337078651687 44.65730337078645
1492.4101123595506 10.949438202247165
1522.0730337078653 29.825842696629138
1573.3089887640451 40.61235955056173
1623.1966292134834 40.61235955056173
1683.8707865168542 59.488764044943764
1708.1404494382025 82.41011235955051
1748.5898876404497 97.24157303370782
367.9157303370787 78.3651685393258
497.3539325842699 101.28651685393254
544.5449438202248 79.71348314606733
568.8146067415732 79.71348314606733
586.3426966292136 29.825842696629138
560.7247191011237 31.174157303370748
498.7022471910114 20.387640449438095
277.5786516853933 20.387640449438095
153.53370786516848 137.69101123595505
899.1516853932585 46.00561797752812
936.9044943820226 78.36516853932591
966.5674157303371 110.7247191011237
934.2078651685393 41.9606741573034
896.4550561797753 20.38764044943821
869.4887640449438 10.949438202247165
799.3764044943821 10.949438202247165
775.1067415730338 12.297752808988776
698.252808988764 46.00561797752812
680.7247191011236 33.87078651685397
125.3309178743961 5.765700483091678
349.48550724637687 3.446859903381437
106.00724637681157 143.3502415458936
128.4227053140096 124.79951690821241
