1578.0590020229265 350.1830748482804
1684.2221847606202 298.3961564396493
1392.92076871207 185.75960890087651
1460.2437626432904 82.18577208361421
1440.8236682400538 17.4521240728252
1382.5633850303439 18.746797033041048
1251.8014160485502 119.73128792987175
1219.4345920431556 162.4554956169925
1135.28084962913 132.67801753202957
1083.493931220499 126.20465273095067
1117.1554281861092 67.94436952124056
1145.6382333108563 51.11362103843544
1186.4204315576535 45.87424140256235
1176.0630478759272 49.758260283209665
1210.3718813216453 18.038772757923084
1172.8263654753878 27.74881995954138
1154.7009440323668 13.507417397167842
1122.3341200269724 22.570128118678326
1105.5033715441673 22.570128118678326
1074.4312204989885 25.15947403910991
1060.8371544167228 25.80681051921772
1020.7022926500337 2.5026972353336987
1060.1898179366149 7.034052596088941
1084.7886041807146 7.681389076196865
1174.366133866134 100.27022977022968
1049.0000000000002 24.588235294117666
