330.2859327217127 687.288990825688
48.45107033639158 575.729357798165
13.221712538226484 616.8302752293577
17.62538226299694 297.8088685015286
34.26146788990827 263.5581039755347
97.87003058103979 283.12996941895983
479.52140672782883 313.4663608562687
491.2645259938838 349.6743119266052
565.6376146788992 347.71712538226257
731.0198776758411 277.2584097859323
840.6223241590216 270.40825688073346
907.1666666666669 273.34403669724725
896.402140672783 354.56727828746136
867.0443425076454 357.50305810397515
951.2033639143732 371.20336391437274
1514.8730886850153 302.7018348623849
1655.7905198776762 334.9954128440363
1733.0993883792053 362.3960244648314
1767.3501529051991 371.20336391437263
1857.3807339449545 344.7813455657488
1806.493883792049 301.7232415902136
1658.7262996941897 299.7660550458711
1621.5397553516823 232.24311926605463
1619.5825688073396 177.44189602446437
1514.8730886850153 160.8058103975531
1544.2308868501532 109.91896024464785
1512.915902140673 106.00458715596284
1474.7507645259939 162.76299694189555
1385.6987767584098 229.30733944954085
1298.6039755351683 170.59174311926557
1071.5703363914374 172.54892966360813
1040.255351681957 183.31345565749194
1139.5825688073396 143.19113149847044
1168.4510703363915 123.61926605504539
1189.4908256880735 126.0657492354735
1218.3593272171256 143.68042813455608
1247.2278287461775 143.19113149847044
1244.7813455657492 154.44495412843986
1197.808868501529 173.0382262996937
1269.2461773700306 180.3776758409781
1579.7048929663608 72.33486238532089
1585.5764525993884 90.92813455657469
1647.2278287461775 99.24617737003035
1671.6926605504589 123.22171253822609
1715.2400611620797 110.01070336391416
1794.506116207951 128.11467889908235
1849.796636085627 78.69571865443403
1890.8975535168197 64.50611620795084
1893.8333333333335 109.52140672782852
1847.8394495412845 116.86085626911293
1821.4174311926606 123.22171253822609
1806.738532110092 148.17584097859307
1214.3195777351248 213.37907869481757
1490.71113243762 112.03550863723598
1593.8529411764705 111.85294117647052
1592.0882352941176 153.8529411764705
1696.5588235294117 211.3823529411764
1686.6764705882351 200.08823529411757
1707.5 240.32352941176464
659.970588235294 217.91176470588226
1832.7941176470588 142.5588235294117
1835.9705882352941 117.85294117647052
1918.9117647058822 328.0294117647056
1332.8529411764707 357.6764705882351
1334.9705882352941 255.32352941176453
