357.8033707865169 703.64606741573
500.7247191011237 709.0393258426964
139.3764044943821 444.7696629213481
90.83707865168549 264.0955056179773
835.1067415730337 590.3876404494379
1142.5224719101125 566.1179775280896
1344.7696629213483 496.0056179775278
1255.7808988764045 350.38764044943787
1142.5224719101125 401.6235955056177
1854.4325842696626 571.5112359550559
1552.4101123595506 277.57865168539297
1487.691011235955 253.30898876404467
1369.0393258426966 220.94943820224694
1307.0168539325841 183.19662921348288
1123.6460674157302 156.23033707865147
937.5786516853933 326.11797752808957
905.2191011235956 280.2752808988761
1081.174157303371 125.55617977528084
1131.061797752809 120.16292134831463
1255.106741573034 120.16292134831463
1210.612359550562 77.01685393258424
1155.3314606741574 33.870786516853855
1086.5674157303374 41.96067415730329
1002.9719101123596 140.3876404494382
955.7808988764046 210.5
935.556179775281 229.37640449438203
936.9044943820227 186.2303370786517
850.6123595505619 184.88202247191015
1286.1179775280903 39.26404494382018
1302.2977528089891 24.43258426966281
1334.6573033707868 25.78089887640442
1381.848314606742 89.15168539325839
1424.994382022472 110.72471910112358
1414.2078651685397 51.39887640449433
1469.4887640449442 43.3089887640449
1500.5000000000005 54.09550561797744
1504.544943820225 29.825842696629138
1528.8146067415735 27.12921348314603
1597.5786516853937 89.15168539325839
1563.8707865168544 159.26404494382027
1636.6797752808993 191.62359550561797
1751.286516853933 232.0730337078652
1714.8820224719107 63.53370786516848
1670.3876404494388 40.61235955056173
1184.994382022472 35.219101123595465
1114.8820224719102 24.43258426966281
1073.0842696629215 21.735955056179705
1043.4213483146068 20.387640449438095
1035.3314606741574 20.387640449438095
1233.5337078651687 31.174157303370748
75.33146067415726 197.0168539325843
37.5786516853932 283.308988764045
157.57865168539325 191.62359550561797
184.54494382022472 170.05056179775283
208.81460674157302 153.8707865168539
152.18539325842693 129.6011235955056
47.01685393258418 106.67977528089887
502.74719101123605 79.71348314606733
493.3089887640452 41.96067415730329
481.17415730337086 41.96067415730329
274.8820224719101 55.44382022471905
277.5786516853933 39.26404494382018
250.61235955056182 70.27528089887636
1870.9494382022472 83.25280898876412
1899.938202247191 63.02808988764053
707.6910112359552 266.11797752808945
806.1179775280899 249.9382022471906
773.7584269662922 193.3089887640445
621.3988764044943 274.2078651685389
453.36516853932585 3.449438202247194
465.1629213483146 3.1123595505617914
504.60112359550567 13.898876404494374
528.870786516854 8.842696629213478
470.55617977528095 43.56179775280898
460.44382022471916 39.85393258426966
1314.6764705882354 3.499999999999943
1166.0882352941178 17.97058823529406
1370.794117647059 17.97058823529406
1449.8529411764707 57.14705882352936
1427.2647058823532 73.73529411764699
1392.3235294117649 170.08823529411757
1244.4411764705883 94.55882352941168
986.3529411764706 51.05882352941178
969.0588235294118 59.176470588235304
959.8823529411765 54.764705882352956
1010.3529411764706 21.588235294117666
1053.235294117647 53.70588235294119
1058.5294117647059 33.05882352941178
1050.235294117647 11.352941176470608
90.74154589371985 134.53381642512076
115.47584541062805 116.36956521739131
131.70772946859904 108.64009661835749
151.804347826087 83.90579710144928
158.76086956521743 77.72222222222223
149.4855072463768 60.330917874396135
173.83333333333331 75.0169082125604
340.0169082125604 52.98792270531402
370.9347826086956 51.82850241545895
392.5772946859903 47.57729468599035
403.78502415458934 42.166666666666686
426.20048309178736 12.794685990338166
438.1811594202898 13.56763285024158
442.81884057971007 2.7463768115942457
435.8623188405797 2.7463768115942457
425.04106280193236 6.997584541062793
397.2149758454106 23.229468599033822
323.78502415458934 37.91545893719808
307.93961352657004 54.14734299516908
300.5966183574879 58.39855072463769
279.34057971014494 54.14734299516908
258.0845410628019 55.69323671497585
249.5821256038647 98.97826086956522
237.2149758454106 78.88164251207729
246.87681159420288 41.007246376811594
303.30193236714973 163.51932367149757
374.9927536231884 229.92028985507238
542.7222222222223 258.5193236714975
540.4033816425122 242.2874396135265
571.3212560386474 226.05555555555543
739.8236714975847 253.10869565217382
1026.5869565217392 8.084541062801804
1016.5386473429953 3.446859903381437
906.780193236715 163.44685990338155
