330.3013245033112 377.58609271523187
15.599337748344338 566.725165562914
21.956953642384065 522.2218543046358
82.35430463576154 504.7384105960266
190.43377483443703 480.8973509933776
231.75827814569527 393.4801324503312
344.60596026490055 226.59271523178813
533.7450331125826 204.341059602649
625.9304635761588 180.5
567.1225165562912 193.21523178807956
603.6788079470198 159.83774834437088
341.42715231788065 449.1092715231789
325.5331125827813 441.16225165562923
466.9900662251655 503.1490066225166
594.1423841059601 496.7913907284769
683.1490066225164 383.94370860927165
745.1357615894037 388.7119205298013
962.8841059602646 377.58609271523187
1190.1688741721853 765.4006622516557
1199.7052980132448 644.6059602649008
1474.6721854304633 725.6655629139074
1256.9238410596024 323.54635761589407
1156.7913907284765 361.69205298013253
793.1540502609533 171.22902504276126
765.6460462260426 146.11302135871233
775.2140476294898 125.78101837638701
792.3567168106661 136.94368668040875
787.9713828340861 120.9970176746634
796.742050787246 110.63168282092892
823.8513880970131 141.32902065698875
828.6353887987367 131.36235252839788
836.2100565764657 171.6276917679049
865.312727511951 168.43835796675583
872.0900618393928 113.82101662207799
860.5287268102275 127.37568527696155
826.6420551730185 106.24634884434894
836.6087233016094 106.24634884434894
857.3393930090783 101.06368141748169
850.1633919564929 100.26634796719446
880.0633963422655 103.45568176834351
888.4353975702818 109.83434937064166
903.1860664005962 129.36901890267973
909.1660672777507 114.61835007236527
907.1727336520325 91.89434673917813
879.2660628919782 84.31967896144909
910.7607341783253 40.86500592079301
925.1127362834961 44.4530064470857
925.5114030086397 34.8850050436385
964.9794087978595 37.675672119643934
945.843405990965 46.44634007280387
948.6340730669705 23.323670014473095
953.0194070435505 18.14100258760587
964.9794087978595 9.370334634445896
964.9794087978595 16.945002412174972
959.3980746458486 16.54633568703133
998.4674137099247 9.370334634445896
1001.6567475110737 13.755668611025895
985.7100785053285 14.951668786456821
987.7034121310467 81.92767861058728
977.7367440024557 108.23968247006712
998.4674137099247 104.6516819437744
947.039406166396 119.00368404894522
944.6474058155342 104.6516819437744
962.1887417218541 103.85434849348715
1006.839414937941 115.41568352265253
1037.536752774001 99.46901451690718
1073.8154247620714 105.84768211920533
1095.3434279198277 79.93434498486911
1084.180759615806 62.79167580369285
1019.1980834173937 10.16766808473318
1012.8194158150956 5.782334108153236
1035.144752423139 9.769001359589538
1043.915420376299 64.78500942941105
1066.2407569843426 77.14367790886368
1063.8487566334807 52.82500767510201
1135.6087671593348 60.39967545283105
1150.7581027147928 85.11701241173637
1179.8607736502781 55.61567475110746
1200.9901100828909 90.69834656374724
1280.0149335555454 83.2713696767685
1337.5597780799085 63.41434586202351
1320.1342265690098 23.700298232533555
1346.475176527345 18.432108240866512
1354.5800842068327 24.510789000482305
1365.9269549581156 18.026862856892137
1365.9269549581156 3.843274417788564
1382.136770317091 2.6275382658653825
1398.3465856760665 39.504868207534656
1375.6528441735009 61.38811894215158
1345.6646857593962 137.16900574536203
1397.5360949081178 124.20115345818164
1463.5910924959428 118.12247269856582
1476.5589447831233 79.21891583702461
1536.940506995307 127.84836191395112
1524.3779000921008 24.105543616507934
1449.8127494408136 25.32127976843111
1446.5707863690186 51.256984342791895
1422.6613087145297 30.18422437612375
1223.1764705882354 79.9117647058823
