89.1850977747809 598.76028320971
986.3934592043156 430.4527983816588
1077.02056641942 1037.654416722859
741.7002697235334 271.20802427511785
656.251854349292 236.25185434929188
498.301753202967 201.2956844234659
441.33614295347274 216.83175994605517
274.3233310856373 153.392784895482
1895.2538772757923 210.35839514497627
1754.1345246122721 27.809507754551532
1615.604517869184 20.041469993256896
1632.4352663519892 53.70296695886714
1570.2909642616316 47.22960215778813
1549.5761968981792 13.568105192177882
1484.8425488873904 26.514834794335684
1456.3597437626431 64.06035064059324
1448.5917060013485 20.041469993256896
1396.8047875927173 26.514834794335684
1369.616655428186 40.75623735670933
1308.7670262980444 49.81894807821982
1286.7575859743763 67.94436952124056
1260.8641267700607 42.050910316924956
535.5236008091707 161.10013486176666
472.08462575859755 176.636210384356
787.9848280512476 137.14868509777477
832.0037086985841 93.12980445043826
749.7919757248821 161.10013486176666
715.483142279164 197.35097774780849
655.2808496291302 149.44807821982465
643.6287929871883 199.2929871881322
612.5566419420096 190.87761294672958
746.5552933243426 72.41503708698582
689.5896830748484 51.05293324342546
670.8169251517196 56.878961564396434
647.5128118678356 60.11564396493588
591.1945380984492 79.53573836817259
547.8229939312206 62.05765340525954
533.5815913688471 79.53573836817259
501.8621038435605 84.06709372892783
453.9592043155766 73.70971004720161
452.66453135536085 89.24578556979094
428.065745111261 100.89784221173295
338.7333108563722 91.1877950101146
289.5357383681726 72.41503708698582
264.93695212407283 76.946392447741
231.27545515846256 76.946392447741
206.02933243425488 68.53101820633844
161.3631153068105 72.41503708698582
141.9430209035738 80.18307484828051
95.33479433580575 67.88368172623058
108.92886041807142 63.352326365475335
843.6557653405262 63.352326365475335
837.8297370195552 40.69554956169918
835.2403910991236 27.10148347943357
847.5397842211735 23.864801078894065
890.2639919082942 25.80681051921772
927.8095077545518 84.06709372892783
951.7609575185436 69.17835468644637
731.0192178017534 138.4433580579905
729.7245448415375 120.31793661496965
673.4062710721512 133.91200269723532
1113.271409305462 111.25522589345917
1047.2430883344573 65.94167228590692
988.3354686446393 47.81625084288601
959.8526635198921 43.284895482130764
1005.1662171274444 27.10148347943357
1085.4359406608228 36.81153068105186
1159.87963587323 32.28017532029662
1216.8452461227243 45.87424140256235
1194.835805799056 37.45886716115979
1198.7198246797034 81.47774780849625
1234.9706675657453 25.80681051921772
584.3926174496644 62.69463087248323
792.9832214765099 211.22483221476512
