109.37417218543044 581.0298013245034
306.4602649006622 328.31456953642396
443.1490066225165 382.35430463576165
563.9437086092714 328.31456953642396
697.4536423841058 406.19536423841066
850.0364238410593 172.55298013245033
710.1688741721853 182.08940397351
646.5927152317879 266.3278145695365
330.3013245033112 113.74503311258286
481.29470198675483 46.99006622516549
549.639072847682 522.2218543046358
1053.480132450331 259.9701986754967
1042.3543046357613 213.87748344370868
1314.14238410596 261.5596026490066
1425.4006622516554 320.3675496688743
544.8708609271522 32.68543046357627
602.0894039735098 5.665562913907252
721.0657646594447 33.37224244550677
731.4600456120344 11.752138064120004
757.6536336125607 124.84191482829704
819.1877768518924 90.33290206569887
789.2522477084337 157.6878426384808
860.7649006622515 111.53723520898208
947.2453181877987 69.1285689224157
980.9227884741897 114.03186263760364
895.6896846629533 54.16080435068639
865.3383842813911 25.472588921538545
844.965593614315 40.85612473137144
890.2846585676066 14.662536730845147
931.0302399017586 19.65179158808826
960.1342265690101 43.76652339809658
1020.0052848559274 29.214530064470864
1021.2525985702381 61.22891539844744
1054.5142976185255 103.63758168501383
1058.6720099995614 45.01383711240737
970.5285075215999 26.30413139774572
1133.8930529362742 167.78641287662822
1166.6310907416337 130.088066312881
1061.4725450638125 259.0560940309636
1218.2183018288667 192.0919257927284
1258.3968027718079 261.0402175343187
1348.6744221744657 177.21099951756503
1376.4521512214374 152.90548660146484
1419.606837419411 157.36976448401384
1408.694158150958 92.38971974913382
1430.0234858120255 89.90956536993991
1489.0511600368402 73.04451559142137
1428.535393184509 34.85013815183538
1414.1504977851846 57.17152756458046
1391.8291083724394 12.52874873909036
1348.1783912986268 13.520810490767929
1319.4086004999776 36.83426165519052
1288.6546861979734 34.354107275996626
1235.0833516073853 34.354107275996626
1179.527893513442 38.32235428270684
1117.0280031577558 56.17946581290289
1099.1708916275597 10.04859435989647
1118.0200649094334 35.84219990351295
1172.0874303758603 6.576378229025011
1193.4167580369278 20.46524275251079
1246.988092627516 114.21507828604007
1573.3764089294327 28.89776764177009
1652.7413490636372 41.29853953773954
1146.8576158940396 184.27483443708604
1076.1291390728475 154.87086092715225
1009.3741721854303 12.619205298013183
693.0827814569534 4.672185430463514
676.3940397350991 49.175496688741646
1706.154345654346 40.80969030969027
1688.8916083916083 34.09640359640355
1694.6458541458542 85.8846153846153
1721.499000999001 58.07242757242756
