1378.6418581418584 445.55494505494494
1620.3201798201799 474.32617382617366
1376.7237762237764 330.4700299700298
1764.176323676324 272.9275724275723
1169.5709290709292 177.02347652347635
993.1073926073927 157.84265734265716
1426.5939060939063 88.79170829170812
1370.9695304695306 94.54595404595386
1338.362137862138 75.36513486513468
1278.9015984015984 77.28321678321652
1190.6698301698302 54.266233766233654
1154.2262737262738 155.9245754245752
1765.614885114885 21.628871128870856
1720.53996003996 31.21928071928056
1616.9635364635365 35.055444555444346
1584.3561438561437 9.161338661338391
1573.8066933066934 13.956543456543159
1522.4980019980019 10.58491508491511
1438.581918081918 24.505994005993784
1419.401098901099 34.09640359640338
1360.8996003996003 4.366133866133623
1341.7187812187813 4.366133866133623
1312.9475524475524 29.30119880119861
1275.544955044955 24.505994005993784
1290.8896103896104 13.956543456543159
1265.9545454545455 7.243256743256438
1246.7737262737262 38.8916083916082
1240.0604395604396 0.5299700299698316
1220.8796203796203 21.628871128870856
1197.8626373626373 40.8096903096901
1071.2692307692307 20.66983016982988
208.61188811188822 175.1053946053944
268.0724275724276 200.04045954045935
511.6688311688312 259.50099900099883
494.40609390609404 238.4020979020977
557.7027972027972 205.79470529470518
772.527972027972 196.20429570429553
411.92857142857156 219.2212787212785
411.92857142857156 182.7777222777221
354.386113886114 190.4500499500498
333.28721278721287 236.48401598401574
220.1203796203797 98.38211788211765
254.6458541458543 94.54595404595386
289.17132867132875 102.21828171828156
316.02447552447563 104.1363636363634
344.79570429570435 96.4640359640357
377.403096903097 107.97252747252719
431.10939060939074 104.1363636363634
479.06143856143865 107.97252747252719
507.83266733266754 90.70979020978996
527.0134865134867 56.18431568431538
553.8666333666336 67.69280719280698
576.8836163836165 96.4640359640357
588.392107892108 115.64485514485489
634.426073926074 69.61088911088882
659.3611388611389 81.11938061938042
691.9685314685316 84.95554445554421
726.4940059940061 107.97252747252719
795.5449550449553 94.54595404595386
812.8076923076924 90.70979020978996
947.0734265734268 96.4640359640357
1010.3701298701301 8.232267732267474
868.4320679320681 17.82267732267701
893.367132867133 23.576923076922867
908.7117882117884 21.658841158840914
931.7287712287714 17.82267732267701
492.4880119880121 159.760739260739
505.9145854145856 165.51498501498486
580.7197802197804 174.11638361638342
637.3031968031969 229.74075924075908
158.26223776223767 172.19830169830152
140.99950049950039 223.02747252747236
701.0794205794206 71.49900099900083
308.35214785214794 150.17032967032947
129.6764705882353 637.9117647058822
143.79411764705884 544.735294117647
582.8529411764707 421.91176470588226
182.26470588235307 288.1470588235294
432.1470588235296 278.2647058823529
662.2647058823532 286.02941176470586
700.3823529411767 307.20588235294116
596.6176470588236 194.26470588235296
128.08823529411762 260.2647058823528
1153.7352941176464 25.029411764705827
1118.7941176470583 55.73529411764699
1172.7941176470583 32.441176470588175
1150.9117647058818 40.20588235294113
1669.3823529411764 137.26470588235287
1876.9117647058822 46.55882352941171
1775.264705882353 118.91176470588229
