1539.8272171253823 804.7201834862384
1778.6039755351683 513.0993883792047
27.411314984709467 219.61314984709458
91.99847094801227 218.63455657492335
37.197247706422 242.12079510703347
142.88532110091748 190.255351681957
220.19418960244653 166.76911314984687
220.19418960244653 151.11162079510683
296.5244648318043 128.603975535168
348.3899082568808 146.2186544342506
428.6345565749236 157.96177370030563
408.0840978593273 85.54587155963281
466.7996941896026 66.95259938837899
530.4082568807341 135.4541284403668
613.5886850152907 125.6681957186542
702.6406727828747 84.56727828746159
925.7599388379207 64.01681957186526
550.9587155963304 46.40214067278266
580.3165137614681 62.05963302752275
620.4388379204895 22.91590214067253
628.2675840978595 10.194189602446272
744.2308868501533 3.8792048929663565
787.2889908256884 3.8792048929663565
