6.567415730336961 365.556179775281
82.07303370786508 330.5000000000001
273.5337078651686 283.308988764045
253.308988764045 241.51123595505624
376.0056179775281 215.89325842696633
339.60112359550567 157.91573033707863
372.2977528089888 163.4775280898877
363.5337078651685 86.62359550561806
337.91573033707857 89.32022471910119
387.8033707865168 65.05056179775289
118.81460674157299 32.016853932584354
175.44382022471908 6.398876404494445
199.71348314606738 42.129213483146145
206.45505617977526 65.7247191011237
250.94943820224714 29.32022471910119
269.1516853932584 63.02808988764053
333.87078651685385 34.71348314606752
350.0505617977527 17.859550561797846
348.7022471910112 5.724719101123696
374.9943820224719 10.443820224719161
439.0393258426966 18.53370786516862
476.1179775280898 27.297752808988832
397.91573033707857 58.30898876404501
538.1404494382025 6.398876404494445
576.5674157303373 21.230337078651758
598.8146067415732 5.724719101123696
780.8370786516856 67.74719101123605
884.657303370787 44.151685393258504
890.724719101124 18.53370786516862
905.5561797752814 17.859550561797846
911.6235955056185 94.03932584269671
942.6348314606746 89.32022471910119
925.780898876405 262.5786516853933
1014.095505617978 48.870786516854025
1036.342696629214 41.45505617977537
1063.983146067416 67.74719101123605
1097.6910112359556 65.05056179775289
1126.0056179775286 111.56741573033716
1210.9494382022476 35.387640449438294
1347.8033707865177 83.92696629213492
1429.3764044943828 67.74719101123605
1522.4101123595515 24.601123595505726
1548.702247191012 37.41011235955065
1489.3764044943828 104.1516853932585
1533.8707865168547 133.8146067415731
1528.4775280898884 161.45505617977534
1599.9382022471918 116.28651685393265
1791.06179775281 364.2078651685394
1778.5898876404494 3.7022471910113377
1751.623595505618 69.09550561797761
1733.4213483146068 114.93820224719107
1775.8932584269662 111.56741573033716
