1087.4254984260233 583.8158447009444
851.7067156348376 418.6112277019936
984.6762854144805 297.7298006295907
1669.671038824764 404.5083945435466
1774.4349422875132 410.5524658971667
1881.2135362014694 388.39087093389287
1859.0519412381952 305.7885624344176
1822.7875131164744 201.02465897166826
1784.508394543547 235.2743966421824
1907.4045120671565 142.5986358866735
1667.6563483735574 13.658447009443762
1625.3478488982162 47.90818467995791
1748.2439664218261 9.629066107030214
1405.7465897166844 199.0099685204616
1345.3058761804828 201.02465897166826
1333.2177334732426 134.53987408184662
1302.9973767051417 142.5986358866735
1294.9386149003149 66.04039874081832
1268.7476390346276 47.90818467995791
1252.6301154249738 84.17261280167872
1129.7339979013643 84.17261280167872
1033.0288562434419 74.09916054564519
823.5010493179434 57.981636935991446
759.0309548793286 84.17261280167872
807.3835257082897 41.8641133263377
738.8840503672614 35.82004197271772
674.4139559286464 13.658447009443762
424.5923399790137 196.99527806925494
378.2544596012592 196.99527806925494
227.15267576075553 47.90818467995791
1058.9705882352941 273.3235294117647
1311.1470588235297 90.67647058823522
1198.3823529411768 61.55882352941171
1804.1176470588234 56.61764705882348
1914.0588235294117 42.85294117647055
1724.7941176470588 153.8529411764705
1558.9117647058824 191.26470588235287
1530.3235294117646 136.55882352941168
