303.87078651685397 566.1179775280896
228.36516853932585 571.5112359550559
147.46629213483152 703.64606741573
379.3764044943821 949.0393258426964
511.5112359550561 469.03932584269637
662.5224719101124 576.9044943820222
848.5898876404495 584.9943820224717
1398.7022471910113 784.5449438202244
1374.432584269663 690.1629213483143
1274.6573033707864 520.2752808988761
1320.5 463.64606741573004
1884.0955056179773 590.3876404494379
1263.870786516854 307.2415730337076
1420.2752808988762 299.15168539325816
1466.1179775280898 261.3988764044941
1528.1404494382023 250.61235955056145
1600.9494382022472 212.8595505617975
940.2752808988765 390.83707865168515
864.7696629213484 331.5112359550559
513.5337078651685 276.56741573033725
454.2078651685393 248.25280898876417
493.30898876404495 225.33146067415743
524.3202247191011 201.06179775280913
564.7696629213483 198.36516853932596
552.6348314606741 182.1853932584271
601.1741573033707 179.48876404494393
633.5337078651687 130.94943820224728
664.5449438202247 149.8258426966293
665.8932584269664 184.88202247191026
707.6910112359552 213.19662921348328
667.2415730337079 241.51123595505635
629.488764044944 250.94943820224734
835.7808988764046 197.0168539325844
780.5000000000001 167.35393258426978
862.7471910112362 139.03932584269668
913.983146067416 126.90449438202256
949.0393258426969 120.16292134831474
1016.4550561797756 219.93820224719116
1082.522471910113 148.47752808988776
200.3876404494381 71.28651685393274
218.58988764044938 82.74719101123614
259.0393258426966 59.15168539325859
274.5449438202247 73.3089887640451
304.8820224719101 65.89325842696647
314.32022471910113 59.15168539325859
356.79213483146066 78.02808988764062
376.3426966292135 76.67977528089907
401.9606741573034 51.73595505617996
436.3426966292135 61.84831460674175
467.3539325842697 69.26404494382038
536.7921348314608 144.7696629213485
443.08426966292143 167.01685393258447
358.81460674157313 176.4550561797755
286.005617977528 162.97191011235975
262.41011235955057 150.1629213483148
288.7022471910112 125.89325842696647
326.4550561797753 125.21910112359569
350.7247191011236 140.72471910112378
154.5449438202246 124.54494382022492
162.63483146067406 59.825842696629394
180.1629213483145 55.10674157303387
205.78089887640442 59.15168539325859
123.53370786516842 66.56741573033725
118.14044943820213 262.7471910112362
155.2191011235954 260.05056179775306
1589.1516853932585 91.34269662921355
1632.297752808989 86.62359550561806
1671.3988764044946 83.25280898876412
1618.8146067415732 73.8146067415731
1657.241573033708 63.70224719101131
1546.679775280899 65.05056179775289
1564.2078651685395 81.90449438202256
1643.758426966292 75.16292134831468
1709.1516853932585 32.016853932584354
1690.9494382022472 34.71348314606752
1681.5112359550562 25.94943820224728
1419.9382022471912 98.7584269662922
1415.8932584269664 79.88202247191018
1433.4213483146068 73.8146067415731
1452.9719101123596 63.02808988764053
1477.241573033708 63.02808988764053
1486.679775280899 80.55617977528098
1494.7696629213485 44.151685393258504
1530.5000000000002 66.39887640449444
1510.9494382022474 55.61235955056188
1533.1966292134832 44.151685393258504
1532.5224719101125 20.55617977528098
1423.3089887640451 50.89325842696638
1444.2078651685395 48.870786516854025
1385.556179775281 49.5449438202248
1370.0505617977528 51.56741573033716
1330.2752808988766 46.84831460674167
1354.544943820225 39.43258426966301
1345.1067415730338 55.61235955056188
1250.050561797753 270.66853932584274
576.5674157303373 102.12921348314615
556.3426966292137 100.78089887640456
557.0168539325845 56.28651685393265
536.1179775280901 55.61235955056188
518.5898876404497 89.32022471910119
495.66853932584297 80.55617977528098
491.62359550561825 32.016853932584354
509.15168539325873 34.03932584269671
528.0280898876407 34.71348314606752
546.9044943820227 22.578651685393368
560.3876404494384 21.230337078651758
584.6573033707867 21.904494382022563
608.2528089887643 18.53370786516862
581.2865168539329 37.41011235955065
607.5786516853935 36.735955056179876
668.2528089887643 32.016853932584354
650.7247191011238 37.41011235955065
666.9044943820227 48.870786516854025
684.4325842696632 46.84831460674167
683.0842696629215 29.994382022471996
726.2303370786519 38.758426966292234
683.0842696629215 67.74719101123605
739.0393258426968 126.39887640449444
717.4662921348317 121.00561797752815
435.66853932584297 36.735955056179876
750.5000000000002 35.387640449438294
773.4213483146069 41.45505617977537
772.0730337078654 50.89325842696638
786.9044943820227 55.61235955056188
796.3426966292137 29.32022471910119
801.73595505618 16.511235955056264
786.2303370786519 17.859550561797846
766.6797752808991 17.859550561797846
774.7696629213485 29.994382022471996
271.1741573033711 274.03932584269666
292.0730337078655 243.70224719101128
817.2415730337077 56.28651685393265
834.7696629213481 53.58988764044952
854.3202247191009 53.58988764044952
845.5561797752807 29.32022471910119
867.8033707865167 21.230337078651758
902.8595505617975 44.151685393258504
921.0617977528087 57.634831460674235
970.9494382022469 55.61235955056188
881.2865168539324 41.45505617977537
888.702247191011 21.230337078651758
894.0955056179773 13.140449438202324
906.9044943820222 15.162921348314683
897.4662921348313 23.252808988764116
887.3539325842695 9.095505617977608
858.3651685393256 16.511235955056264
1013.4213483146068 41.45505617977537
1055.8932584269664 51.56741573033716
1046.4550561797753 70.4438202247192
1078.1404494382023 83.25280898876412
1112.5224719101125 58.98314606741582
1098.3651685393259 102.80337078651692
1088.2528089887642 25.275280898876474
1086.9044943820227 39.43258426966301
1064.6573033707866 24.601123595505726
1070.7247191011238 17.859550561797846
1037.691011235955 13.81460674157313
1069.376404494382 7.747191011236055
1084.8820224719102 7.747191011236055
1161.061797752809 63.70224719101131
1172.5224719101125 56.28651685393265
1193.4213483146068 49.5449438202248
1199.4887640449438 65.7247191011237
1209.6011235955057 58.30898876404501
1225.7808988764045 65.05056179775289
1263.5337078651687 55.61235955056188
1237.9157303370787 25.94943820224728
1203.1966292134834 141.73595505617976
1313.7584269662925 134.99438202247188
1301.6235955056184 91.8483146067415
1394.6573033707868 91.8483146067415
1454.3202247191014 30.6685393258428
1477.241573033708 24.601123595505726
1580.3876404494385 54.264044943820295
1590.5000000000002 78.53370786516862
1612.0730337078653 46.17415730337086
1582.4101123595508 40.10674157303379
1399.7134831460676 34.71348314606752
1380.162921348315 24.601123595505726
1309.3764044943823 46.17415730337086
1298.5898876404497 43.47752808988773
1281.73595505618 46.17415730337086
1266.230337078652 46.84831460674167
1401.3988764044943 118.4775280898873
