217.5786516853933 911.2865168539322
220.27528089887642 334.207865168539
441.39887640449444 296.45505617977506
546.5674157303371 177.80337078651652
1134.432584269663 444.7696629213481
1002.2977528089888 420.4999999999998
463.64606741573044 120.16292134831474
602.5224719101125 58.140449438202324
700.9494382022474 172.74719101123605
746.7921348314609 166.00561797752823
839.8258426966294 264.4325842696631
942.297752808989 302.18539325842715
1025.893258426967 229.37640449438214
796.6797752808992 117.46629213483152
692.859550561798 29.825842696629252
594.0955056179778 50.89325842696638
749.1516853932587 7.07303370786525
818.5898876404497 10.443820224719161
728.926966292135 78.53370786516862
1353.5337078651687 178.14044943820227
1451.9606741573034 179.48876404494382
1345.4438202247193 72.97191011235952
1278.0280898876404 63.53370786516848
1000.6123595505619 53.58988764044952
1027.5786516853932 17.859550561797846
1084.8820224719102 25.94943820224728
1153.6460674157304 44.151685393258504
1181.9606741573034 20.55617977528098
1210.2752808988764 10.443820224719161
1252.7471910112358 5.724719101123696
1094.9943820224719 11.117977528089966
859.0393258426967 39.43258426966284
857.0168539325844 3.0280898876403626
888.0280898876405 13.140449438202154
952.747191011236 63.02808988764036
977.0168539325844 17.18539325842687
1058.5898876404494 7.073033707865079
956.7921348314608 15.837078651685317
1144.8820224719104 7.07303370786525
1267.5786516853934 3.7022471910113377
1155.941176470588 14.000000000000028
1166.3529411764705 18.764705882352956
