484.06035064059336 470.5876601483478
548.7939986513824 490.0077545515845
377.8971679028996 364.42447741065394
434.86277815239384 328.1736345246122
358.4770734996629 276.386716115981
340.3516520566419 194.82231962238689
320.9315576534053 162.4554956169925
263.96594740391106 176.69689817936603
274.3233310856373 113.25792312879287
222.53641267700607 100.31119352663507
86.2720836142953 204.47167902899525
7.944369521240645 218.06574511126098
125.75960890087654 86.65643964935936
149.06372218476056 111.25522589345917
174.95718138907617 100.25050573162504
240.9855023600809 84.06709372892783
347.1486850977748 65.94167228590692
373.6894807821983 70.4730276466621
335.4966284558328 45.22690492245442
433.89177343223207 72.41503708698582
434.5391099123399 43.284895482130764
351.68004045853 34.8695212407282
616.4406608226569 95.07181389076197
633.271409305462 102.83985165205661
600.9045853000675 217.41840863115306
687.0003371544168 247.8432231962239
682.4689817936617 159.80546190155087
787.9848280512476 286.0360755225894
751.0866486850979 395.4359406608227
788.9558327714092 75.00438300741736
810.3179366149695 93.77714093054612
808.3759271746459 37.45886716115979
867.9308833445717 12.212744436952107
680.2033041132837 5.739379635873206
643.3051247471341 2.5026972353336987
1001.9295347269049 224.53910991233988
944.9639244774106 387.66790289952803
1075.7258934592041 405.145987862441
1154.7009440323668 473.76365475387735
956.6159811193527 96.36648685097771
1002.5768712070128 70.4730276466621
1047.890424814565 72.41503708698582
1100.972016183412 81.47774780849625
1126.8654753877277 111.25522589345917
1199.367161159811 93.77714093054612
1196.1304787592717 45.87424140256235
1454.094066082266 45.843897505057384
1510.0886716115983 19.95043830074181
1468.0118004045853 563.8041132838839
738.13991908294 10.56405933917739
