551.9606741573032 834.432584269663
533.0842696629214 443.42134831460635
719.1516853932584 438.02808988764
1811.2865168539324 446.11797752808957
1762.7471910112358 173.75842696629184
1695.3314606741574 265.4438202247187
1576.6797752808989 189.9382022471907
1409.4887640449438 168.3651685393254
142.0730337078652 443.42134831460635
295.78089887640454 346.34269662921315
341.623595505618 270.83707865168503
616.679775280899 136.00561797752766
719.1516853932584 109.03932584269626
60.49999999999994 197.69101123595505
127.91573033707857 263.7584269662921
199.37640449438192 172.07303370786514
336.9044943820224 220.6123595505618
355.78089887640436 221.96067415730334
389.4887640449437 196.3426966292135
633.5337078651685 54.7696629213483
722.5224719101122 33.19662921348316
780.4999999999998 33.19662921348316
792.6348314606739 39.93820224719104
831.7359550561796 53.421348314606746
833.0842696629211 37.24157303370788
858.7022471910109 33.19662921348316
887.0168539325839 68.25280898876406
903.196629213483 238.1404494382022
928.8146067415728 176.1179775280899
1470.8370786516855 118.14044943820227
1399.376404494382 139.7134831460674
1364.3202247191011 170.72471910112358
1311.7359550561798 162.63483146067415
1193.0842696629213 248.9269662921348
1268.5898876404494 141.06179775280896
1158.0280898876406 158.58988764044943
1152.6348314606741 130.27528089887642
1023.1966292134832 107.35393258426967
986.7921348314608 149.1516853932584
965.2191011235957 88.47752808988764
938.2528089887642 83.08426966292137
911.2865168539327 50.72471910112358
924.7696629213485 52.07303370786519
946.3426966292136 41.286516853932596
969.2640449438204 33.19662921348316
990.8370786516855 25.106741573033787
926.11797752809 73.64606741573039
1042.0730337078653 104.65730337078651
1074.432584269663 88.47752808988764
1096.0056179775281 57.46629213483152
1166.11797752809 70.94943820224717
1195.7808988764045 45.33146067415731
1275.3314606741574 74.99438202247188
190.71671826625368 190.74767801857587
1095.2368421052633 49.55572755417964
1238.890092879257 108.51857585139317
1242.8529411764707 39.153250773993875
1206.1965944272447 60.948916408668794
1219.5712074303408 79.77244582043349
1215.6083591331271 64.91176470588243
