816.6589403973508 571.4933774834437
985.1357615894037 569.9039735099338
1105.9304635761587 159.83774834437088
827.7847682119204 58.11589403973517
1423.8112582781455 105.79801324503319
1530.301324503311 191.62582781456956
1776.6589403973508 97.85099337748352
1562.0894039735097 53.347682119205274
1441.2947019867547 21.559602649006592
1239.4403973509932 5.665562913907252
869.1092715231787 5.665562913907252
837.32119205298 2.4867549668874744
673.6125827814568 8.844370860927256
6.062913907284724 126.46026490066231
1398.5353634577605 154.03634577603145
1606.9440078585462 154.97937131630647
1871.9341846758352 120.08742632612962
1536.4528487229861 82.92632612966611
1501.0893909626718 65.48035363457768
1352.5628683693517 17.386051080550203
1563.3290766208252 20.686640471512874
1605.7652259332021 17.386051080550203
1635.4705304518664 25.873280943025634
1613.7809430255402 53.22102161100207
389.26227897838896 32.474459724950975
517.9852652259331 29.173870333988305
719.7927308447936 27.75933202357575
681.6001964636541 85.2838899803537
586.8261296660116 32.94597249508851
746.6689587426324 97.07170923379181
