26.7251655629139 615.996688741722
236.52649006622505 552.4205298013246
268.31456953642373 401.4271523178809
242.88410596026483 368.0496688741723
98.24834437086088 294.9370860927153
128.4470198675496 147.12251655629143
282.6192052980132 212.28807947019868
223.8112582781456 121.69205298013253
320.76490066225153 124.87086092715231
368.44701986754956 105.79801324503319
379.5728476821191 116.92384105960264
457.4536423841058 333.0827814569536
598.9105960264899 458.6456953642385
719.7052980132448 301.29470198675494
740.3675496688741 272.68543046357627
846.8576158940396 326.72516556291396
1029.639072847682 422.08940397351
1177.4536423841057 383.94370860927165
1325.2682119205294 417.3211920529802
1552.55298013245 355.33443708609275
1198.115894039735 220.23509933774835
1094.8046357615892 264.7384105960266
1056.6589403973508 177.32119205298022
975.5993377483442 190.03642384105967
705.4006622516555 77.18874172185429
828.0281785886582 31.986119029867154
844.5274549361868 24.836432612604767
885.2256699267574 23.186504977851882
971.0219069339062 15.486842682338533
1005.1204113854653 22.63652909960092
311.4626719056974 125.50982318271122
911.6984282907663 12.670923379174951
273.7416502946954 120.32318271119846
165.76522593320232 133.52554027504914
256.295677799607 126.9243614931238
