1562.522926500337 568.9828051247471
1212.9612272420768 535.3213081591368
1089.9672960215778 298.3961564396493
1039.4750505731624 171.51820633850298
1080.9045853000673 80.89109912339836
1132.6915037086985 89.95380984490885
1223.3186109238031 172.8128792987187
1023.938975050573 17.4521240728252
951.4372892784895 20.041469993256896
961.7946729602156 78.30175320296689
899.6503708698583 100.31119352663507
847.8634524612271 123.61530681051909
871.1675657451112 91.2484828051247
840.0954146999325 87.36446392447726
771.4777478084964 104.19521240728238
704.1547538772758 223.30512474713407
709.3334457181389 171.51820633850298
658.8412002697235 146.9194200944031
555.2673634524613 131.38334457181372
544.9099797707349 53.70296695886714
506.06979096426164 17.4521240728252
607.0542818610924 99.01652056641933
581.1608226567768 18.746797033041048
617.4116655428186 20.041469993256896
627.7690492245448 23.925488873904214
660.1358732299393 44.64025623735665
701.5654079568442 65.35502360080909
758.5310182063386 64.06035064059324
903.5343897505059 40.69554956169918
867.930883344572 31.632838840188754
842.0374241402563 11.565407956844183
800.6078894133514 5.739379635873206
779.245785569791 10.270734996628448
761.7677006068781 16.74409979770735
713.2174645987863 18.038772757923084
684.0873229939313 20.628118678354664
633.5950775455159 4.444706675657358
774.067093728928 43.93223196223869
793.4871881321646 45.22690492245442
660.7832097100472 8.9760620364126
559.1513823331086 8.9760620364126
739.7582602832098 3.150033715441623
592.8128792987188 106.72387053270393
761.7677006068781 81.47774780849625
645.5858232676416 35.172600127145415
672.6414538310412 5.1267190569745935
984.6610738255032 217.02348993288592
1061.3322147651006 238.9295302013423
703.029411764706 20.441176470588175
825.4117647058824 34.29411764705884
1203.5 79.02941176470583
