254.5329835082455 529.7053973013492
6.976761619190428 587.2766116941527
1289.3755622188908 821.8793103448274
1744.1881559220394 862.1791604197899
1834.8628185907048 580.0802098950523
1397.3215892053975 364.18815592203873
1407.396551724138 295.10269865067437
1459.2106446776613 269.1956521739128
1407.396551724138 246.16716641679136
1308.0862068965519 211.62443778110912
1192.9437781109448 205.86731634182877
1182.8688155922039 351.2346326836579
820.1701649175413 348.3560719640178
828.8058470764618 313.8133433283356
398.46101949025496 329.6454272863565
441.6394302848576 282.14917541229363
263.1686656671665 332.5239880059968
168.17616191904054 331.08470764617664
618.6709145427287 177.081709145427
841.7593703148427 164.12818590704626
1833.423538230885 142.53898050974487
1911.1446776611695 129.58545727136413
1839.1806596701651 56.18215892053945
1807.876311844078 4.592953523238407
1695.612443778111 3.873313343328391
1665.387556221889 8.91079460269873
1643.0787106446776 61.44452773613199
1347.3065967016491 3.873313343328391
1295.492503748126 16.826836581709244
1285.4175412293853 28.341079460269956
1247.996251874063 77.27661169415296
1029.2256371814094 6.751874062968568
1039.30059970015 1.7143928035982299
880.97976011994 62.88380809595208
796.0622188905547 60.0052473763119
806.8568215892055 32.65892053973016
827.7263868065968 28.341079460269956
769.4355322338831 12.508995502248922
750.724887556222 57.84632683658174
732.7338830584708 37.6964017991005
708.2661169415294 41.29460269865069
629.8253373313344 54.248125937031546
578.0112443778112 1.7143928035982299
559.3005997001501 11.06971514242889
483.73838080959536 44.173163418290926
13.813343328335861 53.528485757121466
23.88830584707648 13.228635682158938
49.07571214392806 12.508995502248922
102.32908545727139 17.546476761619257
135.43253373313343 36.25712143928041
128.95577211394306 20.425037481259437
160.619940029985 31.21964017991013
196.60194902548727 42.73388305847084
222.50899550224887 42.73388305847084
231.86431784107947 6.751874062968568
192.284107946027 16.107196401799115
280.08020989505246 1.7143928035982299
303.82833583208395 11.06971514242889
351.32458770614693 29.780359820089984
387.3065967016492 24.02323838080963
394.5029985007496 11.789355322338906
429.0457271364318 18.266116941529276
