1365.0033112582778 275.86423841059604
1252.1556291390725 248.84437086092723
1194.937086092715 288.5794701986756
1163.1490066225163 264.7384105960266
1053.480132450331 220.23509933774835
1198.115894039735 178.9105960264901
1217.188741721854 124.87086092715231
1253.7450331125824 69.24172185430463
1336.394039735099 131.2284768211921
1426.9900662251653 72.4205298013245
1482.619205298013 86.72516556291396
1544.6059602649004 155.0695364238411
1633.6125827814567 135.99668874172187
1700.3675496688738 46.99006622516549
1768.7119205298009 59.705298013245056
1728.9768211920525 43.811258278145715
1255.3344370860925 13.612582781456922
1214.0099337748343 4.076158940397363
1325.2682119205294 2.4867549668874744
1641.5596026490064 902.0894039735101
1438.1158940397347 676.3940397350995
1633.6125827814567 555.5993377483444
1908.5794701986752 647.7847682119207
