169.03932584269637 764.3202247191012
560.050561797753 1017.8033707865166
1228.8146067415732 820.9494382022467
638.2528089887641 497.3539325842693
454.8820224719101 462.29775280898843
417.12921348314615 370.61235955056145
813.5337078651686 216.9044943820221
999.6011235955056 284.3202247191007
1018.4775280898876 233.08426966292097
932.1853932584271 157.57865168539297
961.8483146067416 87.46629213483106
872.8595505617978 36.230337078651246
1026.567415730337 71.2865168539322
1072.4101123595506 36.230337078651246
1026.567415730337 25.44382022471882
1249.7134831460671 2.185393258426984
1315.7808988764043 10.275280898876417
1393.9831460674154 26.455056179775283
1589.4887640449435 26.455056179775283
1489.7134831460671 2.185393258426984
1886.7921348314608 100.94943820224682
1916.455056179775 65.89325842696599
