84.10965372507872 348.0970619097586
45.83053515215113 112.37827911857278
138.50629590766005 57.981636935991446
200.96169989506825 118.42235047219299
337.96065057712497 305.7885624344176
656.281741867786 239.30377754459596
380.269150052466 88.20199370409227
1155.9249737670516 470.99317943336825
1325.1589716684157 414.58184679958026
1897.3310598111232 287.6563483735571
1399.7025183630642 176.84837355718764
1230.4685204617 132.52518363063996
1155.9249737670516 134.53987408184662
389.3352570828961 14.130640083945421
420.56295907660024 9.093913955928542
432.65110178384055 17.152675760755415
488.0550891920252 42.33630640083936
474.95960125918157 21.18205666316885
529.3562434417629 12.115949632738648
561.5912906610703 28.233473242392392
592.8189926547744 21.18205666316885
584.7602308499476 59.461175236096494
689.5241343126968 64.49790136411326
659.3037775445961 36.292235047219265
689.5241343126968 14.130640083945421
661.3184679958027 5.064533053515107
623.0393494228751 7.079223504721881
671.3919202518364 10.101259181531987
728.8105981112277 17.152675760755415
830.5524658971669 22.18940188877218
899.0519412381952 31.25550891920244
883.9417628541448 28.233473242392392
913.1547743966423 10.101259181531987
929.2722980062961 19.16736621196219
964.5293809024135 10.101259181531987
986.6909758656873 21.18205666316885
997.7717733473244 21.18205666316885
1028.9994753410283 33.27019937040916
1098.50629590766 28.233473242392392
1107.5724029380904 12.115949632738648
1133.7633788037776 22.18940188877218
1143.8368310598112 8.086568730325212
1171.035152151102 42.33630640083936
1240.5419727177336 42.33630640083936
1500.4370409233998 30.24816369359911
1618.2964323189929 91.69622245540394
1641.46537250787 57.44648478488978
1671.6857292759707 51.40241343126962
