430.6123595505618 765.6685393258424
549.2640449438203 482.522471910112
740.7247191011237 433.9831460674154
867.4662921348314 439.3764044943817
983.4213483146067 369.26404494381995
1042.7471910112358 401.6235955056177
1040.0505617977528 334.207865168539
1129.0393258426966 258.7022471910109
1182.9719101123596 258.7022471910109
1342.0730337078653 326.11797752808957
1166.7921348314608 420.4999999999998
1196.4550561797755 501.3988764044941
622.0730337078652 129.26404494381995
721.8483146067416 126.56741573033673
756.9044943820226 110.38764044943787
802.7471910112359 107.69101123595476
843.1966292134831 99.60112359550534
249.2640449438202 147.12921348314603
202.0730337078652 147.12921348314603
126.56741573033703 166.00561797752812
83.42134831460669 191.62359550561797
76.67977528089881 223.98314606741576
7.915730337078571 205.10674157303373
440.7247191011237 157.91573033707863
467.6910112359552 186.2303370786517
397.5786516853933 98.58988764044943
367.9157303370787 89.15168539325839
436.679775280899 108.02808988764042
463.6460674157305 98.58988764044943
456.90449438202256 68.92696629213481
535.1067415730339 67.5786516853932
566.11797752809 89.15168539325839
618.7022471910115 87.80337078651678
598.4775280898879 72.97191011235952
632.1853932584272 59.488764044943764
669.9382022471913 58.14044943820221
713.0842696629215 68.92696629213481
710.3876404494383 33.870786516853855
738.7022471910116 40.61235955056173
709.0393258426968 16.34269662921338
425.89325842696644 58.14044943820221
193.98314606741576 13.646067415730272
243.87078651685397 17.69101123595499
134.65730337078645 10.949438202247165
98.252808988764 10.949438202247165
55.10674157303362 23.084269662921315
145.44382022471905 79.71348314606733
168.3651685393258 112.07303370786514
137.35393258426961 132.29775280898878
212.85955056179773 112.07303370786514
224.99438202247188 91.8483146067415
253.308988764045 89.15168539325839
1068.7022471910113 44.151685393258504
1090.2752808988766 40.10674157303379
1105.7808988764045 39.43258426966301
1119.9382022471912 44.82584269662931
1136.7921348314608 49.5449438202248
1148.2528089887642 39.43258426966301
1123.3089887640451 107.52247191011244
1072.0730337078653 98.08426966292143
1051.174157303371 74.4887640449439
1012.0730337078654 97.41011235955062
984.4325842696632 70.4438202247192
998.5898876404497 58.30898876404501
964.8820224719103 60.33146067415737
949.3764044943822 65.7247191011237
963.5337078651687 13.140449438202324
947.3539325842698 13.140449438202324
870.5000000000002 25.94943820224728
1023.5337078651687 39.43258426966301
1028.926966292135 32.016853932584354
1205.5561797752812 11.117977528089966
1226.4550561797755 20.55617977528098
1223.7584269662923 51.56741573033716
1260.1629213483147 48.19662921348322
1279.0393258426968 38.758426966292234
1285.106741573034 30.6685393258428
1346.1179775280903 29.825842696629138
1321.848314606742 24.43258426966281
1355.5561797752814 51.39887640449433
1409.4887640449442 29.825842696629138
1487.6910112359556 60.837078651685374
836.4550561797755 23.084269662921315
841.1741573033705 59.48876404494371
1040.7247191011234 41.96067415730329
7.029411764705871 43.38235294117641
