966.8450099140781 539.2309980171844
1050.5991407799074 389.4887640449439
1091.207204230007 370.45373430270996
989.6870456047586 317.15565102445476
1108.9732319894251 279.0855915399868
1152.1192994051553 350.14970257766026
1209.2243886318574 347.61169861202916
1176.2303370786517 274.00958360872437
1210.493390614673 270.2025776602776
1261.253469927297 234.67052214144087
1551.854923992069 206.75247851949769
1478.2528089887642 234.67052214144087
1671.141110376735 444.0558493060146
1172.423331130205 157.2614011896893
1186.3823529411766 128.07435558493057
1106.435228023794 169.9514210178454
1069.6341705221416 175.02742894910773
1050.5991407799074 178.8344348975545
973.190019828156 181.37243886318572
944.0029742233972 148.3783873099801
949.0789821546597 125.53635161929935
891.9738929279578 161.06840713813608
889.4358889623267 211.82848645076012
828.5237937871779 201.67647058823536
820.9097818902843 152.18539325842698
818.371777924653 220.71150033046933
796.7987442167879 261.3195637805684
827.2547918043623 309.5416391275612
732.0796430931924 332.38367481824196
676.2435558493061 361.5707204230007
747.3076668869795 219.44249834765367
728.2726371447455 149.64738929279576
696.5475875743557 181.37243886318572
661.0155320555189 152.18539325842698
643.2495042961006 153.45439524124254
661.0155320555189 176.2964309319234
662.2845340383345 196.60046265697292
672.4365499008593 192.79345670852604
654.6705221414409 267.6645736946464
570.9163912756114 299.38962326503633
595.0274289491077 210.55948446794446
597.565432914739 172.4894249834765
628.0214805023134 169.9514210178454
550.6123595505618 144.57138136153333
536.6533377395903 187.7174487772637
516.3493060145407 103.96331791143416
661.0155320555189 32.899206873760704
858.9798413747523 32.899206873760704
385.642101784534 125.53635161929935
324.7300066093853 105.23231989424984
360.26206212822206 161.06840713813608
405.94613350958366 175.02742894910773
446.5541969596828 196.60046265697292
456.7062128222076 162.33740912095175
488.4312623925976 162.33740912095175
484.6242564441508 205.48347653668213
451.63020489094515 242.2845340383344
484.6242564441508 285.4306014540648
437.6711830799736 281.623595505618
394.52511566424323 317.15565102445476
389.4491077329809 238.47752808988764
305.69497686715135 183.91044282881694
558.2263714474554 223.24950429610044
276.5079312623926 83.65928618638463
213.0578321216127 103.96331791143416
199.0988103106411 91.27329808327818
178.79477858559153 91.27329808327818
154.68374091209517 83.65928618638463
159.75974884335756 112.84633179114337
116.61368142762723 91.27329808327818
115.34467944481162 109.0393258426966
76.00561797752806 82.39028420356908
39.204560475875724 192.79345670852604
100.11665565102447 196.60046265697292
138.18671513549242 172.4894249834765
154.68374091209517 223.24950429610044
214.9891640866872 131.30495356037147
260.56191950464387 106.53715170278633
277.4040247678018 103.56501547987614
300.1904024767801 85.73219814241486
256.5990712074303 89.69504643962847
762.8529411764707 37.18730650154794
402.23374613003097 218.48761609907126
275.42260061919495 253.1625386996904
341.80030959752315 214.5247678018576
394.30804953560374 293.78173374613004
442.85294117647067 324.49380804953563
467.6207430340558 364.12229102167186
640.9953560371519 266.0417956656347
707.8823529411764 33.05882352941178
718.470588235294 33.764705882352956
490.2941176470587 42.05882352941178
567.235294117647 34.64705882352942
591.7647058823528 34.29411764705884
553.735294117647 92.44117647058815
345.8529411764705 99.85294117647052
468.67647058823513 137.26470588235287
517.1176470588234 115.735294117647
92.4411764705882 119.26470588235287
1.1176470588235503 108.67647058823523
38.52941176470589 123.67647058823523
35.52941176470589 94.38235294117642
42.41176470588237 88.9117647058823
1478.9705882352941 193.5588235294117
1599.8529411764705 131.79411764705875
1646.7941176470588 131.08823529411757
1720.5588235294117 116.26470588235287
