255.80201342281882 767.6140939597315
817.9496644295302 439.0234899328857
929.0906040268458 559.8288590604026
1257.6812080536915 358.48657718120785
1262.5134228187922 303.72147651006685
1140.0973154362418 297.2785234899327
1027.3456375838928 237.68120805369108
933.9228187919464 257.0100671140938
877.5469798657718 170.03020134228166
867.8825503355706 142.64765100671116
819.5604026845638 170.03020134228166
658.4865771812081 166.80872483221447
479.6946308724833 187.7483221476508
1421.9765100671143 361.7080536912749
1368.8221476510068 311.77516778523477
1275.3993288590605 170.03020134228166
1560.5000000000002 324.6610738255031
1695.802013422819 263.4530201342279
1837.5469798657718 632.3120805369126
1546.0033557046982 103.98993288590577
1592.7147651006712 91.10402684563735
1536.338926174497 41.17114093959708
1463.8557046979868 79.82885906040246
1082.1107382550338 79.82885906040246
1048.285234899329 142.64765100671116
888.4194630872485 57.077181208053446
956.8758389261745 57.077181208053446
962.5134228187922 40.16442953020112
981.8422818791948 32.11073825503331
1006.8087248322149 36.137583892617215
1078.4865771812083 40.96979865771789
1079.291946308725 26.473154362415926
1071.2382550335572 69.15771812080516
1370.835570469799 43.385906040268196
1393.3859060402688 49.023489932885695
1397.4127516778526 88.48657718120785
1248.4194630872485 77.21140939597296
1461.036912751678 17.61409395973135
1479.560402684564 57.077181208053446
1127.6140939597317 2.3120805369125037
1524.6610738255035 20.835570469798427
1519.8288590604027 12.78187919463062
423.4469548133595 214.3899803536346
1387.2190569744598 387.9066797642437
1640.8929273084482 117.25834970530445
1442.1502946954813 3.240667976424504
621.8529411764707 188.970588235294
733.2058823529414 378.5
1039.2058823529414 449.44117647058806
1171.9117647058824 610.3823529411764
1277.088235294118 525.6764705882351
562.9117647058825 164.61764705882348
583.0294117647061 157.5588235294117
936.6764705882356 137.9705882352941
970.294117647059 70.38235294117646
924.4117647058825 51.323529411764696
1000.6470588235296 50.44117647058822
1050.058823529412 37.558823529411754
1136.1764705882354 60.32352941176467
1084.1176470588236 67.73529411764702
1201.0294117647059 259.55882352941165
1641.5 97.73529411764699
1455.5000000000002 144.67647058823525
1554.7647058823532 9.411764705882376
1477.4705882352941 41.8823529411765
