239.1516853932585 803.4213483146063
398.25280898876406 860.0505617977526
891.7359550561797 727.9157303370783
1452.634831460674 789.9382022471907
1280.0505617977528 552.6348314606739
1749.26404494382 644.3202247191008
541.1741573033709 210.16292134831428
369.2640449438203 43.3089887640449
540.5000000000001 72.97191011235952
834.4325842696633 44.65730337078645
919.3764044943823 129.6011235955056
924.7696629213488 182.18539325842698
1039.7134831460673 173.5898876404495
1262.1853932584268 199.2078651685394
979.7134831460672 91.34269662921355
947.3539325842695 125.72471910112367
1097.6910112359549 93.36516853932591
1053.8707865168537 62.35393258426973
1119.938202247191 25.275280898876474
613.750773993808 150.12848297213623
806.4442724458205 4.9736842105264145
1096.2275541795666 154.07585139318888
534.4938080495356 92.66718266253866
