462.7931206380857 481.15802592223315
267.5388833499501 21.73629112661979
495.33549351944157 21.73629112661979
481.93569292123624 29.39332003988011
1140.4401794616151 370.1311066799599
870.5299102691924 176.79112662013927
1513.720338983051 149.9915254237285
1605.6046859421735 105.96360917248228
1687.9177467597208 102.13509471585212
1689.8320039880361 2.5937188434693326
589.1340977068793 17.818045862412873
596.7911266201395 14.946660019940282
554.6774675972083 17.818045862412873
903.0722831505483 8.246759720837531
928.9147557328016 17.818045862412873
913.6006979062811 9.2038883349951
1003.5707876370888 11.118145563310122
958.585742771685 4.418245264207485
1080.141076769691 6.332502492522508
1310.3305084745762 26.432203389830534
1286.402293120638 14.946660019940282
1265.3454636091724 8.246759720837531
1245.2457627118642 21.64656031904292
1341.9157527417747 24.51794616151551
1421.3574277168493 21.64656031904292
1717.6517027863777 42.620743034055806
1910.8405572755419 109.49380804953566
1744.8962848297215 61.4442724458205
1781.0572755417957 42.1253869969041
1248.797213622291 49.06037151702794
1242.3575851393189 92.65170278637777
1048.673374613003 11.908668730650106
583.0386996904022 31.227554179566653
633.0696594427241 4.9736842105264145
162.48142414860632 48.08513931888542
50.607317073170634 42.44146341463414
225.74878048780482 28.392682926829252
639.719512195122 32.241463414634154
656.5780487804877 13.509756097560967
667.8170731707316 18.192682926829292
568.0707317073171 113.25609756097562
724.4804878048781 123.09024390243903
779.7390243902439 37.39268292682928
752.1097560975611 18.192682926829292
808.7731707317073 35.51951219512196
792.851219512195 10.231707317073129
826.5682926829269 15.851219512195142
878.548780487805 17.724390243902462
1310.3146341463416 87.03170731707317
1226.958536585366 20.06585365853661
1125.807317073171 9.295121951219471
1163.7390243902441 20.06585365853661
1194.6463414634147 16.787804878048803
1368.3829268292684 67.83170731707318
1450.8024390243904 22.40731707317073
1281.280487804878 376.8024390243903
1712.109756097561 100.50975609756097
1797.339024390244 48.99756097560976
1062.7568093385212 1.9883268482490166
1704.6634241245133 3.038910505836583
