580.6123595505617 71.45505617977528
567.129213483146 69.43258426966293
567.129213483146 76.84831460674158
592.0730337078652 65.38764044943821
622.4101123595506 68.08426966292134
634.5449438202247 59.320224719101134
550.9494382022472 74.15168539325845
544.8820224719101 77.52247191011236
517.2415730337078 82.91573033707866
536.1179775280899 79.54494382022472
534.7696629213483 83.58988764044943
465.33146067415726 93.02808988764045
431.62359550561797 99.09550561797752
421.5112359550562 107.85955056179773
410.05056179775283 92.35393258426967
403.30898876404495 102.46629213483146
349.37640449438203 107.85955056179773
390.5 111.23033707865167
376.3426966292135 105.83707865168537
372.2977528089888 97.74719101123594
387.8033707865169 99.09550561797752
393.87078651685397 91.00561797752809
457.2415730337078 94.37640449438203
183.53370786516857 152.5224719101124
248.92696629213484 133.64606741573036
267.12921348314603 141.061797752809
286.0056179775281 138.36516853932588
11.960674157303345 262.74719101123554
18.702247191011224 338.2528089887636
63.19662921348311 324.76966292134784
80.72471910112353 307.2415730337074
52.41011235955051 305.8932584269659
100.94943820224717 292.4101123595501
76.67977528089881 284.3202247191007
181.8483146067415 300.49999999999955
200.72471910112353 289.71348314606695
204.76966292134824 268.1404494382018
295.1067415730336 266.79213483146026
326.11797752808974 249.26404494381978
330.16292134831457 289.71348314606695
354.43258426966287 249.26404494381978
417.8033707865167 269.48876404494337
409.7134831460673 233.08426966292092
462.2977528089886 214.2078651685389
522.9719101123594 207.466292134831
421.84831460674144 358.4775280898872
318.0280898876403 394.88202247190964
300.49999999999994 315.33146067415686
192.6348314606741 466.34269662921304
580.9494382022469 210.16292134831417
580.9494382022469 184.54494382022426
660.4999999999998 184.54494382022426
761.6235955056177 165.6685393258423
850.6123595505615 168.3651685393254
912.6348314606739 141.398876404494
847.9157303370785 340.94943820224677
725.2191011235952 427.2415730337074
598.4775280898875 471.73595505617925
341.623595505618 645.6685393258423
9.938202247191043 624.0955056179771
967.5786516853933 132.97191011235955
1103.758426966292 135.6685393258427
1059.2640449438202 103.98314606741573
1086.2303370786517 106.00561797752809
1103.758426966292 107.35393258426967
1119.2640449438204 122.85955056179776
1132.7471910112358 117.46629213483146
1142.185393258427 104.65730337078651
1194.7696629213483 134.3202247191011
1260.8370786516855 179.4887640449438
1279.0393258426966 242.18539325842693
1177.241573033708 275.21910112359546
1060.2752808988764 294.7696629213483
1036.0056179775281 279.938202247191
1099.3764044943819 312.2977528089887
1118.252808988764 267.80337078651684
1273.3089887640447 213.8707865168539
1338.0280898876404 173.42134831460675
1339.3764044943819 232.74719101123594
1406.7921348314605 221.96067415730334
1463.4213483146066 213.8707865168539
1444.5449438202245 92.52247191011236
1180.2752808988762 470.38764044943787
1215.3314606741574 389.4887640449434
1285.4438202247193 527.0168539325839
1447.241573033708 594.4325842696626
1482.2977528089887 459.6011235955052
1506.567415730337 373.30898876404456
1595.5561797752807 359.8258426966288
1684.5449438202245 516.2303370786514
1652.1853932584268 637.5786516853929
1760.0505617977528 246.56741573033673
1687.241573033708 265.4438202247187
1532.8595505617975 87.12921348314609
1576.005617977528 134.32022471910113
1582.7471910112358 92.52247191011236
1582.7471910112358 70.94943820224717
1601.623595505618 110.05056179775283
1632.634831460674 88.47752808988764
1696.005617977528 92.52247191011236
1660.949438202247 159.938202247191
1713.5337078651683 126.2303370786517
1753.9831460674154 138.36516853932585
1807.9157303370785 100.61235955056179
1820.0505617977526 134.32022471910113
1830.837078651685 188.25280898876406
1818.7022471910109 267.80337078651684
1888.8146067415728 97.91573033707868
889.0393258426967 605.2191011235951
1869.6011235955057 99.93820224719099
1908.7022471910113 77.01685393258427
1491.0617977528088 173.42134831460675
