1023.870786516854 1056.9044943820222
1362.9719101123596 500.72471910112336
1418.2528089887642 481.8483146067413
1543.6460674157306 369.93820224719076
1677.1292134831463 356.455056179775
1751.2865168539329 249.9382022471907
1716.230337078652 462.9719101123593
1683.8707865168542 550.6123595505616
1806.5674157303374 500.72471910112336
1088.9269662921347 156.56741573033673
1101.7359550561796 149.1516853932581
1074.7696629213483 137.69101123595473
1113.196629213483 85.78089887640417
1159.0393258426966 126.90449438202214
1227.8033707865168 155.21910112359518
1236.567415730337 93.87078651685363
1270.9494382022472 109.37640449438169
1308.0280898876404 93.87078651685363
1277.6910112359549 86.45505617977497
1317.4662921348313 44.657303370786224
1201.511235955056 47.35393258426936
1293.196629213483 158.58988764044912
1355.2191011235955 155.21910112359518
1384.2078651685392 126.90449438202214
1450.9494382022472 114.09550561797721
1423.308988764045 39.2640449438199
1510.2752808988762 74.32022471910079
1471.8483146067415 227.35393258426933
1533.196629213483 109.37640449438169
1093.6460674157302 37.24157303370754
1158.3651685393259 46.00561797752778
1181.9606741573032 14.994382022471598
1020.8370786516854 218.08426966292137
998.5898876404494 160.78089887640448
1038.3651685393259 156.06179775280896
1006.005617977528 48.870786516853855
1026.9044943820224 16.511235955056094
1534.5449438202247 78.53370786516862
1506.2303370786517 126.39887640449444
1800.1629213483147 91.34269662921355
1763.0842696629213 149.99438202247197
1825.7808988764045 140.55617977528095
