1913.160550458716 146.2186544342506
1846.6162079510705 112.94648318042795
1671.4480122324162 32.70183486238511
1660.6834862385322 9.215596330274932
1624.4755351681958 22.91590214067253
1613.711009174312 12.15137614678872
1573.5886850152906 12.15137614678872
1550.1024464831805 7.258409785932486
1544.2308868501532 75.75993883792029
1547.166666666667 54.23088685015267
1214.4449541284405 25.851681957186315
1199.7660550458716 12.15137614678872
171.75382262996962 130.5611620795105
271.57033639143754 113.92507645259917
751.081039755352 175.57645259938818
832.304281345566 181.4480122324157
497.6253822629972 71.84556574923528
491.75382262996965 33.680428134556394
562.2125382263 51.29510703363894
748.1452599388383 41.50917431192642
805.8822629969421 53.25229357798145
880.2553516819574 17.044342507644956
559.3405797101449 125.42753623188435
544.8478260869566 1.5869565217391255
