1.174157303370805 170.7247191011234
84.76966292134824 255.6685393258427
140.05056179775278 155.89325842696627
220.9494382022471 157.24157303370788
338.252808988764 135.6685393258427
401.62359550561786 123.53370786516854
527.0168539325841 104.65730337078651
584.9943820224717 93.87078651685397
548.5898876404492 116.79213483146066
541.8483146067415 100.61235955056179
804.7696629213481 104.65730337078651
889.7134831460671 88.47752808988764
926.1179775280896 203.08426966292132
928.8146067415728 267.80337078651684
826.3426966292132 231.3988764044944
880.2752808988762 223.30898876404495
757.578651685393 217.91573033707863
723.8707865168537 239.48876404494382
760.2752808988762 351.39887640449433
633.5337078651685 273.1966292134831
586.3426966292134 267.80337078651684
558.0280898876404 316.34269662921344
491.96067415730323 283.9831460674157
464.9943820224718 265.1067415730337
307.24157303370777 336.567415730337
332.8595505617977 498.36516853932574
389.4887640449437 468.7022471910112
67.24157303370782 480.8370786516854
37.5786516853932 426.90449438202245
177.12921348314615 791.2865168539322
781.1741573033709 616.0056179775277
1104.7696629213483 491.96067415730295
1829.825842696629 8.084269662921372
1809.6011235955057 17.52247191011236
1768.4775280898875 28.308988764044955
1749.6011235955057 64.7134831460674
1727.3539325842696 61.34269662921349
1856.1179775280898 26.286516853932596
1870.2752808988764 11.455056179775283
1908.0280898876404 26.960674157303373
1881.7359550561796 54.60112359550561
1901.2865168539324 76.17415730337078
1862.8595505617977 76.84831460674158
1882.4101123595506 97.74719101123594
1912.0730337078653 115.9494382022472
1866.2303370786517 155.0505617977528
1914.7696629213483 180.6685393258427
1827.803370786517 82.24157303370785
1798.814606741573 124.03932584269663
1781.9606741573034 227.85955056179773
1908.0280898876404 244.7134831460674
1649.1516853932585 168.5337078651685
1676.1179775280898 141.56741573033707
1697.0168539325841 99.7696629213483
1652.5224719101125 65.38764044943821
1680.1629213483145 40.443820224719104
1630.2752808988764 63.36516853932585
1600.612359550562 49.88202247191012
1579.7134831460673 74.8258426966292
1541.2865168539327 60.66853932584269
1555.443820224719 134.15168539325842
1569.6011235955057 170.55617977528087
1515.6685393258426 175.94943820224717
1517.0168539325844 134.8258426966292
1489.376404494382 105.83707865168537
1494.7696629213483 52.578651685393254
1490.7247191011236 41.792134831460686
1478.5898876404494 41.792134831460686
1578.3651685393259 51.90449438202248
1275.3314606741571 46.679775280898866
1304.9943820224719 81.73595505617982
1347.129213483146 77.52247191011236
1376.7921348314605 73.47752808988764
1360.6123595505617 66.73595505617976
1396.3426966292134 50.556179775280896
1422.634831460674 49.88202247191012
1437.4662921348313 43.814606741573044
1432.7471910112358 64.03932584269663
1432.0730337078649 83.58988764044943
1386.2303370786517 113.92696629213484
1380.1629213483145 93.70224719101122
1341.7359550561796 94.37640449438203
1377.4662921348313 254.1516853932584
1264.88202247191 111.90449438202248
1248.702247191011 127.41011235955054
1198.140449438202 151.67977528089887
1168.4775280898875 117.29775280898875
1158.3651685393256 149.6573033707865
1033.3089887640447 142.41011235955057
1083.196629213483 165.3314606741573
1129.0393258426964 138.36516853932585
1134.4325842696628 114.09550561797755
1106.1179775280896 227.35393258426967
1312.4101123595503 297.4662921348314
953.7584269662922 100.94943820224682
1795.1067415730336 311.2865168539322
