789.2513116474292 563.6689401888772
827.530430220357 501.21353620146897
869.838929695698 446.81689401888764
944.3824763903465 485.0960125918152
744.9281217208816 414.58184679958026
654.2670514165793 410.5524658971667
539.4296956977964 466.9637985309548
215.06453305351522 305.7885624344176
45.83053515215113 219.15687303252867
78.06558237145862 233.25970619097575
108.28593913955933 265.49475341028324
124.40346274921308 239.30377754459596
1095.4842602308502 612.0215110178383
1250.6154249737672 1000.8567681007346
1500.4370409234 968.6217208814271
1869.125393494229 583.8158447009444
1836.8903462749215 1016.9742917103881
123.64795383001052 122.65634837355728
146.3132214060861 159.4244491080798
161.9270724029381 164.9648478488983
171.49685204616998 163.95750262329494
185.599685204617 162.95015739769158
196.17681007345226 165.97219307450163
225.8934942287513 174.5346274921302
243.52203567681008 174.5346274921302
279.7864637985309 187.63011542497384
277.26810073452253 175.54197271773353
295.400314795383 176.5493179433369
252.0844700944386 178.06033578174194
308.9994753410283 180.07502623294866
329.1463798530954 178.06033578174194
350.30062959076594 180.57869884575032
327.63536201469043 149.85466946484792
339.7235047219307 151.36568730325297
357.3520461699895 154.38772298006305
369.44018887722973 153.3803777544597
402.1789087093388 210.79905561385107
449.5241343126966 208.28069254984266
429.8809024134312 184.60807974816376
447.50944386148996 191.65949632738727
459.0939139559286 184.10440713536207
449.5241343126966 174.5346274921302
435.9249737670513 166.47586568730333
473.44858342077646 188.40136411332628
488.55876180482676 207.54092339979013
475.4632738719831 235.74658971668413
784.718258132214 268.98898216159495
900.0592864637986 279.09391395592854
919.1988457502624 276.07187827911844
944.3824763903464 284.1306400839453
954.4559286463799 279.09391395592854
976.6175236096537 292.1894018887722
1004.8231899265478 288.16002098635875
1034.0362014690452 290.17471143756546
1044.1096537250787 292.1894018887722
1103.543022035677 304.2775445960125
1145.8515215110178 295.21143756558223
1273.7843651626445 325.431794333683
1309.041448058762 322.4097586568729
1372.5041972717736 314.350996852046
1418.842077649528 335.50524658971653
1556.8483735571879 354.6448058761804
1570.951206715635 353.637460650577
1583.0393494228754 452.35729275970607
1690.3216159496328 378.821091290661
1675.2114375655824 346.5860440713535
1807.1736621196223 379.82843651626433
82.73529411764704 317.441176470588
204.85294117647058 401.0882352941176
282.5 412.38235294117646
-95.85294117647061 475.9117647058824
400.735294117647 481.205882352941
1540.029411764706 749.4411764705882
1597.3823529411764 377.08823529411745
1567.3823529411764 390.1470588235293
1493.6176470588234 350.6176470588234
1776.6764705882351 397.5588235294116
1736.7941176470588 551.4411764705881
1640.7941176470588 664.7352941176468
1294.0294117647059 652.0294117647059
