4.882022471910091 43.814606741573044
6.904494382022506 68.08426966292134
14.994382022471939 88.30898876404495
35.89325842696633 109.88202247191012
85.7808988764045 97.74719101123594
98.58988764044946 76.17415730337078
85.10674157303373 44.48876404494382
77.0168539325843 24.264044943820238
67.57865168539328 5.387640449438209
44.657303370786536 3.3651685393258504
103.98314606741573 14.151685393258447
120.8370786516854 13.477528089887642
153.87078651685394 3.3651685393258504
204.4325842696629 18.87078651685394
250.2752808988764 59.99438202247191
252.29775280898875 82.91573033707866
219.2640449438202 91.00561797752809
188.92696629213484 141.56741573033707
153.19662921348313 179.3202247191011
178.14044943820224 218.4213483146067
312.2977528089888 174.6011235955056
271.8483146067416 119.3202247191011
291.39887640449433 82.91573033707866
334.5449438202247 99.7696629213483
326.4550561797753 56.62359550561797
388.47752808988764 74.8258426966292
410.7247191011236 45.8370786516854
423.5337078651685 76.84831460674158
443.75842696629206 47.185393258426984
438.36516853932585 4.039325842696655
415.44382022471905 2.016853932584297
319.0393258426966 3.3651685393258504
284.6573033707865 9.432584269662925
266.4550561797753 5.387640449438209
356.79213483146066 0.668539325842687
571.511235955056 57.46629213483152
521.6235955056179 79.03932584269666
494.65730337078634 79.03932584269666
477.129213483146 89.82584269662925
478.47752808988747 15.668539325842744
508.1404494382021 3.5337078651685943
536.455056179775 2.185393258426984
616.0056179775279 39.93820224719104
640.2752808988762 64.20786516853934
668.5898876404492 35.89325842696633
586.005617977528 60.66853932584269
594.0955056179774 53.25280898876406
647.3539325842695 13.477528089887642
627.8033707865167 0.668539325842687
659.4887640449437 2.6910112359550453
685.1067415730336 2.6910112359550453
731.6235955056178 12.803370786516894
703.3089887640448 46.51123595505618
743.758426966292 8.084269662921372
774.0955056179773 58.64606741573033
772.7471910112358 18.87078651685394
793.6460674157302 19.544943820224717
826.0056179775279 65.38764044943821
879.9382022471908 72.12921348314609
866.4550561797752 2.6910112359550453
840.1629213483144 2.016853932584297
941.2865168539327 111.23033707865167
937.2415730337079 43.814606741573044
925.1067415730338 17.52247191011236
977.6910112359552 72.12921348314609
989.1516853932585 33.028089887640476
1020.8370786516855 13.477528089887642
1035.6685393258426 66.06179775280899
1077.4662921348317 49.88202247191012
1143.5337078651687 41.792134831460686
1121.2865168539327 7.410112359550567
1097.691011235955 8.084269662921372
1279.0393258426961 13.477528089887642
1299.9382022471905 18.196629213483163
1323.533707865168 57.297752808988776
1363.3089887640444 72.80337078651684
1384.8820224719095 47.85955056179776
1433.4213483146061 41.11797752808991
1363.9831460674152 20.893258426966298
1375.4438202247186 13.477528089887642
1420.2752808988762 230.38764044943787
1514.6573033707864 397.57865168539286
1654.8820224719102 384.0955056179772
1773.5337078651683 308.5898876404491
1857.129213483146 440.72471910112324
1638.7022471910113 516.2303370786514
1727.691011235955 909.9382022471907
1226.1179775280898 758.9269662921345
1325.8932584269664 613.3089887640446
988.8146067415731 451.5112359550558
905.2191011235956 731.960674157303
727.2415730337078 624.0955056179771
524.994382022472 680.7247191011232
576.2303370786518 338.2528089887637
406.3426966292135 378.7022471910109
311.9606741573034 397.57865168539286
69.2640449438203 470.38764044943787
55.780898876404535 378.7022471910109
508.81460674157313 284.3202247191007
