122.08940397350989 248.84437086092723
295.33443708609263 212.28807947019868
454.27483443708593 166.19536423841066
568.7119205298012 132.81788079470198
204.73841059602643 153.4801324503312
147.51986754966885 158.248344370861
137.98344370860923 212.28807947019868
122.08940397350989 164.60596026490066
144.34105960264895 131.2284768211921
1508.0496688741719 113.74503311258286
1393.6125827814567 364.8708609271523
1322.0894039735097 328.31456953642396
1048.711920529801 153.4801324503312
727.6523178807945 228.18211920529805
664.0761589403972 21.559602649006592
484.4735099337747 46.99006622516549
877.0562913907283 39.04304635761582
344.60596026490055 108.97682119205297
1128.1821192052978 142.35430463576165
1094.8046357615892 159.83774834437088
1183.8112582781455 134.40728476821198
1145.665562913907 64.47350993377484
1128.1821192052978 70.83112582781462
1457.188741721854 121.69205298013253
437.3565815324166 39.69449901768161
425.09724950884106 40.63752455795668
451.03045186640486 109.00687622789775
619.3605108055012 31.207269155206177
367.57269155206296 86.8457760314341
106.8261296660118 138.24066797642445
97.86738703339883 143.89882121807474
284.114931237721 85.43123772102172
895.9027504911592 29.55697445972487
1116.570726915521 55.96168958742629
811.9734774066798 187.98526522593318
