55.780898876404194 319.3764044943821
276.90449438202256 440.72471910112324
457.5786516853933 295.10674157303333
419.82584269662914 278.92696629213447
511.5112359550561 367.91573033707823
676.005617977528 376.00561797752766
751.5112359550561 316.6797752808985
767.691011235955 241.1741573033704
932.1853932584271 146.79213483146032
1053.5337078651687 179.15168539325805
63.19662921348311 135.6685393258427
78.02808988764042 69.60112359550567
71.28651685393254 43.98314606741576
40.27528089887636 38.58988764044943
110.38764044943815 70.94943820224717
162.97191011235947 72.29775280898878
2.5224719101123014 166.67977528089887
509.4887640449437 197.69101123595505
533.7584269662921 186.90449438202245
568.8146067415728 177.46629213483146
630.8370786516853 76.34269662921349
765.6685393258424 81.73595505617982
1369.7134831460671 208.47752808988764
1519.3764044943816 165.3314606741573
1412.8595505617975 85.78089887640454
1356.2303370786515 165.3314606741573
1303.6460674157302 91.1741573033708
1283.4213483146066 99.26404494382024
1264.5449438202245 95.21910112359552
1187.6910112359549 100.61235955056179
1174.207865168539 95.21910112359552
1580.0505617977524 85.78089887640454
1608.3651685393254 85.78089887640454
1050.1629213483145 146.45505617977528
1137.3172888015715 209.67485265225935
249.93025540275042 41.81630648330054
652.6021611001964 407.0618860510805
1461.5 100.55882352941168
1321.0294117647059 138.32352941176464
1166.9705882352941 200.61764705882354
1023.8529411764708 176.97058823529397
992.0882352941179 143.4411764705881
