63.28145695364236 447.519867549669
204.73841059602643 569.9039735099338
436.7913907284767 844.8708609271524
303.2814569536423 558.7781456953643
14.009933774834394 375.996688741722
118.91059602649 64.47350993377484
163.41390728476813 24.738410596026597
193.61258278145687 166.19536423841066
358.91059602649 255.20198675496695
455.86423841059593 212.28807947019868
457.4536423841058 167.78476821192058
366.85761589403967 153.4801324503312
652.9503311258277 310.8311258278146
670.4337748344369 150.30132450331132
805.5331125827813 147.12251655629143
792.8178807947018 39.04304635761582
875.4668874172182 194.80463576158948
959.7052980132448 199.57284768211923
1010.5662251655625 166.19536423841066
989.9039735099336 134.40728476821198
956.526490066225 124.87086092715231
1123.413907284768 110.56622516556297
1156.7913907284765 64.47350993377484
1094.8046357615892 64.47350993377484
1237.850993377483 131.2284768211921
1372.9503311258275 108.97682119205297
1309.37417218543 197.98344370860934
1274.4072847682116 212.28807947019868
1376.1291390728475 344.2086092715233
1468.3145695364235 493.61258278145704
1759.1754966887413 375.996688741722
1859.3079470198672 410.96357615894044
1822.751655629139 525.4006622516557
1770.3013245033108 687.5198675496689
1876.7913907284765 811.4933774834439
1579.572847682119 137.58609271523187
1549.37417218543 177.32119205298022
1509.6390728476817 231.3609271523179
1584.3410596026486 202.75165562913912
1454.009933774834 228.18211920529805
1492.1556291390725 158.248344370861
1495.3344370860923 91.49337748344374
1544.6059602649004 39.04304635761582
1873.6125827814567 197.98344370860934
1795.7317880794699 228.18211920529805
1755.9966887417215 188.44701986754967
1595.2853164334897 49.97019867549682
1574.7546379544756 37.302333230998784
1592.6643787553178 110.68858821981502
1628.9206833033638 87.53697206262893
1656.0037059778078 60.017126441822825
1638.530788123328 19.392592430156697
1697.9387088285603 30.313166089206728
1715.4116266830401 39.92327090917075
1751.6679312310862 59.143480549098854
1785.3032981009605 61.76441822727085
1792.2924652427525 91.90520152624896
1780.0614227446165 156.1181746414632
1832.4801763080566 145.63442392877516
1757.3466295337923 149.1290074996712
1718.0325643612123 153.9340599096532
1680.902613920442 143.88713214332716
1716.2852725757643 91.90520152624896
1844.7112188061926 77.0532213499409
1909.361014867769 85.35285733081895
1883.151638086049 56.52254287092683
1911.02359443977 301.60662045437186
386.3087364589271 767.3328143502479
103.11738261738265 257.58291708291677
1252.0484515484518 50.43006993006952
128.26470588235287 321.67647058823513
157.55882352941174 214.73529411764707
193.55882352941174 221.08823529411762
251.44117647058826 214.02941176470586
94.20588235294116 191.08823529411737
394.2058823529412 225.32352941176464
452.61764705882365 397.91176470588215
