172.74719101123594 58.646067415730386
174.7696629213483 45.837078651685374
201.06179775280899 53.926966292134836
235.4438202247191 51.2303370786517
261.7359550561798 54.60112359550561
328.4775280898877 80.21910112359552
361.51123595505624 56.62359550561797
335.2191011235956 18.196629213483135
358.1404494382023 10.106741573033673
370.2752808988765 47.185393258426984
380.38764044943827 20.219101123595493
407.3539325842697 8.084269662921315
391.17415730337086 65.38764044943821
406.679775280899 105.16292134831463
374.3202247191012 203.5898876404495
296.7921348314607 215.05056179775283
513.1966292134833 68.75842696629212
499.03932584269677 49.20786516853934
464.6573033707866 22.915730337078628
440.3876404494383 29.657303370786508
517.241573033708 137.5224719101124
559.7134831460676 90.33146067415731
563.7584269662923 61.34269662921349
561.7359550561799 47.185393258426984
542.1853932584271 47.185393258426984
523.9831460674159 28.308988764044955
544.2078651685395 31.00561797752809
544.2078651685395 16.174157303370777
515.2191011235957 13.477528089887642
494.99438202247205 13.477528089887642
460.6123595505619 10.780898876404478
446.4550561797754 8.084269662921315
581.2865168539328 171.23033707865173
604.8820224719103 183.36516853932588
595.4438202247193 28.308988764044955
583.9831460674159 16.174157303370777
568.4775280898878 28.308988764044955
563.0842696629215 13.477528089887642
604.2078651685395 20.89325842696627
612.9719101123598 6.735955056179762
622.4101123595508 29.657303370786508
1629.6011235955057 3.3651685393258504
1637.691011235955 22.24157303370788
1643.0842696629213 26.960674157303373
1683.5337078651685 16.174157303370805
1678.814606741573 52.578651685393254
1666.0056179775281 56.62359550561797
1625.556179775281 62.691011235955045
1630.2752808988764 43.814606741573044
1608.7022471910113 33.702247191011224
1591.1741573033707 60.66853932584269
1607.3539325842696 83.58988764044943
1740.8370786516853 78.87078651685394
1819.0393258426966 37.74719101123594
1803.5337078651687 53.25280898876406
1853.4213483146068 40.443820224719104
1870.2752808988764 27.63483146067415
1868.9269662921347 70.78089887640448
1892.5224719101125 64.03932584269663
1900.612359550562 78.19662921348313
1906.0056179775281 18.87078651685394
1680.8370786516855 220.44382022471905
1609.376404494382 226.51123595505612
1649.1516853932585 199.5449438202247
1617.4662921348315 201.56741573033705
1910.0505617977528 199.5449438202247
1687.9157303370785 358.1404494382022
1806.5674157303367 343.3089887640449
1849.7134831460671 294.7696629213483
1450.6123595505617 265.1067415730337
1318.4775280898875 308.252808988764
1276.6797752808989 324.43258426966287
1264.5449438202247 281.28651685393254
1304.9943820224719 194.99438202247188
1361.623595505618 184.20786516853934
1376.4550561797753 119.48876404494382
1442.5224719101122 93.87078651685397
1307.6910112359549 122.18539325842698
1272.6348314606741 132.97191011235952
1201.1741573033707 173.42134831460675
1190.387640449438 127.57865168539325
1209.2640449438202 127.57865168539325
1232.185393258427 76.34269662921349
1197.129213483146 70.94943820224717
1170.1629213483145 80.38764044943821
1164.7696629213483 120.83707865168537
1140.5 33.19662921348316
1159.3764044943819 29.151685393258447
1175.5561797752807 19.71348314606746
1214.6573033707864 18.36516853932585
1230.8370786516853 26.455056179775283
1244.3202247191011 37.24157303370788
1257.8033707865168 35.89325842696633
1424.9943820224719 23.758426966292177
1435.7808988764043 30.5
1091.9606741573034 93.87078651685397
1106.7921348314605 124.88202247191009
1128.3651685393259 114.09550561797755
1069.0393258426966 134.32022471910113
1028.5898876404494 115.4438202247191
993.5337078651685 88.47752808988764
1035.3314606741574 81.73595505617982
1044.7696629213483 69.60112359550567
1078.814606741573 26.286516853932596
1080.8370786516853 8.758426966292177
990.5 235.94943820224717
920.3876404494382 216.39887640449433
881.9606741573034 204.938202247191
919.0393258426966 179.3202247191011
869.8258426966293 165.83707865168537
867.129213483146 63.36516853932585
888.0280898876405 33.702247191011224
867.129213483146 19.544943820224717
883.3089887640449 17.52247191011236
927.8033707865168 11.455056179775283
950.7247191011236 14.825842696629223
966.2303370786517 11.455056179775283
911.6235955056179 9.432584269662925
852.9719101123595 31.679775280898866
679.0393258426965 10.780898876404535
710.0505617977527 41.11797752808991
703.9831460674156 26.960674157303373
708.7022471910111 26.960674157303373
736.3426966292134 27.63483146067415
810.4999999999999 59.99438202247191
772.7471910112358 97.74719101123594
808.4775280898875 122.01685393258427
777.4662921348313 126.73595505617976
754.5449438202246 110.5561797752809
738.3651685393257 123.36516853932582
703.3089887640448 122.69101123595505
678.3651685393257 185.38764044943818
636.567415730337 122.01685393258427
650.0505617977527 90.33146067415731
797.6910112359549 191.45505617977526
812.5224719101122 264.2640449438202
613.9831460674158 419.15168539325805
727.2415730337078 429.9382022471906
967.2415730337078 292.4101123595501
-142.0893566322478 87.5691024622713
