1729.6508491508494 506.9335664335663
1752.6678321678323 276.76373626373606
1616.484015984016 271.0094905094903
1612.6478521478525 190.4500499500498
1351.7887112887115 309.3711288711287
1417.0034965034968 211.5489510489508
1562.7777222777224 171.2692307692306
1591.548951048951 146.33416583416556
1714.3061938061942 81.11938061938042
1242.458041958042 217.30319680319667
1161.8986013986016 192.3681318681317
1121.6188811188813 123.31718281718258
1110.5899100899103 77.23826173826177
1192.108391608392 53.74175824175825
1280.3401598401601 80.59490509490513
1315.8246753246756 62.852647352647374
1355.6248751248754 47.987512487512504
1350.35014985015 48.46703296703299
1406.9335664335667 47.987512487512504
1441.4590409590412 44.630869130869144
1207.9325674325678 12.502997002997063
1188.272227772228 35.99950049950053
1201.6988011988014 34.56093906093909
1220.4000999001 36.479020979021016
1257.8026973026977 42.71278721278725
1272.1883116883118 26.409090909090935
1282.258241758242 1.4740259740260058
1416.5239760239763 17.29820179820183
1431.389110889111 7.22827172827175
1490.8496503496506 47.987512487512504
1514.346153846154 48.46703296703299
1386.314185814186 3.8716283716283897
1345.5549450549452 7.707792207792238
1318.7017982017983 1.4740259740260058
1258.7617382617386 10.58491508491511
1504.276223776224 11.079420579420344
1794.386113886114 11.079420579420344
720.7397602397602 318.96153846153834
812.8076923076924 257.582917082917
945.1553446553448 159.760739260739
891.4490509490511 343.8966033966032
887.6128871128872 157.84265734265716
795.5449550449553 136.74375624375602
751.429070929071 150.17032967032947
615.2452547452549 236.48401598401574
714.9855144855146 246.0744255744254
563.4570429570431 177.02347652347635
517.423076923077 211.5489510489508
179.36113886113876 282.4880119880118
313.6268731268731 265.2252747252746
238.8216783216782 255.63486513486498
144.83566433566423 251.79870129870113
195.66483516483507 217.2732267732266
144.83566433566423 186.58391608391588
171.68881118881112 179.87062937062916
197.58291708291696 108.90159840159822
232.10839160839154 106.02447552447535
289.6508491508491 114.65584415584397
264.71578421578414 106.98351648351633
343.3571428571428 120.41008991008977
295.40509490509487 154.93556443556423
314.58591408591406 113.69680319680305
406.6538461538461 116.57392607392586
439.2612387612387 105.06543456543437
470.90959040959035 83.00749250749232
434.46603396603393 200.01048951048932
403.77672327672326 236.4540459540458
346.2342657342657 227.82267732267712
454.6058941058941 186.58391608391588
479.540959040959 102.1883116883115
488.17232767232764 128.0824175824174
556.2642357642359 96.43406593406576
562.0184815184815 100.2702297702296
651.2092907092907 95.47502497502478
667.5129870129871 121.3691308691307
720.2602397602399 122.3281718281716
742.3181818181819 207.68281718281702
857.4030969030972 64.29120879120876
903.9165834165836 73.88161838161835
904.3961038961041 49.42607392607391
927.4130869130872 56.61888111888109
948.0324675324679 23.052447552447518
892.8876123876126 25.92957042957039
844.9355644355647 30.245254745254698
871.3091908091908 34.09640359640338
196.3841158841159 3.8716283716283897
217.96253746253745 3.8716283716283897
224.1963036963037 11.543956043956086
1627.735294117647 15.147058823529363
1156.205882352941 7.382352941176407
1568.2647058823532 485.44117647058806
