1056.3389261744967 556.6073825503354
1251.2382550335572 606.5402684563755
1236.741610738255 406.8087248322146
1222.2449664429532 266.674496644295
1154.5939597315437 210.29865771812058
1006.4060402684565 245.73489932885877
817.9496644295302 181.30536912751654
882.3791946308727 147.47986577181177
961.3053691275169 158.75503355704677
1314.0570469798658 147.47986577181177
1360.7684563758392 124.929530201342
1347.8825503355706 207.0771812080534
1421.9765100671143 160.3657718120803
1507.3456375838928 229.62751677852327
1343.05033557047 284.39261744966416
1528.285234899329 63.72147651006685
1702.2449664429532 255.39932885906023
1802.1107382550335 102.37919463087223
1719.9630872483222 7.345637583892313
613.3859060402685 171.6409395973152
536.0704697986578 192.58053691275143
503.8557046979866 203.8557046979863
1064.3926174496646 52.44630872483185
1088.553691275168 46.0033557046977
1022.5134228187922 26.674496644295004
1078.8892617449667 13.788590604026467
941.9765100671143 42.78187919463062
974.1912751677853 13.788590604026467
1718.221021611002 176.66895874263264
1301.4932885906037 68.17114093959731
1139.7751677852348 125.83557046979864
1200.661073825503 113.91610738255034
62.26470588235296 313.205882352941
886.7352941176471 323.79411764705867
588.6764705882352 191.441176470588
634.2058823529411 215.0882352941174
722.7941176470588 147.3235294117645
1182.4999999999998 331.9117647058824
968.0882352941178 206.08823529411757
971.9705882352947 89.26470588235298
914.8823529411771 31.470588235294144
869.1764705882359 45.0588235294118
1069.1176470588243 66.76470588235301
1055.176470588236 7.6470588235294485
1015.8235294117654 8.176470588235333
129.6764705882353 572.9705882352939
1146.3235294117649 32.794117647058755
1673.9705882352941 52.205882352941124
1639.3823529411764 3.8529411764704946
