1800.5000000000005 486.5674157303372
1541.6235955056177 349.03932584269637
1444.5449438202245 359.8258426966289
1665.6685393258426 71.28651685393231
1377.129213483146 130.61235955056145
1369.0393258426966 95.55617977528061
1409.4887640449438 82.07303370786485
1164.0955056179773 162.97191011235918
1123.6460674157302 157.57865168539297
937.5786516853933 109.03932584269637
918.7022471910112 130.61235955056145
853.9831460674158 130.61235955056145
727.2415730337078 111.73595505617948
640.9494382022473 168.36516853932562
741.73595505618 2.016853932584297
780.8370786516857 6.735955056179819
910.2752808988766 4.71348314606746
1033.6460674157306 2.691011235955102
1053.4117647058822 15.764705882352956
1087.8235294117644 27.764705882352956
