456.5677328316087 32.95531514581353
671.5065851364064 247.89416745061146
772.6542803386643 199.12652869238002
890.0578551269992 152.16509877704596
1009.2676387582316 323.7549388523047
1092.3532455315149 190.09548447789268
743.7549388523049 25.730479774223795
821.4219190968957 27.53668861712117
1130.2836312323616 107.0098777046095
1047.1980244590784 13.087017873941477
1014.6862652869238 9.474600188146496
1287.4238005644406 85.33537158983995
1260.3306679209786 5.862182502351516
1319.9355597365948 18.505644402633834
1415.6646284101603 88.94778927563493
1495.1378174976485 323.7549388523047
1636.0221072436502 450.189557855127
1822.0616180620887 412.25917215428035
1910.5658513640642 343.62323612417674
1733.557384760113 152.16509877704596
1527.6495766698026 72.69190968955775
1556.548918156162 32.95531514581353
1617.9600188146758 25.730479774223795
1673.952492944497 5.862182502351516
1722.7201317027284 20.31185324553121
1782.3250235183446 85.33537158983995
1899.7285983066795 65.4670743179679
1397.6025399811856 13.115239887112011
1432.823612417686 26.661806208842904
1475.2695202257764 11.309031044214521
1592.6730950141114 3.1810912511759852
1714.59219190969 4.987300094073362
