124.21628371628378 499.2612387612387
187.51298701298708 566.3941058941058
172.1683316683318 370.74975024975015
200.93956043956052 299.78071928071904
227.7927072927074 253.7467532467531
281.49900099900105 242.2382617382616
210.52997002997006 148.2522477522475
179.84065934065939 159.760739260739
62.83766233766244 246.0744255744254
83.93656343656346 61.93856143856124
279.5809190809192 63.85664335664319
316.02447552447563 107.97252747252719
304.51598401598415 81.11938061938042
1631.8286713286716 414.86563436563426
1916.1843156843156 233.57692307692295
1865.3551448551448 240.2902097902096
1872.0684315684316 223.98651348651333
1815.485014985015 220.15034965034948
1762.7377622377621 297.83266733266714
1729.1713286713289 186.58391608391588
1642.8576423576424 247.0034965034963
1452.9675324675325 229.74075924075908
1384.8756243756243 242.20829170829154
1427.0734265734266 183.70679320679307
1379.1213786213784 162.60789210789193
1211.2892107892108 172.19830169830152
1056.8836163836163 170.28021978021962
1043.4570429570429 154.93556443556423
1911.3891108891107 174.11638361638342
1883.5769230769229 174.11638361638342
1789.590909090909 160.68981018980998
1797.2632367632368 147.2632367632366
1798.2222777222778 130.0004995004993
1795.3451548451549 107.94255744255724
1836.583916083916 94.51598401598386
1867.2732267732267 84.92557442557421
1877.8226773226775 59.99050949050928
1861.5189810189809 66.703796203796
1849.0514485514486 54.23626373626354
1796.3041958041958 49.44105894105877
1785.754745254745 74.3761238761237
1774.2462537462538 69.58091908091887
1784.7957042957041 20.66983016982988
1776.1643356643358 18.751748251748044
1747.393106893107 18.751748251748044
1756.0244755244753 31.21928071928056
1724.376123876124 47.52297702297682
1705.195304695305 64.7857142857141
1705.195304695305 11.079420579420344
1727.253246753247 7.243256743256438
1714.7857142857142 89.72077922077904
1766.573926073926 102.1883116883115
1750.27022977023 91.63886113886093
1745.475024975025 68.62187812187796
1757.9425574425572 59.03146853146836
1758.9015984015982 116.57392607392586
1722.458041958042 170.28021978021962
1703.277222777223 197.13336663336645
1622.7177822177823 193.2972027972026
1685.0554445554444 147.2632367632366
1706.154345654346 115.61488511488494
1684.0964035964034 96.43406593406576
1699.441058941059 92.59790209790191
1672.5879120879122 72.45804195804175
1653.407092907093 76.2942057942056
1656.2842157842156 34.09640359640338
1644.7757242757243 59.03146853146836
1615.0454545454545 116.57392607392586
1637.1033966033965 94.51598401598386
1652.4480519480521 93.55694305694288
1663.9565434565434 99.31118881118863
1597.7827172827174 87.80269730269714
1611.2092907092906 96.43406593406576
1619.8406593406594 98.35214785214765
1613.1273726273726 64.7857142857141
1562.2982017982017 95.47502497502478
1552.7077922077924 92.59790209790191
1546.9535464535466 65.74475524475503
1519.1413586413587 24.505994005993784
1516.2642357642358 17.792707292707064
1546.9535464535466 11.079420579420344
1629.4310689310691 58.07242757242739
1525.8546453546455 71.49900099900083
1515.3051948051948 78.21228771228748
1509.550949050949 98.35214785214765
1478.8616383616381 82.0484515484514
1507.632867132867 27.3831168831166
1484.615884115884 47.52297702297682
1469.2712287712288 27.3831168831166
1452.0084915084915 17.792707292707064
1451.0494505494505 36.01448551448533
1427.0734265734266 13.956543456543159
1408.8516483516482 25.46503496503476
1444.336163836164 84.92557442557421
1448.1723276723276 119.45104895104879
1427.0734265734266 147.2632367632366
1402.1383616383616 67.66283716283698
1385.8346653346653 68.62187812187796
1363.7767232767233 13.956543456543159
1392.547952047952 7.243256743256438
1322.537962037962 12.03846153846132
1311.0294705294705 11.079420579420344
1285.1353646353646 28.342157842157576
1260.2002997002996 24.505994005993784
1221.8386613386613 20.66983016982988
1247.7327672327672 49.44105894105877
1214.1663336663337 56.15434565434549
1231.4290709290708 99.31118881118863
1304.3161838161836 78.21228771228748
1317.7427572427573 95.47502497502478
1338.8416583416583 72.45804195804175
1145.1153846153845 78.21228771228748
1097.1633366633366 20.66983016982988
1077.9825174825173 27.3831168831166
1077.0234765234763 65.74475524475503
1024.2762237762236 78.21228771228748
994.545954045954 68.62187812187796
1222.7977022977022 64.7857142857141
1405.0154845154843 113.69680319680305
711.1493506493507 98.35214785214765
569.2112887112887 91.63886113886093
528.9315684315685 56.15434565434549
656.4840159840161 54.23626373626354
584.5559440559441 47.52297702297682
667.9925074925076 44.645854145853946
693.8866133866135 48.482017982017794
718.8216783216784 47.52297702297682
827.1933066933069 25.46503496503476
793.6268731268732 31.21928071928056
795.5449550449551 44.645854145853946
850.2102897102899 40.8096903096901
889.5309690309692 25.46503496503476
919.2612387612388 21.628871128870856
997.9025974025975 45.60489510489492
1107.2332667332666 40.8096903096901
585.5149850149851 80.13036963036944
1632.3081918081916 8.202297702297415
1611.2092907092906 8.202297702297415
1620.7997002997004 45.60489510489492
1616.9635364635365 34.09640359640338
747.5929070929071 276.76373626373595
1083.257242757243 447.47302697302666
1292.328171828172 376.5039960039958
956.6638361638363 155.9245754245751
