220.68348623853228 274.3226299694187
257.87003058103994 274.3226299694187
265.69877675840996 348.695718654434
398.78746177370044 350.6529051987766
937.0137614678899 254.75076452599365
848.9403669724772 223.43577981651356
807.8394495412845 172.5489296636083
739.3379204892967 151.0198776758407
617.9923547400613 160.80581039755327
582.7629969418961 37.50305810397526
1903.8639143730886 55.117737003057755
1659.2155963302755 51.20336391437286
1226.6773700305814 58.14525993883774
1155.2400611620799 25.851681957186315
1161.1116207951075 53.25229357798145
1095.5458715596333 41.50917431192642
1027.0443425076455 73.80275229357778
959.5214067278291 10.194189602446272
908.6345565749239 5.301223241589923
888.0840978593276 9.215596330274932
851.876146788991 9.215596330274932
