1010.0505617977527 44.48876404494382
1032.2977528089887 13.477528089887642
1059.2640449438202 45.162921348314626
1099.7134831460673 8.758426966292177
1143.5337078651685 71.45505617977528
1157.0168539325841 49.20786516853934
1169.1516853932585 16.174157303370805
1207.5786516853932 8.084269662921372
1181.2865168539324 79.54494382022472
1252.7471910112358 72.80337078651684
1293.196629213483 70.1067415730337
1313.4213483146068 16.174157303370805
1279.7134831460673 22.24157303370788
1382.8595505617977 11.455056179775283
1410.5 53.25280898876406
1419.2640449438202 14.151685393258447
1452.2977528089887 31.679775280898866
1463.0842696629213 70.1067415730337
1490.0505617977528 28.308988764044955
1498.814606741573 74.15168539325845
1505.5561797752807 37.74719101123594
1540.612359550562 26.286516853932596
1558.814606741573 47.85955056179776
1538.5898876404494 109.20786516853931
1568.2528089887642 2.6910112359550453
214.8820224719102 839.8258426966288
805.4438202247192 624.0955056179771
576.2303370786518 173.75842696629184
446.79213483146066 141.398876404494
527.691011235955 117.12921348314569
1040.0505617977528 308.5898876404491
1007.691011235955 184.54494382022438
1185.6685393258426 265.4438202247187
1805.893258426966 246.56741573033673
1849.0393258426966 238.4775280898873
292.4101123595505 31.84831460674161
350.38764044943815 23.758426966292177
