9.307339449541473 383.9250764525991
171.7538226299696 376.0963302752291
103.25229357798185 256.7079510703361
103.25229357798185 223.43577981651356
514.2614678899083 209.73547400611596
1477.197247706422 378.05351681957166
22.518348623853175 129.58256880733921
573.4663608562693 44.444954128440145
549.001529051988 51.29510703363894
770.1636085626914 84.56727828746159
710.4694189602449 180.46941896024447
683.0688073394497 154.04740061162062
617.5030581039757 143.2828746177368
560.2553516819573 25.408256880733916
553.4051987767585 28.833333333333314
843.5581039755352 75.80581039755344
821.0504587155963 32.74770642201827
834.2614678899083 27.854740061162005
877.3195718654434 26.876146788990752
883.1911314984709 17.090214067278225
904.7201834862385 13.665137614678827
915.4847094801223 23.451070336391354
1017.2584097859327 20.025993883791983
1078.9097859327217 36.66207951070331
1100.4388379204893 30.30122324159015
1108.2675840978593 16.600917431192585
1049.551987767584 19.04740061162073
1034.8730886850153 32.258409785932656
1020.1941896024465 10.72935779816504
1074.0168195718654 13.175840978593214
1132.7324159021407 3.8792048929662997
1109.2461773700306 6.325688073394417
1125.8822629969418 205.4694189602446
1167.4724770642201 163.83333333333312
1366.1269113149847 101.20336391437291
1473.7721712538228 151.11162079510683
1660.6834862385322 112.94648318042795
1711.5703363914374 75.75993883792029
1768.3287461773702 70.86697247706405
1814.3226299694193 48.35932721712521
1829.9801223241593 19.980122324158742
1716.2186544342508 49.38379204892965
1684.9036697247707 30.79051987767582
1727.4724770642201 23.45107033639141
1751.448012232416 25.408256880733916
1762.7018348623853 32.747706422018325
1796.9525993883792 23.94036697247705
1466.4327217125383 30.79051987767582
1518.298165137615 13.175840978593271
1498.2370030581042 33.72629969418958
1533.4663608562691 22.472477064220158
1478.665137614679 13.175840978593271
1331.3868501529053 42.53363914373088
1220.5611620795107 27.877675840978554
1226.9220183486239 20.782874617736965
1234.9954128440368 18.82568807339446
1261.1727828746177 5.370030581039714
1275.1177370030582 8.550458715596292
1286.8608562691131 4.391437308868461
1312.7935779816514 5.370030581039714
1337.9923547400613 8.550458715596292
1326.9831804281346 5.61467889908252
1156.9525993883792 5.125382262996908
1146.9220183486239 3.3899082568807444
1066.1880733944954 13.665137614678883
1310.3470948012234 163.83333333333312
973.711009174312 20.02599388379204
976.6467889908257 14.154434250764496
1090.6529051987768 11.707951070336378
