918.7022471910112 374.6573033707863
1015.7808988764043 350.38764044943787
1420.2752808988762 420.4999999999998
1458.0280898876404 425.893258426966
1913.758426966292 533.7584269662918
1495.7808988764045 193.98314606741542
1538.9269662921347 193.98314606741542
1590.1629213483143 110.38764044943787
1611.7359550561796 107.69101123595476
1708.8146067415728 118.4775280898873
1698.0280898876404 167.016853932584
1886.7921348314608 137.3539325842694
907.2415730337077 98.58988764044943
909.9382022471908 141.73595505617976
846.567415730337 110.72471910112358
785.8932584269661 114.7696629213483
775.1067415730336 58.14044943820221
814.2078651685391 40.61235955056173
874.88202247191 21.735955056179705
962.5224719101122 23.084269662921315
992.1853932584269 12.297752808988662
1020.4999999999999 64.88202247191009
1043.4213483146068 32.5224719101123
1058.252808988764 40.61235955056173
1155.3314606741574 98.58988764044943
1128.3651685393259 68.92696629213481
1151.2865168539324 24.43258426966281
1162.0730337078653 29.825842696629138
1168.814606741573 64.88202247191009
1190.387640449438 64.88202247191009
1211.9606741573034 97.24157303370782
1259.1516853932585 108.02808988764042
1236.2303370786517 46.005617977528004
1302.2977528089887 54.09550561797744
1368.3651685393259 67.5786516853932
1478.926966292135 106.67977528089887
731.9606741573032 24.43258426966281
721.1741573033705 12.297752808988662
675.331460674157 24.43258426966281
698.2528089887638 55.44382022471905
636.2303370786515 43.3089887640449
1789.0393258426968 31.174157303370748
1857.8033707865172 72.97191011235952
1911.73595505618 72.97191011235952
274.8820224719101 5.556179775280839
455.55617977528095 68.92696629213481
412.4101123595507 12.297752808988662
447.4662921348315 12.297752808988662
501.39887640449456 39.26404494382018
516.2303370786518 14.994382022471882
543.1966292134833 6.904494382022449
560.7247191011237 101.28651685393254
616.0056179775282 110.72471910112358
1203.8707865168537 20.387640449438095
1241.623595505618 20.387640449438095
