228.22378516624048 11.395140664961218
126.33120204603587 74.0038363171351
100.55115089514072 69.09335038363133
80.90920716112532 99.78388746803034
96.86828644501281 134.15728900255715
4.796675191815893 206.58695652173878
12.162404092071654 345.3081841432222
170.52557544757036 258.14705882352905
196.30562659846555 223.77365728900213
317.84015345268546 363.7225063938615
482.341432225064 340.3976982097183
597.7378516624042 437.37979539641924
665.257033248082 558.9143222506391
543.722506393862 601.8810741687978
344.84782608695656 622.750639386189
432.0089514066497 879.3235294117645
807.6611253196932 783.5690537084398
643.1598465473148 925.973145780051
1072.8273657289005 821.6253196930945
1099.8350383631716 460.70460358056243
1430.0652173913047 894.0549872122762
1461.9833759590795 739.3746803069052
1579.8350383631716 827.7634271099743
1635.0780051150898 918.6074168797953
1706.2800511508954 702.5460358056264
1830.2698209718671 582.2391304347824
1875.691815856778 453.3388746803066
1784.8478260869567 469.2979539641941
1790.9859335038366 357.5843989769818
1730.8324808184145 331.80434782608666
1696.4590792838878 286.3823529411761
1674.3618925831206 320.75575447570304
1635.0780051150898 293.74808184143194
1577.3797953964197 302.3414322250636
1560.1930946291563 249.55370843989738
1527.0473145780054 280.2442455242963
1439.8861892583122 310.9347826086953
1427.6099744245528 361.2672634271097
1487.7634271099746 383.3644501278769
1433.7480818414324 412.82736572889996
1484.080562659847 457.0217391304345
1319.5792838874684 232.36700767263392
1236.1010230179031 309.7071611253193
1236.1010230179031 487.71227621483354
1136.6636828644503 286.3823529411761
939.0166240409208 384.5920716112529
1031.0882352941178 234.82225063938586
813.799232736573 334.2595907928385
838.3516624040922 384.5920716112529
720.5 401.7787723785163
870.2698209718671 647.3030690537082
801.5230179028135 571.1905370843988
1595.794117647059 567.5076726342709
226.64765100671138 208.04362416107392
368.3926174496644 282.7818791946311
507.5604026845638 258.2986577181209
562.9697986577181 281.49328859060415
608.0704697986577 269.89597315436254
501.1174496644295 380.71476510067123
293.65436241610735 488.95637583892636
716.3120805369127 945.1174496644297
823.2651006711409 495.3993288590606
1015.2651006711409 400.0436241610739
1341.278523489933 371.69463087248334
1775.5335570469797 193.8691275167787
