48.702247191011224 9.432584269662925
67.57865168539328 9.432584269662925
98.58988764044946 11.455056179775283
87.80337078651687 6.735955056179819
161.96067415730337 9.432584269662925
189.60112359550564 53.25280898876406
208.47752808988767 7.410112359550567
244.2078651685393 42.46629213483146
246.23033707865167 10.10674157303373
292.74719101123594 64.03932584269663
240.8370786516854 22.915730337078656
342.63483146067415 5.387640449438209
370.94943820224717 43.14044943820227
370.2752808988764 12.803370786516894
391.17415730337075 10.10674157303373
414.09550561797755 60.66853932584269
393.1966292134831 56.62359550561797
440.3876404494382 36.39887640449439
453.87078651685397 31.679775280898866
476.1179775280899 31.679775280898866
473.4213483146067 55.949438202247194
484.20786516853934 10.10674157303373
513.1966292134831 13.477528089887642
528.7022471910112 31.679775280898866
539.4887640449438 55.949438202247194
599.4887640449438 70.78089887640448
650.7247191011236 85.61235955056179
683.7584269662921 47.85955056179776
729.6011235955056 49.88202247191012
695.8932584269662 31.679775280898866
641.9606741573033 4.71348314606746
583.3089887640449 3.3651685393258504
759.9382022471909 6.061797752809014
745.7808988764044 33.702247191011224
723.5337078651685 36.39887640449439
807.129213483146 84.93820224719101
794.3202247191011 33.702247191011224
765.3314606741573 143.58988764044943
787.5786516853932 211.00561797752806
906.9044943820221 71.45505617977528
871.1741573033704 48.53370786516854
828.0280898876401 50.556179775280896
820.6123595505615 96.39887640449439
826.6797752808985 12.803370786516894
807.1292134831457 8.758426966292177
895.4438202247187 49.20786516853934
963.5337078651681 22.24157303370788
985.7808988764041 27.63483146067415
1020.837078651685 18.196629213483163
996.5674157303367 66.73595505617976
987.1292134831457 82.91573033707866
949.3764044943816 106.51123595505618
1008.02808988764 113.92696629213484
991.8483146067412 178.64606741573033
1052.522471910112 93.70224719101122
1095.6685393258422 66.73595505617976
1070.7247191011234 59.99438202247191
1080.837078651685 22.24157303370788
1099.0393258426961 17.52247191011236
1118.589887640449 16.84831460674158
1151.6235955056177 19.544943820224717
1161.7359550561794 57.297752808988776
1142.1853932584268 99.09550561797752
1072.0730337078649 4.039325842696655
1207.5786516853927 122.69101123595505
1197.466292134831 103.81460674157302
1192.0730337078646 66.73595505617976
1209.6011235955052 53.926966292134836
1207.5786516853927 20.893258426966298
1190.0505617977524 26.286516853932596
1179.9382022471905 4.71348314606746
1232.5224719101118 2.6910112359550453
1260.162921348314 17.52247191011236
1296.5674157303365 37.74719101123594
1316.79213483146 4.71348314606746
1330.9494382022467 0.668539325842687
1366.0056179775277 3.3651685393258504
1376.79213483146 10.10674157303373
1405.106741573033 8.084269662921372
1415.219101123595 26.960674157303373
1440.8370786516848 10.780898876404535
1455.6685393258422 6.061797752809014
1486.0056179775274 18.196629213483163
1492.7471910112354 18.196629213483163
1508.9269662921342 8.084269662921372
1496.7921348314603 89.65730337078651
1503.533707865168 71.45505617977528
1506.904494382022 101.79213483146066
1556.79213483146 140.2191011235955
1466.4550561797746 154.376404494382
1415.219101123595 127.41011235955054
1404.4325842696624 89.65730337078651
1424.657303370786 59.320224719101134
1374.095505617977 71.45505617977528
1321.5112359550556 124.7134831460674
1296.5674157303365 97.07303370786516
1306.6797752808984 71.45505617977528
1275.6685393258422 74.15168539325845
1332.2977528089882 146.28651685393257
1601.2865168539317 92.35393258426967
1583.0842696629206 96.39887640449439
1641.0617977528082 47.185393258426984
1652.5224719101116 19.544943820224717
1692.297752808988 20.893258426966298
1639.039325842696 94.37640449438203
1646.4550561797746 95.72471910112358
1612.7471910112351 42.46629213483146
1593.8707865168533 41.792134831460686
1670.724719101123 107.85955056179773
1690.2752808988757 92.35393258426967
1707.1292134831453 115.27528089887639
1701.7359550561791 148.30898876404493
1724.6573033707857 195.49999999999997
1748.2528089887633 185.38764044943818
1814.9943820224712 212.35393258426961
910.6123595505618 696.9044943820221
694.8820224719101 402.9719101123592
748.8146067415731 319.37640449438163
462.9719101123595 362.522471910112
218.59395973154358 28.889261744966458
