319.653998678123 282.8925974884336
257.47290152015864 317.15565102445476
232.09286186384668 405.98578982154663
487.1622604097818 461.821877065433
535.3843357567747 411.06179775280907
610.2554527428949 515.1199603436881
814.5647719762063 447.86285525446146
961.7690019828158 460.55287508261745
926.2369464639788 606.4881031064112
606.4484467944482 95.08030403172506
554.4193654990087 36.70621282220759
520.1563119629875 82.39028420356908
479.54824851288834 90.00429610046262
431.3261731658956 73.50727032385987
757.4596827495044 34.16820885657626
676.2435558493061 18.94018506278917
638.1734963648381 50.665234633179125
1065.827164573695 46.85822868473224
1195.265366820886 18.94018506278917
1143.2362855254464 27.823198942498266
1762.509253139458 116.65333773959014
1190.1893588896232 286.69960343688035
1303.1305353602115 913.586582947786
689.0448916408668 216.5371517027861
726.6919504643963 214.55572755417938
437.40402476780184 486.01083591331246
541.4287925696594 57.99226006191947
330.14705882352945 745.2058823529411
1223.794117647059 568.735294117647
1352.2647058823532 536.2647058823528
1547.4411764705883 282.8529411764703
1809.8529411764705 108.85294117647024
1686.3235294117646 91.5588235294114
1733.264705882353 88.7352941176467
1322.794117647059 76.20588235294113
1248.6764705882354 115.02941176470583
1333.735294117647 13.029411764705799
1031.6176470588236 61.73529411764699
1104.6764705882354 33.49999999999994
896.794117647059 88.91176470588238
914.794117647059 109.73529411764707
843.8529411764707 15.5
719.2647058823532 179.97058823529414
