259.387722980063 229.2303252885623
354.0781741867787 297.7298006295907
283.56400839454363 184.90713536201451
352.06348373557194 162.7455403987408
259.387722980063 144.61332633788027
204.9910807974817 126.48111227701975
221.10860440713543 154.6867785939138
104.2565582371459 211.0981112277019
98.21248688352568 162.7455403987408
13.595487932843696 154.6867785939138
166.7119622245541 154.6867785939138
118.35939139559287 118.42235047219299
88.13903462749215 98.27544596012581
7.551416579223542 84.17261280167872
88.13903462749215 76.11385099685185
92.16841552990559 64.02570828961166
124.40346274921308 90.21668415529894
156.63850996852045 92.2313746065056
267.4464847848899 104.3195173137459
605.9144805876181 199.0099685204616
448.7686253934943 140.58394543546683
390.3426023084995 150.65739769150036
372.2103882476391 114.39296956977957
442.7245540398742 112.37827911857278
740.898740818468 136.5545645330534
660.3111227701995 88.20199370409227
202.47271773347316 74.57135362014685
195.42130115424962 54.42444910807967
212.5461699895067 40.3216159496327
238.73714585519403 85.65215110178377
310.25865687303246 67.51993704092331
314.2880377754459 52.40975865687295
326.3761804826862 43.34365162644275
313.28069254984257 11.108604407135317
276.0089192025183 8.086568730325212
344.5083945435466 88.67418677859382
372.71406086044067 74.57135362014685
388.8315844700944 45.35834207764947
408.9784889821616 72.55666316894013
409.9858342077649 40.3216159496327
464.38247639034626 56.43913955928639
483.52203567681 68.5272822665267
450.2796432318992 12.115949632738648
493.59548793284364 31.25550891920244
530.8672612801679 45.35834207764947
540.9407135362014 56.43913955928639
557.0582371458552 65.50524658971665
565.116998950682 47.373032528856186
595.3373557187828 59.461175236096494
605.4108079748163 61.47586568730321
625.5577124868835 56.43913955928639
600.3740818467995 42.33630640083936
609.4401888772297 18.16002098635886
668.8735571878278 7.079223504721881
639.6605456453306 19.16736621196219
698.0865687303252 8.086568730325212
663.8368310598111 63.490556138509874
688.0131164742917 53.41710388247634
691.0351521511018 40.3216159496327
684.9910807974816 33.27019937040916
711.182056663169 67.51993704092331
702.1159496327386 57.44648478488978
731.328961175236 77.5933892969569
742.409758656873 28.233473242392392
725.2848898216159 2.042497376705114
770.6154249737671 33.27019937040916
795.7990556138509 31.25550891920244
843.1442812172088 32.26285414480583
859.2618048268625 58.45383001049311
835.0855194123819 8.086568730325212
865.3058761804828 5.064533053515107
889.4821615949634 26.218782791185617
892.5041972717734 15.137985309548753
869.3352570828961 37.299580272822595
949.9228751311648 49.387722980062904
943.8788037775446 3.049842602308445
1085.4108079748164 4.0571878279117755
1110.5944386149004 9.093913955928542
1120.667890870934 3.049842602308445
1185.1379853095486 21.18205666316885
1292.9239244491082 5.064533053515107
1327.1736621196223 8.086568730325212
1343.291185729276 7.079223504721881
1359.4087093389298 7.079223504721881
1419.849422875131 28.233473242392392
1425.8934942287515 19.16736621196219
1408.7686253934944 12.115949632738648
1399.702518363064 16.145330535152084
1479.2827911857294 23.196747114375626
1464.172612801679 15.137985309548753
1494.3929695697798 9.093913955928542
1501.444386149003 36.292235047219265
1564.9071353620147 22.18940188877218
424.4613526570049 307.9879227053139
473.1570048309179 215.2342995169081
650.9347826086957 135.6207729468598
