1379.1516853932585 53.421348314606576
1391.2865168539324 11.623595505618027
1365.6685393258426 8.92696629213492
1438.4775280898875 70.94943820224717
1403.4213483146066 56.11797752808991
1412.8595505617977 3.5337078651685943
1406.1179775280898 27.803370786516894
1470.8370786516853 29.151685393258447
1511.2865168539324 15.668539325842744
1500.4999999999998 72.29775280898878
1535.5561797752807 48.028089887640476
1511.2865168539324 41.286516853932596
1535.5561797752807 70.94943820224717
1558.4775280898875 107.35393258426967
1577.3539325842696 80.38764044943821
1593.5337078651685 110.05056179775283
1629.938202247191 61.511235955056236
1574.6573033707864 54.7696629213483
1662.2977528089887 60.162921348314626
1646.1179775280898 99.26404494382024
1660.949438202247 180.16292134831463
1708.140449438202 216.56741573033707
1713.5337078651683 73.64606741573039
1728.3651685393256 41.286516853932596
1751.2865168539324 19.71348314606746
1736.455056179775 6.230337078651701
1613.758426966292 235.4438202247191
1566.567415730337 230.05056179775278
1263.196629213483 185.5561797752809
1217.3539325842696 182.85955056179773
1244.3202247191011 111.39887640449439
1261.8483146067415 80.38764044943821
1240.2752808988764 54.7696629213483
1272.6348314606741 39.93820224719104
1288.814606741573 10.275280898876417
1233.5337078651685 3.5337078651685943
1195.7808988764043 17.016853932584354
1176.9044943820224 14.320224719101134
1174.2078651685392 48.028089887640476
1087.9157303370785 347.3539325842696
1087.9157303370785 418.814606741573
1118.9269662921351 14.320224719101134
1093.3089887640454 10.275280898876417
1063.6460674157306 6.230337078651701
1106.7921348314608 14.320224719101134
1093.3089887640454 50.724719101123696
1063.6460674157306 61.511235955056236
1031.2865168539329 61.511235955056236
1048.8146067415732 23.758426966292177
1004.3202247191014 30.500000000000057
980.0505617977531 26.455056179775283
965.2191011235957 93.87078651685397
943.6460674157306 83.08426966292143
912.6348314606744 131.62359550561803
895.106741573034 104.65730337078662
881.6235955056181 96.56741573033719
845.2191011235957 101.96067415730346
827.6910112359553 76.34269662921355
750.8370786516855 18.36516853932585
729.2640449438204 15.668539325842744
659.1516853932585 48.02808988764053
625.4438202247193 48.02808988764053
653.7584269662923 15.668539325842744
665.8932584269664 22.410112359550567
744.0955056179778 149.1516853932585
815.5561797752812 131.62359550561803
856.0056179775283 190.94943820224728
771.0617977528091 226.00561797752817
679.3764044943821 300.1629213483147
764.3202247191014 344.6573033707866
947.6910112359553 337.91573033707874
926.11797752809 426.90449438202256
104.99438202247188 23.758426966292177
148.1404494382022 31.84831460674161
287.0168539325842 79.03932584269666
347.69101123595493 84.43258426966293
373.30898876404484 91.1741573033708
389.4887640449437 73.64606741573039
427.24157303370777 85.78089887640454
412.4101123595504 15.668539325842744
377.35393258426956 31.84831460674161
435.3314606741572 10.275280898876417
456.9044943820224 19.71348314606746
160.27528089887636 300.16292134831457
127.91573033707857 331.17415730337075
1309.7134831460676 769.713483146067
1449.938202247191 707.6910112359546
