487 187
367 181
628 211
663 212
643 181
585 205
588 161
176 183
122 165
852 185
156 193
27 198
869 311
582 223
413 234
235 178
367 259
607 292
687 228
205 175
695 213
598 253
615 187
528 272
538 202
897 202
440 261
948 220
688 179
315 176
27 174
680 347
283 206
22 211
724 275
835 296
420 189
450 174
52 180
329 189
277 181
83 151
601 228
349 170
626 249
563 210
579 289
826 179
276 177
514 175
365 240
668 162
782 171
526 245
187 227
562 250
858 229
751 269
330 169
757 337
272 170
288 171
249 174
492 232
329 235
258 182
899 224
670 272
504 180
407 174
2 178
396 253
550 211
