88 73
2 97
116 53
438 110
483 100
482 91
345 49
268 51
153 47
383 87
162 70
495 88
246 129
298 60
217 57
209 237
225 107
26 59
262 60
58 53
401 82
328 125
198 63
20 39
241 55
12 64
144 60
375 144
175 47
79 97
231 50
144 106
241 91
346 111
40 74
96 58
195 91
464 102
159 50
194 129
206 65
20 60
287 121
302 180
128 61
395 98
436 182
145 46
250 57
352 68
152 69
284 66
315 106
90 64
207 48
322 65
189 72
150 88
292 141
127 67
184 45
75 128
296 99
141 57
221 46
371 78
36 45
175 147
286 58
400 131
253 82
231 84
174 63
489 89
378 227
7 89
41 41
179 185
215 78
190 47
30 198
4 69
271 86
183 89
455 152
121 58
256 98
179 82
83 55
159 119
325 76
417 96
293 78
282 51
224 61
39 66
433 92
268 63
34 151
61 62
307 68
370 114
70 105
352 81
83 87
70 58
