1469 700
925 72
1678 1036
456 746
1263 107
192 354
609 743
32 58
745 1020
686 677
1791 797
591 46
1599 441
1371 389
1063 126
1469 507
1470 537
189 226
548 17
1802 535
151 206
252 664
1084 938
1104 274
326 282
591 1004
140 330
1840 85
662 847
790 116
1265 542
348 415
51 160
417 81
1802 648
412 907
134 143
480 85
360 600
421 1057
330 24
1647 576
250 571
1105 84
1596 951
448 827
1329 157
1219 418
852 58
1775 971
976 1013
46 228
321 132
112 1062
1265 927
840 117
1414 591
1039 28
1889 711
1896 89
635 1011
1661 363
231 150
1707 367
1134 26
1332 412
1331 374
1410 629
695 769
1237 141
1539 342
1581 760
1691 451
1622 350
234 290
1578 17
1149 141
1060 1034
662 60
1163 410
1629 490
496 587
1379 430
245 498
1523 365
209 424
729 845
1717 792
685 49
1808 917
1900 962
525 70
341 944
1064 175
1568 536
1463 937
261 410
1675 934
985 128
1202 326
1443 771
1843 568
545 95
1407 1003
476 919
323 733
1475 631
243 49
1686 858
1596 875
1678 787
1875 938
982 193
1261 58
370 719
1150 339
367 77
1733 90
1550 569
1023 54
876 1017
1238 485
471 31
149 1014
1161 210
1296 266
396 369
83 974
300 399
1446 285
1654 891
618 43
407 953
1736 931
486 476
531 994
70 291
344 667
1816 28
576 613
1715 587
1576 88
96 87
1377 279
373 216
487 512
1558 700
1882 819
1573 1006
1196 107
1831 383
1201 63
1639 96
742 922
1841 661
143 556
537 725
1432 359
308 218
965 28
1660 728
22 404
1379 681
1624 655
942 967
1302 488
1164 463
1171 1030
1791 372
1368 229
879 15
1383 934
1736 704
1707 529
583 829
837 11
1534 10
71 501
1555 621
1162 924
1532 763
1452 29
1647 11
570 640
421 442
1261 361
754 21
218 91
1449 431
1528 441
159 90
1048 268
605 917
542 655
1797 113
1497 223
1247 1024
1709 662
1800 715
287 95
1239 235
380 821
