299 505
18 504
242 522
291 514
373 518
136 519
753 505
340 507
39 501
238 501
322 522
397 512
215 518
348 505
180 503
80 512
380 512
123 512
175 511
556 503
126 500
72 511
340 500
499 506
652 508
481 518
415 509
194 508
675 517
461 522
314 505
226 509
714 510
745 513
610 487
475 512
283 523
251 551
197 498
532 522
356 513
87 501
270 510
322 501
594 516
444 508
261 520
309 519
53 499
693 522
363 519
366 506
471 524
427 510
180 520
282 508
604 510
333 511
637 520
108 516
491 516
149 514
347 511
157 508
