295 150
955 225
805 566
602 413
663 236
8 456
160 282
871 145
463 228
899 93
586 249
321 537
341 194
232 538
672 339
899 339
581 138
376 248
342 354
9 528
75 516
280 286
932 587
975 533
962 172
1007 315
784 507
748 180
310 191
965 390
843 459
491 546
240 411
798 81
544 504
748 289
998 198
751 491
400 193
784 272
72 334
992 94
469 266
194 124
1060 531
456 156
614 185
97 421
363 156
493 293
1052 42
205 258
628 574
897 564
819 166
914 204
532 381
416 423
477 42
20 253
365 303
246 244
928 445
1015 119
618 474
384 408
284 95
939 291
729 427
186 442
668 402
258 372
178 225
823 403
737 129
238 341
51 579
134 151
545 191
1051 330
536 281
550 105
62 128
502 460
118 393
207 388
401 97
382 535
109 617
675 112
96 257
170 329
