204 246
145 116
208 172
30 215
367 240
171 117
113 294
33 210
273 202
132 256
108 161
16 303
115 135
256 112
62 187
115 244
528 241
53 209
276 145
216 201
230 103
144 233
128 130
298 206
83 235
157 122
90 230
65 216
113 109
241 220
17 205
233 114
57 284
226 114
49 208
524 198
250 205
135 137
250 212
65 204
46 222
225 210
422 284
349 208
89 205
140 171
123 108
243 104
40 185
176 249
57 223
106 171
222 156
143 256
178 282
105 229
93 242
330 209
85 330
81 206
200 173
122 132
96 286
335 197
122 295
60 184
354 186
243 143
188 123
206 103
120 200
25 203
59 167
211 115
81 163
41 215
169 202
203 299
141 136
210 93
247 92
304 214
231 253
186 175
235 98
419 215
143 125
284 221
89 339
453 239
148 127
258 240
118 174
388 258
214 277
88 221
236 322
195 86
125 187
0 214
143 129
50 162
57 275
308 111
8 207
133 132
18 317
368 169
239 194
151 198
331 286
138 141
27 197
238 115
302 170
146 225
47 176
237 103
466 202
49 344
26 310
65 273
130 209
70 206
132 162
151 131
260 172
237 179
29 142
149 204
123 233
434 215
157 220
55 312
275 218
54 211
254 229
68 173
432 249
190 158
184 198
185 180
281 105
233 157
112 200
303 122
76 127
232 240
118 111
137 116
269 234
170 198
208 349
119 105
11 197
171 179
138 127
34 218
95 199
206 218
163 177
66 304
575 213
473 261
152 171
133 198
106 181
249 198
380 284
257 198
243 174
59 251
535 181
3 200
113 209
126 125
261 217
218 291
218 107
470 283
12 355
96 261
71 195
118 191
392 236
118 149
208 89
142 209
39 201
187 101
160 167
85 126
7 214
316 159
323 213
407 224
139 187
111 123
49 196
111 112
238 110
212 159
254 119
237 91
167 130
198 202
246 223
82 312
58 211
224 181
207 99
323 223
19 198
169 164
88 305
158 117
76 296
541 257
34 365
279 114
223 227
266 169
104 303
14 227
196 178
48 184
283 154
209 263
38 287
480 281
129 120
168 123
223 266
230 108
20 218
186 165
167 216
44 276
124 162
248 108
143 183
239 294
144 246
244 137
230 111
395 212
228 203
124 128
142 97
179 157
274 213
164 205
210 144
93 167
200 199
226 224
196 118
278 230
161 159
169 157
21 254
132 292
152 159
173 139
130 139
194 242
74 375
130 173
6 323
180 215
370 200
48 378
159 232
246 213
298 220
250 172
189 106
74 224
48 169
188 312
57 180
517 271
372 222
278 152
144 136
364 139
140 160
123 138
106 212
178 123
44 301
202 277
366 249
157 187
137 123
73 324
361 227
204 115
