694 309
433 282
831 404
152 311
824 344
414 249
420 357
105 242
657 327
6 352
420 257
427 313
859 358
171 360
460 337
305 292
798 297
659 268
310 272
580 275
323 247
770 326
282 362
864 284
781 352
887 274
566 357
406 318
498 398
589 243
59 259
25 392
90 259
303 258
504 262
366 257
858 292
577 249
512 483
160 258
813 381
535 250
209 270
870 338
149 342
516 296
217 351
204 384
757 249
753 320
850 286
414 385
726 423
20 262
843 393
717 301
18 470
273 325
252 392
239 246
464 352
807 269
562 243
813 461
364 382
282 242
102 369
301 310
572 336
433 395
303 451
776 371
688 245
338 237
478 316
858 332
349 330
340 440
689 384
359 342
263 278
79 499
683 380
473 278
658 241
22 309
597 305
80 239
298 413
646 346
663 340
220 262
161 283
178 291
666 356
298 243
855 455
458 252
466 395
292 280
175 342
400 252
381 242
396 305
760 293
99 279
379 356
342 419
9 278
602 290
430 232
259 342
727 246
269 402
867 404
766 241
198 242
683 280
237 356
507 371
814 291
121 276
557 420
726 304
348 285
603 315
854 369
64 319
124 258
473 241
721 346
634 463
625 251
448 276
516 392
642 241
465 403
29 433
470 458
438 406
634 406
542 292
62 418
459 307
520 317
559 369
136 484
281 473
138 335
643 376
646 406
209 291
313 485
451 248
576 263
348 495
499 405
632 271
749 333
92 306
634 435
287 258
596 251
717 271
387 292
564 352
15 274
233 238
150 379
432 241
635 310
893 344
350 306
173 379
320 344
859 418
261 308
704 403
841 344
818 262
402 295
177 441
523 265
630 326
451 236
782 298
839 323
832 331
15 313
406 332
750 360
578 243
238 330
537 285
28 275
578 472
94 334
411 412
408 249
332 452
850 433
411 399
355 259
38 291
444 289
488 361
517 310
432 291
556 326
761 243
421 278
177 277
676 249
872 276
568 243
424 341
224 241
700 352
759 432
99 244
674 367
524 351
485 346
663 319
429 257
533 375
575 313
773 247
240 276
118 439
415 310
30 262
211 375
730 268
597 359
284 319
81 292
467 251
380 343
77 352
686 437
220 244
125 240
504 464
364 242
486 356
398 425
299 239
55 281
10 377
512 379
619 429
552 285
283 427
633 340
792 277
64 355
358 472
189 280
567 384
586 416
843 412
735 378
660 371
807 341
792 306
814 277
315 260
264 355
850 248
289 242
115 302
829 278
673 275
397 265
806 311
711 326
203 411
459 319
641 364
437 434
632 301
348 239
816 249
612 297
699 249
682 311
722 251
84 362
104 317
152 360
732 352
519 246
868 295
453 286
832 268
463 384
421 242
722 392
616 389
804 284
675 420
870 313
592 333
340 242
828 286
412 316
294 244
484 270
853 491
661 385
840 261
665 307
298 335
692 288
793 340
128 230
6 295
802 324
222 456
393 465
712 249
439 256
619 266
733 285
869 352
214 235
781 245
696 323
771 240
328 320
777 337
547 318
744 241
665 291
448 257
442 331
129 502
700 270
397 347
132 373
8 449
605 243
171 418
535 268
558 310
759 379
703 363
241 442
498 317
851 313
737 492
342 257
267 462
209 245
10 332
254 329
540 252
150 411
744 279
622 279
393 275
731 249
210 364
522 335
354 353
69 292
96 292
325 239
178 391
337 350
851 271
422 322
592 345
553 295
532 248
137 288
431 486
504 252
546 406
303 463
264 260
233 360
793 382
125 312
769 310
632 282
231 257
198 237
602 398
438 265
346 366
360 398
489 289
530 299
807 247
305 356
218 239
349 272
460 278
460 328
285 245
508 457
563 251
442 500
472 264
747 238
465 288
570 250
27 296
186 456
644 251
109 283
193 380
268 245
633 451
584 381
760 238
503 449
347 292
549 362
588 384
321 366
696 393
584 363
400 276
604 267
94 477
580 351
861 307
367 272
434 248
114 242
194 275
394 355
696 418
393 504
254 259
663 412
719 250
643 328
822 309
513 283
642 319
233 410
249 427
675 295
759 393
612 243
160 338
281 347
363 308
524 273
370 298
873 461
742 429
369 286
661 430
476 241
430 459
301 365
813 301
511 317
360 290
6 286
546 478
492 307
59 483
435 276
314 408
540 300
414 324
60 337
704 287
247 246
719 483
240 290
434 245
370 245
752 308
55 295
115 309
605 340
555 429
541 336
443 303
584 406
630 379
652 295
151 292
461 366
472 299
425 272
823 424
416 302
619 344
788 287
653 479
68 271
392 284
836 357
339 287
670 331
814 475
871 371
619 323
890 355
550 269
484 261
668 490
174 260
502 280
802 247
873 428
591 293
31 330
884 312
162 244
315 242
733 338
10 346
60 386
136 270
112 389
109 328
178 486
203 303
810 496
762 265
343 307
779 407
420 284
42 299
523 251
555 343
402 242
461 360
378 244
485 280
10 269
184 397
411 272
144 275
135 257
255 477
137 450
531 424
825 448
872 324
308 241
280 335
718 341
564 448
320 283
363 450
675 391
574 327
272 351
76 332
620 354
508 364
530 243
744 268
217 304
807 249
880 362
613 373
382 258
762 274
586 251
739 356
277 445
146 253
816 390
445 264
468 416
208 242
245 302
5 320
270 243
461 263
44 265
549 353
674 402
656 312
219 472
432 448
506 353
72 260
454 236
100 262
321 382
877 389
738 247
520 241
33 352
186 312
775 274
113 354
485 393
294 237
684 337
391 438
190 248
10 387
573 360
595 244
461 376
474 476
783 376
11 361
621 402
613 275
663 452
802 410
488 298
459 273
475 287
819 435
507 348
833 390
405 476
222 283
76 312
659 249
212 493
446 272
93 466
204 258
789 330
512 240
306 244
652 357
99 395
725 408
428 300
357 297
848 302
587 464
481 251
794 348
417 375
187 240
876 339
687 408
761 450
324 305
486 377
717 289
620 365
616 314
816 334
50 381
211 442
234 297
700 296
773 286
785 362
354 320
622 241
567 275
607 476
528 409
527 286
414 293
666 242
394 254
364 331
655 241
734 394
182 468
787 316
14 373
834 296
762 334
373 391
85 418
491 243
782 344
244 261
503 298
441 237
562 264
372 236
169 239
849 377
442 337
764 491
739 450
329 257
577 373
892 423
113 259
495 420
197 331
883 300
240 503
72 239
379 366
412 243
356 245
575 395
531 313
554 242
884 282
408 439
727 294
825 245
533 319
751 244
280 292
400 337
200 341
518 326
673 264
578 452
465 346
421 349
82 404
154 435
229 379
879 406
222 328
503 270
482 337
636 241
644 422
16 407
313 439
502 340
138 328
184 365
178 247
540 456
615 250
618 303
294 326
164 272
718 280
418 265
120 332
326 272
374 320
267 377
758 282
879 378
708 381
334 245
724 465
64 285
124 295
645 307
135 230
848 322
834 312
795 417
592 279
488 368
646 267
505 242
439 364
501 247
241 240
836 247
828 250
713 459
726 324
526 362
267 297
385 251
689 300
482 328
820 363
335 393
53 342
786 394
701 279
643 394
126 285
764 419
580 292
388 240
35 377
426 329
376 413
821 320
738 303
481 241
762 344
89 448
136 417
429 265
573 284
45 313
681 243
707 315
531 339
424 245
725 241
748 463
389 326
63 429
605 251
473 271
47 358
488 244
473 251
533 326
442 317
74 377
94 347
798 371
190 260
272 245
877 292
304 392
8 306
569 432
608 328
743 295
405 260
543 390
251 351
47 401
396 239
743 390
685 269
127 431
472 426
273 261
149 476
465 245
328 290
783 265
592 427
797 269
490 244
435 473
176 237
358 235
844 444
181 409
856 341
648 280
