661 435
891 287
396 785
120 500
367 660
423 554
533 408
700 659
879 328
198 526
1299 557
577 644
936 236
515 419
425 588
1337 359
1013 290
136 362
1385 339
751 490
1471 368
1308 414
50 308
822 388
94 436
183 426
814 441
935 304
467 537
519 528
469 558
492 389
416 732
428 663
944 235
618 517
234 621
702 494
160 476
172 437
909 509
966 231
121 404
837 504
936 226
1221 345
415 471
520 460
437 462
482 513
768 434
720 423
778 349
490 600
757 517
142 652
495 454
23 541
1232 344
967 238
594 532
632 613
1343 602
922 301
506 511
253 735
233 416
1319 817
1514 382
1275 366
974 252
799 605
138 580
970 282
680 355
952 302
864 569
912 333
525 400
975 229
790 385
127 416
977 257
1372 370
654 403
848 307
1358 352
895 511
1365 884
1076 325
1219 335
40 592
1229 356
502 393
342 675
546 392
1302 421
39 339
961 247
40 874
776 379
972 319
959 286
954 346
1278 380
1438 375
48 324
249 522
1425 375
862 400
983 286
719 345
115 429
903 384
890 268
988 297
833 302
382 436
30 421
353 588
411 662
653 595
1483 392
27 373
1179 861
1391 347
438 510
1465 390
896 294
952 250
25 518
480 438
145 427
8 437
653 439
1167 641
388 914
488 550
553 534
468 516
893 405
942 338
966 252
760 358
966 325
366 437
536 570
1295 466
145 442
539 399
513 588
198 447
940 245
6 422
389 645
482 459
294 398
734 876
325 585
518 393
905 1013
885 286
1003 264
331 551
863 299
981 275
420 529
579 597
526 389
671 603
420 625
530 450
185 503
235 435
544 408
1158 728
1427 356
439 547
870 313
372 503
888 427
659 454
827 333
285 690
313 438
352 524
649 384
245 426
486 531
351 556
80 570
358 619
581 543
584 407
1435 892
310 511
446 627
537 541
971 299
738 532
363 703
796 377
986 270
907 246
1300 416
921 231
325 458
384 570
54 516
31 449
399 526
553 602
271 456
1415 491
1604 480
189 1051
1511 401
1257 850
509 529
1030 234
400 435
422 483
256 445
1541 408
525 469
936 219
1363 811
477 441
404 517
751 422
950 386
20 464
968 223
286 501
1346 352
457 458
1048 533
802 322
1498 392
472 503
1265 767
389 493
259 541
80 361
517 603
166 390
397 460
957 257
336 573
1403 327
468 451
360 535
511 408
662 386
814 309
1230 361
344 640
1484 413
131 465
344 434
1464 374
325 422
538 463
1477 380
556 447
500 438
588 400
101 382
700 467
271 956
1598 434
497 618
358 549
755 429
718 566
558 489
271 406
213 667
259 673
1440 382
640 635
1334 381
547 1100
1593 402
877 407
166 425
230 378
1392 509
1276 530
941 257
688 420
1221 357
367 478
920 286
499 986
248 705
506 558
754 393
1295 406
1077 274
671 492
389 717
955 277
468 619
378 619
533 603
1359 338
97 517
285 463
1195 571
226 542
955 247
716 463
204 377
810 319
599 422
225 433
1239 365
834 344
330 647
76 877
590 501
61 534
236 522
628 489
670 391
1088 876
932 266
918 224
1398 311
826 373
1490 384
338 509
1471 664
974 242
1207 350
876 274
815 345
1487 653
603 402
1281 823
115 537
492 409
1286 361
465 920
1286 398
155 413
540 473
917 250
915 236
849 354
573 532
849 804
1496 375
219 463
61 393
719 538
521 450
411 584
463 628
852 432
1459 405
194 363
802 474
697 419
75 644
9 576
939 282
1222 905
39 868
157 462
1348 332
283 599
752 468
791 513
110 645
1027 327
933 249
671 438
440 658
103 859
429 572
710 346
475 468
1284 374
136 405
1438 355
803 556
371 566
487 496
521 680
477 603
1143 495
224 698
277 547
192 393
61 344
137 493
620 587
1017 431
182 605
807 465
216 502
507 445
206 469
334 522
850 924
759 592
139 520
521 440
951 231
490 445
387 464
512 468
39 542
10 322
1396 326
733 410
232 604
895 368
49 471
605 545
952 214
685 545
678 383
1591 476
1485 370
681 598
1444 373
299 800
607 598
659 392
938 353
345 1036
564 524
888 470
179 456
383 691
136 740
477 680
774 516
686 405
870 584
765 414
273 398
515 645
954 241
517 400
414 441
1375 334
430 498
923 249
547 561
456 473
921 236
1056 301
854 319
115 343
914 347
945 245
954 396
1302 394
633 478
105 574
802 494
861 347
821 320
345 716
309 470
621 474
1610 469
79 543
174 519
109 367
92 555
298 620
508 397
766 666
1141 368
858 338
423 760
186 413
351 447
303 664
1075 419
620 636
512 613
606 494
973 213
508 422
875 367
201 410
170 492
803 426
134 389
561 567
484 614
491 478
881 386
199 599
535 518
224 403
277 392
24 476
274 575
