297 501
200 394
313 471
160 308
261 477
301 476
332 516
349 450
124 382
195 299
371 505
198 355
236 449
153 341
292 375
294 622
140 305
303 429
293 409
267 491
92 422
364 372
162 283
249 344
154 256
70 469
240 556
261 374
271 383
115 624
97 283
166 349
301 369
256 431
283 545
201 407
62 415
247 395
141 424
108 306
299 392
79 326
111 377
163 617
201 341
223 292
326 406
130 308
246 612
239 491
116 391
263 393
250 323
343 526
148 482
249 434
363 399
216 384
162 247
129 294
177 447
105 387
86 454
180 394
171 406
100 399
193 507
153 268
233 469
164 291
236 377
231 339
88 343
159 372
139 401
380 515
148 353
248 370
250 413
206 259
119 354
180 307
158 313
180 325
207 562
292 324
174 522
210 385
233 315
104 243
273 369
311 379
238 439
226 405
134 272
205 303
285 437
94 520
92 262
282 404
295 429
120 570
204 272
274 396
225 517
240 465
102 444
82 280
324 387
197 419
82 512
246 354
151 471
281 448
347 403
197 384
91 381
322 420
190 263
239 525
77 436
162 342
346 427
272 525
266 433
147 374
230 439
314 392
208 345
126 439
223 478
173 344
181 498
182 543
261 567
136 265
256 385
110 339
154 403
90 393
334 472
129 370
103 483
223 340
114 301
174 373
299 407
263 350
154 569
118 373
225 279
218 258
142 524
72 276
200 290
168 314
278 417
278 320
144 275
89 355
258 403
320 579
184 346
263 322
115 326
331 443
180 248
218 314
233 390
296 518
91 307
130 320
73 312
166 272
90 370
153 387
111 417
126 527
255 358
219 353
203 371
194 323
115 286
316 410
170 493
157 434
116 505
67 500
241 308
142 409
218 412
209 356
177 292
124 255
85 409
228 275
254 334
190 308
227 453
276 432
272 359
196 437
342 409
369 464
70 349
272 443
222 438
213 435
100 377
209 315
323 371
100 269
95 331
77 292
296 362
191 277
133 386
213 340
346 554
49 519
372 431
175 264
123 308
76 345
221 362
145 335
234 368
223 464
316 530
283 367
68 377
283 350
210 472
125 423
340 511
125 405
230 356
209 442
137 316
80 256
286 468
317 437
212 286
