2227 1396
377 1609
2609 1832
200 1496
1289 2365
3035 1803
1675 1619
2711 2016
2681 1722
149 1218
2459 2015
925 1611
2629 1567
717 1799
1096 1562
2337 1583
1822 1753
2567 1527
3127 1561
738 2027
189 1651
18 2042
1477 1551
3164 2097
1063 1607
1762 2143
1538 1814
3126 1262
1369 1549
1624 1581
1774 1931
1226 2103
2696 1862
2496 1759
938 1873
2268 1675
2115 1436
2131 1863
80 1626
121 1932
1203 1569
1301 1649
2817 1689
1387 1666
1536 1667
1191 1725
787 1275
2791 1512
3003 1325
2496 1469
2506 1645
3187 1869
890 1286
1801 2065
2653 1514
523 1632
1380 2227
2361 1835
455 1825
297 2227
639 1316
3086 2198
1277 1770
1155 1820
