140 359
269 350
297 377
329 356
211 348
160 350
364 357
295 348
416 355
82 366
349 354
204 348
71 364
184 352
318 352
276 352
36 362
448 372
270 363
153 347
485 374
164 365
113 349
388 355
170 369
226 347
263 350
302 351
247 349
382 353
340 352
11 354
435 362
111 354
353 351
541 380
234 351
261 389
207 350
538 372
100 351
256 350
462 355
344 362
171 352
312 349
506 366
137 352
187 346
88 356
435 357
125 348
427 355
280 351
141 348
450 359
372 365
223 354
166 350
134 347
146 348
307 348
359 353
127 354
92 355
375 353
478 355
488 357
404 355
105 354
194 361
149 351
331 389
