1722 221
1316 65
1375 308
1477 227
1018 347
825 591
1244 654
1796 231
1323 217
1308 717
825 435
1446 168
1194 577
1003 311
874 162
1581 277
1462 278
1248 457
835 516
653 718
1489 213
782 592
616 539
1249 342
47 656
1182 247
941 400
1527 384
477 830
1613 205
984 539
911 247
1448 182
741 483
1269 356
1753 129
864 692
534 1007
1272 89
998 366
1558 363
735 567
1279 277
1280 329
766 749
1300 234
1807 150
1454 338
1190 515
1845 276
1502 343
1538 73
1339 259
662 738
608 890
1486 316
960 387
1534 230
1405 308
1153 439
1867 109
586 680
1632 207
1159 107
1143 51
1110 376
911 333
1783 152
798 214
1111 557
1231 533
724 1047
233 814
1628 185
159 903
1708 200
919 648
1365 280
1770 377
1796 361
1568 268
445 814
1222 340
1103 146
1835 168
896 729
1302 495
1632 296
375 754
57 735
636 572
934 582
1510 199
671 638
1572 116
1659 347
407 573
1516 267
365 595
1267 250
1256 294
824 254
1019 472
1352 446
1340 278
1171 260
895 446
1875 484
1394 527
1300 212
997 415
1523 288
1540 193
1729 149
572 950
1665 196
1136 137
71 596
980 437
1115 462
862 305
1541 293
138 640
1162 985
519 768
1797 92
1429 223
855 505
953 892
1403 287
1150 547
377 800
1232 246
585 476
1005 833
974 982
652 573
439 873
34 708
153 673
300 645
962 265
1245 117
887 186
1251 317
1528 312
795 615
1640 183
1438 473
1739 153
1248 425
1881 195
1780 74
1386 521
1348 344
979 849
970 452
1617 226
1701 364
790 245
1323 330
733 551
944 143
1745 243
1501 162
124 921
1270 445
901 147
198 833
1833 139
1071 163
498 795
590 530
1525 211
941 180
1876 116
1620 258
1258 522
793 315
769 828
1687 127
1088 715
719 512
1012 323
1588 285
1482 253
657 777
921 990
1644 208
1667 284
1483 367
1213 624
1321 591
1822 361
1877 135
1415 178
1773 244
1540 95
529 551
151 790
1757 143
723 960
1300 366
865 554
1829 127
359 963
453 622
1298 343
538 704
1051 534
1813 134
775 892
1369 251
1063 438
830 473
737 228
1439 349
1582 329
1632 321
1402 168
1837 248
1654 211
1707 120
1305 573
1326 529
1461 181
1455 97
1718 243
1723 293
313 546
1157 685
439 557
353 630
1249 369
1229 562
1126 368
1074 884
1241 286
1401 66
344 286
367 1004
983 135
1007 585
1334 316
1385 400
1068 390
1209 251
1620 311
1769 76
1676 318
849 256
1214 383
536 643
1126 747
406 303
735 945
753 544
810 704
1640 114
1703 248
887 328
1342 550
1140 209
282 736
21 760
1558 313
1687 231
1424 266
1014 158
999 556
1186 352
1087 845
1676 187
1117 499
1854 172
1652 279
400 974
502 950
1870 149
125 1028
449 651
1434 72
1566 85
1803 116
1072 366
1071 599
1133 289
1444 237
1744 75
1843 186
895 426
683 651
105 807
1418 398
1008 272
905 593
1510 83
1382 361
1425 295
589 844
362 682
1358 464
1370 736
1158 157
1467 84
1189 414
1201 288
1231 433
1542 375
276 939
164 742
1357 624
928 252
1170 506
776 505
1366 231
927 313
506 543
943 480
1280 295
1411 212
1711 105
995 510
1090 793
1793 250
1224 300
863 816
1854 87
1317 366
1404 270
1442 194
1575 238
1639 246
1376 429
221 961
1590 105
989 705
1579 61
694 1037
1037 466
958 524
35 927
1485 463
1591 170
873 323
1307 407
1153 481
1815 279
1651 261
1305 545
875 597
707 306
1184 268
348 593
1083 567
1615 190
1091 241
347 908
1098 215
1417 332
1414 245
1746 118
1423 90
1677 199
1771 94
1864 329
1045 395
238 669
1116 260
1772 284
1262 304
193 960
1702 132
1457 445
1386 494
1454 301
1028 379
556 725
1578 184
1208 464
1348 71
955 321
780 437
1462 261
497 676
1499 71
1513 94
496 1005
809 669
1809 248
1751 330
397 894
