92 356
102 359
81 355
259 357
146 359
490 355
123 360
371 358
71 363
224 364
363 355
385 360
394 355
225 355
465 355
137 362
573 355
470 358
633 356
115 369
233 356
455 355
199 360
248 355
173 357
120 357
648 359
180 356
525 358
180 361
335 358
71 355
482 356
327 357
188 354
247 361
695 358
531 357
544 355
61 363
77 364
161 360
308 356
502 354
166 356
663 356
218 358
4 360
153 356
345 358
413 358
213 358
140 354
11 356
616 356
48 357
557 358
419 357
580 356
18 358
389 357
603 357
441 357
242 355
203 353
29 359
143 378
88 363
190 360
153 369
552 358
216 373
100 369
55 356
509 356
23 371
140 360
35 354
91 370
624 362
436 367
519 358
41 356
674 359
432 357
680 357
127 355
97 357
145 355
603 369
593 357
