803 261
72 192
189 192
114 204
782 179
86 198
608 200
242 236
21 165
509 255
455 185
106 178
520 222
481 200
201 206
383 248
354 209
11 300
136 176
650 236
281 184
775 204
75 180
618 182
99 208
634 333
468 190
330 215
201 194
719 235
689 189
35 432
52 180
304 211
578 188
756 173
228 216
443 220
4 236
160 489
563 224
362 232
187 233
172 176
104 256
208 173
411 269
313 193
46 238
48 210
535 193
320 257
460 207
50 192
131 283
635 277
215 271
142 312
468 253
345 186
294 192
402 213
330 182
426 194
340 198
7 196
236 191
375 225
684 212
542 174
577 256
152 181
756 257
350 294
327 193
71 207
164 205
730 322
176 278
33 203
380 191
181 203
742 185
708 119
412 185
258 197
593 222
88 226
631 174
113 188
763 200
514 188
75 298
269 208
212 204
119 217
134 200
