399 211
161 327
94 338
467 113
548 189
236 291
80 270
246 451
263 10
151 357
141 336
471 342
314 163
346 373
500 32
300 306
292 436
198 325
90 80
676 248
496 296
589 288
0 305
482 233
491 319
21 395
345 78
242 305
60 25
568 79
217 395
190 222
120 193
414 92
205 296
603 326
595 105
698 426
691 193
289 175
606 57
105 66
114 47
76 26
618 217
144 266
529 54
34 279
342 175
128 65
75 332
237 339
65 203
268 393
258 448
50 72
283 274
289 412
334 330
604 229
132 18
339 298
561 19
36 90
528 19
254 46
76 415
126 112
155 248
699 366
154 426
4 403
81 51
48 209
176 308
52 41
409 385
379 354
94 192
464 351
450 417
167 66
572 306
307 260
104 99
462 364
544 104
115 84
481 50
99 243
665 337
35 43
539 424
664 228
579 138
47 17
58 409
647 222
506 183
355 223
131 269
438 330
428 16
32 68
192 59
518 332
186 351
163 15
25 16
271 455
555 235
299 130
527 333
657 217
27 32
264 26
375 18
162 395
343 313
42 30
25 52
541 328
50 99
99 13
18 165
431 418
103 368
290 14
378 390
511 297
206 369
411 24
244 10
48 56
13 224
345 33
73 89
145 100
39 421
101 270
448 29
196 16
136 358
373 93
280 42
453 17
262 198
658 445
