288 519
480 454
664 468
381 459
720 479
713 471
592 482
770 511
733 468
595 469
786 474
192 479
253 529
596 466
328 483
504 510
46 462
485 494
440 458
556 496
694 570
541 508
494 452
548 511
312 485
417 462
646 514
292 482
428 463
589 488
136 495
366 475
425 561
202 475
478 459
159 508
485 530
615 463
291 465
762 484
653 525
347 464
98 478
597 460
375 461
130 484
372 470
558 473
595 460
560 507
546 473
454 458
788 512
241 470
727 475
440 509
376 521
405 505
355 468
586 458
218 471
296 502
729 484
620 515
642 463
651 461
580 460
704 484
658 473
432 514
402 454
270 493
188 453
445 468
774 525
651 520
491 516
655 468
746 481
464 484
416 455
797 481
672 468
667 472
28 460
609 493
688 466
593 511
754 477
699 472
358 509
259 466
301 492
487 462
328 473
332 461
626 490
899 566
241 508
432 486
572 496
628 500
58 496
110 505
125 458
278 491
743 511
109 492
240 486
774 561
664 515
836 479
356 489
492 452
604 465
685 470
436 475
91 505
415 509
739 566
300 475
578 464
768 483
55 583
464 495
442 494
481 460
657 491
568 465
594 522
269 462
778 478
613 509
265 504
690 501
639 488
368 555
454 533
357 479
338 471
722 472
664 463
398 488
405 488
796 472
591 471
602 458
231 470
525 490
411 475
408 466
803 477
536 529
252 456
768 476
149 494
285 459
195 459
142 520
458 506
342 486
109 461
783 483
607 458
495 461
778 483
39 484
390 488
493 474
721 569
590 475
580 509
60 480
695 522
170 478
731 519
233 463
430 451
809 573
611 520
903 527
516 491
272 474
726 464
769 605
133 456
576 471
611 477
62 531
228 476
508 493
462 470
531 493
626 478
671 498
385 480
179 475
637 503
252 470
623 483
834 575
740 476
647 472
816 475
567 510
178 499
279 465
41 534
555 465
613 484
240 456
71 486
807 520
659 466
604 482
689 472
312 509
668 463
406 529
446 482
470 458
393 498
317 473
735 473
589 501
847 477
725 483
56 460
637 473
195 499
390 532
694 480
677 512
415 495
828 470
50 506
207 511
208 474
650 464
673 472
14 516
476 492
633 465
447 523
301 462
498 525
663 539
855 523
621 464
183 527
474 507
703 477
153 480
379 495
704 515
182 510
226 523
392 475
876 524
729 509
335 488
99 458
67 460
309 473
223 503
88 491
391 460
372 488
320 461
35 513
565 475
481 474
437 468
771 480
640 470
541 463
544 495
505 458
740 534
516 460
366 488
676 467
820 520
467 503
745 475
682 467
128 475
331 511
511 523
796 604
841 533
538 492
588 494
423 488
339 460
528 463
648 483
521 507
694 472
81 524
732 476
458 479
346 473
258 500
565 459
226 485
36 461
380 474
365 462
529 504
583 478
695 467
318 533
421 475
858 571
707 470
353 460
534 462
714 603
121 588
122 505
470 528
330 499
711 474
279 506
0 516
