350 515
372 420
498 410
138 203
1140 241
133 6
894 238
383 72
676 459
953 397
87 24
209 115
1178 527
538 487
39 139
347 65
128 161
65 200
734 483
1061 484
554 93
117 206
10 202
39 100
216 439
495 64
525 64
1084 196
321 438
744 215
5 104
776 37
12 220
902 74
276 506
307 130
171 12
541 521
585 96
896 203
253 8
652 400
546 425
808 502
56 27
169 95
111 21
174 100
494 545
44 523
60 69
296 67
754 406
569 82
308 497
360 52
295 416
575 93
150 17
1015 499
165 195
706 55
862 527
592 500
1159 171
396 407
146 480
876 9
315 88
430 77
1148 479
98 500
895 514
408 52
675 14
972 177
410 82
1058 206
807 449
99 69
178 190
16 182
112 6
1023 434
238 8
95 102
158 162
1116 509
559 72
198 156
1155 412
1068 409
687 18
268 474
9 532
329 11
1182 161
375 501
464 86
435 483
401 60
86 192
841 395
6 241
390 42
655 20
778 514
147 88
440 437
695 229
963 523
1020 235
429 39
474 50
122 59
702 495
863 479
1138 169
45 230
50 204
768 197
1046 157
1182 402
1009 167
307 532
901 159
367 35
408 440
193 445
949 182
309 1
88 152
858 403
1086 399
538 96
970 404
10 64
477 95
748 471
903 12
109 155
211 527
458 58
365 479
638 472
481 87
780 393
429 57
381 147
29 210
855 178
754 519
328 62
1096 516
20 152
681 129
476 422
496 127
1046 423
446 68
97 215
586 404
144 115
608 494
646 519
332 81
224 8
25 96
54 171
49 179
58 12
416 565
293 460
198 12
413 66
37 185
343 83
132 220
1028 164
694 409
393 65
915 141
401 105
188 104
142 177
64 222
348 11
380 52
851 227
509 90
520 78
684 504
509 453
102 533
1045 491
371 70
312 68
341 99
420 46
69 506
446 50
201 113
726 10
390 76
579 455
285 64
134 72
1073 531
329 112
158 7
488 49
276 427
917 504
721 222
772 413
216 169
110 189
250 431
217 491
435 526
478 71
1038 546
25 235
85 219
1106 438
27 566
150 520
1194 512
125 183
503 487
814 184
