673 9
526 34
141 211
138 203
547 196
217 208
374 78
679 8
160 102
41 251
132 188
221 219
741 273
149 214
126 207
74 300
204 230
42 230
268 274
97 268
137 224
611 232
33 230
397 212
624 16
259 94
107 222
515 247
196 101
312 89
523 235
236 217
427 217
366 212
303 193
405 55
495 196
35 253
658 20
293 87
330 86
276 181
536 245
401 49
328 224
466 45
546 230
342 200
229 266
477 194
319 266
511 233
650 272
37 225
294 199
444 216
544 245
560 221
338 75
312 213
131 237
472 205
470 236
143 225
391 59
438 54
461 48
35 274
211 184
182 99
155 193
362 68
376 262
676 4
332 233
28 220
561 248
235 98
360 200
52 238
452 268
508 253
243 102
8 263
657 13
170 191
263 220
152 197
493 234
267 279
511 35
301 242
231 200
272 90
286 280
351 74
305 214
460 223
207 284
611 21
181 194
266 194
143 191
289 181
91 274
162 201
443 49
472 228
170 102
544 252
194 234
344 285
141 238
357 205
573 245
340 232
586 23
16 217
583 275
250 211
301 205
154 199
599 246
498 253
203 269
62 274
559 265
572 199
424 264
507 204
466 244
369 66
514 221
398 57
138 217
119 234
166 200
311 218
74 245
321 82
376 66
134 208
602 20
518 33
35 238
203 213
367 223
54 264
414 214
418 228
568 241
147 223
220 97
516 267
699 267
554 26
635 10
281 91
668 14
348 257
640 253
230 229
159 217
487 224
338 196
359 77
191 99
517 254
303 86
135 197
98 228
322 212
6 219
282 274
275 96
551 241
203 186
575 26
194 239
565 27
363 77
432 207
327 230
504 245
245 225
580 249
76 271
310 275
580 24
270 204
623 229
761 261
153 271
375 207
139 214
308 197
269 199
428 56
744 3
210 100
617 18
249 92
20 274
253 207
533 32
331 211
334 225
285 198
647 15
361 286
335 65
590 235
344 264
114 228
296 89
176 272
287 244
472 267
147 195
307 71
326 78
631 233
637 249
270 210
21 210
553 252
456 241
256 193
150 105
439 263
248 247
457 249
328 201
366 199
60 246
422 49
377 214
488 216
242 268
345 87
703 4
573 224
147 209
388 265
187 100
687 268
227 235
443 208
118 261
287 228
726 261
142 104
448 229
453 50
345 73
429 226
262 200
185 267
323 237
524 213
310 80
113 271
501 218
568 232
361 206
213 225
697 10
347 79
446 53
115 282
458 211
156 189
532 271
556 230
301 226
328 216
675 262
503 40
154 104
24 226
590 21
319 221
724 2
177 103
371 231
556 209
247 209
411 229
157 285
160 194
173 201
100 216
620 262
524 199
527 253
263 194
531 199
218 230
255 101
235 237
86 226
118 219
95 283
217 193
538 29
230 98
415 56
17 231
589 255
137 187
544 270
473 215
504 229
571 250
