894 425
1065 494
868 510
606 639
1013 508
1610 217
1128 346
1406 245
1119 580
854 373
1368 237
179 283
327 533
1416 236
1155 400
1088 275
928 259
750 487
994 597
680 289
1064 543
774 646
1077 456
882 290
493 449
828 316
826 285
1226 313
829 468
769 357
1128 522
926 561
550 613
1135 393
1266 483
1169 308
1093 381
1037 252
727 287
662 511
971 741
867 380
531 400
999 842
782 306
599 504
923 493
1208 287
748 461
1118 225
1011 397
805 296
684 456
686 596
957 293
910 243
767 471
1570 222
1076 258
897 261
1064 238
1178 261
559 374
693 974
679 259
542 420
892 264
778 336
1142 301
1314 261
1295 236
1022 440
1363 225
1287 414
774 377
1163 515
1826 360
1503 232
839 247
1012 262
1155 351
1043 262
1029 255
787 492
480 424
703 931
850 253
898 686
1113 308
712 384
722 278
1446 239
1197 258
746 252
872 433
816 324
982 273
833 342
1145 295
540 246
1291 248
1178 244
1110 395
1375 252
1003 312
787 394
793 613
1189 280
776 294
929 446
911 372
569 794
636 313
691 278
639 268
822 487
1081 710
943 337
1297 286
1282 252
650 391
936 259
1555 217
810 372
569 311
775 734
1057 246
695 440
344 519
1381 260
904 488
1141 272
836 298
387 547
661 266
1108 509
704 877
748 384
1081 343
621 343
533 268
971 273
1239 308
849 327
820 409
406 358
841 275
698 550
1513 241
1563 214
619 264
609 667
644 779
870 241
1002 545
983 310
1139 314
997 248
745 236
909 246
1425 284
848 219
1113 359
871 277
664 257
381 280
801 589
1213 311
596 261
603 941
1035 420
1083 209
807 401
1352 228
1278 453
1225 289
577 354
1183 232
666 990
989 301
731 552
1124 374
792 709
1044 354
759 416
804 322
543 544
543 504
689 401
1263 262
981 267
833 398
1162 338
1121 264
422 682
1112 441
501 513
558 499
1577 397
541 918
978 427
1303 248
800 275
811 833
943 529
341 730
1199 350
1117 421
73 510
707 278
896 316
1225 328
1088 234
860 333
1062 422
1482 527
916 959
640 490
851 840
710 599
1427 242
627 435
478 636
993 279
774 513
1025 407
951 249
876 396
699 388
1038 718
794 455
704 299
530 747
787 361
839 774
766 336
858 429
594 395
1622 213
950 376
1494 285
613 1007
1080 395
846 451
605 378
911 830
741 436
827 528
1133 419
1326 240
498 669
788 911
492 708
931 637
759 260
1135 223
613 539
1194 225
657 742
271 579
771 309
990 428
804 460
922 857
1157 535
940 364
730 766
709 497
653 493
997 331
428 669
957 686
927 370
856 529
812 385
1223 518
590 1012
888 309
1217 364
1217 538
1147 626
1112 321
902 249
879 413
1140 244
1067 324
1087 289
1002 675
963 457
841 637
1551 237
942 227
765 541
1029 237
663 674
1318 247
770 775
1090 260
644 684
1409 213
472 482
1048 440
1107 252
1107 272
918 607
967 282
1212 275
441 455
1242 291
1156 329
911 265
592 525
1170 359
1163 422
554 266
1008 369
603 696
1129 258
874 529
1127 499
952 392
931 231
1293 385
1196 394
644 1025
959 268
724 439
1033 380
604 264
940 823
848 662
1002 435
798 428
456 857
1041 342
482 817
1054 788
1517 225
332 272
774 266
1109 225
1019 557
847 591
481 765
624 514
1042 286
1428 244
1027 207
1047 330
869 559
751 287
912 437
1035 276
1449 246
1566 240
1031 293
521 351
981 347
517 274
667 246
1041 218
761 686
894 289
1139 325
1144 357
686 916
1326 531
1443 225
1214 336
600 478
1114 484
1090 215
487 306
1322 360
1202 600
1086 334
1229 270
479 466
1140 429
587 615
1040 371
1061 337
918 280
1165 258
683 657
584 265
1172 404
860 286
1032 442
723 519
986 693
285 692
134 250
1123 244
807 556
715 665
1157 244
1213 431
955 406
1171 257
1037 684
1395 244
1329 221
1268 264
589 791
1229 250
711 472
1305 228
233 273
1122 330
1601 224
698 240
915 670
1165 322
1088 249
554 358
1096 350
1135 392
1189 259
1588 228
929 341
998 457
593 282
1010 279
1499 244
948 780
1157 364
1066 505
900 443
651 633
929 281
1335 291
1180 437
1075 430
470 595
1068 724
1213 297
1020 614
1353 222
740 478
1301 577
1074 270
180 331
885 373
684 245
1067 368
378 659
747 409
998 484
927 421
1050 452
1333 364
1380 248
490 345
561 462
643 347
758 706
864 317
740 290
914 539
1241 249
455 718
676 763
886 511
1282 249
799 305
595 322
509 409
912 318
403 691
1341 526
728 373
1211 256
1097 570
891 243
651 438
291 534
595 438
1577 231
982 369
1019 587
863 371
475 259
1587 239
877 280
1530 241
818 264
614 352
854 481
1334 233
696 614
1127 289
759 933
1203 241
1114 238
1042 416
882 344
763 657
516 554
826 810
1595 203
1298 221
794 577
574 404
521 385
1452 557
820 501
584 601
1003 563
1106 546
1051 516
1170 382
1147 383
1403 234
1022 270
844 522
909 424
1008 336
705 972
1083 613
729 315
1193 301
880 265
776 404
677 416
544 850
1044 395
454 244
1277 235
653 302
842 609
258 257
1166 349
955 541
624 296
1194 313
1349 247
183 382
609 366
114 463
847 351
1202 371
1092 435
1315 234
865 252
1171 247
1121 247
1159 303
991 406
339 657
742 337
514 256
1431 600
546 736
1337 251
458 275
1236 338
717 416
944 495
918 236
311 469
550 271
1132 302
581 337
472 446
658 465
1455 232
955 602
1391 225
888 454
945 279
892 737
1389 587
1270 255
568 823
885 361
969 249
821 276
1064 396
467 309
1315 525
969 383
612 590
730 350
986 242
1147 370
735 838
1631 212
851 383
568 412
1022 329
387 458
1636 200
915 719
616 617
770 435
1168 267
408 502
638 838
306 530
539 336
1143 258
292 414
842 424
