335 56
340 57
258 87
223 160
286 204
165 205
288 83
352 59
125 55
87 52
300 80
164 57
236 83
203 155
207 204
279 57
154 55
255 71
102 194
327 56
390 156
285 69
132 180
330 74
247 82
308 204
151 151
244 72
219 57
269 54
113 54
267 73
72 52
134 216
262 163
250 56
264 216
233 70
403 186
195 54
308 59
53 52
154 82
213 71
418 139
129 148
45 52
122 61
298 71
287 60
416 190
235 188
402 151
144 57
63 52
103 55
371 222
165 74
428 198
80 50
36 53
195 71
227 55
224 70
231 58
278 86
318 58
94 65
74 153
311 71
206 57
100 151
241 54
172 85
184 56
69 199
338 144
298 58
259 55
189 197
134 57
360 58
420 153
343 117
364 182
97 60
206 75
183 80
174 55
87 165
