127 196
221 186
277 265
185 211
315 174
621 289
424 182
580 254
684 237
617 209
387 227
90 198
313 260
536 262
538 272
376 226
75 193
27 281
663 186
120 246
199 179
638 238
587 278
362 269
709 192
205 189
704 319
217 279
649 284
622 238
671 274
327 276
632 231
86 264
258 181
282 177
470 195
524 225
682 184
550 302
55 260
633 174
694 246
130 51
545 238
231 267
583 221
382 284
312 235
532 191
242 250
455 259
707 229
425 227
401 187
614 183
276 313
671 294
96 50
10 281
693 180
367 209
183 196
184 279
526 255
567 248
616 260
483 232
139 54
462 234
374 196
351 258
104 203
400 230
291 181
491 186
500 178
188 238
599 254
687 269
568 231
444 202
597 209
706 268
248 178
509 232
251 304
283 278
152 167
632 268
163 270
200 170
235 277
308 178
222 204
519 270
549 281
457 284
472 236
98 231
554 247
276 242
186 182
277 210
452 195
233 203
416 239
547 256
441 275
152 159
274 228
619 230
216 236
469 272
377 306
474 290
454 228
387 205
668 245
411 246
236 181
92 234
115 51
303 275
558 252
417 271
274 193
435 206
79 223
192 209
565 282
