596 287
321 298
391 316
311 264
178 337
273 255
13 287
359 364
427 289
659 376
609 325
232 308
229 316
253 359
72 299
260 256
75 378
660 285
367 303
125 317
558 288
27 333
486 301
638 267
630 292
630 284
586 289
458 365
97 310
415 270
118 286
145 354
546 288
363 290
86 351
550 315
269 286
210 291
274 303
441 314
310 274
488 290
498 289
609 291
56 362
441 288
382 305
588 286
457 287
460 308
525 304
411 350
444 304
189 375
377 367
39 280
573 313
319 346
625 282
470 289
52 278
610 300
635 325
399 297
86 336
285 270
633 383
290 297
65 275
361 271
191 312
176 296
379 325
130 293
275 268
512 298
572 290
662 319
55 318
282 297
106 293
83 312
59 275
164 270
216 272
495 357
421 336
135 294
670 284
316 288
330 326
461 341
551 286
49 301
179 350
266 299
194 273
199 292
302 289
382 271
326 378
328 266
24 321
507 290
481 289
42 357
3 285
649 282
452 299
596 307
233 273
47 276
621 279
118 337
276 291
562 288
302 344
142 297
171 272
450 336
111 308
171 307
394 269
676 283
35 287
96 277
514 290
168 363
320 264
391 288
279 360
154 273
206 299
522 289
479 361
19 282
401 327
26 279
428 368
535 286
637 288
561 360
42 310
423 282
66 283
294 270
413 281
346 300
51 282
686 283
445 271
551 296
370 269
432 270
84 274
336 304
674 324
464 301
243 306
349 272
18 320
70 271
168 292
335 273
