759 138
192 65
248 266
354 146
342 182
72 364
919 265
798 336
300 225
383 99
443 256
740 420
631 48
151 81
247 381
169 304
717 380
736 228
473 777
346 502
1182 480
716 263
474 487
568 482
264 466
572 48
562 303
1127 497
482 458
636 266
597 111
1118 733
484 258
297 62
502 486
731 760
959 132
577 99
843 343
65 468
785 385
691 55
1083 507
203 175
677 230
741 184
1065 147
846 196
157 675
956 205
519 90
446 747
1012 512
650 343
709 466
1145 276
960 758
422 464
278 257
1012 364
891 104
82 87
593 324
1053 383
661 104
860 222
385 51
256 331
322 259
629 506
1141 326
367 760
2 713
139 48
941 73
451 74
523 291
262 96
102 484
1018 212
163 496
723 107
811 51
154 395
987 86
449 123
870 303
94 181
402 328
366 218
283 203
444 165
87 298
227 473
818 470
575 242
226 134
421 220
769 89
772 263
250 61
1130 157
389 476
870 677
289 133
2 698
434 45
642 769
922 497
523 171
684 417
995 943
525 429
489 338
885 501
501 382
216 91
744 490
781 243
691 182
176 148
671 275
432 379
762 325
321 294
434 455
79 29
416 300
722 300
636 313
345 54
24 490
300 419
325 86
915 182
254 211
381 258
354 410
951 356
589 184
373 181
507 40
229 427
801 187
202 505
525 238
897 145
745 31
561 375
842 133
1158 429
546 143
407 173
680 471
5 502
547 469
1040 296
