917 243
689 292
486 174
309 260
59 281
1440 253
1765 280
970 260
1070 231
1051 359
1414 231
386 315
1587 306
263 441
951 186
1071 279
1608 302
284 198
1206 287
1075 326
861 270
822 229
897 187
213 248
1302 225
955 220
1477 290
1871 318
1480 239
394 166
1382 330
676 262
219 168
941 333
408 278
190 283
8 263
1224 258
1156 331
1579 263
770 166
430 246
1003 332
91 261
69 222
1161 264
139 268
734 311
898 231
965 288
627 185
1293 309
407 172
609 188
814 263
226 274
809 326
1905 312
1162 287
890 265
1659 251
1694 331
733 270
745 217
593 318
1322 253
1282 254
1423 325
991 271
357 166
334 148
1405 243
486 300
828 288
820 187
443 221
592 287
962 331
1189 312
924 294
1364 231
445 169
774 279
682 188
1834 292
361 268
623 295
1022 199
1659 315
218 214
661 299
1030 254
851 313
1492 259
275 168
700 265
1710 365
50 258
796 308
1163 231
1574 311
1520 305
103 299
873 322
1312 351
1434 313
1549 247
1799 298
131 191
270 265
167 208
1228 310
807 291
1250 299
304 308
1232 287
515 271
510 166
1744 293
1391 290
641 279
599 219
705 165
1247 237
1845 278
