16.391009086561454 716.3324725011956
40.1178383548541 588.956862745098
142.51783835485406 618.9275944524151
53.85442372070775 330.45930176948826
116.29344811095172 336.70320420851266
157.50320420851267 379.1617407938785
61.34710664753705 213.0739359158297
121.28857006217117 215.57149689143947
58.84954567192728 253.03491152558584
229.30808225729322 368.5471066475371
172.48857006217122 186.22515542802486
287.37637494022005 276.1373505499761
338.5763749402201 304.8593017694883
489.0544237207078 367.2983261597322
305.48369201339074 181.8544237207078
277.386131037781 185.60076518412242
280.5080822572932 143.14222859875656
273.6397895743663 145.0153993304639
257.40564323290295 143.766618842659
241.17149689143955 141.89344811095168
250.53735054997608 162.4983261597322
260.52759445241514 157.50320420851267
357.30808225729317 131.90320420851268
389.77637494022 141.89344811095168
431.6105212816833 141.89344811095168
461.5812529890005 140.6446676231468
489.67881396461024 254.28369201339072
401.0153993304638 123.16174079387851
354.18613103778097 112.54710664753706
629.5422285987565 269.26905786704924
553.366618842659 181.85442372070776
539.6300334768054 123.16174079387851
575.8446676231467 130.6544237207078
696.9763749402199 276.76174079387846
816.8593017694882 150.6349115255858
811.8641798182687 109.42515542802478
783.1422285987567 120.66417981826874
736.937350549976 94.43978957436633
700.7227164036346 100.68369201339074
675.7471066475371 131.90320420851268
648.2739359158297 103.18125298900051
609.5617407938785 99.43491152558587
184.97637494021998 50.42027737924446
169.36661884265902 25.444667623146866
247.41539933046388 3.5910090865615403
249.2885700621712 1.7178383548542153
182.47881396461023 7.33735054997612
189.97149689143953 16.703204208512748
272.39100908656144 42.30320420851272
294.86905786704926 73.5227164036347
311.72759445241513 44.17637494022004
275.51296030607375 2.9666188426590985
337.3275944524152 35.43491152558593
11.395887135341956 275.8251554280249
369.795887135342 7.33735054997612
361.0544237207078 1.7178383548542153
341.07393591582985 4.839789574366424
349.8153993304639 16.078813964610305
354.8105212816834 13.581252989000538
393.52271640363466 27.94222859875663
386.0300334768054 21.698326159732282
384.156862745098 4.839789574366424
389.1519846963176 2.9666188426590985
401.63978957436626 1.7178383548542153
424.7422285987566 2.9666188426590985
436.6056432329029 2.3422285987566567
356.6836920133907 77.89344811095175
376.0397895743663 80.39100908656152
400.3910090865614 84.76174079387862
414.1275944524151 79.76661884265908
421.6202773792444 72.89832615973226
441.6007651841224 74.1471066475371
446.5958871353419 67.27881396461032
458.4593017694883 24.195887135341977
453.4641798182688 25.444667623146866
450.96661884265905 13.581252989000538
518.4007651841224 52.917838354854226
541.5032042085127 84.76174079387862
545.8739359158297 70.40076518412249
590.8300334768053 70.40076518412249
580.2153993304639 55.415399330464
625.1714968914395 71.02515542802493
631.4153993304639 62.283692013390784
623.2983261597321 47.298326159732255
654.517838354854 57.91296030607369
561.4836920133906 42.92759445241516
247.41539933046386 216.50808225729324
507.1617407938785 20.605643232902903
510.5958871353419 17.171496891439507
501.54222859875654 13.112960306073635
526.517838354854 15.610521281683402
534.0105212816834 13.737350549976075
538.3812529890005 17.79588713534195
548.0593017694882 19.98125298900046
554.3032042085126 14.986131037780961
564.2934481109517 9.67881396461024
567.4153993304639 2.498326159732196
579.5910090865615 12.800765184122413
583.0251554280248 18.10808225729317
597.6983261597321 14.36174079387852
608.0007651841224 26.225155428024877
621.1129603060735 24.03978957436633
624.2349115255857 16.859301769488287
630.7910090865614 30.595887135341933
637.3471066475371 34.03003347680534
643.9032042085126 37.77637494021998
650.147106647537 38.71296030607364
355.747106647537 85.85442372070779
682.6153993304638 43.70808225729314
678.8690578670492 38.0885700621712
659.5129603060736 34.65442372070779
665.756862745098 23.415399330463888
695.727594452415 26.849545671927284
708.2153993304639 14.36174079387852
712.5861310377809 12.800765184122413
721.0153993304638 9.36661884265902
721.6397895743662 28.72271640363461
710.0885700621711 32.46905786704926
718.2056432329028 45.58125298900047
697.6007651841223 39.02515542802487
701.6593017694883 44.95686274509802
732.566618842659 50.576374940219985
726.6349115255858 42.14710664753705
733.5032042085127 30.595887135341933
748.4885700621711 10.927594452415125
759.4153993304639 20.917838354854123
769.7178383548542 19.66905786704924
772.2153993304639 29.347106647537046
785.6397895743662 34.03003347680534
783.1422285987564 55.57149689143949
800.0007651841224 36.215399330463875
817.1714968914395 25.288570062171214
799.37637494022 19.98125298900046
788.7617407938785 25.912960306073657
781.8934481109516 9.991009086561462
791.8836920133907 13.112960306073635
804.6836920133908 9.36661884265902
820.6056432329028 8.742228598756578
826.8495456719272 14.36174079387852
826.8495456719272 10.927594452415125
831.8446676231468 13.112960306073635
833.4056432329029 9.36661884265902
948.6056432329028 58.38125298900047
972.6446676231469 56.19588713534194
1010.7324725011956 29.971496891439497
1019.1617407938785 19.98125298900046
1010.7324725011956 17.79588713534195
1005.7373505499761 18.732472501195613
1000.1178383548541 21.542228598756562
1007.6105212816834 24.351984696317547
996.995887135342 14.36174079387852
992.0007651841224 12.176374940219972
975.1422285987567 23.72759445241511
967.3373505499761 26.849545671927284
972.6446676231469 18.10808225729317
958.2836920133907 13.112960306073635
957.0349115255858 8.742228598756578
951.4153993304639 13.737350549976075
942.3617407938785 15.610521281683402
934.8690578670493 40.586131037780966
921.756862745098 32.78125298900048
912.3910090865616 29.659301769488273
914.57637494022 18.732472501195613
924.8788139646102 14.986131037780961
939.5519846963176 12.176374940219972
930.4983261597322 1.5617407938785333
914.57637494022 2.498326159732196
924.8788139646102 2.498326159732196
915.5129603060738 13.112960306073635
904.2739359158297 14.36174079387852
897.7178383548542 9.67881396461024
895.8446676231468 15.610521281683402
902.7129603060737 22.166618842659005
889.6007651841223 20.605643232902903
882.4202773792443 21.542228598756562
875.2397895743663 23.415399330463888
873.0544237207079 30.283692013390713
868.6836920133908 19.66905786704924
857.756862745098 17.171496891439507
848.0788139646103 22.166618842659005
843.395887135342 13.737350549976075
844.0202773792445 9.36661884265902
854.6349115255858 10.927594452415125
860.2544237207078 7.493448110951695
865.8739359158297 7.181252989000474
872.1178383548541 9.67881396461024
879.9227164036346 14.986131037780961
883.0446676231468 12.800765184122413
887.727594452415 11.55198469631753
886.7910090865614 17.79588713534195
887.4153993304639 14.986131037780961
903.0251554280248 9.67881396461024
447.19365204275704 12.089973112990997
230.15017378188742 5.989638664830475
233.57492294576699 4.063217260148193
220.0899731129911 3.742147026034485
198.36422060462988 18.671912912322092
152.77224736048285 39.64850154108468
175.88930421667013 8.558200537740174
199.8625483638273 6.685290838743551
1013.9896386648304 40.772247360482645
