913.2235294117648 518.3198257080611
844.9568627450982 452.8976034858388
781.4309368191723 375.1494553376906
686.6161220043574 330.58649237472764
673.3420479302833 294.55686274509793
629.7272331154685 268.95686274509796
616.4531590413944 254.73464052287576
575.6827886710241 231.030936819172
569.0457516339872 216.8087145969498
544.3938997821352 193.1050108932461
529.2235294117648 188.36427015250536
514.0531590413945 170.34945533769053
501.7272331154685 149.4901960784313
452.42352941176483 159.91982570806096
405.96427015250555 167.50501089324612
392.6901960784314 150.4383442265794
382.2605664488018 150.4383442265794
675.2383442265796 161.8161220043572
361.87538126361665 120.8087145969499
366.14204793028335 110.37908496732024
370.40871459695 104.69019607843138
354.7642701525056 95.68278867102394
439.1494553376907 71.50501089324618
513.1050108932463 67.23834422657951
718.3790849673204 104.69019607843138
439.6235294117648 59.060566448801715
468.77908496732033 52.660566448801724
457.9938997821352 25.697603485838783
342.31982570806093 10.912418300653599
970.5864923747276 148.66056644880163
998.7938997821351 142.97167755991273
816.5124183006535 56.216122004357274
842.5864923747275 45.07538126361653
906.3494553376905 64.0383442265795
932.1864923747275 52.18649237472765
866.882788671024 21.430936819172118
878.1420479302832 18.70501089324619
1015.4615580497929 295.1578617460972
666.6263932146283 46.894125482360856
570.4665530547882 12.816203404438806
