15.422917790969544 354.65227558913466
991.2761288001437 494.68897283684106
847.7164957726208 426.8724590753732
712.9642021946391 344.96420219463926
240.8908076992264 248.08346824968513
191.56970678179522 233.99172513041913
70.90915632307961 167.9366792588595
33.91833063500627 207.5697067817953
7.4963122863823894 299.1660370570246
85.88163338729984 95.71649577262096
125.51466091023562 108.04677100197881
147.53300953408876 89.55135815794205
186.28530311207047 104.52383522216219
329.8449361395934 301.80823889188696
361.55135815794205 264.8174132038136
328.96420219463926 118.61557834142835
342.1752113689511 86.90915632307973
357.14768843317125 111.56970678179528
295.49631228638236 87.78989026803373
262.0284223781254 93.07429393775851
291.9733765065659 126.54218384601542
412.63392696528143 93.07429393775851
438.1752113689511 74.57888109372189
452.2669544882171 74.57888109372189
465.47796366252913 116.85411045152006
454.0284223781254 132.70732146069435
523.6064040295015 93.07429393775851
513.9183306350062 83.38622054326312
529.7715416441805 110.68897283684112
549.1476884331712 209.3311746717035
565.8816333872998 300.04677100197875
728.8174132038134 301.80823889188696
703.2761288001437 240.15686274509804
734.1018168735382 217.25778017629065
705.037596690052 174.10181687353835
675.0926425616116 152.08346824968518
678.6155783414282 132.70732146069435
626.6522755891344 174.10181687353835
898.7990645799601 225.1843856808778
938.432092102896 166.17521136895118
984.2302572405107 145.91833063500627
1000.083468249685 169.69814714876773
997.4412664148226 115.09264256161174
975.4229177909694 115.09264256161174
955.1660370570244 96.59722971757512
760.523835222162 86.90915632307973
796.6339269652813 86.90915632307973
580.8541104515199 71.05594531390543
78.17521136895121 50.90915632307971
173.95502788271267 30.872459075373307
247.0559453139053 51.349523295556786
193.88163338729984 12.982550818492557
257.40456916711634 9.789890268033828
347.2394315524375 44.083468249685225
341.9550278827127 32.85411045152009
399.86328476344664 21.844936139593496
290.9825508184925 12.872459075373254
340.52383522216235 15.734844396474193
472.0834682496852 12.872459075373287
531.4229177909696 15.184385680877865
477.1476884331714 75.29447742399712
419.01924806619894 2.977963662529227
483.643101277208 5.52383522216226
592.7440187084006 71.44126641482282
604.3036517359236 44.799064579960444
624.1201654973914 46.34034898363015
586.688972836841 367.2027343047311
813.6981471487677 55.53300953408888
821.4045691671164 41.66144990106137
874.0284223781256 50.90915632307971
