30.127594452415103 311.7275944524151
272.39100908656144 748.8007651841225
570.8495456719272 590.2056432329028
725.6983261597321 721.327594452415
851.8251554280249 525.2690578670492
859.3178383548543 414.1275944524151
494.67393591582965 442.8495456719273
522.1471066475372 401.63978957436643
654.517838354854 332.956862745098
514.6544237207078 255.5324725011956
374.7910090865614 269.26905786704924
353.5617407938785 210.57637494021995
128.78125298900048 188.09832615973215
156.2544237207078 156.87881396461023
176.23491152558577 140.6446676231468
189.9714968914395 106.92759445241516
209.95198469631748 88.1958871353419
160.00076518412243 71.96174079387856
156.2544237207078 48.23491152558577
26.38125298900045 28.254423720707777
62.59588713534193 70.71296030607368
41.36661884265899 105.67881396461027
178.73247250119553 17.015399330463826
231.1812529890005 18.26417981826871
376.0397895743663 29.50320420851266
361.0544237207078 63.22027737924437
416.00076518412243 65.71783835485414
416.00076518412243 131.90320420851268
483.43491152558585 124.41052128168339
483.43491152558585 28.254423720707777
470.947106647537 17.015399330463826
570.8495456719272 4.527594452415132
634.537350549976 15.766618842658941
613.3080822572931 51.981252989000424
615.8056432329029 114.42027737924431
625.7958871353419 173.11296030607363
863.0641798182686 204.33247250119558
813.1129603060735 153.13247250119554
906.7714968914395 113.17149689143943
956.7227164036346 141.89344811095168
1000.4300334768052 154.38125298900044
1012.9178383548541 111.92271640363455
991.688570062171 33.249545671927315
949.2300334768053 27.005643232902894
904.2739359158297 14.517838354854058
833.0934481109517 23.259301769488243
741.9324725011957 17.015399330463826
678.2446676231468 7.025155428024899
673.2495456719273 43.239789574366384
944.8593017694882 27.94222859875663
