8.898326159732152 457.8349115255859
103.80564323290288 381.65930176948825
60.09832615973217 325.46417981826875
115.04466762314684 316.7227164036346
172.4885700621711 296.7422285987566
242.4202773792443 409.13247250119554
425.9910090865615 504.0397895743663
523.3958871353419 411.63003347680535
595.8251554280248 401.63978957436643
709.4641798182688 299.2397895743663
721.9519846963175 240.54710664753705
764.4105212816834 240.54710664753705
660.7617407938785 246.79100908656144
623.298326159732 244.29344811095163
620.8007651841223 260.52759445241514
647.0251554280248 296.7422285987566
319.8446676231468 299.2397895743663
364.8007651841223 302.986131037781
243.6690578670492 271.766618842659
271.14222859875656 253.65930176948837
278.01052128168334 253.65930176948837
251.16174079387844 246.16661884265912
233.67881396461016 243.66905786704933
252.41052128168337 194.34222859875666
264.2739359158297 197.46417981826886
288.0007651841224 181.8544237207079
348.566618842659 215.5714968914396
331.08369201339065 252.4105212816835
391.64954567192717 218.06905786704934
402.2641798182687 219.94222859875666
426.6153993304638 236.80076518412253
458.4593017694882 236.80076518412253
505.2885700621712 253.65930176948837
543.3763749402199 251.78613103778105
544.0007651841223 229.9324725011957
613.9324725011954 194.34222859875666
512.1568627450979 229.9324725011957
489.67881396461013 204.3324725011957
520.2739359158296 187.47393591582983
530.8885700621712 172.4885700621713
563.9812529890004 156.87881396461032
568.9763749402199 160.62515542802495
454.0885700621711 189.34710664753712
434.73247250119556 198.71296030607374
435.98125298900044 172.4885700621713
430.3617407938784 176.23491152558591
411.63003347680535 177.4836920133908
402.88857006217114 180.60564323290302
391.64954567192717 188.7227164036347
329.21052128168327 181.8544237207079
347.31783835485413 156.87881396461032
322.3422285987566 146.88857006217128
321.09344811095167 138.14710664753713
269.8934481109516 151.2593017694884
234.3032042085126 148.76174079387863
238.04954567192726 142.5178383548542
332.95686274509796 122.2251554280249
340.44954567192724 128.7812529890005
354.4983261597322 122.84954567192736
360.11783835485414 107.5519846963176
352.9373505499761 108.17637494022004
350.75198469631755 108.17637494022004
257.71783835485405 125.97149689143954
270.8300334768053 126.28369201339076
255.22027737924435 113.17149689143955
249.60076518412237 120.03978957436637
244.60564323290285 121.60076518412247
242.1080822572931 123.4739359158298
243.35686274509797 117.54222859875662
243.35686274509797 110.986131037781
237.73735054997604 110.36174079387857
238.67393591582967 113.79588713534199
228.37149689143945 113.17149689143955
224.00076518412234 112.5471066475371
220.56661884265895 110.36174079387857
212.76174079387846 112.5471066475371
217.44466762314676 118.7910090865615
229.62027737924433 116.60564323290295
233.99100908656138 119.41539933046394
214.0105212816833 123.4739359158298
208.7032042085126 123.16174079387858
227.12271640363457 122.84954567192736
223.68857006217112 127.84466762314685
211.8251554280248 134.71296030607368
199.0251554280248 127.84466762314685
193.40564323290286 123.4739359158298
197.7763749402199 120.6641798182688
181.54222859875648 122.84954567192736
178.1080822572931 125.97149689143954
137.52271640363455 114.42027737924442
135.64954567192723 114.73247250119564
148.4495456719272 127.22027737924442
366.0495456719272 108.4885700621713
374.166618842659 106.30320420851275
371.6690578670492 113.17149689143957
368.23491152558574 124.72271640363469
367.9227164036345 128.78125298900056
386.0300334768052 118.16661884265909
394.4593017694882 121.60076518412251
397.2690578670492 106.30320420851275
399.4544237207077 105.05442372070787
412.8788139646101 111.9227164036347
410.3812529890005 115.35686274509813
420.37149689143945 114.73247250119569
434.73247250119556 115.98125298900057
444.09832615973215 111.29832615973226
446.2836920133907 118.79100908656156
431.2983261597321 126.90808225729324
439.41539933046386 133.1519846963176
449.40564323290283 133.77637494022008
454.0885700621712 132.21539933046398
469.6983261597321 136.58613103778106
483.747106647537 128.78125298900056
472.1958871353419 115.35686274509813
475.0056432329029 111.9227164036347
484.68369201339067 116.29344811095179
493.42515542802477 119.72759445241518
499.0446676231468 125.97149689143959
505.2885700621712 162.49832615973227
512.4690578670493 109.73735054997618
527.4544237207077 121.60076518412251
531.5129603060736 120.35198469631761
533.386131037781 133.77637494022008
536.1958871353419 119.72759445241518
544.937350549976 145.63978957436643
557.737350549976 119.72759445241518
554.3032042085127 125.34710664753713
563.9812529890004 122.53735054997617
553.6788139646103 120.97637494022007
569.6007651841222 120.97637494022003
576.4690578670491 123.16174079387855
582.0885700621711 123.16174079387855
590.517838354854 123.16174079387855
605.1910090865613 122.53735054997614
594.8885700621711 143.45442372070784
595.2007651841222 139.39588713534198
604.5666188426588 133.77637494022002
607.3763749402199 139.39588713534198
610.1861310377808 146.88857006217123
614.8690578670492 137.83491152558588
624.8593017694882 140.64466762314686
645.1519846963174 130.0300334768054
650.1471066475369 128.15686274509807
661.698326159732 116.91783835485415
664.5080822572929 139.39588713534198
660.7617407938783 142.8300334768054
669.8153993304637 162.8105212816834
662.0105212816832 190.28369201339078
675.747106647537 142.20564323290296
680.4300334768052 146.57637494022003
673.5617407938784 129.40564323290295
688.2349115255857 133.77637494022002
686.9861310377809 130.3422285987566
692.9178383548541 135.33735054997612
703.2202773792442 147.20076518412245
702.2836920133906 140.64466762314686
695.727594452415 127.22027737924441
701.3471066475369 119.10320420851271
696.0397895743663 112.5471066475371
716.0202773792442 139.39588713534198
747.8641798182687 131.59100908656148
755.9812529890004 133.15198469631758
752.547106647537 122.53735054997614
752.547106647537 110.67393591582977
766.2836920133906 114.1080822572932
770.3422285987564 118.16661884265903
856.8202773792443 164.99588713534197
855.5714968914394 157.19100908656148
864.937350549976 148.76174079387857
875.8641798182687 151.57149689143952
895.2202773792444 137.52271640363466
916.1373505499761 146.88857006217125
899.5910090865615 125.03491152558588
919.8836920133907 125.65930176948832
941.4251554280248 139.08369201339076
944.2349115255857 121.60076518412247
937.3666188426589 113.17149689143955
943.6105212816833 111.61052128168343
958.9080822572931 108.17637494022004
958.2836920133907 117.54222859875662
975.4544237207077 120.03978957436637
987.6300334768054 115.98125298900052
996.995887135342 109.73735054997613
1003.5519846963176 123.78613103778102
996.995887135342 120.35198469631759
1008.8593017694882 118.16661884265906
981.0739359158297 141.89344811095174
923.6300334768054 109.11296030607369
923.6300334768054 104.11783835485417
914.5763749402199 108.17637494022004
910.517838354854 114.73247250119564
904.8983261597322 105.99100908656149
899.2788139646102 115.35686274509808
908.3324725011956 91.94222859875663
898.966618842659 98.49832615973223
892.4105212816834 97.24954567192735
894.595887135342 97.24954567192735
894.9080822572931 111.61052128168343
890.537350549976 110.98613103778099
886.7910090865614 120.97637494022003
878.0495456719273 119.41539933046393
883.3568627450979 115.98125298900052
870.8690578670492 116.60564323290298
882.1080822572931 113.17149689143955
883.6690578670492 99.74710664753711
872.7422285987565 107.5519846963176
867.4349115255859 106.30320420851271
862.7519846963175 113.79588713534199
863.37637494022 118.79100908656149
860.2544237207078 120.97637494022003
853.6983261597321 124.41052128168346
845.5812529890004 120.97637494022003
838.7129603060737 127.22027737924441
815.9227164036346 123.78613103778102
808.117838354854 127.84466762314685
778.7714968914394 122.2251554280249
776.898326159732 111.61052128168343
792.8202773792443 109.73735054997613
792.1958871353419 118.16661884265906
796.8788139646102 111.61052128168343
800.3129603060736 115.98125298900052
804.0593017694881 113.79588713534199
806.2446676231467 110.36174079387857
809.9910090865613 100.05930176948833
805.6202773792443 118.79100908656149
814.9861310377809 114.42027737924442
815.9227164036346 109.11296030607369
823.4153993304639 109.73735054997613
832.7812529890004 107.5519846963176
830.9080822572931 119.41539933046393
828.7227164036346 115.35686274509808
834.6544237207078 114.42027737924442
837.77637494022 117.23003347680537
843.7080822572931 116.60564323290298
843.0836920133906 110.36174079387857
838.7129603060737 108.17637494022004
850.2641798182686 112.5471066475371
857.4446676231468 111.61052128168343
858.3812529890005 106.92759445241516
828.0983261597322 96.93735054997613
820.6056432329028 98.81052128168345
849.9519846963175 93.81539933046393
847.4544237207077 95.68857006217127
856.1958871353419 95.06417981826881
860.2544237207078 95.06417981826881
864.3129603060736 94.12759445241515
870.5568627450979 96.62515542802491
821.8544237207077 89.44466762314686
824.0397895743663 87.88369201339076
821.2300334768053 86.01052128168347
820.2934481109517 81.9519846963176
818.1080822572931 84.76174079387859
815.6105212816833 76.33247250119565
808.117838354854 75.08369201339077
842.7714968914394 81.32759445241516
839.0251554280248 89.13247250119564
849.327594452415 84.76174079387859
849.327594452415 79.45442372070782
863.6885700621712 83.82515542802491
867.7471066475371 84.76174079387859
869.308082257293 87.88369201339076
876.4885700621711 91.00564323290297
874.3032042085125 86.9471066475371
875.8641798182687 85.69832615973225
879.6105212816833 83.82515542802491
879.9227164036346 80.3910090865615
875.2397895743662 80.70320420851272
871.4934481109516 80.70320420851272
869.6202773792443 78.5178383548542
889.2885700621712 87.57149689143954
894.595887135342 86.63491152558588
896.156862745098 85.69832615973225
898.966618842659 86.9471066475371
898.6544237207078 84.13735054997613
896.4690578670493 83.20076518412247
894.2836920133907 83.20076518412247
895.8446676231468 81.01539933046394
892.7227164036346 79.45442372070782
890.2251554280248 80.3910090865615
887.1032042085126 77.58125298900053
886.166618842659 81.9519846963176
886.7910090865614 85.07393591582981
901.1519846963175 79.76661884265904
902.7129603060737 83.82515542802491
905.8349115255859 85.69832615973225
908.3324725011956 84.13735054997613
905.8349115255859 79.76661884265904
908.9568627450981 78.5178383548542
909.2690578670494 75.70808225729321
846.205643232903 257.71783835485417
