500.73206935666815 748.4808296872468
230.34529249716425 363.84611894344516
314.1271106789824 400.659342083941
376.32876357154436 351.15190406741215
317.93537514179235 291.48909415005676
218.9204991087344 216.5932263814617
6.927110678982418 206.43785448063528
489.3072759682385 313.06925943931293
658.1403338194781 390.5039701831146
730.4973586128666 423.5089288608006
887.9056230756764 504.7519040674121
914.5634743153458 361.30727596823857
744.4609949765031 346.0742181169989
674.6428131583211 208.97669745584187
904.4081024145194 263.561821422784
958.9932263814616 295.29735861286673
979.3039701831145 269.9089288608006
484.2295900178254 159.46925943931302
372.5204991087343 168.35520985253612
32.31554043104852 104.88413547237082
78.01471398476754 113.77008588559393
119.90562307567662 104.88413547237082
22.16016853022209 74.41801976989147
81.82297844757747 59.18496191865187
84.36182142278402 13.48578836493278
122.44446605088324 68.07091233187498
140.21636687732948 92.18992059633784
141.48578836493277 29.98826770377577
166.87421811699895 19.832895802949412
182.10727596823855 61.72380489385849
189.72380489385841 79.49570572030471
218.9204991087344 60.45438340625511
197.3403338194783 18.563474315346028
262.0808296872469 62.99322638146173
272.2362015880733 109.96182142278407
302.70231729055257 117.57835034840393
306.51058175336254 95.9981850591477
331.89901150542863 99.80644952195755
411.8725652244369 131.54198671204028
380.1370280343542 49.02959001782537
399.17835034840385 54.107275968238625
425.8362015880733 41.4130610922055
355.70066439799047 23.16512720790792
388.0709123318748 17.452730513693048
407.11223464592445 1.2676065467508748
461.6973586128666 16.818019769891393
471.2180197698914 22.84777183600711
476.93041646410626 15.231242910387271
466.14033381947814 2.8543834062550326
506.76182142278395 35.224631340139325
463.9188462161723 103.77339167071786
498.5105817533625 142.8081024145195
511.5221520012963 132.33537514179224
534.3717387781559 133.92215200129638
568.9634743153459 132.9700858855939
581.3403338194782 152.963474315346
565.155209852536 112.97669745584183
558.4907470426186 91.39653216658562
521.6775239021227 84.73206935666826
503.90562307567654 95.8395073731972
517.5519040674121 38.39818505914759
533.7370280343542 30.46430076162691
537.2279371252633 43.47587100956082
556.2692594393129 55.53537514179223
569.5981850591477 60.93041646410629
481.056036298817 1.2676065467508748
505.4923999351806 1.5849619186517208
529.2940528277427 2.2196726624533767
551.8262842327013 16.50066439799055
576.5800032409658 21.578350348403795
568.0114081996435 18.722152001296365
570.867606546751 32.68578836493272
589.2742181169989 35.85934208394098
577.849424728569 81.24116026575918
588.9568627450981 22.530416464106263
583.5618214227841 9.201490844271557
604.1899205963377 25.069259439312887
627.6742181169989 110.27917679468477
605.459342083941 75.37008588559387
628.9436396046021 79.81306109220542
638.464300761627 97.58496191865171
620.0576891913789 56.32876357154422
642.9072759682384 66.48413547237071
649.2543834062552 48.07752390212273
664.4874412574947 80.44777183600708
682.8940528277427 80.44777183600708
705.7436396046022 84.89074704261867
694.9535569599741 72.19653216658558
672.1039701831146 40.46099497650293
647.9849619186516 19.515540431048386
622.5965321665856 16.976697455841762
663.852730513693 24.59322638146157
678.4510776211312 20.78496191865163
733.9882677037759 82.19322638146167
738.4312429103874 91.71388753848647
770.8014908442717 91.07917679468483
795.5552098525362 111.07256522443689
766.9932263814619 68.54694538972615
722.880829687247 62.51719332361045
682.2593420839411 33.32049910873442
697.4923999351807 27.608102414519546
700.6659536541891 33.63785448063524
722.5634743153461 31.41636687732948
718.4378544806353 47.91884621617243
748.269259439313 41.25438340625508
748.5866148112138 52.04446605088318
759.0593420839411 57.43950737319722
773.0229784475774 44.74529249716417
764.4543834062551 14.27917679468484
766.0411602657593 6.027937125263349
772.3882677037758 24.117193323610454
788.8907470426187 47.28413547237078
805.0758710095611 47.28413547237078
799.9981850591479 12.692399935180683
815.2312429103874 18.087441257494742
820.9436396046023 12.375044563279873
822.5304164641063 2.854383406255068
796.5072759682387 42.20644952195756
847.2841354723708 57.59818505914753
858.0742181169991 63.9452924971641
854.9006643979907 13.168432993031827
862.5171933236104 6.8213255550152665
874.5766974558421 17.611408199643382
874.5766974558421 28.4014908442715
893.6180197698916 19.515540431048386
889.8097553070816 27.132069356668186
956.4543834062551 36.018019769891374
892.98330902609 51.885788364932665
884.0973586128666 69.0229784475773
876.4808296872469 83.62132555501536
912.659342083941 80.44777183600708
928.5271106789824 85.52545778642029
875.2114081996438 144.553556959974
879.6543834062551 186.44446605088314
910.1204991087345 197.86925943931286
905.6775239021229 144.553556959974
938.0477718360072 131.85934208394096
953.9155404310486 121.7039701831145
953.9155404310486 261.34033381947813
1001.8362015880733 90.12711067898235
981.8428131583212 37.76347431534599
975.4957057203047 30.46430076162698
971.6874412574948 23.16512720790799
967.5618214227841 14.27917679468484
978.6692594393129 14.27917679468484
996.7585156376601 32.685788364932755
1004.3750445632799 25.069259439312916
1011.6742181169989 36.17669745584185
1017.3866148112138 26.021325555015423
1023.4163668773294 76.79818505914764
1008.8180197698915 4.12380489385838
785.4527305136932 5.948598282288128
45.10669552101779 2.9394714407501263
