2.2347848230200205 267.58543417366934
64.57244716068239 304.9880315762668
62.078940667175914 257.6114081996434
108.208810797046 256.3646549528902
119.42959001782526 230.18283677107198
178.02699261522787 256.3646549528902
282.75426534250056 217.7153043035395
302.70231729055257 499.48153806977336
338.85816144639665 526.9101094983448
725.3516679399032 504.46855105678634
801.4036159918514 600.4685510567863
904.8841354723708 544.3646549528902
633.091927680163 440.88413547237076
442.33868092691614 367.3256939139292
408.6763432645786 349.8711484593837
393.7153043035396 383.5334861217214
388.7282913165266 278.8062133944486
358.8062133944486 292.5204991087343
368.78023936847467 282.5464731347084
373.76725235548764 242.6503692386044
357.55946014769546 204.0010185892538
338.85816144639665 207.74127832951353
456.05296664120186 302.49452508276033
499.68933027756566 302.49452508276033
463.5334861217214 231.42959001782526
492.2088107970461 240.15686274509795
508.4166030048383 236.4166030048382
528.3646549528902 206.49452508276033
552.0529666412019 200.26075884899413
648.0529666412019 231.42959001782526
681.7153043035397 230.18283677107198
759.014005602241 238.91010949834475
788.936083524319 235.1698497580849
948.5204991087344 241.40361599185124
967.2217978100331 262.5984211866564
1009.6114081996436 285.03997962821484
134.39062897886419 123.89712248535776
103.84517443340965 299.06595365418895
149.97504456327977 327.117901706137
145.61140819964342 112.05296664120189
186.1308887191239 144.46855105678634
232.26075884899407 141.97504456327985
249.0919276801629 110.80621339444863
270.2867328749681 110.80621339444863
284.6243952126305 110.80621339444863
303.3256939139292 112.67634326457853
307.6893302775656 112.67634326457853
321.40361599185115 139.48153806977334
286.4945250827603 139.48153806977334
321.40361599185115 161.29971988795518
323.8971224853577 170.02699261522787
381.24777183600713 168.156862745098
404.3127069009422 152.57244716068243
434.2347848230201 168.156862745098
439.84517443340974 175.01400560224087
419.27374586198107 181.2477718360071
400.5724471606824 186.85816144639674
396.8321874204227 178.130888719124
372.52049910873427 195.58543417366948
340.72829131652657 188.7282913165266
332.00101858925376 182.49452508276033
1023.117901706137 150.70231729055254
1006.9101094983447 143.84517443340968
1021.2477718360072 113.92309651133178
1010.6503692386045 99.58543417366944
1000.6763432645786 99.58543417366944
990.7023172905526 91.48153806977334
983.8451744334096 88.98803157626682
1018.7542653425006 75.89712248535771
901.5594601476954 82.13088871912394
886.5984211866565 80.26075884899412
909.6633562515916 77.143875732111
912.156862745098 72.156862745098
917.7672523554877 72.156862745098
971.3776419658772 132.62439521263047
966.3906289788642 119.5334861217214
958.9101094983447 116.41660300483828
948.3127069009421 125.76725235548763
937.7153043035397 123.89712248535776
923.3776419658772 108.93608352431878
913.4036159918513 106.4425770308123
915.8971224853578 119.5334861217214
910.9101094983447 108.93608352431878
902.1828367710721 93.97504456327984
916.5204991087344 102.07894066717591
861.039979628215 98.33868092691615
866.0269926152279 78.39062897886423
862.2867328749682 79.01400560224084
856.6763432645786 82.13088871912394
862.2867328749682 86.49452508276033
834.8581614463967 87.11790170613698
802.4425770308123 87.74127832951362
783.117901706137 86.49452508276033
780.6243952126305 85.8711484593837
782.4945250827603 107.68933027756555
675.8971224853577 86.49452508276033
673.4036159918513 103.32569391392919
705.195823784059 103.32569391392919
726.3906289788642 142.59842118665645
711.4295900178253 137.61140819964345
716.4166030048383 156.93608352431878
740.7282913165266 164.4166030048383
695.2217978100331 160.0529666412019
665.9230965113318 183.11790170613696
658.4425770308123 173.76725235548764
649.0919276801629 156.93608352431878
636.0010185892539 166.28673287496815
640.9880315762668 170.65036923860453
632.8841354723708 159.4295900178253
624.156862745098 161.92309651133178
628.5204991087344 175.6373822256175
614.8062133944487 168.78023936847464
595.4815380697733 150.70231729055254
575.5334861217214 152.57244716068243
571.7932263814616 143.84517443340968
584.2607588489941 170.02699261522787
578.0269926152279 160.0529666412019
569.2997198879551 158.80621339444863
561.8192004074357 175.01400560224087
541.8711484593838 153.19582378405906
913.4036159918513 158.80621339444863
905.9230965113318 130.13088871912402
882.8581614463967 135.11790170613696
877.8711484593838 128.2607588489941
867.2737458619812 148.20881079704608
854.8062133944487 135.11790170613696
804.9360835243189 130.7542653425006
472.88413547237076 153.19582378405906
478.49452508276033 148.8321874204227
483.4815380697733 153.19582378405906
507.169849758085 143.84517443340968
518.3906289788642 145.7153043035396
512.7802393684746 146.3386809269162
523.3776419658773 159.4295900178253
519.0140056022408 163.79322638146164
509.0399796282149 165.66335625159152
495.3256939139292 163.79322638146164
547.065953654189 171.27374586198113
546.4425770308123 163.79322638146164
555.169849758085 164.4166030048383
179.956193848777 88.98629418322506
137.78896976850945 119.38094301265649
218.69866876516494 108.25050823004777
260.65184602269005 114.13679585546582
277.24047478523187 113.17358515312469
284.1969965243623 115.95619384877685
286.87258180864325 113.38763197586715
307.3140533805496 142.28395304610126
