22.182836771071987 513.195823784059
696.6763432645787 347.3776419658772
15.949070537305754 275.0659536541889
14.70231729055248 207.74127832951353
48.36465495289018 212.72829131652657
92.00101858925379 212.72829131652657
135.63738222561747 248.88413547237067
178.02699261522787 217.7153043035395
235.3776419658773 230.18283677107198
185.5075120957473 187.79322638146164
144.3646549528902 191.53348612172132
310.182836771072 221.45556404379923
262.8062133944486 142.9101094983447
186.7542653425006 140.4166030048382
189.24777183600708 121.71530430353953
30.867775209257303 11.484658326140384
27.544955172151543 24.17178937690779
22.107613293251234 28.400833060496925
8.514258596000431 60.72280978507108
16.368196865523107 64.6497789198324
17.87856960966208 40.18174046478096
28.451178818634936 32.62987674408606
32.076073404568476 45.31700779485349
43.85698080885251 41.994187757747746
38.1175643811244 43.20248595305892
39.02378802760778 52.868871515548385
11.535004084278375 93.04478650964519
2.774842168272306 134.42899969905318
1.5665439729611321 161.6157090935548
57.45033550610331 151.04309988458195
71.3457647521819 155.57421811699888
45.367353552991496 92.13856286316181
36.00304253932983 93.34686105847301
56.846186408447736 78.24313361708322
65.30427377562597 87.90951917957268
84.93911944943272 89.41989192371165
128.13577993180752 80.65973000770558
143.23950737319728 77.03483542177203
152.60381838685893 80.35765545887779
156.22871297279247 39.879665915953176
180.39467687901615 8.161838289034623
178.88430413487717 28.400833060496925
186.43616785557205 41.08796411126435
191.2693606368168 32.62987674408606
198.2170752598561 25.682162121046762
210.60213176179568 17.828223851524086
207.58138627351775 29.30705670698032
234.16394657036378 26.28631121870236
230.2369774356024 24.17178937690779
222.38303916607975 29.60913125580812
229.33075378911903 62.23318252921005
203.3523425899286 55.28546790617075
194.89425522275033 58.60828794327651
186.43616785557205 67.67052440811038
187.94654059971103 61.32695888272666
206.07101352937877 63.13940617569342
213.32080270124584 69.78504624990495
211.8104299571069 61.02488433389886
241.11166119340305 55.28546790617075
245.64277942582 87.30537008191709
168.0529666412019 64.36465495289018
296.4118804546613 124.63738222561756
284.6173113873649 111.24895247355138
271.8664259092067 75.86524527166237
300.5559182350627 57.37646132833296
288.12380489385845 57.69523346528691
258.7967682940946 29.32451327638488
264.8534388962197 12.1108178808713
264.5346667592658 20.080121304720187
268.35993240271324 26.455564043799278
271.5476537722528 22.31152626339787
277.60432437437794 21.992754126443913
301.19346250897064 40.48153806977333
287.48626061995054 42.075398754543095
272.8227423200686 9.879412922193618
279.1981850591477 9.241868648285697
270.27256522443696 1.2725652244368093
286.84871634604264 3.185198046160568
284.298539250411 16.573627798226667
290.0364377155822 16.892399935180627
295.77433618075344 12.42959001782526
311.3941708914972 19.761349167766227
311.3941708914972 34.42486746764816
315.85698080885254 38.88767738500355
992.156862745098 90.54647313470838
974.7023172905525 39.42959001782526
953.5075120957475 20.72829131652657
871.2217978100331 144.15686274509795
846.2867328749682 217.7153043035395
798.9101094983449 161.61140819964345
832.5724471606826 125.4555640437992
862.4945250827603 91.79322638146165
879.9490705373059 56.88413547237067
848.7802393684748 96.78023936847461
822.5984211866564 70.59842118665641
805.1438757321112 96.78023936847461
787.6893302775655 94.28673287496805
741.5594601476954 119.22179781003298
664.2607588489941 151.6373822256174
624.3646549528902 156.62439521263042
542.078940667176 212.72829131652657
500.9360835243188 182.80621339444863
522.130888719124 151.6373822256174
599.4295900178253 135.42959001782526
671.7412783295138 125.4555640437992
685.4555640437993 104.26075884899412
691.6893302775655 125.4555640437992
473.5075120957475 154.13088871912396
443.58543417366946 130.44257703081223
362.54647313470844 165.35166793990314
331.3776419658773 127.94907053730576
355.06595365418895 125.4555640437992
386.2347848230201 121.71530430353953
438.5984211866565 114.23478482302002
375.0140056022409 99.27374586198101
320.15686274509795 100.52049910873428
310.10137278051724 12.509283052063813
318.9951154015326 12.838680926916235
352.9230965113319 3.615540431048465
357.5346667592658 5.591927680162995
358.52286038382294 15.144466050883185
334.14741764474394 27.33218742042275
320.9715026506471 33.59074704261872
358.19346250897064 41.82569391392922
363.7932263814617 30.296768294094505
366.4284093802811 24.03820867189853
370.7105817533626 46.10786628701072
368.0753987545432 83.98862189503906
388.4980669953933 26.343993795865483
384.5452924971642 28.649778919832432
408.92073523624333 11.191691552654126
411.8853161099151 40.17870453966715
423.7436396046022 36.55532791629051
428.0258119776837 29.967370419242087
424.40243535430704 14.815068176030763
441.8605227214853 6.58012130472026
431.64918860106036 35.567134291733254
430.3315971016507 76.08307289858097
442.51931847119016 61.26016853022206
454.7070398407298 36.22593004143809
477.7648910803992 45.11967266245346
461.953793087483 18.4384447994074
462.2831909623355 10.532895802949282
457.34222283954915 7.897712804129945
460.306803713221 1.9685510567863578
474.1415144570226 8.227110678982367
472.4945250827605 12.838680926916235
482.70585920318547 1.3097553070815147
501.8109359446259 4.60373405560573
519.2690233118042 1.9685510567863578
534.091927680163 6.909519179572682
517.622033937542 50.719436534944606
547.5972405491123 52.03702803435428
513.3398615644606 94.1999560154641
560.5955539240491 104.71336468471685
579.0312091778861 72.58265124231512
557.9618888877867 6.74102533575416
573.2371460981087 5.1608263139967
586.4054712794209 2.000428270481743
590.6193353374408 5.1608263139967
650.140165156972 5.1608263139967
710.714460991008 3.0538942849867166
738.6313103753898 2.000428270481743
758.6471646509845 5.1608263139967
911.3997367542056 3.0538942849867166
878.215557297299 27.283612618601182
850.8254409201697 18.855884502561356
833.4432516808375 18.855884502561356
809.7402663544755 26.230146604096213
725.9897182013301 16.74895247355141
708.0807959547456 10.954889393774055
696.4926697951909 22.01628254607628
681.2174125848687 43.612335843428276
671.2094854470714 36.76480674914595
653.3005632004869 36.23807374189346
629.0708448668723 65.20838914078027
601.680728489743 79.95691334384995
559.0153549022916 26.230146604096213
726.5164512085826 36.76480674914595
745.4788394696722 48.35293290870065
934.1565254200855 3.098674180415936
769.1798397680749 7.285733873969173
790.9181015063365 6.262756850992161
880.4285910168261 4.184834773070178
69.72208013640237 81.60167879860975
335.46121057118506 6.738802544429138
344.13010689225536 7.80903665814151
581.4010099022885 1.4946553872384944
