19.11982570806115 316.3642701525054
12.482788671023966 246.20130718954246
57.04575163398694 234.8235294117647
103.50501089324622 171.29760348583872
127.20871459694996 164.6605664488017
67.4753812636166 279.3864923747276
131.9494553376907 295.5050108932461
138.58649237472773 381.78649237472763
188.83834422657955 369.4605664488017
277.0161220043574 172.2457516339869
581.371677559913 271.80130718954246
588.9568627450982 292.66056644880166
640.1568627450981 368.51241830065356
493.19389978213525 177.93464052287575
431.5642701525055 147.59389978213505
447.682788671024 137.1642701525054
499.8309368191723 148.5420479302832
536.8087145969499 143.80130718954246
413.54945533769074 129.57908496732026
843.0605664488019 236.71982570806094
844.0087145969501 178.88278867102395
889.5198257080611 182.6753812636165
907.534640522876 137.1642701525054
98.76427015250549 133.3716775599128
11.179084967320245 38.37908496732025
13.667973856209132 29.608714596949888
48.98649237472766 43.59389978213506
20.77908496732024 83.94945533769062
55.86056644880173 119.74204793028323
65.57908496732024 80.63093681917209
85.72723311546838 44.601307189542474
114.17167755991285 73.51982570806099
171.2976034858387 121.28278867102398
248.57167755991276 78.61612200435732
278.91241830065354 123.65315904139435
296.92723311546837 112.27538126361658
310.20130718954243 107.5346405228758
339.593899782135 104.69019607843138
407.86056644880176 86.67538126361657
428.7198257080609 79.09019607843138
279.38649237472765 69.60871459694991
173.1938997821351 46.0235294117647
198.55686274509807 60.24575163398692
220.3642701525055 55.50501089324619
187.41612200435733 40.808714596949876
253.54945533769066 61.19389978213507
271.32723311546846 52.660566448801724
301.19389978213513 52.18649237472766
141.13464052287583 24.423529411764704
152.03834422657954 17.0161220043573
158.85315904139435 9.13464052287582
143.9790849673203 20.45315904139434
193.57908496732026 33.756862745098026
199.38649237472768 21.193899782135073
184.45315904139434 30.675381263616554
212.66056644880175 29.13464052287581
199.74204793028323 37.549455337690624
359.5050108932461 40.57167755991284
382.0235294117646 49.57908496732025
388.8976034858387 35.119825708060986
409.28278867102387 40.334640522875816
419.7124183006535 40.334640522875816
430.1420479302831 46.73464052287581
484.1864923747276 48.15686274509804
504.8087145969498 44.838344226579515
607.4457516339869 89.51982570806099
633.5198257080608 90.46797385620916
630.6753812636164 71.03093681917213
611.7124183006534 73.87538126361659
602.230936819172 65.8161220043573
397.0753812636167 16.334640522875816
389.01612200435744 18.467973856209145
372.1864923747277 20.60130718954248
474.11241830065364 20.36427015250544
357.37167755991294 23.09019607843137
333.9050108932462 21.312418300653587
292.5420479302833 27.593899782135093
307.5938997821351 24.27538126361657
237.43093681917216 23.327233115468427
424.9864923747276 12.630936819172115
403.00130718954244 8.601307189542485
382.556862745098 9.430936819172116
330.5272331154684 10.912418300653599
349.193899782135 8.660566448801747
361.9346405228758 13.519825708061008
369.1642701525054 10.319825708061007
365.0753812636165 9.312418300653595
357.66797385620913 9.490196078431376
319.50501089324615 14.764270152505453
252.54204793028322 14.467973856209152
243.06056644880172 12.33464052287582
273.9346405228758 12.038344226579524
281.6383442265795 13.816122004357304
823.6235294117646 107.53464052287578
965.3716775599129 116.0679738562091
824.8087145969498 55.97908496732025
804.8976034858387 61.19389978213507
789.9642701525054 59.06056644880174
803.0013071895424 53.37167755991285
812.0087145969499 43.41612200435729
838.5568627450981 33.46056644880173
862.2605664488017 42.94204793028321
876.2457516339869 38.43834422657951
879.0901960784313 53.84575163398692
889.993899782135 54.55686274509803
904.6901960784313 49.34204793028322
915.5938997821349 42.467973856209134
936.4531590413943 38.67538126361656
934.0827886710239 47.445751633986916
916.3050108932462 67.35686274509804
921.2827886710239 55.030936819172105
950.4383442265796 50.05315904139433
963.4753812636164 39.86056644880174
977.4605664488017 46.49760348583878
984.8087145969498 39.62352941176469
994.0531590413945 45.549455337690624
1006.1420479302832 37.01612200435729
979.3568627450979 80.86797385620915
813.993899782135 13.297603485838783
838.5568627450981 15.593899782135079
888.7494553376905 19.77167755991285
901.0753812636166 22.85315904139433
1002.8235294117646 21.786492374727665
937.1642701525054 13.282788671023969
923.6531590413944 8.779084967320262
958.5568627450981 2.282788671023965
975.0901960784313 10.853159041394337
988.0087145969499 9.549455337690635
997.9050108932463 11.979084967320263
854.6753812636164 9.371677559912857
877.6087145969499 14.053159041394338
1005.8457516339869 13.105010893246188
442.7642701525055 14.171677559912856
427.7124183006537 5.149455337690631
1019.8092103974454 106.73828132651664
1022.8781414663766 86.27874086697621
644.3766429648782 64.28473487297022
593.7392803275156 59.169849758085086
575.3256939139293 81.16385575209107
569.315703903939 46.75026933850464
566.3746449628801 39.589430177665484
576.6044151926503 26.54647313470844
583.6373822256174 23.093925682160993
580.4405790288142 33.963056551291864
589.7752443634795 28.2088107970461
604.4805390687742 8.900119488354797
623.1498697381048 9.283735871971176
628.9041154923506 13.503516091751408
626.346672934908 60.68833127656657
640.9240955123307 87.15786174609703
560.1089106971458 16.060958649193957
478.3986209868562 9.259759847995142
485.3676519558871 11.88113846937376
494.06295665119177 7.149869738105031
501.9270925153277 5.871148459383756
485.04797163620685 5.871148459383756
248.22879081702604 3.5894301776654673
238.67034925858448 9.643376231611526
319.90111848935373 6.242776831012123
333.9670525552878 2.214804803040093
262.67834126657647 1.1858337740690683
281.69932028755545 2.1828367710720613
373.06395565219094 10.026992615227902
362.96205755029285 4.464555052790336
532.6803392685746 6.882137470372759
541.3436759319112 2.630389218624509
610.7782413664764 4.484535072770365
971.8891304773658 6.766253354488651
980.5524671407026 2.278740866976156
945.067951656187 4.804215392450684
929.3716479598834 4.400618988854283
895.4215980098335 8.768251356486648
904.5964231846586 14.074944663179956
882.4905290787646 1.1698497580850502
1022.4305890188243 15.293725881961198
1022.6863332745686 33.707312295547595
220.86415545239078 2.68233727057258
445.4076119958472 3.7053142935495926
516.2487708370061 1.9151045033398202
551.0299896182248 1.403615991851278
555.1218977101329 1.9151045033398202
805.6150567250311 1.066561741753539
841.574922945767 1.4946553872384944
899.4745884976064 1.8157256213522024
911.1401403370713 37.936126959144886
1022.6585349859008 8.825759066168295
967.755524952456 5.775591842087998
988.6250901698471 34.67191291232211
944.2103744507837 57.25385271165321
904.9327824775396 6.417732310315413
910.8190701029575 4.089973112991022
