4.728291316526569 108.00101858925379
42.13088871912395 95.53348612172132
87.01400560224083 318.70231729055257
145.61140819964345 339.8971224853577
392.46855105678634 558.078940667176
462.2867328749681 535.6373822256174
537.091927680163 565.5594601476954
554.5464731347084 640.3646549528903
694.1828367710722 756.3127069009423
104.35166793990317 90.59783086788435
131.93608352431875 102.50928305206381
136.32451327638483 114.42073523624326
145.10137278051707 105.64387573211107
183.97032201310267 86.20940111581827
200.89712248535773 106.27079426812048
233.4968863578489 105.64387573211107
303.71176239090676 116.9284093802811
340.0730374794545 125.70526888441333
355.7460008796907 167.70881079704614
340.699956015464 181.50101858925396
355.7460008796907 272.4042063106235
293.6810658147555 278.0464731347085
390.22652036021015 207.20467856564125
414.67634326457846 202.81624881357507
426.5877954487579 291.2117623909068
436.6184920249091 313.1539111512374
530.6562724263258 286.1964141028313
569.5252216589114 307.51164432715245
583.9443479871287 213.47386392573563
551.971502650647 215.98153806977342
560.7483621547792 165.82805518901785
543.8215616825242 168.3357293330556
500.5641826978724 150.1550917887817
393.9880315762668 121.94375766835665
353.2383267356529 66.77492649952546
404.64564668842735 58.624985531402686
432.230062272843 64.2672523554877
464.20290760932465 69.28260064356323
457.30680371322075 105.64387573211107
426.5877954487579 108.77846841215832
417.8109359446257 121.31683913234723
443.51459592101304 130.09369863647944
492.4142417297497 115.04765377225276
539.4331319304582 117.55532791629051
560.7483621547792 99.37469037201663
576.4213255550154 91.22474940389378
575.1674884829965 79.31329721971433
706.9630695253308 251.58560283617578
759.1870533337301 251.58560283617578
817.522354396304 170.47175564440656
797.5216797462787 170.47175564440656
728.6304670628581 161.58256691106195
701.9629008628244 169.9161813485725
685.2956719878033 129.9148320485219
673.6286117752886 102.1361172568201
649.1833427585909 98.24709718598184
630.2938167002337 96.58037429847975
715.8522582586752 90.46905704430533
737.5196557962028 99.91382007348398
793.0770853796064 89.35790845263728
812.5221857337975 98.24709718598184
818.633502987972 78.80199683179058
810.2998885504613 55.467876406761064
849.190089258844 85.46888838179902
847.5233663713419 110.46973169433063
863.0794466546948 56.02345070259509
499.7338571792352 57.134599294263154
392.5980838616438 21.335476339296044
390.6550917887816 9.288925487550397
388.32350130134694 1.5169571961015724
395.7068711782233 5.014342927253535
435.73250787918465 4.237146098108675
452.0536412912272 8.511728658405497
471.87216043442163 13.174909633274806
458.6598143389587 29.884641459889725
457.1054206806689 37.65660975133855
471.87216043442163 32.21623194732438
425.6289491003012 23.278468412158247
435.73250787918465 29.496043045317315
375.49975362045643 20.169681095578735
361.8988091104209 24.832862070448005
369.28217898729736 21.335476339296044
396.4840680073682 33.770625605614136
411.25080776112094 34.93642084933148
465.2659873866902 47.37157011564954
486.25030177360196 55.53213682167081
516.1723796956799 52.811947919663744
501.0170415273547 31.050436703607073
505.29162408765154 14.729303291564564
535.9908988388744 13.952106462419668
543.3742687157508 15.895098535281873
537.9338909117366 21.72407475386849
539.0996861554539 25.998657314165314
543.3742687157508 28.718846216172416
537.5452924971642 39.599601824200754
560.8611973715106 46.205774871932235
562.0269926152279 39.988200238773196
563.5813862735176 29.496043045317315
552.3120322509169 26.775854143310212
567.8559688338145 13.174909633274806
572.5191498086838 6.957335000115742
580.679716514705 13.174909633274806
577.5709291981256 16.672295364426766
570.5761577358215 20.169681095578735
587.2858895624365 24.055665241303146
585.3428974895743 29.884641459889725
588.4516848061538 20.169681095578735
596.2236530976027 33.770625605614136
644.7984549191577 39.211003409628304
628.4773215071152 33.770625605614136
614.099180167935 37.65660975133855
610.9903928513554 28.33024780159997
621.8711484593838 25.998657314165314
595.4464562684578 7.7345318292606375
599.7210388287547 17.44949219357163
607.8816055347759 10.843319145840153
604.7728182181964 3.8485476835362267
629.6431167508326 16.672295364426766
624.9799357759633 15.117901706137012
644.7984549191577 27.164452557882658
637.4150850422814 24.832862070448005
639.7466755297161 18.615287437288977
653.736218454324 19.392484266433836
657.6222026000482 61.36111304025743
652.1818247960341 75.73925437943772
853.3189474136765 40.734278835501165
855.2589035614247 35.561062441505534
843.29584065031 38.14767063850334
838.1226242563142 39.44097473700228
836.8293201578155 49.78740752499351
820.6630189265791 47.2007993279957
814.1964984340846 40.087626786251725
818.3997367542061 36.531040515379715
826.4828873698242 35.884388466130275
825.5129092959501 28.12456387513685
852.672295364427 7.755024323779092
853.965599462926 3.551786003657659
849.4390351181797 3.551786003657659
858.4921638076721 4.5217640775318415
854.9355775368001 20.041413259518688
836.8293201578155 15.514848914772514
845.2357967980582 19.071435185644503
846.2057748719325 11.311610594651082
846.2057748719325 3.551786003657659
836.5059941331907 1.935155880534034
833.5960599115682 8.725002397653274
833.2727338869435 6.461720225280207
831.9794297884445 12.604914693149968
826.806213394449 14.868196865523071
828.7461695421972 11.634936619275821
828.7461695421972 8.078350348403832
829.3928215914467 2.258481905158738
822.6029750743274 2.258481905158738
818.0764107295813 5.491742151406024
817.1064326557071 2.258481905158738
824.8662572467006 8.725002397653274
818.0764107295813 14.868196865523071
812.2565422863363 15.514848914772514
816.4597806064577 25.861281702763744
805.1433697445923 39.44097473700228
780.2472658484884 53.02066777124077
765.6975947403756 55.28394994361385
786.7137863409829 37.82434461387864
790.5936986364796 34.91441039225609
795.7669150304752 25.861281702763744
805.1433697445923 24.567977604264858
801.5867834737203 16.808153013271436
804.8200437199675 13.574892767024151
811.286564212462 10.018306496152196
814.1964984340846 7.755024323779092
812.579868310961 5.815068176030728
809.023282040089 3.22845997903292
807.72997794159 6.78504624990491
804.173391670718 2.5818079297834773
803.5267396214686 5.491742151406024
801.5867834737203 9.371654446902717
799.9701533505965 12.281588668525265
792.5336547842279 17.131479037896142
789.9470465872301 13.251566742399447
798.6768492520978 3.22845997903292
793.1803068334774 1.2885038312845911
787.3604383902324 1.2885038312845911
785.4204822424839 3.551786003657659
780.5705918731131 10.018306496152196
779.6006137992389 15.514848914772514
777.3373316268659 28.12456387513685
766.0209207650004 25.2146296535143
766.0209207650004 17.77813108714562
764.7276166665015 14.868196865523071
773.1340933067444 11.634936619275821
776.3673535529916 10.018306496152196
779.2772877746141 7.108372274529649
771.8407892082454 1.2885038312845911
766.6675728142499 1.935155880534034
762.4643344941284 7.755024323779092
759.2310742478811 1.935155880534034
755.3511619523845 1.935155880534034
750.8245976076382 1.935155880534034
755.6744879770092 15.838174939397254
751.147923632263 7.755024323779092
755.0278359277597 6.461720225280207
750.1779455583888 18.10145711177032
747.2680113367662 8.725002397653274
742.4181209673955 10.988284570026343
743.7114250658942 20.041413259518688
709.1155404310485 54.31397186973968
699.4157596923068 43.967539081748434
665.4665271067106 39.764300761626984
667.0831572298341 65.9537087562298
653.180138170971 11.311610594651082
663.5265709589622 7.755024323779092
662.8799189097127 16.161500964021958
668.3764613283331 21.334717358017574
679.3695461655739 16.808153013271436
672.9030256730792 30.387846047509917
680.9861762886974 26.83125977663793
695.53584739681 30.387846047509917
689.715978953565 22.628021456516496
706.205606209426 33.29778026913247
723.6652115391613 42.35090895862481
726.8984717854086 32.004476170633545
719.4619732190398 22.304695431891755
708.7922144064238 20.041413259518688
736.921578548775 3.22845997903292
730.1317320316558 6.461720225280207
727.2217978100332 1.935155880534034
724.6351896130354 5.491742151406024
741.1248168688965 5.491742151406024
720.7552773175388 3.22845997903292
716.2287129727926 4.198438052907102
705.5589541601765 11.634936619275821
712.025474652671 4.198438052907102
692.6259131751875 6.461720225280207
688.4226748550661 3.22845997903292
681.6328283379469 5.491742151406024
678.0762420670749 6.78504624990491
622.464165831622 7.108372274529649
615.0276672652533 8.078350348403832
596.9214098862686 24.567977604264858
543.7820946560443 39.646658663465345
669.0474007784932 15.03441376550615
732.9171933236104 5.4166030048382865
705.8215616825242 3.185198046160604
867.1202629812253 37.293816700233805
874.1332499942124 36.656272426325884
870.3079843507651 35.06241174155612
870.9455286246729 45.900664397990575
875.0895664050744 29.962057550292837
875.4083385420282 21.036437715582103
876.0458828159362 8.60432437437785
871.5830728985808 4.460286593976443
879.8711484593837 4.460286593976443
878.2772877746139 1.2725652244368808
865.8451744334096 10.198185059147612
866.4827187073175 21.036437715582103
820.579530985948 9.241868648285768
840.9328789366988 16.79651530033484
651.0732507049648 1.8157256213522024
641.4411436815534 1.066561741753539
576.3709095678411 56.6117122434258
590.6050232802155 14.230441340415757
830.6585349859016 20.223752377205056
862.8725818086441 6.738802544429138
860.5180667584768 18.832448029378966
858.3775985310522 17.22709685881041
840.5046888320554 9.307364417338837
