33.40361599185124 490.75426534250056
4.728291316526569 256.3646549528902
45.871148459383704 216.46855105678625
95.74127832951355 283.79322638146164
196.72829131652657 311.221797810033
155.58543417366943 186.54647313470838
614.3906289788644 751.3256939139292
864.9880315762668 589.2477718360071
869.97504456328 548.10491469315
701.6633562515915 238.91010949834475
711.6373822256177 169.09192768016288
741.5594601476954 160.3646549528902
806.3906289788642 215.22179781003305
786.4425770308125 177.8192004074356
604.4166030048383 258.8581614463967
500.9360835243188 156.62439521263042
429.8711484593837 139.16984975808495
568.2607588489941 116.72829131652658
509.66335625159155 79.32569391392919
417.4036159918512 99.27374586198101
398.70231729055257 108.00101858925379
316.41660300483824 136.67634326457846
259.0659536541889 135.42959001782526
42.3386809269162 186.85816144639674
4.312706900942145 201.81920040743566
63.5334861217214 183.74127832951362
98.4425770308123 160.0529666412019
119.01400560224087 146.9620575502928
139.58543417366948 137.61140819964345
175.74127832951365 126.39062897886427
190.07894066717594 128.2607588489941
197.55946014769546 123.89712248535776
214.3906289788643 123.89712248535776
196.9360835243188 51.585434173669434
180.7282913165266 54.70231729055256
172.62439521263047 63.42959001782526
154.5464731347084 69.6633562515915
158.28673287496815 80.26075884899412
160.156862745098 76.52049910873436
141.4555640437993 79.01400560224084
123.37764196587726 54.078940667175914
104.05296664120193 55.94907053730576
87.22179781003308 44.10491469314993
75.37764196587723 12.936083524318782
49.195823784059066 17.2997198879551
35.48153806977333 24.156862745097968
23.637382225617472 2.3386809269161626
12.416603004838251 17.92309651133174
119.01400560224087 3.5854341736694373
92.20881079704607 94.59842118665644
82.23478482302009 97.71530430353955
66.65036923860451 119.5334861217214
46.70231729055255 116.41660300483828
36.72829131652657 122.02699261522788
8.052966641201897 135.74127832951362
187.58543417366948 102.07894066717591
237.4555640437993 73.40361599185124
245.55946014769546 63.42959001782526
231.8451744334097 47.84517443340968
232.46855105678637 15.42959001782526
256.1568627450981 12.312706900942144
257.4036159918513 39.74127832951361
272.9880315762669 30.390628978864203
278.59842118665654 26.02699261522788
282.33868092691625 21.03997962821485
279.84517443340974 42.85816144639673
295.4295900178253 64.05296664120189
258.02699261522787 67.16984975808501
303.5334861217214 89.61140819964345
337.81920040743574 77.143875732111
334.7023172905526 51.585434173669434
325.3516679399033 41.611408199643456
314.1308887191241 51.585434173669434
344.052966641202 45.975044563279845
359.63738222561756 55.325693913929186
382.078940667176 42.85816144639673
407.63738222561756 43.48153806977329
393.29971988795523 21.03997962821485
382.7023172905526 25.403615991851243
337.81920040743574 14.806213394448621
347.79322638146164 10.442577030812304
320.3646549528903 12.312706900942144
390.1828367710721 7.949070537305755
416.3646549528903 12.312706900942144
445.0399796282149 64.67634326457853
420.10491469315 35.377641965877224
463.11790170613705 63.42959001782526
477.45556404379937 55.94907053730576
460.00101858925393 26.02699261522788
451.2737458619811 17.92309651133174
439.42959001782526 16.676343264578534
447.53348612172147 6.7023172905525525
475.5854341736695 24.156862745097968
499.8971224853577 9.19582378405903
365.8711484593838 243.58543417366948
529.6114081996434 64.05296664120189
532.1049146931499 49.715304303539526
541.4555640437992 14.806213394448621
584.4685510567863 7.949070537305755
612.5204991087344 2.3386809269161626
595.0659536541889 4.208810797046074
630.5984211866564 38.49452508276034
636.8321874204227 8.572447160682392
644.9360835243187 26.02699261522788
655.5334861217214 13.55946014769542
649.9230965113318 49.715304303539526
629.3516679399032 6.078940667175915
694.8062133944485 62.80621339444862
687.3256939139292 21.66335625159149
668.0010185892538 39.74127832951361
666.130888719124 3.5854341736694373
681.7153043035397 1.715304303539525
711.6373822256174 32.26075884899411
696.0529666412019 7.949070537305755
747.7932263814616 16.676343264578534
739.0659536541889 31.014005602240836
729.0919276801629 45.975044563279845
783.117901706137 71.53348612172137
835.4815380697735 122.02699261522788
843.5854341736695 89.61140819964345
829.2477718360072 32.884135472370744
791.8451744334096 45.35166793990321
788.10491469315 16.676343264578534
813.039979628215 10.442577030812304
802.4425770308123 23.533486121721403
851.6893302775655 40.98803157626682
914.0269926152279 51.585434173669434
897.1958237840591 27.89712248535772
892.2088107970461 9.19582378405903
907.1698497580851 1.715304303539525
944.5724471606825 6.078940667175915
958.9101094983447 10.442577030812304
957.039979628215 27.89712248535772
942.7023172905526 30.390628978864203
926.4945250827603 26.02699261522788
930.2347848230202 58.44257703081231
980.10491469315 51.585434173669434
988.2088107970461 38.49452508276034
1021.2477718360072 21.03997962821485
983.8451744334096 135.11790170613696
966.3906289788642 112.05296664120189
976.9880315762668 86.49452508276033
1022.0789406671761 60.62439521263037
292.7282913165266 3.273745861981011
280.26075884899416 9.507512095747241
321.8831364713718 511.51750210573744
679.9250945133299 369.3236959119312
57.521411240081314 112.3173978621548
183.80903665814157 63.40769886549938
739.0464948521217 586.2170634139943
820.3842874942621 361.89599317988063
500.59833431700457 225.5481670929242
515.3675650862353 14.176929634730115
532.4913109056333 1.5481670929241185
575.5147222768709 1.9762607384090385
440.0230834808842 1.976260738409074
310.73880254442923 15.461210571185017
754.4578660895799 62.123417929044535
758.3107088989443 84.17024067151945
665.6284346514525 42.43111023673685
673.1200734474393 24.023083480883987
713.574922945767 5.186963079546223
779.5013443504494 26.37759853105123
1007.6752573939274 54.84582595580041
995.4745884976063 11.180274116335497
885.6685684307166 1.976260738409074
873.6819463571381 15.675257393927478
