987.7599161802126 565.1644963328844
309.1644963328845 631.1186948061667
131.82098488250273 534.3858703786859
118.63014518784621 298.41640472983084
71.72938182906756 252.98129022601415
18.96602305044165 134.2637329741056
29.225565035174476 116.6759467145637
65.8667864092203 132.79808411914385
36.5538093099836 140.12632839395306
105.43930549318975 144.52327495883847
102.63014518784614 128.76754976799887
130.47747343212095 136.82861847028892
143.66831312677743 123.63777877563246
182.50800778326598 134.6301451878462
200.82861847028892 125.8362520580752
235.27136656189197 131.6988474779225
260.18739709624305 140.49274060769352
278.50800778326595 157.34770243975456
277.04235892830417 204.98129022601415
277.04235892830417 258.47747343212103
242.5996108367011 270.20266427181565
210.35533602754083 308.3095345008233
337.8667864092202 202.04999251609047
395.0270917527316 232.095794042808
336.40113755425836 311.240832210747
403.82098488250267 288.52327495883856
545.74464900464 278.9965574015866
532.5538093099835 301.71411465349496
516.4316719054034 258.4774734321209
520.8286184702888 201.31716808860944
583.1186948061667 177.86678640922014
641.0118245771591 195.4545726687621
631.4851070199071 319.30190091303695
658.5996108367011 308.30953450082325
479.1797635084569 204.61487801227366
482.1110612183806 160.6454123634187
568.5843436611286 124.00419098937282
577.3782367908996 104.95075587486899
546.5996108367011 107.88205358479271
582.1415955695256 63.546175722197276
607.0576261038767 56.95075587486901
599.7293818290676 23.2408322107469
612.1873970962432 22.508007783265974
670.0805268672356 70.14159556952555
645.1644963328844 72.34006885196825
620.9812902260142 57.68358030234994
629.0423589283042 59.882053584792715
545.5003741954798 61.34770243975457
536.7064810657088 90.6606795389912
568.2179314473882 81.86678640922018
606.3248016763959 130.23319862296066
623.9125879359378 123.63777877563238
634.9049543481516 145.62251160005988
687.6683131267775 154.41640472983087
697.9278551115103 139.02709175273162
774.1415955695256 133.8973207603652
771.9431222870828 191.7904505313576
741.1644963328844 332.49274060769346
813.7141146534951 250.41640472983087
856.9507558748692 234.29426732525073
834.2331986229607 196.92022152372402
834.9660230504417 178.59961083670112
840.095794042808 161.01182457715913
897.2560993863196 128.76754976799882
851.8209848825028 122.17212992067057
841.5614428977699 108.98129022601407
841.5614428977699 63.546175722197276
868.6759467145637 72.34006885196825
889.1950306840293 79.66831312677745
876.0041909893731 114.11106121838048
892.126328393953 107.51564137105225
899.4545726687621 111.17976350845684
891.3935039664722 119.97365663822782
838.2637329741059 329.19503068402935
899.8209848825029 342.38587037868587
892.4927406076935 406.87441999700644
861.714114653495 439.11869480616684
958.4469390809761 395.14922915731177
1000.9507558748692 405.4087711420446
1008.2790001496783 512.4011375542584
933.4087711420445 90.6606795389912
971.5156413710523 74.53854213441103
941.4698398443348 79.66831312677745
921.68358030235 118.50800778326597
940.7370154168538 152.95075587486906
978.1110612183804 139.75991618021254
1002.2942673252506 138.29426732525073
1012.5538093099834 133.8973207603652
1021.3477024397546 152.21793144738817
909.2255650351743 113.37823679089956
