332.95686274509825 730.7050108932461
271.32723311546846 643.4753812636164
17.223529411764698 657.6976034858388
5.845751633986926 550.5568627450981
15.327233115468463 466.17167755991284
456.21612200435743 530.645751633987
421.134640522876 461.43093681917213
399.3272331154685 397.90501089324613
377.51982570806115 358.0827886710239
386.0531590413944 320.156862745098
385.10501089324623 283.1790849673202
362.3494553376907 244.30501089324616
761.5198257080611 214.91241830065357
885.7272331154685 501.2531590413943
773.845751633987 581.845751633987
879.0901960784313 127.91982570806103
915.5938997821349 128.86797385620915
943.0901960784313 121.75686274509805
994.2901960784312 66.29019607843139
623.5642701525054 75.2976034858388
541.0753812636165 87.14945533769063
771.2976034858385 11.09019607843137
778.6457516339868 13.579084967320261
469.9642701525054 108.60130718954247
477.0753812636165 39.62352941176469
503.3864923747276 33.697603485838776
566.9716775599128 22.705010893246182
381.66797385620913 27.356862745098052
421.01612200435727 41.223529411764716
458.7050108932462 21.54945533769064
63.20871459694981 97.10501089324619
57.993899782135045 49.105010893246174
112.27538126361654 39.86056644880174
43.77167755991286 21.934640522875824
54.26056644880174 17.490196078431367
63.72876909961308 5.186963079546223
936.3976654206836 7.220407895599612
986.4846219424225 12.785625286903926
1010.4578660895797 12.785625286903926
383.72876909961326 2.9394714407501263
356.33077578857643 2.083284149780215
387.58161190897783 73.1468293002819
