95.78661481121375 674.854383406255
354.7485982822881 525.0626478690649
635.2907470426187 519.9849619186518
288.7386809269162 261.02297844757743
230.34529249716425 214.05438340625508
6.927110678982418 122.65603629881704
328.0907470426188 64.26264786906512
361.09570572030464 40.14363960460226
411.8725652244369 29.98826770377577
385.21471398476746 75.68744125749484
395.370085885594 9.677523902122916
471.53537514179226 116.30892886080055
740.6527305136931 195.01306109220553
908.2163668773294 437.47256522443683
922.1800032409656 327.0328958029493
988.1899205963375 352.42132555501547
943.7601685302218 206.43785448063528
733.0362015880734 84.57339167071797
665.7568627450981 33.79653216658577
667.0262842327014 5.86925943931305
550.2395073731972 26.1800032409659
562.9337222492303 4.599837951709667
729.2279371252633 4.599837951709667
818.0874412574947 7.138680926916291
858.7089288608005 5.86925943931305
905.6775239021226 59.18496191865187
