27.87878787878799 740.4349376114083
159.9857397504457 525.5044563279857
22.40285204991097 481.01247771836006
52.5204991087345 459.10873440285206
203.79322638146172 395.4509803921568
188.04991087344038 346.85204991087346
217.48306595365426 343.4295900178254
302.3600713012478 353.0124777183601
376.96969696969705 292.7771836007131
349.590017825312 218.85204991087352
390.65953654188957 178.46702317290556
509.0766488413548 180.5204991087344
487.8573975044563 128.4991087344029
516.6060606060606 120.96969696969708
534.4028520499108 116.8627450980392
571.3654188948307 118.2317290552585
585.7397504456328 128.4991087344029
612.4349376114083 124.3921568627451
631.6007130124777 120.28520499108737
626.1247771836007 116.8627450980392
645.2905525846703 151.08734402852053
694.5739750445633 216.79857397504463
697.9964349376114 146.98039215686282
719.2156862745098 147.66488413547245
711.0017825311943 136.7130124777184
669.9322638146168 140.81996434937614
667.8787878787879 122.33868092691623
682.9376114081997 120.96969696969708
700.0499108734404 125.76114081996438
707.5793226381462 128.4991087344029
758.916221033868 159.30124777183607
754.8092691622103 150.4028520499109
773.9750445632799 120.28520499108737
791.7718360071302 143.55793226381468
780.8199643493762 155.8787878787879
791.7718360071302 153.82531194295905
826.680926916221 205.16221033868098
849.2691622103387 175.72905525846704
870.488413547237 192.84135472370775
874.5953654188949 151.08734402852053
865.0124777183602 131.92156862745105
843.7932263814616 131.2370766488414
821.8894830659538 131.2370766488414
803.4081996434938 127.81461675579332
836.9483065953655 111.38680926916234
849.9536541889483 116.8627450980392
884.1782531194297 120.28520499108737
893.7611408199643 140.13547237076656
896.4991087344029 159.30124777183607
920.4563279857398 168.19964349376116
920.4563279857398 159.30124777183607
932.7771836007131 159.30124777183607
969.055258467023 174.36007130124784
971.1087344028521 187.36541889483073
956.0499108734404 201.73975044563286
938.2531194295899 134.65953654188954
956.7344028520499 135.34402852049914
967.0017825311943 125.07664884135481
980.0071301247771 146.98039215686282
914.2959001782532 129.18360071301254
198.3172905525847 167.5151515151516
164.7771836007131 158.61675579322642
6.4884135472371325 96.156862745098
21.889483065953687 87.94295900178251
63.64349376114087 86.23172905525847
74.93761140819969 82.46702317290553
89.99643493761143 94.78787878787878
125.59001782531197 82.46702317290553
153.99643493761144 74.93761140819964
208.07130124777183 86.91622103386808
220.39215686274508 87.2584670231729
227.57932263814618 84.17825311942957
234.76648841354722 84.17825311942957
119.85739750445632 31.04456327985741
130.8092691622103 38.23172905525849
248.71301247771834 45.24777183600714
251.79322638146164 49.18360071301249
19.194295900178247 35.19429590017824
17.055258467023165 28.606060606060588
62.57397504456328 25.440285204991085
529.8680926916222 84.77718360071302
537.2263814616757 74.68092691622107
575.9001782531195 83.75044563279859
571.4509803921569 109.41889483065955
592.3279857397505 103.60071301247773
589.4188948306596 77.93226381461676
576.9269162210339 71.77183600713013
550.0606060606061 45.24777183600714
580.8627450980392 36.69162210338682
618.1675579322639 45.59001782531196
634.7664884135473 43.194295900178275
648.9696969696971 46.61675579322639
647.9429590017826 29.675579322638157
634.4242424242425 30.01782531194298
674.4670231729056 58.93761140819964
670.5311942959003 66.80926916221036
677.8894830659538 72.11408199643493
661.8039215686274 81.3547237076649
658.8948306595366 88.19964349376116
627.7504456327987 85.11942959001784
615.9429590017826 91.27985739750447
606.8734402852051 85.97504456327988
612.0071301247773 100.86274509803921
695.3440285204991 90.08199643493762
703.3868092691623 74.50980392156863
720.4991087344029 66.98039215686276
732.6488413547238 55.85739750445635
716.3921568627451 39.087344028520505
747.8787878787879 77.41889483065955
757.97504456328 75.36541889483067
764.1354723707666 67.15151515151517
754.0392156862745 50.72370766488415
764.9910873440285 46.95900178253121
768.926916221034 77.76114081996435
574.4884135472371 23.13012477718359
577.9108734402853 18.081996434937597
589.2049910873441 19.70766488413546
591.9429590017826 15.429590017825296
597.7611408199643 15.515151515151508
558.3814616755793 14.295900178253122
568.0499108734404 10.103386809269166
572.2424242424242 9.761140819964352
576.8627450980392 12.456327985739755
587.0873440285205 9.119429590017829
599.0659536541889 7.70766488413548
609.590017825312 8.04991087344029
596.4563279857398 11.985739750445637
825.397504456328 73.14081996434939
825.2263814616756 65.9536541889483
808.2852049910873 52.09269162210341
809.1408199643494 47.1301247771836
781.2477718360072 42.85204991087345
771.49376114082 57.397504456328
769.440285204991 51.75044563279859
777.4830659536542 41.4830659536542
788.0926916221034 75.87878787878788
826.2531194295899 43.70766488413549
845.9322638146168 54.31729055258469
848.3279857397504 48.32798573975047
853.632798573975 47.1301247771836
858.0819964349375 49.18360071301249
856.3707664884134 77.41889483065955
855.3440285204991 91.27985739750447
855.3440285204991 95.90017825311945
859.2798573975044 100.52049910873443
873.6541889483067 90.59536541889484
837.3761140819964 91.45098039215686
835.6648841354723 82.89483065953655
880.6702317290552 78.95900178253122
887.3440285204991 75.87878787878788
868.8627450980392 82.21033868092694
900.0071301247771 79.81461675579324
894.7023172905526 59.10873440285206
897.440285204991 54.31729055258469
901.204991087344 52.09269162210341
915.2370766488414 58.93761140819964
908.9055258467023 85.97504456327988
935.6007130124777 82.89483065953655
942.9590017825311 81.01247771836007
953.5686274509803 81.6969696969697
949.632798573975 76.73440285204993
951.0017825311943 73.14081996434939
889.7397504456328 106.16755793226383
897.6114081996434 105.99643493761141
987.1087344028521 107.53654188948308
1005.590017825312 120.02852049910874
1009.0124777183602 132.349376114082
1000.9696969696969 141.93226381461673
1009.8680926916221 145.5258467023173
1012.9483065953654 113.5258467023173
1012.4349376114083 104.45632798573976
997.0338680926916 100.52049910873443
999.0873440285204 94.87344028520499
1013.2905525846701 91.45098039215686
1008.6702317290553 79.13012477718361
1001.9964349376113 73.65418894830661
986.2531194295899 76.04991087344031
982.3172905525846 87.68627450980392
976.6702317290552 59.96434937611409
987.6221033868093 39.77183600713013
959.9001782531194 44.04991087344029
974.1033868092692 36.862745098039234
981.4616755793227 32.242424242424256
1002.3386809269163 36.178253119429606
1003.8787878787878 45.24777183600714
1005.7611408199642 50.039215686274524
996.5204991087344 46.61675579322639
991.9001782531194 29.675579322638157
974.488413547237 23.90017825311942
970.723707664884 15.515151515151508
991.0873440285204 22.70231729055257
985.8680926916221 28.263814616755784
1001.6114081996434 29.63279857397503
1008.7985739750445 22.360071301247764
1014.0178253119429 25.440285204991085
1017.3547237076649 28.434937611408188
1014.9590017825311 43.49376114081995
1015.8146167557933 53.84670231729054
1003.7504456327986 17.22638146167557
995.1087344028521 15.857397504456316
1016.156862745098 16.54188948306594
978.2531194295899 15.3440285204991
1000.4563279857398 176.3279857397505
1008.156862745098 162.63814616755795
186.8501694384048 17.419600007835292
116.26475485299021 14.350668938904253
308.58443517267045 12.30471489295023
202.70631329454866 21.57544416367954
260.50451509275047 26.690329278564676
326.48653307476843 27.713306301541692
296.30871089694625 48.68433527257059
316.2567628449982 43.05796164619702
349.5035160917514 29.247771836007203
343.8771424653778 7.765254353489724
378.14687273510805 24.132886721122073
387.8651544533898 25.155863744099086
360.7562633444987 12.368650956886356
405.7672523554877 22.086932675168047
412.92809151632684 31.293725881961233
419.065953654189 20.55246714070253
701.9191005073359 29.247771836007203
707.5454741337094 25.155863744099086
700.3846349728702 14.414605002840378
680.9480715363069 15.949070537305898
559.7252943135295 3.7053142935495926
544.8921274803628 3.7053142935495926
569.9550645432997 1.1478717361070248
592.20481479305 6.518501106736414
603.4575620457972 4.472547060782352
608.0609586491938 5.495524083759401
616.5005190887543 7.285733873969173
612.6643552525906 3.961058549293846
618.0349846232198 1.4036159918513138
629.2877318759671 10.866153454388753
638.2387808270161 10.354664942900248
638.7502693385045 1.91510450333982
633.6353842236194 0.8921274803627717
641.8192004074356 2.938081526316833
646.9340855223206 7.285733873969173
652.3047148929501 5.751268339503654
651.2817378699731 12.656363244598563
662.2787408669761 9.07594366417898
657.4196000078352 3.193825782061086
659.7212983095335 9.07594366417898
668.6723472605825 7.285733873969173
665.6034161916514 2.68233727057258
673.7872323754676 3.7053142935495926
673.7872323754676 15.21380580204113
682.2267928150281 7.285733873969173
684.0170026052378 2.938081526316833
677.3676519558871 2.1708487590840733
691.4335860218212 6.262756850992161
702.6863332745685 9.843176431411742
711.125893714129 3.7053142935495926
717.0080115962468 15.725294313529636
719.8211984094337 2.1708487590840733
970.3226969109322 10.098920687155994
964.4405790288143 2.938081526316833
959.3256939139292 3.7053142935495926
950.6303892186245 2.1708487590840733
974.9260935143287 2.938081526316833
984.3886309768662 11.633386221621514
988.22479481303 11.121897710133007
988.22479481303 2.938081526316833
996.4086109968463 5.495524083759401
1006.3826369708723 8.052966641201932
1013.0319876202228 7.285733873969173
1020.7043152925505 9.331687919923235
232.29064200931202 22.471244016001044
226.2973309725227 26.00301659125188
373.77559184208815 21.293986490917426
332.250508230048 11.982949701619766
361.14682930028215 6.096662076201706
290.40435438389414 25.521411240081314
686.605023280215 10.056528296937483
662.5247557216867 36.70535772837562
581.4010099022886 5.989638664830475
580.6518460226898 14.658534985900694
529.4946553872384 5.66856843071675
566.4177323103153 3.314053380549529
595.2070299691784 534.8458259558004
