548.3127069009422 566.8062133944487
664.2607588489941 536.8841354723708
801.4036159918514 443.3776419658772
883.6893302775655 318.70231729055257
936.0529666412019 291.2737458619811
707.8971224853577 243.89712248535773
666.7542653425006 187.79322638146164
695.4295900178253 174.0789406671759
726.5984211866564 165.35166793990314
746.5464731347085 94.28673287496805
767.7412783295138 38.18283677107198
800.156862745098 79.32569391392919
858.7542653425006 94.28673287496805
850.0269926152279 166.5984211866564
871.2217978100331 48.1568627450979
605.6633562515915 3.273745861981011
510.9101094983448 55.6373822256174
499.68933027756566 25.715304303539526
466.0269926152279 3.273745861981011
431.117901706137 12.00101858925379
418.6503692386045 29.455564043799203
407.4295900178253 43.16984975808494
376.26075884899416 34.44257703081216
386.2347848230201 60.62439521263037
381.24777183600713 90.54647313470838
276.5204991087343 90.54647313470838
153.09192768016297 140.4166030048382
84.52049910873436 240.15686274509795
60.83218742042264 134.18283677107198
65.81920040743567 108.00101858925379
108.208810797046 79.32569391392919
136.88413547237076 79.32569391392919
221.66335625159155 65.61140819964345
252.2088107970461 36.624395212630496
259.68933027756555 26.02699261522788
292.10491469314996 14.806213394448621
300.2088107970461 17.92309651133174
321.4036159918513 7.949070537305755
183.6373822256175 6.078940667175915
217.92309651133178 19.79322638146165
158.7023172905526 9.19582378405903
138.75426534250062 10.442577030812304
103.22179781003305 3.5854341736694373
71.42959001782526 12.936083524318782
58.9620575502928 54.078940667175914
44.001018589253825 65.29971988795513
9.299719887955135 219.27374586198115
10.54647313470841 185.61140819964348
8.676343264578534 72.156862745098
26.130888719123984 60.93608352431878
