3.949455337690761 469.96427015250555
919.8605664488019 584.6901960784313
722.6457516339871 353.3420479302832
794.7050108932464 254.73464052287576
866.7642701525056 219.65315904139425
815.5642701525056 156.12723311546833
371.83093681917217 180.7790849673202
251.41612200435733 168.45315904139423
204.95686274509805 154.23093681917203
12.482788671023894 92.36427015250543
20.542047930283147 71.50501089324618
70.31982570806095 107.5346405228758
43.53464052287578 59.060566448801715
84.18649237472765 18.26056644880175
100.8383442265795 16.186492374727674
111.44575163398692 8.48278867102397
78.0235294117647 12.097603485838782
54.91241830065355 12.690196078431368
840.2161220043573 107.06056644880172
872.9272331154683 92.36427015250543
858.8235294117645 18.94204793028323
126.8142054024407 12.136882725118017
133.75126833950364 2.470549058784346
691.9450745333098 46.38263697087235
623.4056139938493 49.9630565512919
565.6074121956475 43.31370590194124
521.1079116961471 43.82519441342975
442.338680926916 45.263755851991135
360.88413547237053 1.3456739339092265
173.55146813970336 6.998021586256929
324.95206754030266 2.9061134943488773
339.7852343734695 1.8831364713718644
496.8122074004425 6.998021586256929
669.6953242835593 5.655364243599715
691.1778417660769 2.586433174668534
56.87927077185388 1.1200734474391985
