134.79389978213518 548.6605664488017
101.60871459694991 542.0235294117647
431.5642701525055 648.2161220043573
480.86797385620923 642.5272331154684
390.7938997821352 519.2679738562092
411.65315904139436 536.3346405228758
495.09019607843146 506.9420479302832
610.7642701525056 512.6309368191721
652.4827886710241 598.9124183006536
802.2901960784316 743.9790849673203
355.7124183006536 495.56427015250546
359.50501089324626 478.4976034858388
433.4605664488019 463.3272331154684
440.09760348583893 454.7938997821351
503.62352941176476 458.5864923747277
545.3420479302833 465.22352941176473
542.4976034858389 478.4976034858388
584.2161220043574 432.0383442265795
143.56427015250537 281.63834422657953
149.01612200435724 281.4013071895425
137.8753812636165 286.85315904139435
158.02352941176466 287.56427015250546
162.52723311546836 286.3790849673203
170.11241830065356 285.9050108932462
167.9790849673202 291.8309368191721
178.64575163398686 282.34945533769064
182.91241830065354 281.4013071895425
181.2531590413943 305.34204793028323
184.09760348583876 299.4161220043573
191.6827886710239 306.2901960784314
190.7346405228758 303.4457516339869
171.29760348583872 325.0161220043573
181.72723311546838 324.7790849673203
198.556862745098 321.4605664488017
184.80871459694984 366.7346405228758
114.17167755991281 357.0161220043573
104.69019607843131 358.43834422657955
212.30501089324616 384.5124183006536
235.53464052287578 381.66797385620913
243.83093681917208 384.27538126361657
223.20871459694985 383.5642701525055
255.91982570806098 359.86056644880176
81.22352941176463 358.08278867102405
324.42352941176466 395.53464052287586
326.31982570806093 389.3716775599129
322.0531590413943 366.1420479302833
302.6161220043573 354.29019607843145
335.32723311546835 365.66797385620913
371.356862745098 388.4235294117647
447.20871459694985 406.9124183006536
412.1272331154684 362.3494553376907
472.8087145969498 416.39389978213507
484.18649237472766 381.7864923747277
495.5642701525055 379.6531590413943
529.6976034858388 383.919825708061
539.6531590413944 385.8161220043573
555.7716775599129 364.0087145969499
608.8679738562092 398.6161220043573
615.0309368191722 388.6605664488018
627.8309368191722 391.0309368191721
630.2013071895425 379.6531590413943
646.3198257080611 367.8013071895425
649.6383442265796 360.21612200435726
662.4383442265796 327.0309368191721
652.9568627450981 322.76427015250545
645.845751633987 317.54945533769063
664.8087145969499 322.76427015250545
676.1864923747278 317.0753812636166
697.9938997821351 313.75686274509803
699.8901960784316 311.38649237472765
689.934640522876 324.18649237472766
693.2531590413945 322.29019607843134
689.934640522876 331.2976034858388
680.9272331154684 336.9864923747277
685.6679738562093 331.2976034858388
698.9420479302834 339.35686274509806
705.1050108932462 340.30501089324616
708.8976034858389 332.2457516339869
712.6901960784314 317.54945533769063
718.3790849673203 316.1272331154684
720.2753812636166 319.919825708061
724.5420479302833 307.119825708061
727.3864923747277 313.75686274509803
721.2235294117648 334.14204793028324
722.171677559913 341.2531590413944
742.082788671024 338.40871459694995
747.7716775599129 332.2457516339869
751.0901960784315 328.4531590413943
750.1420479302833 359.26797385620915
670.971677559913 409.519825708061
662.9124183006537 409.519825708061
654.3790849673203 381.0753812636166
644.8976034858389 420.42352941176466
780.9568627450981 458.3494553376907
794.2309368191721 436.06797385620916
795.6531590413944 362.5864923747277
944.9864923747277 665.8753812636165
965.6087145969499 635.2976034858387
976.2753812636165 599.1494553376907
971.2976034858387 402.2901960784313
920.3346405228758 413.54945533769063
918.2013071895424 311.26797385620904
1016.6901960784313 712.156862745098
