310.182836771072 696.4685510567864
96.98803157626682 371.065953654189
33.40361599185124 359.84517443340974
40.88413547237067 323.6893302775656
197.97504456327985 391.01400560224096
169.29971988795518 297.50751209574736
560.7802393684747 323.6893302775656
608.1568627450981 309.97504456327994
580.7282913165266 248.88413547237082
641.8192004074357 351.11790170613705
640.5724471606825 280.0529666412019
661.7672523554876 285.0399796282149
680.4685510567863 326.1828367710721
999.6373822256174 314.96205755029285
240.98803157626682 216.78023936847467
172.41660300483824 200.57244716068246
173.03997962821484 183.11790170613702
289.61140819964345 162.54647313470844
317.6633562515915 307.7932263814617
337.61140819964345 271.01400560224096
325.143875732111 224.8841354723708
369.4036159918512 238.5984211866565
415.53348612172135 264.1568627450981
439.22179781003314 254.1828367710721
416.7802393684747 233.61140819964353
414.91010949834475 204.3127069009422
366.91010949834475 198.70231729055263
337.61140819964345 171.27374586198118
323.8971224853577 189.97504456327988
320.7802393684746 204.3127069009422
366.2867328749681 166.2867328749682
340.1049146931499 151.32569391392923
355.06595365418895 160.05296664120198
377.50751209574736 140.72829131652665
402.4425770308123 127.63738222561754
411.79322638146164 128.2607588489942
442.33868092691625 148.8321874204227
428.0010185892539 163.1698497580851
408.6763432645785 155.68933027756557
391.22179781003314 171.27374586198118
437.3516679399032 178.13088871912402
483.48153806977336 157.55946014769543
474.130888719124 146.96205755029285
467.2737458619811 198.70231729055263
492.20881079704606 230.49452508276045
476.00101858925376 249.81920040743577
623.7412783295136 146.96205755029285
585.0919276801629 142.59842118665648
540.2088107970461 128.2607588489942
518.3906289788642 131.3776419658773
486.5984211866565 124.52049910873443
476.6243952126305 128.2607588489942
451.68933027756555 118.28673287496821
467.8971224853578 115.16984975808508
164.93608352431875 70.91010949834481
170.54647313470838 72.78023936847468
181.76725235548759 71.5334861217214
195.48153806977334 64.67634326457853
218.54647313470838 72.15686274509804
222.28673287496812 57.81920040743574
234.7542653425006 70.28673287496817
240.98803157626682 69.03997962821494
510.2867328749682 103.3256939139292
522.130888719124 96.46855105678635
528.9880315762668 96.46855105678635
537.7153043035396 93.35166793990324
543.3256939139292 107.68933027756557
558.2867328749682 110.8062133944487
557.039979628215 92.10491469315001
569.5075120957474 87.74127832951362
575.117901706137 83.37764196587726
629.9750445632799 115.79322638146168
654.2867328749682 118.28673287496821
664.8841354723708 145.7153043035396
623.7412783295136 89.61140819964352
274.02699261522787 64.67634326457853
279.63738222561744 66.54647313470845
320.156862745098 63.42959001782533
315.16984975808504 64.67634326457853
340.72829131652657 59.68933027756558
370.6503692386045 61.559460147695425
461.9750445632798 48.31270690094219
474.7542653425007 52.67634326457857
479.7412783295136 53.92309651133182
489.4036159918513 53.61140819964349
491.58543417366946 48.31270690094219
527.7412783295136 43.01400560224091
533.9750445632799 43.01400560224091
540.8321874204227 38.96205755029283
535.8451744334096 55.481538069773364
565.4555640437993 52.36465495289025
606.2867328749682 71.06595365418895
607.5334861217214 27.117901706137012
616.5724471606825 24.936083524318818
617.1958237840591 80.10491469314998
848.7802393684748 207.74127832951365
740.3127069009423 235.1698497580851
726.5984211866564 171.5854341736695
682.9620575502928 162.85816144639674
679.2217978100331 125.45556404379934
702.9101094983449 125.45556404379934
751.5334861217214 131.6893302775656
762.7542653425006 116.72829131652658
781.4555640437993 125.45556404379934
792.6763432645787 94.2867328749682
811.3776419658774 114.23478482302016
813.8711484593839 103.01400560224097
826.3386809269164 121.71530430353967
845.0399796282151 116.72829131652658
842.5464731347085 99.27374586198115
871.8451744334096 114.70231729055257
887.7412783295136 120.3127069009422
911.7412783295136 129.66335625159155
924.2088107970461 111.89712248535777
951.6373822256176 103.79322638146168
912.3646549528902 107.5334861217214
900.2088107970461 95.06595365418895
883.6893302775655 93.8192004074357
875.2737458619812 98.49452508276038
850.6503692386045 89.76725235548764
852.8321874204227 77.61140819964349
851.2737458619812 62.96205755029283
868.4166030048383 73.24777183600713
881.8192004074357 55.79322638146169
892.4166030048383 59.22179781003309
889.2997198879552 74.18283677107206
908.3127069009423 81.03997962821492
911.7412783295136 67.94907053730583
923.8971224853577 75.4295900178253
932.6243952126305 66.70231729055259
952.8841354723708 69.8192004074357
964.7282913165266 72.00101858925387
964.7282913165266 59.84517443340972
984.9880315762668 67.94907053730583
977.8192004074357 28.364654952890252
936.0529666412019 54.23478482302013
930.130888719124 50.18283677107207
922.9620575502928 57.975044563279845
917.9750445632799 53.92309651133182
922.6503692386045 47.68933027756558
941.039979628215 48.31270690094219
936.0529666412019 40.20881079704609
924.2088107970461 40.20881079704609
920.4685510567864 35.2217978100331
930.4425770308123 29.299719887955177
938.2347848230202 34.59842118665648
941.9750445632799 30.546473134708446
948.5204991087344 27.741278329513612
956.3127069009423 29.92309651133181
946.6503692386045 42.39062897886427
847.8451744334096 44.572447160682465
835.6893302775655 41.14387573211103
830.3906289788642 40.20881079704609
826.6503692386045 35.2217978100331
815.7412783295136 35.84517443340972
804.8321874204227 45.8192004074357
793.9230965113318 46.754265342500624
786.7542653425006 50.18283677107207
781.7672523554876 46.13088871912402
774.2867328749682 51.429590017825305
775.5334861217214 62.02699261522791
771.1698497580851 42.39062897886427
772.10491469315 35.84517443340972
785.195823784059 34.286732874968166
784.5724471606825 29.299719887955177
789.8711484593838 25.871148459383736
797.9750445632799 22.13088871912402
801.0919276801629 16.52049910873439
814.8062133944487 11.221797810033118
809.8192004074357 20.572447160682465
797.039979628215 28.364654952890252
798.5984211866564 33.663356251591544
795.4815380697733 32.41660300483829
812.6243952126305 29.92309651133181
815.7412783295136 25.871148459383736
818.5464731347083 23.689330277565578
844.4166030048383 28.052966641201934
855.6373822256176 31.79322638146167
857.5075120957474 27.117901706137012
852.8321874204227 21.507512095747384
876.5204991087344 33.663356251591544
897.7153043035397 23.06595365418894
907.3776419658772 21.8192004074357
915.1698497580851 14.026992615227915
911.7412783295136 9.663356251591525
915.7932263814616 4.052966641201934
904.5724471606825 4.364654952890252
906.4425770308123 1.2477718360071366
916.7282913165266 1.2477718360071366
924.5204991087344 4.052966641201934
920.156862745098 9.663356251591525
925.7672523554877 10.598421186656482
931.065953654189 4.67634326457857
868.4166030048383 6.234784823020126
881.8192004074357 9.663356251591525
885.2477718360072 9.663356251591525
878.3906289788642 6.858161446396729
879.3256939139292 4.052966641201934
881.5075120957474 0.9360835243188179
888.9880315762668 3.4295900178252956
896.156862745098 4.052966641201934
895.5334861217215 6.234784823020126
958.8062133944487 5.299719887955172
952.2607588489941 20.572447160682465
952.2607588489941 16.208810797046073
967.2217978100331 19.32569391392919
980.9360835243189 22.754265342500624
1018.9620575502928 4.364654952890252
1015.5334861217215 4.052966641201934
954.1308887191241 61.09192768016298
926.3906289788642 19.32569391392919
933.2477718360072 8.416603004838286
936.6763432645786 4.052966641201934
934.4945250827603 1.2477718360071366
942.9101094983447 1.8711484593837382
945.7153043035397 5.299719887955172
948.2088107970461 1.8711484593837382
888.3646549528902 6.858161446396729
798.9101094983448 45.195823784059066
651.1698497580851 84.15686274509804
656.7802393684748 83.2217978100331
655.8451744334099 76.36465495289025
640.8841354723708 81.97504456327987
644.3127069009423 75.4295900178253
664.2607588489941 73.55946014769543
665.1958237840591 67.6373822256175
674.8581614463967 71.37764196587726
682.6503692386045 66.70231729055259
704.7802393684748 80.72829131652661
704.7802393684748 65.14387573211103
701.97504456328 44.572447160682465
725.6633562515916 70.75426534250062
737.1958237840591 69.19582378405906
751.5334861217215 46.754265342500624
759.6373822256177 41.45556404379935
760.8841354723708 34.9101094983448
756.5204991087344 38.65036923860453
749.0399796282151 37.403615991851275
737.1958237840591 37.09192768016296
723.1698497580851 34.59842118665648
651.7932263814616 36.78023936847466
664.5724471606825 32.72829131652661
670.8062133944487 33.975044563279845
655.8451744334099 17.455564043799352
647.117901706137 21.507512095747384
650.8581614463967 17.14387573211103
636.5204991087344 19.637382225617507
631.2217978100331 19.637382225617507
623.4295900178254 24.936083524318818
625.2997198879552 34.9101094983448
630.9101094983448 32.10491469314999
630.5984211866565 49.24777183600714
625.9230965113318 48.93608352431882
621.5594601476955 51.429590017825305
641.8192004074357 35.84517443340972
647.117901706137 33.03997962821493
694.1828367710722 29.92309651133181
710.0789406671761 33.663356251591544
718.8062133944487 28.052966641201934
741.8711484593838 22.13088871912402
739.3776419658774 28.052966641201934
743.117901706137 27.741278329513612
755.2737458619813 23.689330277565578
758.3906289788642 23.689330277565578
719.4295900178254 42.702317290552585
712.8841354723708 39.58543417366947
721.2997198879552 48.93608352431882
723.7932263814616 44.572447160682465
730.9620575502929 40.20881079704609
674.5464731347085 32.72829131652661
763.6893302775655 60.15686274509804
762.1308887191241 93.8192004074357
111.94907053730576 201.5075120957474
150.59842118665642 222.70231729055266
155.58543417366943 262.59842118665654
63.325693913929115 177.81920040743574
