173.66797385620924 670.9716775599127
234.34945533769073 596.0679738562092
285.54945533769063 409.282788671024
273.2235294117648 308.7790849673202
315.8901960784314 285.0753812636165
334.85315904139446 242.40871459694986
255.20871459694996 246.20130718954246
313.99389978213514 202.5864923747276
385.10501089324623 218.7050108932462
393.63834422657965 167.50501089324612
427.7716775599129 166.556862745098
491.29760348583886 178.88278867102395
376.5716775599129 432.0383442265795
435.3568627450981 735.445751633987
476.1272331154685 652.0087145969499
634.4679738562094 454.7938997821351
786.1716775599131 388.42352941176466
807.9790849673204 349.54945533769063
845.9050108932463 648.2161220043573
933.134640522876 570.4679738562091
680.9272331154687 234.8235294117647
624.0383442265796 224.39389978213504
742.5568627450982 246.20130718954246
807.9790849673204 253.78649237472763
799.4457516339871 218.7050108932462
791.8605664488019 190.26056644880174
843.0605664488019 155.17908496732022
870.5568627450982 135.2679738562091
740.6605664488018 153.28278867102392
935.9790849673204 152.3346405228758
956.8383442265797 155.17908496732022
946.4087145969501 196.89760348583877
672.3938997821352 158.02352941176466
658.171677559913 136.2161220043573
599.3864923747277 137.1642701525054
574.7346405228759 197.84575163398688
628.7790849673203 190.26056644880174
391.74204793028326 146.64575163398686
334.85315904139446 140.00871459694983
189.78649237472774 159.91982570806096
124.36427015250545 165.60871459694988
112.03834422657957 150.4383442265795
88.33464052287583 147.59389978213505
31.44575163398697 188.3642701525054
26.705010893246236 268.956862745098
11.534640522875847 147.59389978213505
16.275381263616474 119.86056644880178
111.0901960784313 121.28278867102398
123.41612200435723 105.63834422657953
173.193899782135 102.79389978213507
188.8383442265795 108.48278867102397
187.41612200435728 126.02352941176471
219.1790849673202 115.119825708061
212.0679738562091 99.47538126361655
238.14204793028318 106.1124183006536
251.41612200435728 116.06797385620916
275.59389978213505 110.85315904139433
283.6531590413943 101.84575163398696
294.55686274509804 113.22352941176473
304.0383442265795 103.26797385620917
277.96427015250543 91.8901960784314
279.38649237472765 73.87538126361659
325.8457516339869 88.57167755991289
355.2383442265795 80.98649237472769
367.09019607843135 97.10501089324619
388.8976034858387 78.61612200435732
399.32723311546835 79.56427015250547
404.06797385620916 115.5938997821351
424.4531590413943 90.46797385620916
430.6161220043573 118.91241830065361
445.78649237472763 98.05315904139435
464.74945533769056 65.34204793028324
41.6383442265795 59.53464052287581
51.593899782135054 56.9272331154684
60.838344226579494 50.29019607843136
78.61612200435728 50.76427015250543
80.5124183006536 45.07538126361655
82.6457516339869 57.40130718954247
100.89760348583877 67.83093681917211
110.85315904139433 60.48278867102397
125.31241830065358 50.76427015250543
129.8161220043573 49.8161220043573
136.9272331154684 56.9272331154684
175.80130718954248 78.97167755991283
204.71982570806102 78.49760348583878
210.4087145969499 66.88278867102396
225.34204793028323 62.37908496732025
207.32723311546843 47.20871459694988
193.34204793028323 48.86797385620915
184.33464052287584 49.105010893246174
151.62352941176468 43.65315904139432
174.85315904139432 39.86056644880174
201.63834422657953 37.49019607843135
214.43834422657952 41.99389978213506
216.57167755991287 34.88278867102396
224.15686274509804 36.779084967320244
233.40130718954248 36.30501089324617
233.63834422657953 45.549455337690624
227.7124183006536 51.238344226579514
10.586492374727632 44.601307189542474
12.48278867102394 41.045751633986924
6.319825708060976 32.98649237472765
29.31241830065357 37.96427015250543
34.764270152505425 35.356862745098034
32.63093681917209 41.99389978213506
35.00130718954246 48.15686274509804
45.90501089324617 42.23093681917211
55.38649237472765 42.467973856209134
70.55686274509802 34.408714596949885
90.46797385620911 38.912418300653584
118.20130718954248 40.09760348583877
125.54945533769062 41.756862745098026
145.69760348583875 42.94204793028321
94.85315904139433 30.912418300653584
82.29019607843135 30.438344226579517
84.30501089324618 26.40871459694988
95.44575163398693 21.193899782135073
88.21612200435729 16.69019607843137
82.05315904139431 17.04575163398692
72.80871459694988 22.616122004357294
78.14204793028321 19.890196078431366
72.92723311546841 17.638344226579513
72.3346405228758 28.897603485838772
64.6309368191721 27.23834422657951
60.482788671023954 19.297603485838774
64.6309368191721 17.28278867102396
52.42352941176468 29.13464052287581
56.21612200435728 28.423529411764694
48.630936819172106 20.60130718954248
51.47538126361655 17.164270152505445
45.90501089324617 16.334640522875816
35.949455337690615 18.230936819172104
38.67538126361654 24.39389978213507
33.69760348583877 27.830936819172113
29.07538126361654 20.127233115468403
28.364270152505433 16.216122004357292
17.105010893246167 21.549455337690624
20.779084967320248 16.69019607843137
12.364270152505433 17.519825708061
7.149455337690615 16.45315904139433
7.386492374727653 26.40871459694988
2.05315904139432 28.067973856209143
1.4605664488017283 22.26056644880174
6.201307189542461 21.667973856209148
3.1198257080609793 19.060566448801737
2.8235294117647105 16.245751633986927
0.3938997821350821 15.890196078431375
2.882788671023972 12.749455337690636
9.697603485838785 11.979084967320263
11.475381263616564 9.075381263616558
8.512418300653602 9.0161220043573
14.14204793028323 8.601307189542485
18.70501089324619 9.96427015250545
24.33464052287582 11.030936819172114
26.23093681917212 8.245751633986933
36.00871459694989 11.208714596949894
41.223529411764716 11.860566448801743
48.03834422657953 11.030936819172114
53.608714596949895 11.623529411764709
56.92723311546842 12.630936819172115
58.76427015250545 9.96427015250545
79.20871459694986 11.979084967320263
65.40130718954246 11.445751633986928
74.88278867102395 8.719825708061004
90.11241830065359 11.682788671023967
94.02352941176468 12.749455337690636
99.8309368191721 12.393899782135078
105.28278867102395 8.482788671023966
110.26056644880173 11.979084967320263
147.2383442265795 22.26056644880174
170.94204793028322 32.80871459694988
196.0679738562091 26.290196078431368
197.13464052287583 22.26056644880174
207.68278867102393 20.956862745098032
209.57908496732026 30.438344226579517
125.66797385620912 35.74204793028322
130.1716775599128 10.379084967320264
141.3716775599128 12.512418300653597
162.4679738562091 13.756862745098042
114.79389978213504 8.43834422657952
112.00871459694986 5.179084967320259
119.32723311546837 6.512418300653592
126.61612200435727 6.1272331154684085
131.2679738562091 6.364270152505444
106.97167755991282 5.1198257080610015
102.97167755991282 14.690196078431372
247.86056644880173 30.55686274509803
251.89019607843136 43.11982570806099
249.28278867102395 62.43834422657952
245.37167755991283 43.71241830065359
246.20130718954246 23.09019607843137
230.67538126361654 23.208714596949886
222.26056644880174 27.47538126361655
216.57167755991284 25.342047930283222
214.55686274509802 19.53464052287581
224.03834422657948 20.719825708060995
214.319825708061 17.401307189542475
206.97167755991285 17.164270152505445
264.92723311546837 67.65315904139433
262.082788671024 58.05315904139433
266.2309368191721 45.60871459694989
259.35686274509806 35.17908496732026
254.37908496732027 27.356862745098034
253.3124183006536 17.993899782135067
262.9124183006536 17.875381263616553
265.0457516339869 22.49760348583878
273.6976034858388 35.17908496732026
281.9938997821351 29.371677559912847
286.73464052287585 41.2235294117647
297.519825708061 28.423529411764694
274.2901960784314 19.890196078431366
282.8235294117647 17.993899782135067
285.7864923747277 18.586492374727666
300.48278867102397 19.53464052287581
311.38649237472765 26.40871459694988
308.3050108932462 21.90501089324618
313.519825708061 20.36427015250544
305.6976034858388 29.371677559912847
317.0753812636166 39.80130718954248
314.34945533769064 54.26056644880173
290.882788671024 59.00130718954247
338.52723311546845 67.5346405228758
350.2605664488018 52.482788671023954
338.52723311546845 46.43834422657951
334.02352941176474 28.542047930283218
341.96427015250543 28.66056644880174
350.02352941176474 26.17167755991285
356.4235294117647 132.54204793028322
370.40871459694995 40.57167755991284
388.18649237472766 41.045751633986924
360.4531590413944 44.601307189542474
355.23834422657956 51.71241830065359
375.97908496732026 20.956862745098032
381.0753812636165 19.416122004357288
361.75686274509803 25.697603485838776
364.3642701525054 22.379084967320257
345.25315904139427 5.238344226579518
360.7790849673202 4.853159041394335
755.8309368191719 119.38649237472768
686.6161220043572 109.43093681917212
645.8457516339869 86.20130718954248
624.9864923747276 107.5346405228758
535.3864923747276 115.119825708061
951.1494553376906 110.85315904139433
928.867973856209 117.01612200435731
879.0901960784313 93.78649237472767
843.0605664488018 81.46056644880174
807.0309368191721 95.20871459694992
810.8235294117646 65.34204793028324
760.0976034858388 67.23834422657954
881.9346405228757 68.66056644880176
913.2235294117647 78.14204793028323
924.6013071895425 69.13464052287581
975.0901960784313 43.41612200435729
927.919825708061 35.356862745098034
883.5938997821349 38.201307189542476
871.2679738562091 36.54204793028322
846.8531590413943 41.99389978213506
797.5494553376906 39.14945533769061
783.8013071895425 48.6309368191721
829.7864923747276 60.719825708060995
845.6679738562091 61.90501089324618
780.6013071895425 28.542047930283218
810.2309368191721 24.749455337690623
765.7864923747276 25.460566448801735
751.682788671024 21.43093681917211
739.4753812636164 21.549455337690624
731.7716775599129 16.571677559912846
711.9790849673203 17.756862745098037
675.7124183006537 35.356862745098034
702.4976034858388 33.697603485838776
696.8087145969498 17.993899782135067
688.630936819172 19.416122004357288
670.7346405228758 17.28278867102396
670.8531590413943 29.371677559912847
656.7494553376905 27.47538126361655
653.5494553376906 16.927233115468407
640.9864923747276 38.97167755991285
632.6901960784313 43.11982570806099
630.6753812636165 67.06056644880174
594.7642701525053 39.91982570806099
605.5494553376906 22.023529411764702
620.956862745098 21.549455337690624
561.6976034858387 42.23093681917211
545.1050108932461 46.26056644880173
528.5124183006535 37.01612200435729
565.9642701525054 32.98649237472765
485.7272331154684 57.223529411764694
493.193899782135 45.01612200435729
504.2161220043572 36.12723311546841
491.1790849673202 31.860566448801737
482.2901960784313 22.379084967320257
488.2161220043572 21.786492374727665
496.86797385620906 23.32723311546841
506.70501089324614 20.245751633986917
511.20871459694985 28.779084967320255
524.2457516339869 17.519825708061
545.9346405228757 25.105010893246185
556.956862745098 19.65315904139433
588.3642701525055 24.275381263616552
580.0679738562092 17.875381263616553
572.0087145969499 16.09760348583878
447.44575163398684 69.96427015250543
456.9272331154683 47.445751633986916
474.70501089324614 43.890196078431366
408.5716775599128 33.756862745098026
402.8827886710239 27.949455337690626
401.69760348583867 19.416122004357288
414.2605664488017 20.60130718954248
430.49760348583874 22.734640522875807
438.43834422657943 18.586492374727666
432.74945533769056 16.927233115468407
472.5716775599128 27.593899782135075
345.5198257080609 68.719825708061
439.44575163398684 13.934640522875819
463.8605664488017 12.808714596949892
475.94945533769055 9.786492374727672
481.6976034858387 11.801307189542486
422.1420479302831 10.79389978213508
410.2013071895425 9.830936819172113
427.6235294117647 5.179084967320259
515.593899782135 13.69760348583878
510.49760348583874 12.630936819172115
504.8679738562091 10.497603485838784
533.9050108932462 8.482788671023966
496.2161220043572 8.542047930283228
661.9050108932462 13.045751633986931
679.682788671024 13.223529411764707
725.1050108932461 6.571677559912852
1020.5764431646779 304.36465495289025
1014.4385810268159 185.69932028755562
908.9440755323109 27.313705901941205
941.2957238839592 19.513506101741413
982.5984211866565 18.87414546238077
974.030988619224 31.277741865977166
949.9910285792639 8.940079528314822
924.4805390687744 7.853166441401736
986.9940255822609 1.2337858220211135
840.7882313764667 11.369649957885253
810.8022173904527 14.694325282560577
817.7712483594837 5.103915692150988
807.6054141936496 4.400618988854283
831.0060135942489 6.254764843000136
791.6853342735697 12.480539068774377
754.6024171906527 4.976043564278861
769.8831364713719 4.400618988854283
761.4435760318115 19.169849758085054
707.4495700378055 11.457562045797346
652.2407788290142 7.713306301541593
662.8221974104326 4.900119488354781
672.3486709369062 6.690329278564571
577.5954241836596 5.539480127715418
583.1578617460972 2.534485122720414
604.2567628449982 7.489530077765369
597.4156040038393 4.976043564278861
540.7682513564868 10.53848112671643
556.3047148929503 11.369649957885262
561.2917278799632 5.423596011831313
543.8691504573858 6.178840767076058
550.6144052026406 16.22879081702611
318.046972635208 10.94607353430884
289.78723237546774 11.841178429413743
277.76725235548776 14.398620986856294
185.57144815968357 13.607412195647488
219.13788172611717 5.935084523319819
213.89512448335992 7.469550057785347
221.88713247536788 14.05496464319994
152.93208752032297 7.777242365477656
164.24877083700628 4.036982625217915
141.967052555288 6.958061546296841
139.92109850933394 6.254764843000136
161.72329631153175 7.853166441401736
177.7712483594838 11.241777830013122
148.80821139644684 38.73428532252061
156.54447513271057 11.305713893949186
234.1628567510922 14.502517090752383
251.3336859219214 0.4460735343088287
517.5914281796635 3.3336859219212096
505.7312883195236 4.164854753090044
52.71230730054261 7.541478129713426
43.24976983800515 5.751268339503654
40.948071536306834 6.518501106736414
39.413606001841316 8.308710896946188
35.321697909933214 7.285733873969173
28.416603004838322 3.7053142935495926
32.764255352490665 1.9151045033398202
19.977042565277877 3.193825782061087
20.23278682102213 6.262756850992161
12.3047148929502 4.728291316526605
7.189829778065092 3.961058549293846
13.32769191592723 2.1708487590840733
3.8651544533897644 3.7053142935495926
70.35866094689626 6.774245362480666
70.10291669115199 3.7053142935495926
63.96505455328986 1.9151045033398202
47.34167792991324 1.1478717361070248
80.84417543241074 3.961058549293846
84.16885075708606 6.262756850992161
52.200818789054104 3.7053142935495926
631.8451744334096 7.765254353489724
624.6843352725705 2.650369238604588
614.9660535542888 2.650369238604588
640.5404791287143 3.6733462615816013
446.68633327456854 4.184834773070178
460.4965230847584 3.6733462615816013
88.66522394911142 5.56154501934552
18.35084267820841 73.20034100596759
24.558200537740177 79.40769886549937
27.98294970161978 71.16689618991407
24.023083480883994 63.996327628041165
16.638468096268603 66.35084267820838
54.79231425011476 2.9127155879073947
74.75218047085052 4.491310905633148
114.67191291232211 4.839136992589659
