978.658550034187 636.9892586956042
989.0252541961663 495.31096848188093
924.5213171882924 490.70354440988996
903.7879088643331 376.66979862811274
900.3323408103398 266.09162090032873
827.7654116764814 253.42120470235344
775.9318908665828 290.28059727828145
796.6652991905421 375.51794261011497
675.7204173007784 340.9622620701825
597.3942080769315 360.54381437614416
475.2974701691699 422.7440393480227
485.66417433114975 331.74741392620047
428.0713734312622 308.7102935662454
337.07474800944 314.4695736562342
782.8430269745692 210.80253203643667
782.8430269745692 171.6394274245132
800.1208672445355 131.32446679459198
754.0466265246254 118.65405059661676
815.0949954785062 58.75753766073367
755.1984825426232 69.12424182271349
744.8317783806434 42.63155340876512
751.7429144886302 24.201857120801172
798.9690112265376 10.379584904828175
812.7912834425107 12.683296940823721
968.291845872207 28.809281192792124
998.2401023401485 40.32784137276972
918.7620370983038 16.1388649948169
697.6056816427356 208.49882000044119
666.5055691567966 261.4841968283377
643.4684487968414 231.53594036039615
596.2423520589338 223.47294823441194
589.3312159509472 196.98025982046366
625.0387525088775 163.57643529852893
635.4054566708572 109.43920245263472
649.2277288868303 96.76878625465949
665.3537131387988 91.00950616467077
720.6428020026908 92.1613621826684
673.4167052647829 48.39083349875399
650.379584904828 34.56856128278099
686.0871214627582 19.59443304881022
661.8981450848055 8.075872868832626
707.9723858047156 24.201857120801172
717.1872339486974 4.620304814839448
623.8868964908797 72.57980987670668
593.9386400229382 73.73166589470445
565.1422395729945 109.43920245263472
574.3570877169765 145.14673901056497
553.6236793930169 155.51344317254467
486.8160303491475 152.0578751185515
489.11974238514307 138.23560290257848
521.37171088908 120.95776263261216
561.6866715190013 70.27609784071112
570.9015196629833 49.542689516751764
572.053375680981 31.112993228787673
580.1163678069652 9.2277288868304
546.7125432850305 38.02412933677417
536.3458391230508 28.809281192792124
522.5235669070778 18.442577030812448
520.2198548710822 28.809281192792124
504.0938706191137 32.264849246785445
490.2715984031407 28.809281192792124
487.9678863671453 19.59443304881022
496.03087849312953 10.379584904828175
455.7159178632082 43.783409426762894
490.2715984031407 46.08712146275845
500.6383025651205 62.21310571472699
523.6754229250755 55.30196960674049
481.0567502591588 71.42795385870889
463.77890998919247 77.18723394869777
430.37508546725775 69.12424182271349
437.2862215752442 59.90939367873144
434.98250953924867 33.41670526478322
441.8936456472352 21.89814508480577
384.3008447473477 21.89814508480577
385.45270076534547 62.21310571472699
386.6045567833432 88.70579412867522
357.8081563333995 76.0353779307
353.20073226140846 59.90939367873144
353.20073226140846 43.783409426762894
358.96001235139727 14.987008976819126
335.9228919914422 5.772160832837222
308.27834755949624 27.657425174794493
345.1377401354243 91.00950616467077
363.56743642338824 117.50219457861898
370.4785725313747 109.43920245263472
440.7417896292374 103.67992236264598
446.5010697192263 116.35033856062121
377.38970863936123 158.969011226538
414.2491012152892 201.5876838924547
361.26372438739276 196.98025982046366
244.92626656961997 125.56518670460312
216.12986611967625 120.95776263261216
180.42232956174598 119.80590661461439
225.34471426365823 163.57643529852893
246.07812258761774 190.06912371247716
210.37058602968744 186.613555658484
254.141114713602 271.8509009903174
225.34471426365823 248.8137806303625
195.39645779571677 324.836277818214
119.37396060786526 319.0769977282252
182.72604159774147 240.7507885043782
138.955512913827 198.13211583846143
181.57418557974376 182.00613158649296
62.933015725975494 203.89139592845015
74.45157590595302 266.09162090032873
9.947638898078973 229.2322283244007
14.555062970069997 176.24685149650415
34.13661527603172 116.35033856062121
64.08487174397322 119.80590661461439
111.31096848188099 119.80590661461439
132.0443768058405 110.59105847063249
104.39983237389448 95.61693023666172
114.76653653587424 84.09837005668412
79.05899997794397 78.3390899666954
3.0365027900924733 95.61693023666172
12.251350934074484 82.94651403868649
98.64055228390576 50.694545534749395
87.12199210392824 41.47969739076749
106.70354440988997 28.809281192792124
143.562936985818 82.94651403868649
121.67767264386075 72.57980987670668
174.66304947175726 29.9611372107899
186.1816096517347 11.531440922825947
182.72604159774147 48.39083349875399
165.44820132777522 67.97238580471571
185.02975363373702 74.88352191270222
186.1816096517347 92.1613621826684
218.43357815567174 96.76878625465949
250.68554665960875 10.379584904828175
289.8486512715322 26.50556915679672
261.05225082158853 44.935265444760674
293.3042193255255 44.935265444760674
864.6248042524094 8.075872868832626
963.6844218002159 183.15798760449067
660.7462890668077 305.25472551225215
507.54943867310703 205.04325194644792
475.2974701691699 225.77666027040743
483.3604622951542 108.28734643463694
82.51456803193722 182.00613158649296
104.39983237389448 162.42457928053116
6.492070844085723 63.364961732724765
174.66304947175726 100.22435430865266
159.68892123778647 91.00950616467077
212.67429806568302 43.783409426762894
229.95213833564927 11.531440922825947
525.9791349610709 71.42795385870889
291.00050728953 77.18723394869777
598.5460640949293 39.175985354771946
621.5831844548842 43.783409426762894
614.6720483468977 14.987008976819126
650.379584904828 9.2277288868304
890.019000607236 5.111907700143039
911.5015180897534 3.5774421656775197
965.9750445632799 17.3876319758673
667.1378817261171 32.17284676108207
697.9550645433 13.119899708135028
704.6044151926505 9.283735871971194
676.088930677166 8.00501459324991
700.6403792286146 39.97304656128186
651.4096099978453 21.431588019823327
757.7992203874558 5.575444163679487
591.6933262815617 3.657362245597534
583.6373822256176 3.529490117725407
628.0090105972461 8.005014593249893
565.8631564513919 9.795224383459683
568.9320875203229 17.339679927915242
567.6533662416017 24.116902705138024
592.7163033045388 43.041977630212976
592.0769426651781 58.25876084699621
618.2907288789643 34.47454506278039
484.40861099684633 5.44757203580736
513.3077118959473 50.33068891892424
446.8142054024408 49.6913282795636
438.8861334743689 5.83118841942374
216.51650310473846 75.28173786997318
196.5684511566865 70.67834126657658
204.75226734050267 63.00601359424892
215.49352608176144 66.5864331746685
234.93008951832485 59.937082525317884
248.74027932851465 55.33368592192124
264.08493467317 69.65536424359958
248.22879081702615 106.4825370707724
208.8441754324108 106.4825370707724
346.9460735343089 10.834185422420763
294.77424536248066 4.184834773070108
155.13788172611712 37.94307653131189
36.72829131652666 94.7183013065366
36.72829131652666 84.4885310767664
69.46355605179139 67.09792168615701
131.86515445338975 70.16685275508807
107.31370590194122 64.54047912871444
248.48453507277037 39.477542065777406
307.30571389394913 3.6733462615816013
318.0469726352079 3.6733462615816013
843.6014181896534 9.811208399443748
824.1648547530899 2.650369238604588
790.406612994848 5.719300307535627
766.3666529548882 7.253765842001216
716.2407788290141 20.552467140702454
123.44783264476365 165.61505672503102
20.919404551118102 62.337464751787
73.36087612302445 99.79565873172011
50.88595973506459 97.4411436815529
152.9862941832251 49.922749032723466
167.96957177519835 59.12676241064988
193.2270968588104 83.10000655780709
19.849170437405714 97.4411436815529
5.936126959144851 125.90937110630206
76.99967210964653 67.26054167486394
96.0498393337268 89.09331759459637
146.24381926683716 53.66856843071676
138.85920388222178 47.88930421666992
193.65519050429538 28.304019935733475
190.4444881631582 40.29064200931207
237.53478916650278 12.036461407305373
251.44783264476362 26.16355170830873
264.71873565479706 30.01639451767326
278.41773231031544 10.966227293593
240.10335103941242 29.802347694930802
233.0398058889108 29.374254049445845
310.7388025444291 86.73880254442916
307.95619384877693 59.768902878877306
307.74214702603444 49.92274903272345
319.3006754541281 76.89264869827531
333.6418125778739 53.775591842088
330.0030165912518 67.26054167486392
364.0364614073054 45.64181257787395
346.27057511967996 28.94616040396089
340.4913109056331 24.451177126368908
276.0632172601481 55.4879664240278
255.94281592235546 62.97960522001442
246.52475572168657 62.76555839727196
272.852514919011 68.97291625680373
396.3575316414191 35.36756508623515
399.3541871598137 21.88261525345921
414.1234179290446 21.026427962489333
406.6317791330579 53.98963866483046
414.1234179290446 35.15351826349268
401.49465538723854 73.68194635713817
412.8391369925896 70.47124401600104
372.3842874942619 77.96288281198765
449.65519050429526 79.46121057118498
437.0264279624894 89.30736441733883
467.6351236146632 100.43779919994752
414.337464751787 126.5515115745295
394.2170634139943 119.05987277854284
409.8424814741949 151.8090366581415
423.75552495245597 152.87927077185387
130.93947144075025 100.11672896583373
449.22709685881057 303.4612105711849
25.20034100596759 74.75218047085056
265.57492294576707 103.54147812971334
350.97960522001455 51.528100203291935
325.7220801364025 37.18696307954612
290.40435438389414 11.715391173191593
316.5180667584761 14.28395304610129
345.62843465145284 235.3943209390779
319.0866286313858 329.3608761230243
784.6384680962688 19.956193848776998
785.9227490327236 37.293986490917455
782.7120466915864 62.337464751787
783.9963276280412 90.59164535379371
695.1668961899142 62.337464751787
602.3775985310513 3.421076791920777
593.7087022099811 12.089973112990997
603.3408092333924 13.8023476949308
589.3207423437603 31.247163748442514
530.7789363236934 42.16355170830873
539.3408092333924 51.47458849760639
567.059872778543 45.8023476949308
477.26723063807464 42.00301659125189
492.0364614073054 92.08997311299103
541.9093711063022 96.79900321332545
448.47793297921186 17.013050036067934
458.7521804708507 20.972916256803718
468.70535772837576 8.665223949111404
294.47124401600126 120.87927077185395
288.26388615646954 97.97626073840914
331.5013443504495 115.31405338054962
306.6719129123224 194.08328414978035
264.71873565479723 85.66856843071682
209.7087022099812 57.20034100596766
157.26723063807475 181.13345137386057
282.27057511967973 51.63512361466327
394.5381336481078 1.2806085644960166
423.32743130697077 24.290642009312077
432.85251491901084 45.69532428355957
