433.6114081996435 518.1828367710721
439.84517443340974 453.3516679399031
453.55946014769546 423.42959001782526
427.3776419658773 397.2477718360071
438.5984211866565 353.61140819964345
457.2997198879552 358.5984211866564
423.63738222561744 323.6893302775655
305.1958237840591 388.5204991087343
277.76725235548764 472.05296664120186
146.85816144639665 266.33868092691614
148.10491469314994 248.88413547237067
96.98803157626682 257.6114081996434
82.02699261522788 241.40361599185124
52.10491469314993 225.19582378405903
176.7802393684746 154.13088871912396
161.81920040743566 139.16984975808495
181.76725235548764 137.92309651133172
72.05296664120189 161.61140819964345
201.7153043035395 134.18283677107198
222.9101094983447 134.18283677107198
211.27374586198113 125.76725235548763
263.63738222561756 139.48153806977334
265.5075120957475 122.65036923860451
332.83218742042277 82.75426534250059
334.7023172905526 80.26075884899412
320.9880315762669 80.26075884899412
315.3776419658773 81.50751209574734
312.88413547237076 75.89712248535771
306.02699261522787 78.39062897886423
298.5464731347084 74.65036923860451
286.70231729055257 80.26075884899412
279.22179781003314 88.98803157626682
269.8711484593838 80.26075884899412
224.36465495289022 76.52049910873436
215.6373822256175 77.143875732111
311.01400560224096 116.41660300483828
431.3256939139292 98.33868092691615
435.065953654189 112.05296664120189
431.3256939139292 112.05296664120189
446.2867328749682 141.3516679399032
460.6243952126305 139.48153806977334
467.4815380697734 166.28673287496815
447.53348612172147 168.156862745098
406.39062897886424 184.36465495289022
383.3256939139292 178.130888719124
378.33868092691625 183.11790170613696
340.93608352431886 161.29971988795518
307.27374586198124 172.52049910873438
383.9490705373059 198.70231729055254
400.156862745098 217.40361599185132
436.31270690094215 193.0919276801629
460.6243952126305 191.8451744334097
473.71530430353965 188.7282913165266
499.2737458619811 178.130888719124
506.7542653425007 115.16984975808501
511.53348612172164 115.79322638146161
514.6503692386048 111.42959001782523
525.8711484593839 108.3127069009421
522.1308887191242 96.46855105678628
524.001018589254 70.2867328749681
537.0919276801632 74.02699261522784
561.4036159918514 82.75426534250055
549.5594601476956 75.89712248535768
575.1179017061372 72.15686274509792
580.7282913165268 77.76725235548756
596.3127069009423 76.52049910873433
605.6633562515917 81.50751209574732
606.9101094983449 93.35166793990317
601.9230965113319 94.59842118665637
583.8451744334099 95.22179781003301
573.8711484593839 93.97504456327977
567.6373822256177 100.208810797046
562.6503692386048 106.44257703081227
619.3776419658774 100.208810797046
630.5984211866565 102.70231729055251
630.5984211866565 93.97504456327977
638.0789406671762 95.22179781003301
646.8062133944488 115.169849758085
618.7542653425008 119.53348612172132
594.4425770308125 107.06595365418887
586.962057550293 105.19582378405899
580.1049146931501 120.15686274509792
566.3906289788644 128.26075884899407
550.8062133944488 113.29971988795509
542.0789406671761 107.68933027756549
538.962057550293 97.71530430353948
530.2347848230203 103.32569391392911
538.3386809269164 113.9230965113317
528.9880315762671 130.75426534250056
524.001018589254 128.8841354723707
543.9490705373059 152.5724471606824
575.1179017061372 159.42959001782523
586.962057550293 159.42959001782523
601.9230965113319 156.93608352431875
633.0919276801632 154.44257703081223
646.8062133944488 155.06595365418886
681.7153043035398 93.35166793990317
694.1828367710723 97.71530430353948
708.5204991087346 107.06595365418887
721.6114081996437 109.55946014769538
718.4945250827606 108.93608352431875
722.2347848230203 137.61140819964342
730.3386809269164 135.74127832951353
702.910109498345 133.24777183600702
704.1568627450981 140.10491469314988
722.2347848230203 165.66335625159147
737.1958237840593 143.84517443340962
720.3646549528904 131.3776419658772
752.7802393684749 146.96205755029277
764.001018589254 141.97504456327977
770.858161446397 181.24777183600708
753.4036159918514 176.88413547237067
720.9880315762671 209.29971988795512
696.0529666412021 172.52049910873433
675.4815380697735 163.7932263814616
677.97504456328 194.3386809269161
656.1568627450981 201.195823784059
643.0659536541891 245.45556404379923
621.2477718360074 226.1308887191239
601.2997198879553 191.221797810033
552.0529666412021 183.74127832951353
550.8062133944488 170.65036923860444
557.0399796282151 156.93608352431875
528.9880315762671 170.02699261522784
528.9880315762671 182.4945250827603
518.3906289788644 175.01400560224084
531.4815380697735 237.97504456327974
575.1179017061372 251.06595365418886
716.6243952126308 325.8711484593837
755.897122485358 342.70231729055257
544.5724471606826 297.19582378405903
774.2867328749684 138.70231729055246
766.1828367710723 132.15686274509792
797.6633562515917 116.88413547237064
792.6763432645788 132.15686274509792
781.7672523554878 138.70231729055246
806.3906289788644 140.26075884899402
821.9750445632801 134.33868092691608
840.9880315762671 152.41660300483815
850.962057550293 148.0529666412018
870.2867328749684 151.79322638146155
874.3386809269164 160.52049910873427
884.3127069009424 149.61140819964336
924.2088107970462 169.87114845938362
948.5204991087346 174.23478482302
915.1698497580852 148.36465495289013
935.7412783295138 121.247771836007
945.0919276801633 118.4425770308122
947.897122485358 110.96205755029271
947.5854341736697 94.4425770308122
945.4036159918514 83.22179781003298
943.2217978100332 70.13088871912387
948.8321874204229 67.32569391392909
939.1698497580852 71.06595365418883
921.7153043035398 78.23478482301998
931.3776419658774 89.1438757321109
931.0659536541891 96.31270690094208
919.2217978100332 96.62439521263039
923.2737458619813 88.20881079704597
913.6114081996436 84.78023936847454
912.6763432645787 91.32569391392909
913.6114081996436 113.1438757321109
889.6114081996436 121.87114845938363
886.8062133944488 133.71530430353945
895.8451744334099 96.62439521263039
901.4555640437997 95.68933027756543
896.7802393684749 90.70231729055246
901.4555640437997 90.07894066717584
904.884135472371 83.22179781003298
897.0919276801633 86.33868092691608
895.2217978100334 76.67634326457842
884.936083524319 74.49452508276025
882.4425770308125 70.4425770308122
886.1828367710723 97.5594601476953
884.001018589254 89.76725235548753
874.0269926152282 79.16984975808494
869.0399796282151 70.13088871912387
858.1308887191242 64.20881079704597
871.5334861217216 63.89712248535765
864.3646549528904 74.49452508276025
860.001018589254 85.40361599185117
856.884135472371 88.83218742042258
857.1958237840593 83.5334861217213
843.1698497580852 85.71530430353947
841.6114081996437 91.01400560224076
828.5204991087346 86.02699261522777
843.793226381462 98.49452508276025
858.4425770308125 97.5594601476953
861.8711484593839 92.57244716068232
868.1049146931501 93.50751209574727
874.3386809269164 106.28673287496804
839.1179017061372 105.66335625159142
832.2607588489943 110.65036923860441
827.2737458619813 101.92309651133168
820.7282913165268 108.46855105678623
812.936083524319 107.22179781003298
960.0529666412019 122.49452508276032
955.3776419658772 109.40361599185124
960.0529666412019 96.00101858925385
974.0789406671759 107.22179781003305
981.8711484593838 101.61140819964344
965.039979628215 89.7672523554876
975.3256939139292 82.91010949834475
975.014005602241 76.36465495289022
969.4036159918513 72.00101858925385
967.5334861217215 76.36465495289022
957.5594601476954 68.88413547237073
954.1308887191241 75.42959001782528
927.014005602241 81.97504456327981
1002.7542653425006 76.36465495289022
989.3516679399032 71.37764196587722
1000.2607588489941 72.31270690094216
999.6373822256176 79.79322638146164
1013.6633562515915 76.67634326457852
1017.0919276801629 70.7542653425006
1019.8971224853577 77.61140819964346
1014.5984211866564 92.26075884899409
1018.3386809269163 86.33868092691618
1008.6763432645786 94.44257703081229
995.8971224853577 96.31270690094215
996.5204991087344 165.81920040743563
1001.2997198879551 199.94907053730574
981.9750445632797 214.91010949834472
937.0919276801629 233.61140819964342
914.0269926152279 224.8841354723707
768.9880315762668 467.0659536541888
732.8321874204229 443.37764196587716
34.190307561151535 101.50803331365994
8.076595186569595 98.0832841497803
