54.57397504456336 306.4670231729056
131.92156862745105 190.7878787878788
116.17825311942964 180.5204991087344
36.77718360071309 155.8787878787879
362.5953654188949 201.73975044563286
378.33868092691625 184.6274509803922
337.26916221033866 156.56327985739756
278.40285204991085 131.2370766488414
252.39215686274517 129.18360071301254
299.6221033868093 115.49376114082007
539.1942959001783 131.92156862745105
654.1889483065954 140.81996434937614
670.6167557932264 153.82531194295905
745.2263814616756 143.55793226381468
54.83065953654188 93.67557932263816
77.07664884135473 88.37076648841357
179.92156862745097 70.23172905525847
227.4937611408199 65.9536541889483
225.95365418894832 88.54188948306596
202.33868092691623 82.89483065953655
185.397504456328 111.64349376114082
155.96434937611406 111.47237076648842
239.98573975044565 30.18894830659537
336.6702317290553 111.64349376114082
377.0552584670232 66.12477718360073
394.6809269162211 55.1729055258467
294.0606060606061 46.103386809269175
263.921568627451 14.46702317290553
279.06595365418895 8.734402852049918
283.36541889483067 18.50980392156862
305.0766488413547 13.568627450980399
332.9269162210339 13.18360071301248
357.99643493761135 10.274509803921573
580.9055258467021 104.62745098039217
647.8146167557929 102.57397504456331
595.622103386809 72.45632798573976
555.0659536541888 65.2691622103387
518.4456327985738 34.63814616755794
487.6434937611406 30.873440285205017
529.0124777183598 21.162210338680914
466.0392156862742 20.04991087344028
727.9429590017826 99.57932263814618
781.3333333333334 84.86274509803921
836.0926916221035 83.15151515151514
996.6060606060605 81.78253119429588
988.0499108734404 73.91087344028521
979.8360071301248 69.1194295900178
964.0071301247771 57.56862745098041
983.8573975044563 58.253119429590036
592.8525149190114 1.9762607384090385
