167.2331836844328 406.7008940562527
7.92202908560691 493.8711484593838
445.2762365220062 746.3642991443153
24.45431871378698 312.01596254940324
63.530639653121646 256.4073519818886
95.09228348873805 169.2370975787575
122.14512106212358 196.28993515214296
288.97095276466763 164.72829131652657
410.7087218449024 116.63435785273003
406.1999155826715 89.58152027934457
440.76743025977527 79.0609723341391
487.3584283028282 101.60500364529365
514.4112658762136 133.16664748091017
545.97290971183 133.16664748091017
562.5051993400101 122.6460995357047
583.546295230421 134.66958290165377
630.1372932734739 161.7224204750393
783.4367061893253 178.25471010321937
464.8143969916735 167.7341621580139
884.1333793791491 462.3095046237673
906.6774106903038 259.4132228233759
936.7361191051766 238.37212693296496
869.1040251717127 233.86332067073403
801.4719312382489 272.9396416100687
831.5306396531216 170.7400329995011
960.7830858370747 157.21361421280835
1014.8887609838459 137.6754537431411
1013.3858255631022 107.61674532826831
951.7654733126128 128.65784121867924
953.2684087333565 64.0316181267027
941.2449253674075 15.937684662906166
879.6245731169182 12.931813821418972
860.0864126472509 12.931813821418972
836.0394459153525 21.9494263458807
842.0511875983273 39.98465139480444
816.5012854456852 26.45823260811163
801.4719312382489 29.46410344959897
793.9572541345307 12.931813821418972
784.9396416100689 11.428878400675233
763.8985457196579 15.937684662906166
729.3310310425542 20.446490925137102
700.7752580484249 30.967038870342567
738.3486435670161 49.002263919266305
786.4425770308125 36.97878055331724
822.5130271286599 39.98465139480444
857.0805418057637 68.54042438893364
903.6715398488163 55.01400560224084
911.1862169525347 103.10793906603737
852.5717355435327 137.6754537431411
867.6010897509691 95.5932619623191
825.5188979701471 86.57564943785724
777.4249645063508 82.0668431756263
759.389739457427 97.09619738306286
771.413222823376 116.63435785273003
805.9807375004798 127.15490579793557
738.3486435670161 112.1255515904991
715.8046122558613 61.02574728521537
654.1842600053722 70.04335980967724
625.6284870112429 86.57564943785724
616.6108744867811 53.511070181497246
603.0844557000884 80.5639077548827
597.0727140171139 53.511070181497246
562.5051993400101 64.0316181267027
493.3701699858027 53.511070181497246
478.34081577836633 59.52281186447177
460.3055907294426 49.002263919266305
463.3114615709299 20.446490925137102
485.85549288208443 26.45823260811163
502.38778251026457 23.45236176662444
524.931813821419 21.9494263458807
284.4621465024367 44.49345765703537
328.0472737040023 74.55216607190818
352.0942404359006 80.5639077548827
359.6089175396187 71.54629523042082
219.83592341046017 74.55216607190818
135.6715398488163 64.0316181267027
122.14512106212358 59.52281186447177
921.3476719359072 14.350668938904253
928.5085110967464 7.189829778065163
897.8192004074357 4.120898709133982
633.123895712131 114.66635325458857
697.059959648195 54.310708898944235
733.8871324753677 51.75326634150171
756.3926269808624 58.91410550234087
730.8182014064367 91.13788172611706
892.4485710368064 112.10891069714603
893.9830365712719 43.05796164619702
883.7532663415014 32.316702904938246
886.8221974104326 8.788231376466737
929.2757438639791 44.59242718066254
108.08093866917403 107.44157802981327
177.64337623161154 74.70631329454858
452.8241954124307 34.87414546238085
485.04797163620697 59.937082525317884
506.01900060723597 34.362656950892344
243.74214702603462 92.41104334710465
251.4478326447637 47.996327628041186
277.34749819660317 43.92943799593416
670.9796052200146 90.69866876516483
678.2571971932587 74.43111023673673
958.0163945176732 40.29064200931209
920.1301068922553 104.0765951865696
854.8458259558005 102.5782674273723
856.1301068922553 121.41438782871009
807.5414781297134 72.18361859794086
807.327431306971 45.85585940061644
882.4578660895796 46.283953046101395
816.9595383303824 224.0498393337268
673.1200734474394 157.053183815332
814.819070102958 45.42776575513149
680.6117122434263 145.1735851531248
852.0632172601486 49.922749032723466
