939.4954454222635 631.2299786056157
788.602307064558 762.5415646573589
713.7316658947042 552.9037693817684
697.6056816427356 467.6664240499349
831.2209797304748 343.2659741061779
947.5584375482474 267.24347691832645
759.8059066146143 203.89139592845015
618.127616400891 287.9768852422859
546.7125432850305 258.0286287743444
483.3604622951542 240.75078850437814
460.32334193519927 201.5876838924546
462.6270539711947 175.09499547850638
466.082622025188 96.76878625465935
282.9375151635457 222.32109221641412
183.87789761573924 458.4515759059529
142.41108096782023 666.9375151635456
126.28509671585176 221.1692361984164
110.15911246388322 193.5246917664704
191.9408897417235 155.51344317254467
197.70016983171223 108.28734643463694
153.92964114779775 134.78003484858516
118.22210458986748 115.19848254262344
56.02187961798899 177.39870751450192
41.04775138401822 71.42795385870889
111.31096848188099 65.66867376872017
117.07024857186971 39.175985354771946
99.79240830190346 38.02412933677417
104.6877963783939 16.78678400494063
114.4785725313748 16.78678400494063
44.21535543351203 13.907143959946195
7.931890866582905 0.660799752972083
32.69679525353454 69.77216083283712
193.38070976422068 38.096120337899016
207.77890998919258 43.27947241888885
224.48082225015995 35.792408301903464
203.17148591720155 22.546064094929356
178.40658153024992 24.273848121925944
165.1602373232758 34.064624274906876
291.2884712940295 68.04437680584049
393.80365689582914 57.10174463486185
378.8295286618585 118.72604159774146
334.48307196894507 126.78903372372574
253.27722270010372 14.483071968945081
233.6956703941419 9.299719887955243
191.07699772822517 5.844151833961993
268.2513509340744 31.76091223891133
322.9645117889676 9.87564789695413
336.7867840049406 8.723791878956357
476.7372901916673 16.78678400494063
462.3390899666954 243.1264915414985
216.99375813317454 61.13324069785399
899.4684487968415 143.49094598469313
859.1534881669203 111.81490548975496
875.8554004278877 90.50556915679661
846.4830719689451 72.65180087783148
886.7980325988663 62.285096715851694
939.207481417764 73.80365689582922
960.5168177507223 56.525816625862966
934.6000573457729 46.735040472882105
943.238977480756 24.84977613092483
925.385209201791 29.457200202915853
1016.3818346236133 139.459449921701
967.4279538587089 188.41333068660538
961.0927457597213 144.06687399369198
1010.6225545336245 27.15348816692038
981.8261540836808 30.033128211914743
968.5798098767065 5.268223824963107
867.7924083019035 6.420079842960809
809.623679393017 30.033128211914743
804.4403273120272 43.85540042788774
780.8272789430732 34.64055228390569
791.769911114052 4.116367806965333
774.4920708440857 8.147863869957469
767.5809347360992 12.179359932949605
763.549438673107 67.4684487968416
737.6326782681577 73.80365689582922
715.1714859172016 78.98700897681913
688.6787975032533 90.50556915679661
684.6473014402611 68.04437680584049
741.6641743311498 28.881272193916967
632.2378526213636 2.9645117889676302
577.5246917664704 35.792408301903464
570.037627649485 20.24235205893388
527.4189549835683 11.027503914951833
546.4245792805311 30.033128211914743
598.2581000904299 87.05000110280336
647.2119808553343 138.88352191270212
841.2997198879552 38.67204834689783
732.1613621826682 124.41333068660535
778.2356029025783 99.07249829065489
817.3987075145018 126.7170427226009
81.099919688155 25.31570390393922
12.560459148694463 7.669350257585607
4.37664296487828 7.413606001841353
4.120898709134018 17.643376231611555
21.511508099743413 59.585434173669505
149.38363597187126 42.706313294548615
62.23044134041576 39.43445471834219
76.78562528690404 50.77893632369338
72.9327824775395 61.26723063807463
87.05987277854283 68.75886943406127
21.133451373860563 15.461210571185017
51.95619384877696 4.330775788576313
5.293986490917436 40.29064200931209
7.862548363827134 92.08997311299103
38.04315037051608 125.90937110630206
2.9394714407501974 160.584956390583
53.026427962489336 142.17692963473016
5.7220801364023925 189.16020722670328
120.02308348088404 368.5314446848973
276.2772640828907 344.55820053774005
325.50803331366006 323.58161190897755
290.83244802937907 273.4946553872384
292.9729162568038 204.57157846416146
319.9428159223557 65.7622139156666
332.14348481867677 63.62174568824186
346.48462194242256 66.19030756115158
359.54147812971354 54.63177913305791
440.45117712636903 23.166896189914112
448.1568627450982 7.327431306970968
308.38428749426214 26.163551708308766
285.0531838153324 30.44448816315825
182.95284936717186 47.35418715981377
75.287297527707 25.94950488556627
74.4311102367371 117.77559184208802
749.3207423437602 43.28729752770674
551.9695717751985 15.675257393927442
604.4110433471047 73.25385271165321
636.0899731129911 52.919404551118106
648.7187356547971 1.9762607384090385
690.2438192668374 2.83244802937895
698.8056921765362 3.688635320348861
720.2103744507837 1.5481670929241185
681.6819463571384 7.327431306970931
1008.74549150764 114.671912912322
1007.8893042166701 84.70535772837552
959.0866286313859 160.04983933372665
873.0398058889108 109.53478916650262
792.9862941832253 98.40435438389392
989.0531838153322 14.49799986884375
821.6685684307168 14.390976457472647
837.0799396681749 9.68194635713817
