728.114081996435 731.536541889483
938.9376114081997 380.3921568627451
912.9269162210338 413.93226381461676
884.8627450980392 381.0766488413548
553.5686274509803 516.6060606060606
587.1087344028521 475.53654188948303
546.7237076648842 322.21033868092695
511.8146167557932 343.4295900178254
491.96434937611417 311.25846702317295
448.84135472370775 325.63279857397504
387.2370766488414 387.921568627451
329.7397504456328 438.57397504456327
197.63279857397512 452.26381461675584
89.48306595365426 394.08199643493765
14.188948306595442 442.6809269162211
160.6702317290553 340.00713012477723
168.19964349376116 288.67023172905533
120.96969696969701 285.93226381461676
36.092691622103445 312.62745098039215
36.77718360071309 288.67023172905533
16.242424242424306 261.97504456327994
8.713012477718426 245.54723707664894
3.2370766488414064 277.0338680926917
29.247771836007207 248.28520499108737
55.94295900178258 254.44563279857402
33.35472370766494 225.01247771836015
57.311942959001875 190.10338680926924
66.89483065953662 227.065953654189
81.95365418894838 233.2263814616756
89.48306595365426 248.28520499108737
112.07130124777191 238.70231729055263
138.76648841354728 235.96434937611411
144.2424242424243 223.64349376114086
152.45632798573985 222.9590017825313
178.46702317290556 235.27985739750446
194.8948306595366 232.54188948306603
149.03386809269168 257.18360071301254
136.02852049910877 185.99643493761144
62.78787878787889 171.62210338680933
80.58467023172909 180.5204991087344
279.08734402852053 183.94295900178258
311.9429590017825 153.14081996434942
320.8413547237078 178.46702317290556
333.16221033868095 174.36007130124784
350.9590017825313 184.6274509803922
335.9001782531195 186.6809269162211
335.9001782531195 192.84135472370775
322.89483065953664 192.84135472370775
311.25846702317295 188.0499108734403
287.9857397504457 192.1568627450981
287.301247771836 203.10873440285206
298.9376114081997 210.63814616755795
319.47237076648844 205.84670231729058
318.1033868092691 233.2263814616756
263.3440285204991 226.38146167557937
241.44028520499114 242.1247771836008
224.3279857397505 226.38146167557937
283.19429590017836 226.38146167557937
358.48841354723714 229.80392156862752
374.2317290552585 233.91087344028526
387.921568627451 214.7450980392158
394.0819964349377 192.1568627450981
408.45632798573973 190.10338680926924
415.3012477718361 230.48841354723717
441.31194295900184 244.86274509803928
468.6916221033868 225.01247771836015
464.5846702317291 205.84670231729058
448.84135472370775 201.73975044563286
471.4295900178254 195.57932263814618
507.7076648841355 187.36541889483073
550.8306595365419 181.88948306595373
574.1033868092692 178.46702317290556
588.4777183600713 175.72905525846704
635.0231729055259 168.19964349376116
671.9857397504456 149.03386809269168
677.4616755793227 137.39750445632808
691.1515151515151 144.92691622103396
701.4188948306596 149.03386809269168
689.782531194296 188.0499108734403
682.2531194295901 190.10338680926924
680.1996434937611 206.53119429590024
662.4028520499108 275.66488413547245
305.78253119429604 283.19429590017836
246.2317290552585 275.66488413547245
229.1194295900179 264.02852049910877
257.86809269162217 258.55258467023174
296.8841354723709 332.4777183600714
902.6595365418896 292.0926916221034
908.1354723707665 266.08199643493765
862.9590017825311 259.92156862745105
856.7985739750445 177.78253119429598
821.8894830659538 170.93761140819967
823.2584670231729 155.8787878787879
859.5365418894831 113.4402852049912
869.1194295900178 120.96969696969708
872.541889483066 128.4991087344029
887.6007130124777 118.91622103386823
901.2905525846703 117.54723707664893
890.3386809269163 131.92156862745105
921.1408199643494 118.2317290552585
930.0392156862745 126.44563279857404
936.8841354723708 132.60606060606068
958.1033868092692 127.81461675579332
959.4723707664884 173.67557932263819
956.0499108734404 138.76648841354728
887.0873440285204 87.2584670231729
926.1033868092691 82.80926916221031
928.4991087344029 79.72905525846701
811.1087344028521 88.96969696969694
753.2691622103387 95.4723707664884
769.6969696969697 93.76114081996435
853.204991087344 75.27985739750443
862.7878787878789 80.75579322638146
924.3921568627451 59.1942959001782
916.8627450980392 58.16755793226377
912.4135472370767 67.06595365418895
997.6327985739749 156.73440285204987
986.8092691622103 192.3707664884135
1016.8413547237076 182.70231729055251
97.85116843940376 274.18683277506807
1009.3236959119312 445.0239956122309
895.0060135942488 110.06295665119202
902.166852755088 111.08593367416901
897.5634561516914 102.90211749035285
935.9250945133297 53.79922038745573
1013.4156040038393 143.24577383400916
235.18027411633548 233.03980588891068
21.989638664830427 293.40100990228865
915.8491704374056 52.277264082890596
916.7053577283756 51.421076791920704
933.5080333136599 53.24047478523173
911.7822808052987 59.982949701619695
889.5214112400813 60.73211358121836
903.0063610728572 61.37425404944578
933.8291035477736 80.21037445078365
936.1836185979408 78.71204669158634
