248.57167755991298 617.8753812636166
173.66797385620916 485.13464052287577
368.98649237472773 401.6976034858387
656.2753812636166 475.6531590413943
401.22352941176484 329.6383442265795
478.97167755991296 274.6457516339869
474.23093681917214 167.50501089324612
273.2235294117648 198.79389978213501
344.33464052287593 155.17908496732014
283.6531590413944 261.37167755991277
261.845751633987 307.830936819172
253.31241830065363 260.42352941176466
263.7420479302833 231.030936819172
115.83093681917218 261.37167755991277
752.0383442265796 135.2679738562091
897.1050108932463 161.8161220043572
238.6161220043573 126.97167755991283
263.26797385620915 87.14945533769063
280.80871459694987 80.98649237472765
408.3346405228758 92.36427015250543
454.7938997821351 103.26797385620914
93.07538126361649 101.84575163398692
51.83093681917204 70.08278867102398
9.164270152505374 91.89019607843136
90.23093681917203 77.66797385620913
802.2901960784312 105.16427015250544
765.7864923747276 120.3346405228758
769.5790849673202 71.50501089324618
570.9420479302831 86.67538126361654
539.1790849673203 72.45315904139434
925.5494553376906 118.43834422657953
974.3790849673203 103.74204793028319
898.0531590413942 95.68278867102394
983.8605664488017 79.56427015250544
924.3642701525054 58.82352941176469
870.7938997821351 16.927233115468415
502.67538126361666 134.2013071895425
502.43834422657955 78.7346405228758
487.0309368191722 69.72723311546838
495.09019607843146 52.89760348583877
512.3938997821352 43.41612200435727
390.55686274509804 39.386492374727645
