86.07467096427625 735.8437511991098
31.968995817505178 675.7263343693642
39.48367292122338 481.8476650934346
12.430835347837844 430.7478607881509
236.36821303864016 528.4386631364875
337.06488622846416 507.3975672460765
356.6030466981314 391.6715398488163
433.2527531560571 378.1451210621235
585.0492306511646 481.8476650934346
676.7282913165268 444.27427957484366
930.7243774222019 293.9807375004796
978.8183108859985 227.8515789877595
833.0335750738653 227.8515789877595
828.5247688116344 146.69306626760292
754.880933195196 167.7341621580139
870.6069605924563 134.66958290165377
932.2273128429456 167.7341621580139
963.7889566785619 106.11380990752457
936.7361191051766 92.58739112083191
1022.403438087564 30.967038870342567
1011.8828901423584 12.931813821418972
951.7654733126128 15.937684662906166
840.5482521775835 21.9494263458807
837.5423813360964 9.925942979931635
799.9689958175053 64.0316181267027
799.9689958175053 103.10793906603737
756.3838686159396 80.5639077548827
648.1725183223977 112.1255515904991
732.3369018840415 38.48171597406084
655.6871954261157 6.920072138444299
634.6460995357048 18.943555504393505
571.5228118644719 17.440620083649907
551.9846513948047 76.05510149265177
557.9963930777792 91.08445570008817
592.563907754883 107.61674532826831
592.563907754883 86.57564943785724
559.4993284985228 167.7341621580139
412.2116572656462 157.21361421280835
370.12946548482415 169.2370975787575
373.1353363263115 235.36625609147762
344.5795633321823 254.90441656114496
252.9005026668203 245.8868040366831
257.40930892905124 170.7400329995011
203.30363378228017 151.20187252983374
165.7302482636891 227.8515789877595
158.21557115997092 295.4836729212232
53.01009170791611 265.4249645063504
34.97486665899245 309.01009170791605
3.413222823376047 241.37799777445224
65.03357507386525 199.2958059936303
10.927899927094247 140.6813245846283
30.46606039676151 127.15490579793557
25.957254134530647 91.08445570008817
4.916158244119644 38.48171597406084
13.933770768581512 17.440620083649907
31.968995817505178 21.9494263458807
57.518897970147044 5.417136717700701
57.518897970147044 53.511070181497246
80.06292928130165 85.07271401711364
173.24492536740738 55.01400560224084
156.71263573922732 74.55216607190818
216.83005256897292 92.58739112083191
282.9592110816931 59.52281186447177
290.4738881854112 41.487586815548035
377.6441425885424 95.5932619623191
373.1353363263115 71.54629523042082
355.1001112773878 18.943555504393505
409.2057864241588 8.423007559188038
415.2175281071334 95.5932619623191
409.2057864241588 76.05510149265177
499.38191166877726 74.55216607190818
512.90833045547 49.002263919266305
520.4230075591881 17.440620083649907
547.4758451325738 2.4112658762135064
254.4034380875639 59.52281186447177
633.1431641149612 32.46997429108631
159.48553407376937 60.96005954829497
80.71630330453864 100.34467493291031
63.32569391392924 8.788231376466808
69.9750445632799 15.949070537305968
80.20481479305009 16.97204756028298
31.101917690153034 8.788231376466808
23.429590017825365 12.880139468374859
366.1268927151279 10.834185422420834
466.89012947836466 21.57544416367954
461.77524436347954 15.949070537305968
468.9360835243187 62.49452508276048
506.27474486298 46.63838122661664
508.83218742042266 20.04097862921402
501.1598597480949 12.368650956886356
496.04497463320985 3.6733462615816723
298.61040919864445 12.368650956886356
274.05896064719593 69.65536424359965
139.53748212571742 14.926093514328887
123.68133826957357 14.414605002840378
308.3286909169262 28.736283324518702
327.2537658420011 137.17184776008312
348.7362833245186 108.52849111672649
316.0010185892539 203.66535425358958
437.47954006777536 7.253765842001216
434.92209751033283 23.621398209633636
420.60041918865454 23.621398209633636
428.2727468609822 45.61540420363963
436.4565630447984 57.37963996787535
389.3996199878554 48.17284676108216
399.62939021762554 58.91410550234087
280.9640555522909 39.98903057726599
675.321697909933 25.155863744099157
687.5974221856575 25.155863744099157
707.5454741337094 52.26475485299022
327.5095100977454 79.37364596188134
300.4006189888544 60.96005954829497
279.4295900178254 4.184834773070178
252.83218742042277 1.6273922156276468
567.6533662416016 136.1488707371061
923.1378817261169 20.55246714070253
863.2937258819611 23.621398209633565
1004.2088107970461 81.86715245538781
1013.4156040038393 133.01600360423888
88.34415371499774 362.538133648108
101.18696307954625 178.02977244409456
152.1301068922553 175.03311692569991
161.76221391566662 98.83244802937888
173.32074234376026 99.6886353203488
118.5247557216867 71.86254836382705
124.08997311299105 72.71873565479694
66.72542461800778 89.20034100596752
55.809036658141544 81.92274903272336
107.82241458456295 65.4411436815528
45.32074234376027 105.25385271165312
87.70201324677032 7.648501541084567
134.36422060462985 4.651846022689913
151.70201324677032 11.073250704964178
154.69866876516497 7.220407895599612
123.01973899927867 33.76221391566651
127.08662863138571 27.55485605613474
132.43779919994756 45.10669552101767
140.35753164141914 48.53144468489728
162.832448029379 43.394320939077886
214.63177913305793 38.8993376614859
238.1769296347302 34.190307561151464
429.32074234376057 68.97291625680373
405.7755918420883 97.4411436815529
471.05987277854314 82.67191291232213
488.61171224342615 53.34749819660304
487.9695717751987 23.166896189914077
474.0565282969378 2.83244802937895
183.80903665814168 113.92274903272347
381.8023476949311 22.310708898944167
368.95953833038254 32.799003213325456
348.83913699258994 60.19699652436226
330.85920388222206 5.401009902288648
309.02642796248955 4.330775788576276
324.2237523772053 5.026427962489334
341.34749819660334 2.02977244409468
253.26723063807484 30.926093514328805
693.2404747852319 86.95284936717164
747.8224145845629 53.77559184208801
748.6786018755329 40.50468883205458
758.0966620762017 33.65519050429537
791.2739196012852 129.33412027018164
563.3140533805495 126.5515115745295
834.9394714407501 104.93278247753955
823.594989835399 7.327431306970968
852.7053577283756 2.8324480293789853
739.4745884976066 210.56488950095078
795.5548560561352 256.79900321332536
748.8926486982756 330.43111023673674
873.039805888911 334.71204669158624
960.1568627450984 14.17692963473015
949.668568430717 75.60836776182045
938.3240868253658 51.4210767919208
992.2638861564692 30.87258180864321
1001.8959931798806 30.44448816315825
980.0632172601482 45.42776575513149
682.2170634139943 2.6719129123221137
674.0832841497803 1.2806085644960166
706.5113777952653 1.9227490327234502
722.3508426782083 43.28729752770674
684.4645550527903 58.270575119679975
549.8291035477737 19.31405338054955
242.45786608957968 16.317397862154895
279.27391960128534 99.90268214309125
291.9026821430914 100.97291625680361
261.93612695914493 82.99298314643572
