229.90640902458992 569.5361730899257
229.90640902458992 416.2149389701434
176.94089178321056 311.6777338884737
427.83018397921785 446.87918579409984
266.145973452902 52.42546528593284
221.54343261805636 45.456318280488276
111.43090993203091 67.7575886979111
129.55069214618698 71.93907690117783
422.25486637486216 64.96992989573326
423.6486957759511 10.610583253265027
381.8338137432832 5.035265648909319
451.5252837977297 58.000782890288534
498.91548343475336 91.45268851642294
515.6414362478205 35.69951247286571
707.9898935980926 127.69225294473503
749.8047756307607 155.56884096651365
914.2766449592543 145.81203515889115
483.9318173730473 4.686808298637105
738.5379879719584 33.95722572150464
797.0788228176933 21.412761111704302
831.2276431443722 12.35287000462624
854.2258282623395 16.53435820789302
955.9753745418313 38.83562862531593
1012.425465285933 12.35287000462624
893.9499661933739 3.2929788975481786
1022.0163945176732 42.859203882221784
