14.70231729055248 473.2997198879552
92.00101858925379 318.7023172905526
7.221797810033047 296.26075884899416
44.624395212630425 226.4425770308123
84.52049910873436 196.5204991087344
110.70231729055256 210.23478482302016
131.89712248535773 199.0140056022409
44.624395212630425 181.5594601476954
27.16984975808501 169.09192768016297
744.0529666412019 685.2477718360072
933.5594601476954 588.0010185892539
691.6893302775655 539.3776419658774
790.1828367710721 231.42959001782532
173.87114845938373 122.6503692386045
43.585434173669434 81.50751209574732
41.09192768016296 64.05296664120186
17.403615991851243 59.68933027756551
191.32569391392923 45.35166793990314
247.4295900178253 59.06595365418887
231.8451744334097 36.624395212630425
74.75426534250062 1.715304303539525
107.16984975808505 4.208810797046003
183.22179781003308 23.53348612172133
215.6373822256175 26.65036923860445
266.7542653425007 64.67634326457849
266.7542653425007 64.67634326457849
296.6763432645785 70.2867328749681
310.39062897886436 74.02699261522784
314.7542653425007 97.71530430353953
377.71530430353965 163.7932263814616
395.1698497580851 171.27374586198113
431.3256939139292 181.24777183600708
405.7672523554877 62.80621339444862
363.3776419658772 50.33868092691616
345.9230965113318 51.58543417366936
317.8711484593838 55.325693913929115
324.10491469315 47.221797810033046
343.4295900178254 36.624395212630425
302.2867328749682 30.390628978864203
360.2607588489941 34.75426534250059
359.63738222561756 22.286732874968127
385.19582378405914 3.585434173669366
391.4295900178254 32.26075884899411
443.1698497580851 21.03997962821485
463.7412783295136 54.078940667175914
487.42959001782526 67.16984975808498
484.31270690094226 32.72829131652661
498.9620575502929 49.871148459383754
531.065953654189 38.96205755029283
565.97504456328 48.93608352431882
594.6503692386046 105.97504456327987
608.988031576267 58.59842118665648
594.3386809269163 19.32569391392919
583.7412783295138 19.949070537305825
543.2217978100332 4.052966641201934
521.4036159918513 6.234784823020126
469.97504456327994 33.663356251591544
457.5075120957475 14.962057550292835
454.078940667176 12.780239368474676
442.5464731347085 8.416603004838286
484.93608352431886 6.54647313470841
564.4166030048383 20.884135472370748
568.1568627450981 20.884135472370748
572.2088107970462 29.299719887955177
567.5334861217215 33.663356251591544
599.6373822256176 38.33868092691621
611.1698497580851 16.208810797046073
585.9230965113319 11.221797810033118
581.5594601476955 9.039979628214924
569.7153043035397 4.364654952890252
565.3516679399032 4.67634326457857
556.6243952126306 3.4295900178252956
552.5724471606825 4.052966641201934
559.4295900178254 9.975044563279845
641.8192004074359 59.84517443340972
620.001018589254 48.93608352431882
620.3127069009423 48.93608352431882
627.4815380697735 33.975044563279845
621.5594601476955 25.247771836007136
633.091927680163 25.871148459383736
627.4815380697735 26.494525082760376
620.6243952126306 6.234784823020126
634.6503692386046 9.663356251591525
632.4685510567865 9.975044563279845
632.4685510567865 9.975044563279845
609.7153043035397 1.8711484593837382
673.9230965113319 7.481538069773366
669.5594601476955 0.9360835243188179
677.97504456328 2.4945250827603753
695.1179017061372 71.06595365418895
674.8581614463968 89.45556404379933
664.884135472371 76.67634326457855
689.1958237840593 62.96205755029283
680.7802393684748 57.03997962821492
666.4425770308125 18.390628978864267
649.6114081996436 20.572447160682465
650.5464731347085 9.663356251591525
637.4555640437994 42.702317290552585
646.8062133944488 33.975044563279845
622.4945250827604 15.273745861981155
771.4815380697736 163.0140056022409
721.2997198879553 62.02699261522791
720.0529666412021 24.936083524318818
729.4036159918514 24.31270690094218
745.2997198879553 25.871148459383736
693.2477718360072 1.8711484593837382
754.6503692386048 19.32569391392919
754.962057550293 30.234784823020128
761.5075120957475 31.79322638146167
773.0399796282151 27.4295900178253
773.0399796282151 37.09192768016296
783.949070537306 38.65036923860453
792.0529666412021 36.46855105678636
783.6373822256177 48.00101858925388
764.6243952126306 65.45556404379934
821.6633562515917 76.67634326457855
813.5594601476957 51.117901706137
810.7542653425008 43.01400560224091
806.7023172905527 30.546473134708446
814.1828367710723 33.975044563279845
822.9101094983449 31.481538069773368
829.7672523554878 44.572447160682465
830.0789406671761 29.299719887955177
799.2217978100332 1.8711484593837382
899.5854341736695 38.02699261522792
855.3256939139292 35.84517443340972
857.8192004074357 47.68933027756558
854.7023172905526 59.84517443340972
838.8062133944487 31.79322638146167
833.5075120957474 29.61140819964349
853.1438757321109 25.247771836007136
859.3776419658772 23.689330277565578
861.5594601476954 19.949070537305825
869.9750445632799 20.572447160682465
884.0010185892539 22.754265342500624
891.4815380697735 13.091927680162959
896.4685510567864 13.403615991851279
905.8192004074357 10.598421186656482
901.7672523554877 28.052966641201934
924.5204991087344 67.94907053730583
909.5594601476954 57.663356251591544
920.7802393684748 27.4295900178253
915.1698497580851 14.338680926916235
920.4685510567864 11.84517443340972
926.0789406671761 10.9101094983448
930.4425770308123 9.663356251591525
944.7802393684748 3.4295900178252956
950.0789406671761 5.299719887955172
969.0919276801629 4.052966641201934
981.2477718360072 5.61140819964349
974.0789406671761 4.052966641201934
987.1698497580851 5.61140819964349
995.5854341736695 18.390628978864267
996.2088107970462 9.663356251591525
999.6373822256176 1.2477718360071366
1007.7412783295138 11.84517443340972
834.4425770308123 103.16984975808505
847.5334861217214 100.67634326457855
848.156862745098 87.89712248535777
877.7672523554877 71.06595365418895
862.4945250827603 141.8192004074357
885.8711484593838 170.18283677107206
921.4036159918513 116.26075884899414
960.6763432645786 130.59842118665648
960.9880315762668 116.26075884899414
945.7153043035397 114.70231729055257
978.4425770308125 108.15686274509804
986.5464731347085 118.44257703081232
981.8711484593838 171.42959001782532
1003.6893302775655 165.8192004074357
1020.5204991087344 117.50751209574739
1014.9101094983449 82.9101094983448
984.6763432645787 49.871148459383754
967.2217978100331 67.0140056022409
951.6373822256176 81.97504456327987
930.7542653425006 58.28673287496816
948.8321874204228 43.32569391392921
957.8711484593838 42.39062897886427
949.7672523554877 17.455564043799352
965.039979628215 14.962057550292835
969.7153043035397 14.026992615227915
976.2607588489941 14.338680926916235
971.8971224853578 19.949070537305825
982.4945250827603 24.00101858925386
988.4166030048383 27.4295900178253
993.4036159918513 25.871148459383736
1018.9620575502928 2.4945250827603753
1011.4815380697735 43.32569391392921
1019.5854341736695 16.208810797046073
961.9230965113318 57.663356251591544
900.5204991087344 13.091927680162959
879.9490705373059 17.76725235548763
974.7120466915864 37.293986490917455
979.4210767919208 36.43779919994756
977.280608564496 53.77559184208801
872.8257590661683 33.38763197586725
934.4712440160012 1.066561741753539
874.2170634139944 22.578267427372275
