73.29971988795525 630.7190747266649
323.40110237643455 565.8342820999368
267.95409776813966 493.8711484593837
568.7835908556972 412.47022680039754
580.5808258787388 351.12460468058185
692.6545585976328 411.29050329809337
772.8757567543148 485.6130839432547
809.4471853257435 371.17990421975236
763.4379687358816 336.96792265293203
768.1568627450981 288.599259058462
712.7098581368033 275.6223005331164
632.4886599801212 312.193729104545
404.8020240354208 379.43796873588144
993.4840516851905 421.90801481883074
991.1246046805823 346.4057106713652
1020.6176922381858 362.92183970362333
1004.1015632059276 242.59004246860022
942.755941086112 253.2075539893376
921.5209180446374 280.341194542333
70.94027288334695 398.3135447727478
107.51170145477555 400.67299177735606
158.23981205385388 384.15686274509795
115.76976597090456 318.0923466160657
125.20755398933775 273.2628535285081
40.26746182343913 320.451793620674
34.368844311918416 292.1384295653745
23.75133279118103 275.6223005331164
22.571609288876918 221.35501942712565
17.85271527966032 193.0416553718261
54.42414385108892 227.2536369386463
44.986355832655725 213.0969549109966
177.70524984187227 285.64995030270165
209.5577844040842 256.15686274509795
246.12921297551281 256.15686274509795
241.41031896629622 281.52091804463714
240.82045721514416 303.3458028372639
250.25824523357736 341.09695491099666
314.5531761091533 272.08313002620395
295.08773832113496 256.74672449625007
281.52091804463726 224.304328182886
309.83428209993684 228.4333604409505
340.50709315984466 240.230595463992
372.94948947320876 260.2858950031625
394.7743742658355 271.4932682750519
427.21677057919953 299.21677057919936
431.935664588416 258.51630974970624
470.86654016445306 250.8481069847293
483.2536369386466 296.267461823439
483.2536369386466 237.8711484593837
428.98635583265565 210.7375079063883
396.5439595192916 233.1522544501671
403.0324387819644 203.06930514141135
386.5163097497064 179.47483509532842
353.4840516851902 218.99557242251734
359.38266919671094 240.230595463992
338.1476461552363 204.2490286437155
336.3780609017801 190.09234661606573
319.8619318695221 204.83889039486758
301.57621758380776 158.8296738050058
279.1614710400289 193.0416553718261
265.00478901237926 200.11999638565098
269.7236830215957 211.91723140869243
183.60386735339299 204.2490286437155
193.04165537182618 180.06469684648047
174.1660793349598 180.06469684648047
121.07852173127317 202.4794433902593
95.12460468058192 200.11999638565098
119.30893647781693 258.51630974970624
76.24902864371556 142.31354477274775
94.53474292942987 138.1845125146832
123.43796873588147 129.9264479985542
172.98635583265568 132.2858950031625
253.79741574048978 163.5485678142224
219.58543417366948 178.29511159302425
425.4471853257433 151.16147104002883
446.0923466160659 195.40110237643438
481.48405168519037 202.4794433902593
477.94488117827785 194.22137887413024
473.2259871690613 174.16607933495976
489.15225445016733 171.21677057919933
439.6038673533931 126.38727749164173
846.0186138971718 239.64073371283988
899.1061715008585 220.7651576759735
903.825065510075 191.8619318695219
969.8895816391074 182.4241438510887
978.7375079063884 148.21216228426843
1022.977139242794 181.2444203487846
1021.2075539893378 142.3135447727477
1014.719074726665 102.79280744555874
989.3550194271257 107.51170145477533
981.0969549109968 122.25824523357718
969.8895816391074 124.61769223818548
960.4517936206742 138.77437426583526
926.829673805006 135.82506551007492
905.0047890123792 142.3135447727477
850.1476461552363 129.92644799855412
812.3964940815036 160.599259058462
740.4333604409505 196.5808258787385
666.7006415469414 252.0278304870334
603.5854341736695 193.63151712297815
586.4794433902593 198.3504111321947
575.2720701183699 196.5808258787385
560.5255263395682 240.82045721514402
534.5716092888769 234.33197795247122
543.4195355561579 212.50709315984446
532.8020240354207 182.4241438510887
515.1061715008584 191.8619318695219
534.5716092888769 168.85732357459105
551.677600072287 171.8066323303514
548.7282913165266 159.41953555615785
548.7282913165266 148.21216228426843
572.3227613626095 160.599259058462
613.6130839432547 170.03704707689516
636.0278304870336 183.6038673533929
626.0001807174482 184.19372910454496
670.2398120538538 181.2444203487846
686.7559410861119 170.62690882804725
657.2628535285082 165.90801481883065
620.1015632059275 137.00478901237904
604.7651576759736 121.66838348242513
573.5024848649136 126.38727749164173
539.8803650492455 130.51630974970618
524.5439595192915 148.21216228426843
522.7743742658354 177.11538809072005
516.8757567543146 160.599259058462
551.677600072287 124.02783048703343
574.0923466160658 112.82045721514399
564.0646968464805 104.56239269901498
550.4978765699829 92.17529592482143
542.2398120538538 90.40571067136518
537.5209180446371 104.56239269901498
610.6637751874944 194.2213788741302
673.7789825607662 152.34119454233294
674.3688443119183 129.33658624740207
689.7052498418723 147.0324387819643
699.1430378603054 155.2905032980933
718.0186138971718 158.23981205385368
708.5808258787387 137.00478901237904
694.4241438510888 95.12460468058178
717.4287521460197 92.76515767597348
725.0969549109966 136.41492726122698
752.8204572151441 134.05548025661867
754.0001807174482 121.07852173127307
759.3089364778169 112.82045721514399
763.4379687358814 129.92644799855412
777.5946507635313 125.7974157404896
794.1107797957892 131.69603325201038
802.9587060630705 86.86654016445277
769.9264479985543 88.04626366675689
755.7697659709045 86.86654016445277
989.9448811782779 89.22598716906107
584.119996385651 93.35501942712554
565.8342820999367 90.40571067136518
516.2858950031625 92.76515767597348
326.3504111321949 108.98635583265558
357.6130839432548 110.16607933495976
380.61769223818567 104.8573235745911
449.63151712297844 97.18912080961417
467.32736965754054 93.64995030270167
502.719074726665 144.37806090178003
505.0785217312733 113.70524984187217
503.8987982289691 96.59925905846207
529.8527152796604 143.1983373994759
452.5808258787388 203.3642360169874
953.3734526068492 64.7467244962501
995.8434986897986 65.92644799855421
982.866540164453 56.488659980121014
775.235203758923 80.08313002620399
762.8481069847295 81.26285352850812
766.9771392427939 71.82506551007496
759.3089364778169 60.617692238185555
859.2905032980937 106.0370470768952
868.1384295653747 116.06469684648046
433.1735851531249 105.36087612302445
