77.05705843981438 277.44844787229954
102.60696059245625 262.41909366486317
93.58934806799445 227.8515789877595
117.63631479989265 199.2958059936303
71.04531675683985 170.7400329995011
143.18621695253452 157.21361421280835
159.71850658071457 217.33103104255397
182.2625378918692 169.2370975787575
335.56195080772045 322.53651049460876
308.50911323433496 223.34277272552856
261.918115191282 167.7341621580139
266.426921453513 157.21361421280835
291.97682360615494 137.6754537431411
257.40930892905124 127.15490579793557
270.9357277157439 127.15490579793557
251.39756724607656 137.6754537431411
228.85353593492204 143.68719542611564
237.8711484593839 124.1490349564483
388.1646905337479 232.36038524999037
404.6969801619279 164.72829131652657
448.28210736349354 214.3251602010667
556.4934576570355 151.20187252983374
573.0257472852156 181.26058094470656
613.6050036452939 164.72829131652657
607.5932619623194 131.6637120601665
622.6226161697557 127.15490579793557
642.1607766394231 343.57760638501975
639.1549057979357 227.8515789877595
705.2840643106559 175.24883926173203
676.7282913165268 172.24296842024478
664.7048079505777 161.7224204750393
627.1314224319867 188.77525804842483
780.430835347838 175.24883926173203
772.9161582441197 248.89267487817042
816.5012854456852 242.8809331951959
852.5717355435327 325.542381336096
872.1098960132 409.7067648977399
933.7302482636891 337.5658647020452
1008.8770193008712 406.7008940562527
1004.3682130386403 301.49541460419783
953.2684087333565 272.9396416100687
945.7537316296384 241.37799777445224
1016.3916964045894 223.34277272552856
981.8241817274857 200.7987414143739
989.338858831204 175.24883926173203
914.1920877940219 191.7811288899121
923.2097003184838 230.8574498292467
851.068800122789 223.34277272552856
900.6656690073291 277.44844787229954
875.1157668546872 196.28993515214296
881.1275085376619 169.2370975787575
911.1862169525347 172.24296842024478
933.7302482636891 151.20187252983374
977.3153754652546 151.20187252983374
971.3036337822803 106.11380990752457
830.027704232378 169.2370975787575
816.5012854456852 151.20187252983374
1017.8946318253331 64.0316181267027
989.338858831204 80.5639077548827
998.3564713556656 65.5345535474463
978.8183108859985 64.0316181267027
969.8006983615365 74.55216607190818
959.2801504163313 59.52281186447177
957.7772149955875 76.05510149265177
950.2625378918693 65.5345535474463
941.2449253674075 71.54629523042082
912.6891523732781 70.04335980967724
897.659798165842 59.52281186447177
875.1157668546872 47.49932849852271
876.618702275431 59.52281186447177
861.5893480679946 53.511070181497246
863.0922834887382 47.49932849852271
861.5893480679946 47.49932849852271
869.1040251717127 68.54042438893364
848.0629292813018 70.04335980967724
860.0864126472509 64.0316181267027
848.0629292813018 107.61674532826831
839.04531675684 86.57564943785724
836.0394459153525 74.55216607190818
840.5482521775835 68.54042438893364
819.5071562871726 76.05510149265177
821.0100917079162 86.57564943785724
793.9572541345307 76.05510149265177
787.9455124515562 76.05510149265177
780.430835347838 86.57564943785724
753.3779977744524 85.07271401711364
735.3427727255287 74.55216607190818
726.3251602010669 89.58152027934457
715.8046122558613 80.5639077548827
688.7517746824759 101.60500364529365
703.7811288899123 91.08445570008817
691.7576455239632 70.04335980967724
673.7224204750395 70.04335980967724
672.2194850542959 89.58152027934457
661.6989371090905 74.55216607190818
651.1783891638848 89.58152027934457
643.6637120601667 74.55216607190818
637.6519703771921 92.58739112083191
625.6284870112429 86.57564943785724
637.6519703771921 131.6637120601665
607.5932619623194 97.09619738306286
618.1138099075248 80.5639077548827
597.0727140171139 79.0609723341391
597.0727140171139 85.07271401711364
588.055101492652 91.08445570008817
580.5404243889337 71.54629523042082
588.055101492652 101.60500364529365
571.5228118644719 116.63435785273003
554.9905222362919 101.60500364529365
539.9611680288555 121.14316411496097
533.949426345881 124.1490349564483
562.5051993400101 86.57564943785724
571.5228118644719 70.04335980967724
539.9611680288555 74.55216607190818
541.4641034495991 91.08445570008817
521.9259429799318 116.63435785273003
523.4288784006754 95.5932619623191
526.4347492421626 74.55216607190818
515.9142012969572 82.0668431756263
499.38191166877726 79.0609723341391
497.87897624803367 106.11380990752457
505.39365335175177 95.5932619623191
493.3701699858027 113.62848701124284
502.38778251026457 127.15490579793557
521.9259429799318 133.16664748091017
473.8320095161354 107.61674532826831
473.8320095161354 95.5932619623191
470.82613867464806 85.07271401711364
484.35255746134084 70.04335980967724
461.8085261501863 70.04335980967724
455.79678446721164 91.08445570008817
449.78504278423713 101.60500364529365
466.3173324124171 131.6637120601665
437.7615594182881 133.16664748091017
419.7263343693643 121.14316411496097
368.62653006408055 124.1490349564483
397.18230305820975 137.6754537431411
349.0883695944132 118.13729327347377
337.06488622846416 131.6637120601665
314.52085491730946 106.11380990752457
337.06488622846416 85.07271401711364
352.0942404359006 95.5932619623191
367.12359464333696 86.57564943785724
380.6500134300296 86.57564943785724
358.1059821188751 82.0668431756263
361.1118529603623 74.55216607190818
356.6030466981314 64.0316181267027
347.5854341736696 65.5345535474463
349.0883695944132 58.01987644372817
361.1118529603623 59.52281186447177
394.17643221672245 70.04335980967724
386.6617551130042 79.0609723341391
413.7145926863898 70.04335980967724
443.7733011012626 70.04335980967724
455.79678446721164 70.04335980967724
443.7733011012626 82.0668431756263
439.26449483903167 95.5932619623191
319.0296611795404 71.54629523042082
332.55607996623326 64.0316181267027
335.56195080772045 76.05510149265177
328.0472737040023 91.08445570008817
304.000306972104 91.08445570008817
313.01791949656587 92.58739112083191
294.98269444764213 95.5932619623191
275.44453397797486 95.5932619623191
246.88876098384563 101.60500364529365
255.9063735083075 116.63435785273003
227.35060051417838 100.10206822455005
168.73611910517644 127.15490579793557
150.7008940562527 122.6460995357047
164.2273128429455 143.68719542611564
186.77134415410012 140.6813245846283
125.15099190361084 118.13729327347377
104.10989601319991 122.6460995357047
40.98660834196705 101.60500364529365
28.963124976017912 91.08445570008817
43.992479183454314 91.08445570008817
30.46606039676151 68.54042438893364
18.442577030812448 53.511070181497246
36.477802079736115 47.49932849852271
66.53651049460892 64.0316181267027
90.58347722650711 70.04335980967724
93.58934806799445 82.0668431756263
68.03944591535252 101.60500364529365
117.63631479989265 106.11380990752457
134.1686044280727 106.11380990752457
161.22144200145826 79.0609723341391
132.66566900732906 82.0668431756263
123.64805648286725 61.02574728521537
144.68915237327818 41.487586815548035
152.2038294769964 41.487586815548035
161.22144200145826 47.49932849852271
167.2331836844328 53.511070181497246
171.74198994666372 47.49932849852271
174.74786078815097 80.5639077548827
183.76547331261284 26.45823260811163
177.75373162963825 29.46410344959897
188.27427957484377 29.46410344959897
171.74198994666372 6.920072138444299
135.6715398488163 26.45823260811163
125.15099190361084 11.428878400675233
185.26840873335644 74.55216607190818
201.80069836153652 82.0668431756263
210.8183108859984 80.5639077548827
228.85353593492204 70.04335980967724
206.30950462376745 53.511070181497246
236.36821303864016 44.49345765703537
240.8770193008711 53.511070181497246
252.9005026668203 53.511070181497246
258.91224434979483 47.49932849852271
239.3740838801275 38.48171597406084
276.94746939871857 39.98465139480444
276.94746939871857 47.49932849852271
246.88876098384563 74.55216607190818
258.91224434979483 85.07271401711364
291.97682360615494 59.52281186447177
285.9650819231803 53.511070181497246
300.9944361306167 53.511070181497246
484.35255746134084 97.09619738306286
73.55546414369948 46.63838122661664
94.01500460323992 42.03498462322001
82.76225735049266 66.07494466318002
46.958061546296896 75.79322638146179
54.630389218624565 73.2357838240192
74.57844116667648 100.34467493291031
142.6064131946485 87.55746214569751
310.8861334743687 150.4705490587844
291.9610585492938 117.22379581203117
285.82319641143175 118.24677283500819
326.74227733051254 108.01700260523798
283.2657538539891 80.90811149634686
282.75426534250056 70.67834126657665
272.52449511273034 68.63238722062262
245.41560400383926 39.98903057726599
166.64637323460855 26.690329278564676
177.38763197586727 43.05796164619702
133.9111084993438 33.85116843940384
131.86515445338975 39.47754206577748
122.14687273510805 27.20181779005318
113.45156803980333 36.40861099684637
106.29072887896417 39.47754206577748
96.57244716068249 32.31670290493832
78.67034925858458 31.293725881961304
67.92909051732583 28.736283324518702
189.66335625159155 2.6503692386046596
184.03698262521792 2.1388807271161534
153.34767193590724 8.788231376466808
163.06595365418895 9.299719887955314
163.57744216567744 1.6273922156276468
144.14087872911404 5.207811796047192
129.30771189594722 7.765254353489795
107.82519441342973 12.368650956886356
98.106912695148 7.765254353489795
91.96905055728588 7.253765842001216
87.87714246537776 7.765254353489795
57.18783177606709 82.44257703081242
21.89512448335983 34.87414546238085
9.61940020763555 35.89712248535786
59.233785822021154 32.828191416426826
134.4225970108323 58.91410550234087
151.30171788995318 52.26475485299022
126.75026933850465 45.61540420363963
381.47154805978323 56.356662944898325
372.26475485299005 62.49452508276048
371.24177783001306 68.63238722062262
394.77024935848453 77.83918042741581
476.0969226851579 74.25876084699622
299.8891304773659 69.65536424359965
558.7023172905525 126.43058901882439
619.057961646197 100.34467493291031
766.6223972106325 91.13788172611713
790.150868739104 277.3196999079352
968.6603592485945 66.07494466318002
120.86815145638676 3.9610585492938104
105.26775185598716 4.472547060782353
167.92509451332987 21.60741219564746
221.37564396387933 24.16485475309003
226.74627333450866 31.837182425417694
230.5824371706725 27.74527433350961
229.5594601476955 52.04097862921391
216.51650310473846 49.73928032751559
244.90411549235083 51.52949011772541
249.25176784000323 48.460559048794345
214.98203757027295 30.046972635207922
198.10291669115202 26.97804156627685
239.78923037746577 9.075943664178945
248.48453507277043 12.656363244598527
908.3047148929501 62.49452508276048
9.574922945766993 316.518066758476
705.6551905042954 325.0799396681749
867.4745884976066 359.7555249524558
643.1535182634929 204.57157846416143
688.317397862155 191.72876909961298
718.4979998688439 218.27057511967985
260.4377991999476 229.82910354777349
266.00301659125194 185.3073644173387
95.19365204275694 134.3642206046297
54.952849367171595 109.42776575513149
12.143484818676619 64.90602662469671
107.60836776182045 89.73545806282381
184.8792707718539 101.29398649091745
191.94281592235555 118.41773231031544
200.9327824775395 126.5515115745295
54.0966620762017 48.31739786215482
64.15686274509802 44.89264869827521
30.765558397271942 50.99298314643584
52.0632172601482 57.09331759459637
41.039805888910735 66.83244802937898
76.99967210964651 75.28729752770674
104.3976654206833 53.775591842088026
113.38763197586721 75.39432093907796
141.21371893238893 68.75886943406122
116.59833431700433 43.929437995934144
186.80569217653607 44.785625286904036
191.51472227687054 76.8926486982753
202.43111023673677 60.625090169847184
197.9361269591448 43.5013443504492
212.91940455111805 38.36422060462981
221.481277460817 66.40435438389402
118.63177913305783 18.2973309725228
148.1702406715194 31.140140337071287
23.80903665814147 72.66522394911142
113.81572562135219 11.019738999278642
185.9495048855662 5.989638664830475
196.00970555446253 7.273919601285325
149.88261525345916 23.969571775198364
147.8491704374057 9.039805888910754
174.60502328021502 17.173585153124804
107.60836776182042 21.829103547773613
41.25385271165316 58.32408682536558
130.19030756115149 3.421076791920777
93.48127746081705 20.38428749426192
279.916060069513 34.77893632369336
286.5515115745297 36.91940455111811
298.32408682536584 38.95284936717162
324.54482261131903 54.5782674273723
311.916060069513 67.84917043740576
266.431110236737 44.78562528690407
249.52141124008148 20.17024067151946
392.9327824775397 108.35753164141911
401.2806085644963 96.58495639058299
405.9896386648307 80.74549150763984
425.2538527116534 89.73545806282381
418.8324480293792 86.95284936717164
417.7622139156668 69.61505672503117
425.6819463571383 67.26054167486394
431.88930421667015 76.25050823004788
