288.44724387032505 522.1459734529021
257.78299704636845 750.7339952314865
334.44361410625964 459.42365040390024
567.2131240881108 332.5851749048077
643.8737411480021 446.87918579409984
691.2639407850255 342.34198071243014
779.0751930536281 471.9681150137006
719.1405288068042 530.5089498594356
878.037080530942 731.2203836162414
883.6123981352978 274.0443400590726
910.0951567559874 226.65414042204907
986.7557738158785 207.14052880680404
1010.4508736343905 215.50350521333766
872.4617629265863 223.86648161987125
787.4381694601617 201.56521120244832
784.6505106579839 159.75032916978043
486.3710188249529 303.31475748194015
571.3946122913777 229.4417992242269
430.6178427813957 244.77392263620513
117.00622753638662 297.7394398775844
9.681363652539028 262.8937048503612
47.31475748194013 198.77755240027045
28.614213017330364 212.71584641115984
121.30386818974422 220.38190811714892
85.06430376143204 199.474467100815
170.08789722785673 230.83562862531593
111.54706238212167 189.7176612931925
122.69769759083314 129.08608234582408
100.39642717341025 135.35831465072425
37.67410412440842 140.93363225507994
59.97537454183129 120.72310593929048
49.52165403366434 92.84651791751193
20.948151311341267 96.33109142023422
35.58336002277503 52.42546528593298
57.8846304401979 60.78844169246654
72.51983915163167 55.910038788655264
80.18590085762077 53.81929468702191
84.36738906088755 96.33109142023422
97.60876837123239 91.45268851642301
8.810220276858457 101.20949432404548
41.21675385217608 49.98626383402732
116.8319988612505 49.98626383402732
134.25486637486213 55.21312408811081
158.6468808939184 43.01711682858267
181.99352336215793 43.01711682858267
203.94633642930864 34.305683071776855
219.62691719155904 29.775737518237865
222.4145759937369 25.24579196469883
239.83744350734852 11.655955304081775
244.7158464111598 37.44179922422696
241.92818760898194 31.16956691932679
250.2911640155155 31.16956691932679
214.05159958720333 26.988078716059974
123.45268851642292 53.122379986477405
75.36557417885483 108.52709867976235
122.75577381587846 96.67954877050644
142.6178427813957 103.64869577595113
153.76847799010713 103.64869577595113
163.1768264474574 101.90640902458995
175.0243763567133 111.3147574819402
180.94815131134123 99.81566492295653
188.26575566705816 85.87737091206725
196.2802747233195 97.37646347105091
208.12782463257543 83.43816946016162
216.490801039109 93.19497526778413
209.87011138393655 129.7829970463685
241.23127290843743 125.94996619337397
232.51983915163166 117.58698978684039
239.83744350734852 83.43816946016162
248.20041991388214 75.07519305362804
281.82655421515267 173.34016583039755
328.5198391516318 157.3111277178749
511.11149069428154 163.58336002277508
566.1677520372943 151.03889541297468
573.136899042739 107.13326927867342
544.5633963204159 102.25486637486217
518.0806376997263 112.0116721824847
489.50713497740315 124.55613679228505
456.75214405181333 115.49624568520699
419.8156649229566 92.49806056723965
380.09152699192225 98.0733781715954
259.69951247286593 94.93726201914531
269.1078609302162 90.05885911533404
283.39461229137777 102.25486637486219
304.3020533077117 107.8301839792179
322.0733781715955 114.79933098466255
330.08789722785684 91.80114586669522
300.4690224547171 87.61965766342844
292.10604604818354 91.10423116615075
282.69769759083323 80.99896800825601
259.3510551225937 68.45450339845566
272.94089178321076 70.89370485036127
270.1532329810329 59.046154941105385
255.51802426959915 41.62328742749378
257.95722572150476 29.427280167965648
257.95722572150476 22.109675812248764
265.2748300772216 35.00259777232136
278.51620938756645 53.12237998647744
285.4853563930111 47.89551973239395
290.36375929682237 43.36557417885492
303.60513860716725 41.62328742749378
270.5016903313051 35.69951247286582
265.2748300772216 43.01711682858271
278.16775203729424 60.43998434219431
315.45268851642305 50.33472118429959
342.283904487385 31.866481619871255
355.1768264474576 41.62328742749378
353.7829970463687 25.942706665243332
370.5089498594358 35.69951247286582
362.8428881534467 42.32020212803824
372.94815131134146 26.98807871606001
382.70495711896393 28.381908117148935
381.311127717875 38.13871392477146
389.3256467741364 35.00259777232136
324.86103697377337 79.60513860716708
338.1024162841182 85.1804562115228
357.267570549091 87.61965766342844
364.2367175545357 89.3619444147896
375.03889541297485 85.52891356179505
383.0534144692362 72.98444895199466
372.59969396106925 78.5597665563504
410.23308779047034 80.65051065798379
416.8537774456427 75.77210775417252
414.4145759937371 62.87918579409993
445.07882281769355 72.28753425145021
429.04978470517085 51.03163588484405
409.8846304401981 43.36557417885492
400.4762819828478 41.62328742749378
397.3401658303977 34.654140422049146
415.808405394826 28.730365467421187
401.52165403366456 21.412761111704302
429.7466994057154 39.18408597558814
437.0643037614322 43.01711682858271
440.2004199138823 31.866481619871255
449.95722572150487 39.53254332586039
453.7902565744993 33.60876837123243
210.1314543966409 17.49261592114161
216.7521440518133 18.71221664709443
243.75758869791133 19.583360022775008
254.55976655635052 12.265755667058132
256.3020533077117 7.910038788655227
260.13508416070624 12.265755667058132
247.764848226042 14.704957118963755
475.04615494110544 93.02074659264795
476.0915269919221 72.46176292658625
493.51439450553374 59.56884096651365
506.05885911533414 85.70314223693107
539.8592220917407 52.94815131134123
561.4635778086191 79.77936728230313
608.1568627450982 89.88463044019787
621.3982420554431 78.73399523148642
641.9572257215048 95.45994804455357
641.6087683712326 39.358314650724175
619.3074979538096 40.7521440518131
607.8084053948261 41.449058752357566
583.7648482260419 36.570655848546316
557.9790043058968 30.646880893918357
540.5561367922851 33.086082345824
526.2693854311236 33.086082345824
498.7412547596172 34.13145439664068
483.409131347639 39.7067720009964
457.27483007722157 43.19134550371874
462.15323298103283 36.91911319881855
473.30386818974426 39.7067720009964
483.409131347639 32.389167645279535
488.98444895199475 34.13145439664068
495.95359595743935 25.76847799010712
567.387352763247 31.69225294473507
413.45631828048835 14.182271093555398
402.8283690971853 10.34924024056085
413.10786093021613 9.47809686488028
416.2439770826663 6.167752037294068
420.94815131134135 5.470837336749605
429.65958506814724 4.251236610796784
442.02982100281145 1.8120351588911623
455.6196576634285 3.728550585388446
462.58880466887314 2.683178534571733
465.5506921461871 10.000782890288617
474.262125902993 1.4635778086189306
481.7539589338459 18.015301946549965
487.5035052133378 18.3637592968222
485.5869897868405 9.82655421515251
503.3583146507245 20.977189423863926
498.82836909718543 14.704957118963737
496.5633963204159 6.8646667378385136
504.22945802640504 4.425465285932892
510.3274616561691 1.9862638340272694
518.1677520372943 4.251236610796767
528.9699298957336 4.599693961068999
508.0624888793996 33.87011138393652
504.05522935126896 36.8319988612505
507.88826020426353 26.900964378491874
555.6269171915593 6.690438062702407
567.3002384256791 2.508949859435608
559.8084053948261 17.4926159211416
549.7031422369314 26.552507028219644
545.5216540336646 22.19679014981674
572.8755560300349 15.05341446923597
573.7466994057154 23.939076901177906
582.109675812249 9.826554215152493
576.185900857621 1.289349133482788
597.093341873955 5.470837336749587
592.9118536706882 1.4635778086189126
604.5851749048079 1.8120351588911445
596.3964271734105 20.80296074872781
593.0860823458244 23.242162200633434
603.8882602042635 24.461762926586243
614.1677520372943 18.015301946549947
615.9100387886556 10.349240240560832
695.6196576634287 108.35287000462627
666.6976975908334 49.46357780861895
662.5162093875665 44.5851749048077
645.7902565744994 11.481726628945598
632.5488772641546 26.813850040923835
636.3819081171492 32.73762499555179
623.1405288068044 12.17864132949006
656.9408917832109 9.739439877584458
671.2276431443725 7.300238425678817
746.4944308031746 12.527098679762311
740.919113198819 35.17682644745743
751.7212910572581 64.79570122059718
