138.77149689143954 633.9129603060736
75.0836920133907 567.727594452415
10.147106647537036 442.8495456719273
28.87881396461022 327.9617407938785
70.08857006217116 310.4788139646102
1.405643232902923 215.57149689143947
67.59100908656147 246.79100908656144
128.78125298900048 224.31296030607365
40.1178383548541 139.39588713534192
41.36661884265899 33.249545671927315
73.83491152558581 12.020277379244433
111.29832615973218 12.020277379244433
90.06905786704922 65.71783835485414
141.26905786704918 88.1958871353419
155.00564323290288 32.000765184122436
155.00564323290288 10.77149689143955
263.6495456719273 28.254423720707777
274.8885700621712 7.025155428024899
302.3617407938784 50.73247250119554
263.6495456719273 88.1958871353419
293.6202773792444 84.44954567192725
277.3861310377809 149.38613103778093
218.69344811095166 188.09832615973215
218.69344811095166 258.03003347680533
161.2495456719273 275.5129603060736
216.1958871353419 370.4202773792444
259.9032042085127 412.87881396461023
271.14222859875645 126.90808225729316
623.298326159732 539.0056432329028
574.5958871353419 471.57149689143944
996.6836920133906 445.3471066475371
756.9178383548541 266.7714968914395
699.4739359158298 251.78613103778093
573.347106647537 263.02515542802496
434.73247250119556 291.74710664753707
432.23491152558574 251.78613103778093
594.5763749402199 195.59100908656146
609.5617407938785 149.38613103778093
700.7227164036346 141.89344811095168
934.2446676231467 20.761740793878477
940.4885700621711 3.278813964610248
925.5032042085126 5.776374940220015
894.2836920133907 5.776374940220015
980.4495456719274 176.8593017694883
1019.1617407938785 179.35686274509797
1016.6641798182687 78.20564323290297
524.6446676231467 135.64954567192726
475.94222859875657 141.89344811095168
447.22027737924435 126.90808225729316
424.7422285987566 108.1763749402199
397.2690578670492 106.92759445241516
379.78613103778093 95.68857006217121
439.7275944524151 83.20076518412237
489.67881396461024 68.21539933046391
