354.8105212816834 516.5275944524151
71.33735054997605 622.6739359158297
607.0641798182687 460.3324725011956
838.0885700621712 472.8202773792443
870.5568627450979 627.6690578670492
879.2983261597321 283.0056432329029
878.0495456719273 221.81539933046383
1016.6641798182687 210.57637494021995
739.4349115255859 188.09832615973215
728.1958871353419 285.50320420851267
759.4153993304639 344.1958871353419
673.2495456719273 213.0739359158297
538.3812529890005 291.74710664753707
440.97637494021996 286.75198469631755
291.1227164036346 275.5129603060736
96.31296030607365 240.54710664753705
21.386131037780917 258.03003347680533
23.883692013390686 347.94222859875657
106.30320420851264 161.87393591582975
26.38125298900045 226.81052128168344
87.57149689143947 215.57149689143947
48.85930176948828 158.1275944524151
10.147106647537036 100.68369201339074
2.6544237207078063 70.71296030607368
31.376374940219986 79.45442372070787
66.34222859875659 109.42515542802478
83.82515542802489 128.15686274509804
121.28857006217117 105.67881396461027
115.04466762314684 141.89344811095168
162.4983261597322 90.69344811095168
173.73735054997601 25.75686274509801
197.4641798182688 144.39100908656144
239.92271640363455 169.36661884265905
249.91296030607361 126.90808225729316
299.86417981826884 130.6544237207078
307.356862745098 95.68857006217121
328.586131037781 90.69344811095168
327.3373505499761 66.96661884265903
382.2836920133907 34.498326159732194
386.0300334768054 125.65930176948827
386.0300334768054 174.3617407938785
397.2690578670492 196.83978957436636
407.2593017694882 149.38613103778093
462.20564323290284 149.38613103778093
453.4641798182688 131.90320420851268
474.6934481109517 165.6202773792444
492.1763749402199 113.17149689143943
430.98613103778086 45.73735054997601
419.74710664753707 40.74222859875661
475.9422285987564 47.922716403634695
466.5763749402198 29.815399330463954
486.55686274509776 11.708082257293212
502.1666188426588 29.815399330463954
532.7617407938783 24.195887135341977
557.1129603060734 30.439789574366394
574.5958871353416 27.317838354854185
563.9812529890003 56.66417981826881
565.8544237207076 77.26905786704931
598.9471066475368 55.41539933046391
584.5861310377807 7.33735054997612
595.8251554280247 8.586131037781003
682.6153993304638 27.94222859875663
674.4983261597321 31.064179818268837
704.469057867049 7.33735054997612
678.8690578670492 89.75686274509808
635.1617407938783 83.5129603060737
603.9422285987563 123.4739359158298
662.0105212816832 112.23491152558591
662.0105212816832 157.1910090865615
647.0251554280246 178.42027737924442
766.2836920133905 2.3422285987566567
199.64850154108476 246.31070889894426
1021.5883008721884 515.1535182634926
801.9762607384092 2.8324480293789853
