489.06825515016146 390.84040704889554
401.57458426408544 444.30876147927523
219.2961032514273 524.5112931248449
89.27078679573107 531.8024323653513
84.41002730206017 322.7897741375032
212.00496401092096 276.6125589476298
258.1821792007944 258.38471084636393
309.22015388433863 231.65053363117406
422.23281211218676 271.7517994539589
448.96698932737655 237.72648299826272
496.3593943906678 224.35939439066777
609.3720526185159 407.8530652767437
684.7138247704145 255.9543310995285
760.0555969223134 213.42268552990828
813.5239513526928 297.2707867957311
806.2328121121867 365.32141970712337
919.245470340035 237.72648299826272
927.7517994539589 197.6252171754779
942.3340779349717 230.43534375775639
997.0176222387689 262.0302804666171
1000.6631918590223 309.4226855299083
983.6505336311741 132.00496401092096
1003.0935716058576 112.56192603623738
995.8024323653514 59.093571605857754
972.7138247704147 55.44800198560451
949.6252171754778 62.73914122611085
956.9163564159843 12.916356415984303
988.5112931248449 25.068255150161527
995.8024323653514 16.56192603623754
864.5619260362374 118.63787540332609
884.004964010921 101.62521717547797
904.6631918590223 88.25812856788295
896.156862745098 42.08091337800964
909.5239513526932 46.94167287168053
880.3593943906678 10.485976669148858
843.903698188136 1.9796475552248722
832.9669893273765 53.01762223876907
854.8404070488956 55.44800198560451
820.8150905931993 44.51129312484508
774.6378754033261 36.00496401092096
741.8277488210474 49.37205261851599
726.0302804666172 45.72648299826274
693.2201538843387 37.22015388433876
676.2074956564904 49.37205261851599
651.903698188136 29.929014643832417
667.7011665425665 33.574584264085516
732.1062298337056 71.24547034003498
769.7771159096552 74.89103996028807
775.8530652767436 62.73914122611085
481.7771159096551 122.28344502357918
512.1568627450981 87.04293869446529
534.0302804666171 104.05559692231341
9.068255150161455 208.5619260362374
12.713824770414623 142.94167287168045
44.30876147927533 152.66319185902225
17.574584264085512 87.04293869446529
60.106229833705726 67.59990071978174
63.751799453958895 49.37205261851599
55.245470340034835 32.35939439066786
71.04293869446522 27.498634896996972
55.245470340034835 8.055596922313413
72.25812856788295 8.055596922313413
90.48597666914878 44.51129312484508
117.22015388433867 36.00496401092096
124.51129312484501 23.853065276743877
98.99230578307284 18.992305783072986
102.637875403326 36.00496401092096
156.10622983370573 36.00496401092096
175.5492678083893 23.853065276743877
196.20749565649055 23.853065276743877
180.41002730206017 4.410027302060318
224.1568627450981 50.58724249193362
179.19483742864244 67.59990071978174
158.53660958054118 100.41002730206017
117.22015388433867 106.48597666914885
71.04293869446522 108.9163564159843
88.05559692231334 132.00496401092096
169.47331844130068 122.28344502357918
194.99230578307285 151.44800198560452
231.44800198560444 151.44800198560452
248.46066021345254 125.92901464383235
281.27078679573094 114.99230578307284
310.4353437577563 121.06825515016152
327.44800198560444 151.44800198560452
287.3467361628197 149.01762223876906
383.3467361628197 164.8150905931994
395.4986348969969 151.44800198560452
423.44800198560444 123.49863489699695
352.96698932737667 70.03028046661719
363.9036981881361 40.86572350459185
234.9758020176506 37.84481339403247
239.57891049385637 23.46009940588955
248.2097388867421 21.73393372731245
287.33616093449086 25.18626508446673
258.56673295820497 19.43237948920953
266.62217279156505 17.130825251106682
335.6687999346511 46.47564178691826
292.51465797022234 51.654138822649706
297.11776644642805 74.09429264415267
278.7053325416051 89.62978375134702
320.7086973869824 70.06657272747265
343.1488512084854 15.404659572529509
369.61672494666834 21.158545167786702
365.0136164704627 13.103105334426658
399.5369300420057 14.253882453478083
408.1677584348915 17.130825251106682
432.9094664944972 5.62305406059236
436.93718641117727 24.0354879654153
442.69107200643447 33.817093477352515
455.3496203160002 23.46009940588955
421.40169530398293 1.0199455843865899
229.79730498191915 7.780761158813773
234.9758020176506 4.040735521896624
271.5129755475336 4.6161240814223365
296.5423778869023 0.5884041647423146
319.27022598816814 5.19151264094805
308.3378433571795 8.64384399810236
312.3655632738595 6.629984039762348
327.9010543810538 2.602264123082326
337.68265989299107 3.7530412421337864
280.14380394041933 69.34733702806554
115.13867655698714 1.9549519936159128
563.6125589476297 32.45433109952836
589.2454703400348 43.04926780838914
611.4606602134526 45.09990071978152
599.8404070488956 18.783445023579
685.283445023579 34.8467361628195
586.8530652767437 19.808761479275194
576.258128567883 20.492305783072666
552.3340779349716 13.99863489699672
514.3973690742121 31.087242491933413
504.48597666914884 4.429014643832168
524.9923057830729 5.454331099528395
515.0809133780095 1.0112931248448362
710.792314250115 25.94950488556627
689.3876319758675 1.548167092924154
674.1903075611518 0.9060266246967027
703.0866286313859 24.879270771853903
792.9862941832254 30.65853498590071
804.7588694340615 33.44114368155291
838.3642206046301 43.92943799593416
827.8759262902487 45.42776575513149
740.116728965834 38.792314250114764
709.0799396681753 43.28729752770674
751.8893042166702 79.24716374844253
755.3140533805497 111.99632762804119
836.6518460226903 92.08997311299103
849.4946553872387 113.92274903272347
194.51137779526533 7.327431306970968
190.8725818086433 16.317397862154895
195.7956587317202 16.317397862154895
