104.10989601319991 511.9063735083074
170.23905452592004 492.3682130386401
225.84766509343478 420.22731284294537
239.3740838801275 372.1333793791489
170.23905452592004 357.1040251717125
143.18621695253452 436.7596024711255
120.64218564137991 330.051187598327
18.442577030812448 480.34472967269096
300.9944361306167 489.3623421971528
389.6676259544915 327.0453167568397
514.4112658762136 245.8868040366831
741.3545144085033 507.3975672460765
1004.3682130386403 396.1803461110472
972.8065692030237 396.1803461110472
1004.3682130386403 203.80461225586126
995.3506005141784 146.69306626760292
1014.8887609838459 61.02574728521537
1016.3916964045894 21.9494263458807
959.2801504163313 21.9494263458807
921.7067648977401 36.97878055331724
827.0218333908908 41.487586815548035
828.5247688116344 164.72829131652657
825.5188979701471 206.8104830973485
747.3662560914779 172.24296842024478
756.3838686159396 85.07271401711364
742.857449829247 17.440620083649907
696.266451786194 86.57564943785724
699.2723226276813 15.937684662906166
657.1901308468595 53.511070181497246
655.6871954261157 20.446490925137102
582.0433598096774 59.52281186447177
586.5521660719082 121.14316411496097
604.587391120832 106.11380990752457
654.1842600053722 196.28993515214296
454.29384904646804 146.69306626760292
458.802655308699 121.14316411496097
431.7498177353134 103.10793906603737
485.85549288208443 59.52281186447177
446.77917194274977 65.5345535474463
461.8085261501863 53.511070181497246
512.90833045547 64.0316181267027
530.9435555043937 89.58152027934457
562.5051993400101 41.487586815548035
532.4464909251374 21.9494263458807
476.83788035762274 17.440620083649907
454.29384904646804 11.428878400675233
428.7439468938262 26.45823260811163
404.6969801619279 58.01987644372817
406.1999155826715 30.967038870342567
365.62065922259325 11.428878400675233
347.5854341736696 36.97878055331724
319.0296611795404 15.937684662906166
227.35060051417838 5.417136717700701
225.84766509343478 82.0668431756263
294.98269444764213 80.5639077548827
310.01204865507856 182.7635163654503
284.4621465024367 259.4132228233759
198.79482752004924 209.81635393883576
198.79482752004924 272.9396416100687
110.12163769617445 248.89267487817042
7.92202908560691 202.30167683511758
18.442577030812448 262.41909366486317
13.933770768581512 175.24883926173203
40.98660834196705 113.62848701124284
24.45431871378698 101.60500364529365
54.51302712865978 116.63435785273003
116.13337937914905 95.5932619623191
149.1979586355091 122.6460995357047
182.2625378918692 157.21361421280835
243.88289014235843 137.6754537431411
174.74786078815097 59.52281186447177
189.77721499558737 85.07271401711364
379.147078009286 49.002263919266305
208.58843117666643 14.414605002840378
242.3466729349082 39.47754206577748
244.39262698086225 58.91410550234087
184.03698262521792 70.16685275508814
103.22179781003314 98.29872088695629
430.0629566511919 5.207811796047192
502.182836771072 75.79322638146179
359.47754206577736 52.77624336447879
360.50051908875434 39.47754206577748
329.8112083994437 35.89712248535786
793.4755440637795 692.5844351726705
105.0398058889108 165.18696307954608
209.9227490327235 128.3709095678404
273.70870220998097 89.94950488556626
260.0097055544626 64.26388615646925
225.33412027018164 33.65519050429535
249.9495048855663 16.317397862154856
257.4411436815529 1.9762607384090385
300.46455505279033 44.785625286904036
318.01639451767335 103.00636107285722
772.0097055544628 228.54482261131866
694.7388025444294 52.2772640828907
783.9963276280414 47.35418715981377
599.4879664240282 13.64181257787384
629.4545216079746 23.380943012656573
669.9093711063024 29.374254049445884
957.374254049446 304.53144468489734
423.11338448422856 244.5983343170044
484.7588694340613 503.1668961899141
291.688635320349 196.65184602268994
393.574922945767 19.31405338054951
