497.1958237840591 654.0789406671759
424.88413547237076 536.8841354723708
382.4945250827604 480.78023936847467
343.84517443340974 565.5594601476954
335.117901706137 585.5075120957474
291.4815380697734 635.3776419658772
284.0010185892539 620.4166030048383
227.89712248535778 571.7932263814616
211.68933027756552 559.3256939139293
204.20881079704608 540.6243952126305
87.01400560224083 569.2997198879551
24.676343264578463 536.8841354723708
19.689330277565507 563.0659536541889
35.89712248535772 620.4166030048383
24.676343264578463 641.6114081996434
73.2997198879551 676.5204991087344
178.02699261522787 711.4295900178253
281.5075120957473 454.5984211866565
257.8192004074357 447.117901706137
251.58543417366943 447.117901706137
226.65036923860453 452.1049146931499
148.10491469314994 453.3516679399031
308.9360835243188 434.6503692386046
353.8192004074357 432.156862745098
370.0269926152279 428.4166030048383
388.7282913165266 419.68933027756555
398.70231729055257 418.4425770308123
402.44257703081234 408.46855105678634
423.63738222561744 419.68933027756555
570.7542653425005 386.0269926152278
669.2477718360072 428.4166030048383
720.3646549528902 445.8711484593837
781.4555640437993 521.9230965113318
828.8321874204227 470.80621339444866
853.7672523554878 493.24777183600713
967.2217978100331 454.5984211866565
998.3906289788642 432.156862745098
999.6373822256174 414.70231729055246
985.9230965113318 403.4815380697733
998.3906289788642 337.4036159918512
979.6893302775655 328.6763432645785
953.5075120957475 331.16984975808504
892.4166030048383 358.5984211866564
887.4295900178253 322.4425770308123
850.0269926152279 327.42959001782526
828.8321874204227 318.70231729055257
780.2088107970462 342.3906289788642
712.8841354723708 349.8711484593837
695.4295900178253 353.61140819964345
665.5075120957475 364.83218742042266
684.2088107970462 379.79322638146164
639.3256939139293 331.16984975808504
644.3127069009423 313.71530430353954
591.9490705373058 304.9880315762668
576.988031576267 313.71530430353954
590.7023172905525 296.26075884899416
601.9230965113319 292.5204991087343
530.8581614463968 322.4425770308123
518.3906289788644 339.8971224853577
509.66335625159155 342.3906289788642
494.70231729055257 347.3776419658772
495.94907053730583 334.91010949834475
1023.3256939139292 300.00101858925376
953.5075120957475 275.0659536541889
923.5854341736695 270.0789406671759
913.6114081996436 278.8062133944486
575.7412783295136 247.63738222561747
558.2867328749682 253.8711484593837
525.8711484593837 256.3646549528902
510.2867328749681 312.15686274509795
494.70231729055257 311.53348612172135
482.2347848230201 301.55946014769535
462.2867328749681 305.2997198879551
459.169849758085 298.44257703081223
444.208810797046 292.208810797046
443.58543417366946 316.5204991087343
474.130888719124 314.65036923860447
397.4555640437992 345.19582378405903
355.68933027756543 347.0659536541889
356.31270690094215 381.97504456327977
330.7542653425005 319.63738222561744
305.195823784059 302.80621339444855
328.2607588489941 294.70231729055246
343.22179781003297 299.6893302775655
350.70231729055246 296.5724471606824
353.8192004074356 292.208810797046
353.8192004074356 319.63738222561744
370.6503692386044 301.55946014769535
384.98803157626674 299.0659536541888
389.9750445632798 299.0659536541888
400.5724471606823 299.0659536541888
403.68933027756543 294.70231729055246
409.9230965113318 305.9230965113317
426.7542653425005 263.53348612172135
437.3516679399031 247.94907053730572
439.8451744334097 254.80621339444855
457.2997198879552 259.1698497580849
466.6503692386045 257.9230965113317
459.7932263814616 242.33868092691608
462.2867328749681 240.46855105678625
501.55946014769535 242.9620575502927
515.2737458619811 250.44257703081223
512.156862745098 246.7023172905525
516.5204991087344 247.94907053730572
600.6763432645785 246.7023172905525
590.0789406671759 246.07894066717583
195.48153806977325 263.53348612172135
187.37764196587716 263.53348612172135
179.27374586198104 261.66335625159144
174.28673287496807 261.66335625159144
600.6763432645785 216.78023936847453
615.0140056022408 216.15686274509792
620.0010185892538 216.78023936847453
612.5204991087344 221.76725235548756
698.9620575502928 346.4425770308123
175.5334861217214 760.0529666412019
917.7672523554877 198.07894066717583
54.09666207620175 456.0765951865694
201.7889697685096 267.71539117319156
198.36422060463002 249.73545806282365
171.60836776182063 261.72208013640227
179.2070299691785 259.1535182634926
274.24381926683736 297.57492294576684
504.34415371499784 261.93612695914464
520.1836185979411 257.01305003606774
543.6217456882421 248.45117712636878
547.5816119089778 248.45117712636878
525.8558594006166 248.77224736048248
529.2806085644962 248.45117712636878
406.5247557216868 257.8692373270376
415.72876909961326 257.4411436815527
466.8859597350647 242.24381926683697
462.0699062233591 261.45452160797413
446.0699062233591 260.17024067151925
447.5147222768708 259.0464948521212
484.6518460226902 251.23378582202088
372.8123811397471 348.0899731129908
646.1501737818878 415.94281592235507
648.2906420093126 311.4879664240273
672.4779329792123 359.86254836382665
675.2605416748643 358.36422060462934
681.2538527116536 343.59498983539856
682.3240868253661 338.45786608957917
678.685290838744 335.4612105711845
984.344153714998 360.1836185979408
505.94950488556645 247.91606006951244
