164.99588713534197 573.9714968914395
71.33735054997605 466.57637494022
303.6105212816833 455.33735054997607
374.7910090865614 454.0885700621712
227.43491152558585 341.6983261597321
2.6544237207078063 341.6983261597321
46.36174079387852 244.29344811095163
92.566618842659 218.06905786704922
177.48369201339065 184.35198469631752
182.4788139646102 164.3714968914395
163.74710664753707 159.37637494022
204.95686274509796 166.8690578670493
443.4739359158297 215.57149689143947
583.3373505499761 249.28857006217117
680.7422285987566 179.35686274509797
725.6983261597321 176.8593017694883
674.4983261597322 111.92271640363455
640.7812529890004 160.62515542802487
605.8153993304638 135.64954567192726
577.0934481109517 115.6690578670492
539.6300334768054 124.41052128168339
528.3910090865613 110.67393591582967
490.9275944524152 116.91783835485407
396.0202773792444 145.63978957436635
368.54710664753696 146.88857006217123
353.5617407938785 163.12271640363463
333.5812529890004 159.37637494022
321.09344811095167 145.63978957436635
281.13247250119554 155.63003347680535
292.3714968914395 123.16174079387851
303.6105212816833 126.90808225729316
281.13247250119554 123.16174079387851
278.6349115255858 90.69344811095168
281.13247250119554 76.95686274509809
291.1227164036346 59.47393591582973
193.71783835485414 56.976374940219955
212.44954567192724 88.1958871353419
103.80564323290291 39.18125298900051
121.28857006217122 28.56661884265907
114.42027737924442 30.439789574366394
123.16174079387854 24.195887135341977
140.64466762314683 30.439789574366394
146.88857006217125 29.815399330463954
153.75686274509803 24.195887135341977
146.88857006217125 21.698326159732282
138.14710664753707 19.825155428024956
161.24954567192734 21.698326159732282
167.4934481109517 19.200765184122513
278.6349115255859 44.17637494022004
279.25930176948833 36.05930176948837
322.96661884265905 91.00564323290297
337.95198469631765 84.13735054997618
348.566618842659 79.76661884265908
371.0446676231469 77.26905786704931
374.7910090865614 75.395887135342
445.34710664753703 55.415399330464
470.947106647537 86.6349115255859
475.31783835485413 69.77637494022007
506.53735054997605 52.293448110951786
489.0544237207078 41.05442372070783
393.52271640363466 27.317838354854185
154.6934481109517 27.473935915829724
93.19100908656144 46.20564323290287
118.16661884265899 24.97637494021996
117.54222859875655 19.981252989000424
184.0397895743663 23.415399330463853
194.6544237207078 17.795887135341914
175.6105212816834 12.176374940219937
184.0397895743663 12.488570062171158
189.03491152558584 9.991009086561426
199.33735054997604 6.556862745097996
195.59100908656146 8.430033476805322
269.2690578670493 18.420277379244354
271.1422285987566 10.92759445241509
277.38613103778096 10.303204208512646
269.5812529890005 5.308082257293113
266.45930176948826 5.308082257293113
262.0885700621712 5.308082257293113
263.9617407938785 4.6836920133906705
283.94222859875657 2.4983261597321604
301.4251554280249 14.986131037780925
270.5178383548542 24.66417981826874
271.76661884265906 31.532472501195567
308.2934481109518 32.78125298900044
324.527594452415 13.112960306073635
308.917838354854 18.42027737924439
325.77637494021985 8.117838354854138
317.0349115255857 10.303204208512684
337.9519846963174 4.371496891439485
341.0739359158296 8.117838354854138
345.44466762314664 4.683692013390707
336.0788139646101 27.161740793878504
347.6300334768052 35.27881396461023
363.55198469631745 34.03003347680534
367.9227164036345 13.737350549976075
373.8544237207077 26.53735054997607
384.78125298900034 29.03491152558583
386.0300334768052 9.36661884265902
421.9324725011955 8.117838354854138
438.4788139646102 9.36661884265902
464.07881396461016 19.66905786704924
463.4544237207077 14.36174079387852
480.6251554280247 5.308082257293148
492.1763749402199 7.493448110951695
494.98613103778086 5.9324725011955906
500.29344811095166 13.737350549976075
513.0934481109515 21.542228598756562
510.2836920133906 18.10808225729317
500.29344811095166 8.117838354854138
510.5958871353418 10.303204208512684
516.527594452415 11.23978957436631
523.0836920133906 14.0495456719273
529.6397895743662 12.176374940219972
511.8446676231467 40.898326159732186
519.6495456719272 54.634911525585835
554.3032042085126 41.21052128168341
592.7032042085126 63.06417981826876
571.1617407938784 29.659301769488273
565.5422285987565 25.288570062171214
553.3666188426589 29.971496891439497
540.8788139646101 29.659301769488273
537.7568627450979 34.03003347680534
549.6202773792443 11.23978957436631
559.9227164036346 8.742228598756578
571.4739359158297 8.742228598756578
592.0788139646102 17.79588713534195
594.2641798182686 21.542228598756562
607.688570062171 33.0934481109517
611.4349115255857 26.53735054997607
622.9861310377809 31.220277379244376
628.2934481109517 34.96661884265901
621.4251554280248 16.547106647537063
636.7227164036346 19.35686274509802
644.8397895743663 20.605643232902903
636.7227164036346 2.498326159732196
673.5617407938784 34.96661884265901
655.1422285987564 59.63003347680534
649.8349115255858 33.0934481109517
652.0202773792442 24.664179818268774
651.3958871353418 13.737350549976075
644.8397895743663 1.2495456719273124
660.4495456719271 2.498326159732196
700.4105212816833 15.29832615973218
700.7227164036344 6.556862745098032
706.6544237207077 3.1227164036346378
711.337350549976 1.5617407938785333
715.7080822572931 3.1227164036346378
706.3422285987564 18.10808225729317
736.3129603060735 4.683692013390707
781.8934481109516 10.303204208512684
792.8202773792443 13.737350549976075
627.6690578670491 119.25930176948826
868.6836920133908 29.815399330463954
857.4446676231468 25.444667623146866
901.77637494022 32.937350549976166
912.3910090865613 38.556862745098066
938.6153993304639 11.08369201339077
869.9324725011957 12.956862745098094
868.0593017694883 2.3422285987566567
850.57637494022 10.459301769488329
834.966618842659 11.08369201339077
839.3373505499761 2.3422285987566567
829.3471066475371 2.3422285987566567
824.9763749402199 11.708082257293212
807.4934481109517 4.839789574366424
851.2007651841225 2.498326159732196
