454.3129425999075 625.2893491334828
882.2185687342089 734.0080424184192
964.4545033984557 742.3710188249529
107.24942172876413 534.6904380627025
143.4889861570763 498.45087363439023
66.82836909718517 437.1223799864773
45.920928080851205 385.550692146187
83.5543219102523 393.91366855272054
146.27664495925416 417.6087683712324
211.2058645599801 361.85559232767525
186.81385004092385 289.37646347105095
143.60513860716705 248.25849613892754
219.56884096651376 280.3165723639729
232.1133055763141 283.8011458666952
230.02256147468069 223.86648161987128
343.6196576634284 387.6414362478205
287.8664816198713 357.6741041244085
290.6541404220491 343.7358101135192
343.6196576634284 294.95178107540664
377.7684779901073 271.9535959574393
399.37283370698566 328.40368670154095
446.06611864346473 362.5525070282198
497.6378064837551 319.3437955944629
257.2022347959149 258.7122166470945
247.4454289882923 277.52891356179504
278.1096758122488 260.8029607487279
286.47265221878234 240.5924344329384
304.59243443293843 237.80477563076056
550.3710188249529 314.4653926906517
588.7013273548985 306.79933098466256
618.6686594783104 323.5252837977297
632.6069534891997 325.6160278993631
641.6668445962778 314.4653926906517
638.1822710935554 405.0643037614321
676.5125796235011 338.16049250916353
700.9045941425574 373.70314223693117
721.8120351588911 365.3401658303976
740.6287320735917 345.1296395146081
812.4109462296716 333.2820896053522
808.9263727269494 264.28753425145027
840.2875342514502 304.0116721824847
852.1350841607061 328.40368670154095
880.7085868830292 321.4345396960963
893.2530514928295 343.7358101135192
880.7085868830292 383.4599480445537
926.7049571189638 347.917298316786
955.2784598412869 350.7049571189639
946.9154834347534 251.7430696416499
942.7339952314865 228.7448845236825
965.7321803494539 246.8646667378386
960.1568627450981 196.68680829863717
1020.0915269919221 198.0806376997261
8.2875342514501 430.1532329810327
