275.20586455998017 570.9300024910144
121.8846304401979 715.8882602042632
286.35649976869155 492.8755560300345
417.376463471051 427.36557417885484
453.6160278993631 396.70132735489835
562.3347211842997 502.63236183765696
928.911853670688 720.0697484075299
417.376463471051 271.25668125689475
502.4000569374756 343.7358101135191
475.91729831678595 286.588804668873
526.0951567559874 318.6468808939183
507.97537454183134 267.07519305362797
531.6704743603432 247.56158143838297
586.0298210028113 343.7358101135191
671.0534144692361 267.07519305362797
675.2349026725028 205.7466994057151
811.8301839792181 257.31838724600544
838.3129425999078 285.194975267784
874.5525070282198 255.9245578449165
903.8229244510875 289.37646347105084
986.0588591153343 264.2875342514501
994.4218355218676 240.59243443293835
995.8156649229568 215.50350521333758
979.0897121098897 219.68499341660439
948.4254652859331 195.98989359809252
889.8846304401981 172.29479377958077
282.1750115654247 248.95541083947194
262.66139995017977 180.65777018611442
305.8701113839366 186.2330877904701
381.1368990427388 211.3220170100708
365.8047756307606 186.2330877904701
404.83199886125055 189.02074659264798
442.4653926906517 191.80840539482583
459.1913455037188 176.47628198284755
481.4926159211418 170.90096437849184
531.6704743603432 218.29116401551545
560.9408917832106 191.80840539482583
541.4272801679657 144.41820575780216
520.5198391516317 144.41820575780216
567.9100387886554 147.20586455998
594.3927974093449 197.38372299918154
587.4236504039004 168.113305576314
609.7249208213232 127.69225294473503
647.3583146507243 129.08608234582397
682.2040496779475 143.0243763567133
672.447243870325 134.66139995017966
715.655955304082 151.38735276324684
753.289349133483 131.8737411480018
782.5597665563505 120.72310593929035
814.6178427813958 169.50713497740293
797.8918899683287 169.50713497740293
842.4944308031744 147.20586455998
870.3710188249529 127.69225294473503
927.5180242695991 78.90822390662252
965.1514180990002 59.39461229137754
983.2712003131562 73.3329063022668
984.6650297142454 108.17864132949006
207.89551973239392 80.82473933311982
190.9953382441907 70.02256147468061
201.79751610262988 66.01530194654995
195.8737411480019 70.71947617522508
195.8737411480019 64.27301519518879
211.9027792605246 63.57610049464432
214.34198071243023 68.28027472331947
220.09152699192205 84.13508416070601
220.78844169246653 96.5053200953703
238.7339952314865 94.41457599373688
251.10423116615073 87.79388633856448
261.3837229991816 85.70314223693109
227.9318173730473 66.18953062168606
222.8791857940999 64.27301519518879
241.17319668339212 66.01530194654995
246.74851428774784 62.35649976869151
253.19497526778414 62.00804241841928
280.0842674637916 67.583360022775
288.27301519518903 85.87737091206719
291.234902672503 71.9390769011779
298.72673570335604 81.34742535852816
289.8410732714141 65.31838724600549
303.7793672823034 68.8029607487278
300.12056510444495 56.43272481406355
304.47628198284787 56.43272481406355
320.1568627450983 64.62147254546102
329.2167538521763 67.583360022775
341.5869897868406 60.265755667058116
352.73762499555204 54.86466673783851
351.169566919327 61.485356393010925
360.0552293512689 61.485356393010925
347.68499341660464 78.03708053094196
330.9590406035375 117.76121846197644
348.73036546742134 127.51802426959897
367.19860503184964 120.89733461442653
363.71403152912734 104.17138180135939
370.68317853457205 98.9445215472759
388.4545033984558 100.68680829863708
391.2421622006337 97.20223479591473
392.98444895199486 89.53617308992561
378.0007828902888 76.29479377958079
371.03163588484426 74.90096437849186
389.4998754492726 54.69043806270239
400.650510657984 109.39824205544286
410.0588591153342 95.80840539482581
423.6486957759513 111.14052880680403
418.77029287214015 120.89733461442653
412.8465179175121 134.13871392477137
367.8955197323942 50.85740720970784
399.25668125689504 48.069748407529985
403.08971210988966 41.79751610262979
410.7557738158788 67.23490267250274
417.0280061207789 50.85740720970784
421.557951674318 63.75032916978043
421.20949432404575 73.50713497740294
426.4363545781291 76.64325112985303
421.20949432404575 84.65777018611438
414.5888046688733 84.65777018611438
397.16593715526164 31.95359595743926
392.20041991388234 31.34379559446285
388.4545033984558 29.862851855805864
388.628732073592 25.94270666524325
391.15504786306565 24.374648589018204
392.4617629265865 21.499875449272288
387.6704743603433 22.196790149816756
398.3855378812145 23.939076901177913
397.94996619337417 21.32564677413617
394.81385004092414 25.158677627130725
402.13145439664095 22.719476175225104
402.91548343475347 20.280274723319472
406.66139995018 21.761218461976462
407.53254332586056 24.11330557631403
410.4944308031745 25.507134977402956
408.8392583893815 30.472652218782272
403.7866268104341 26.72673570335577
406.31294259990773 32.73762499555178
409.710401765062 48.76666310807447
408.8392583893815 39.00985730045196
413.89188996832877 33.95722572150459
417.0280061207789 30.99533824419062
415.9826340699622 26.988078716059945
421.2094943240457 25.94270666524325
426.8719262659695 26.465392690651598
428.17864132949035 29.253051492829456
425.47809686488057 31.77936728230314
423.0388954129749 39.09697163802003
419.3800932351165 51.46720757268427
429.57247073057925 53.29660866161349
432.5343582078932 49.986263834027284
434.53798797195856 42.233087790470115
430.9663001316682 34.39279740934489
436.1931603857517 33.34742535852819
437.0643037614323 28.643251129853052
431.6632148322127 30.472652218782272
441.158677627131 48.15686274509805
446.7339952314867 48.15686274509805
435.93181737304747 59.56884096651367
442.1169353403796 58.523468915696974
446.9082239066228 61.65958506814707
455.18408597558835 52.77392263620514
448.0407102950076 45.543432618056315
444.12056510444495 33.87011138393653
445.16593715526164 29.7757375182378
440.02619123874626 29.42728016796557
442.72673570335604 25.507134977402956
447.43090993203117 24.810220276858495
451.26394078502574 26.63962136578771
461.02074659264827 26.029821002811303
455.18408597558835 32.38916764527955
456.7521440518134 36.65777018611439
449.52165403366456 35.1768264474574
448.3891676452798 40.22945802640478
455.79388633856473 42.755773815878456
460.49806056723986 42.2330877904701
462.3274616561691 46.937262019145244
464.4182057578025 41.884630440197874
466.07337817159566 36.39642717341022
468.164122273229 37.35468488665885
472.60695348919995 40.665029714245065
474.78481192840144 33.69588270880042
471.64869577595135 33.260311020960124
478.617842781396 27.16230739119606
474.34924024056113 29.078822817693336
468.5996939610693 28.120565104444694
479.1405288068043 44.323831892103506
483.06067399736696 37.09334187395468
486.89370485036153 33.34742535852819
484.01893171061556 28.64325112985305
486.0225614746809 26.63962136578771
489.5071349774032 25.768477990107126
490.9880787160602 44.149603216967385
495.9535959574395 37.790256574499146
494.1241948685103 34.218568734208766
491.85922209174083 21.06430376143199
498.04434005907297 17.05704423330132
502.13871392477165 18.363759296822185
505.710401765062 17.9281876089819
509.3692039429205 17.05704423330132
508.49806056723986 21.06430376143199
513.202234795915 39.096971638020015
518.5162093875665 35.87374114800186
509.63054695562465 34.65414042204905
517.4708373367499 19.583360022775004
526.2693854311237 18.276644959254135
530.1024162841182 15.663214832212388
530.5379879719586 13.65958506814705
537.245791964699 14.095156755987345
535.8519625636102 27.336536066332172
532.628732073592 35.351055122593515
522.8719262659695 26.116935340379364
530.1895306216863 37.2675705490908
538.5525070282199 42.32020212803817
539.4236504039005 35.96085548556992
543.3437955944631 36.48354151097828
547.1768264474576 43.19134550371876
537.4200206398352 47.024376356713304
545.2603110209603 6.690438062702407
550.66139995018 37.093341873954685
563.9027792605249 22.240347318600765
550.0515995872037 28.512579623500947
572.5270986797625 12.135084160706025
576.9699298957336 22.327461656168822
580.1060460481835 31.735810113519097
571.74306964165 37.049784705170644
568.9554108394722 32.60695348919968
563.8156649229568 38.966300131667914
564.7739226362054 47.242162200633445
577.7539589338461 45.32564677413616
583.4163908757698 44.71584641115976
576.7085868830294 28.338350948364834
591.1695669193269 39.8374435073485
589.9499661933742 47.242162200633445
598.8356286253161 42.36375929682219
594.7412547596174 32.781182164335796
594.131454396641 29.993523362157934
594.131454396641 25.11512045834668
600.316572363973 9.347425358528167
606.240347318601 41.36194441478953
606.240347318601 37.006227536386625
602.2330877904704 33.69588270880041
607.1114906942817 30.3855378812142
612.1641222732289 30.733995231486432
613.2094943240457 37.006227536386625
618.6105832532653 39.96811501370059
616.5198391516319 27.772107754172463
622.617842781396 27.423650403900233
621.9209280808516 21.499875449272285
616.1713818013596 19.06067399736666
614.4290950499985 11.743069641649775
629.9354471371129 20.45450339845559
632.8973346144269 26.55250702821965
637.9499661933743 15.576100494644326
637.0788228176937 11.743069641649775
629.9354471371129 35.612398135297695
632.7231059392908 32.4762819828476
631.1550478630658 49.20223479591475
637.4272801679658 39.96811501370059
614.7775524002708 49.20223479591475
624.7085868830294 58.08789722785668
626.6251023095266 72.72310593929043
617.9136685527209 74.11693534037934
612.6868082986374 70.2839044873848
609.5506921461872 69.064303761432
599.7938863385648 78.47265221878227
594.9154834347535 90.6686594783104
587.5978790790366 78.8211095690545
575.0534144692363 91.7140315291271
570.3492402405611 56.868296501903856
557.2820896053524 50.94452154727591
547.1768264474576 83.35105512259352
543.169566919327 76.90459414255723
532.1931603857516 70.80659051279316
448.04071029500756 123.51076474146825
456.0552293512689 110.26938543112344
452.57065584854655 100.51257962350093
475.22038361624163 93.8918899683285
447.343795594463 78.90822390662252
436.54161773602385 67.40913134763886
437.58698978684055 75.77210775417244
471.0388954129748 135.00985730045193
474.17501156542494 120.7231059392904
494.73399523148663 113.75395893384574
499.9608554855701 102.95178107540654
509.7176612931927 119.32927653820147
496.82473933312 136.05522935126862
536.5488772641546 102.60332372513432
540.7303654674213 93.8918899683285
583.5906195509059 115.84470303547914
610.7702928721399 101.90640902458983
634.1169353403794 84.135084160706
681.1586776271307 78.90822390662252
674.5379879719584 78.55976655635027
671.7503291697806 70.54524750008892
693.0062275363867 70.1967901498167
702.7630333440093 61.485356393010896
721.9281876089821 84.48354151097823
629.9354471371126 198.4290950499982
768.2730151951889 83.78662681043376
747.7140315291272 59.74306964164972
736.5633963204158 52.773922636205086
764.0915269919221 52.077007935660625
796.7303654674212 69.49987544927225
786.9735596597988 68.80296074872781
868.5125796235011 68.80296074872781
837.8483327995446 81.34742535852816
846.5597665563503 83.43816946016152
894.9953382441907 65.66684459627768
649.1586776271307 36.831998861250504
644.1060460481833 32.30205330771149
639.5761004946444 25.158677627130725
642.3637592968222 22.89370485036121
647.4163908757696 19.757588697911125
647.7648482260417 13.65958506814706
652.6432511298531 14.879185794099861
654.9082239066227 10.175011565424724
657.1731966833921 17.84107327141384
653.3401658303976 24.984448951994604
658.2185687342088 33.69588270880041
667.1042311661507 26.55250702821965
665.1877157396534 16.447243870324915
670.7630333440092 18.015301946549965
674.0733781715954 28.81747980498917
684.17864132949 34.39279740934487
680.1713818013594 41.884630440197874
670.2403473186008 36.48354151097828
671.4599480445536 45.02074659264796
662.2258282623394 48.33109142023418
664.490801039109 58.95904060353725
641.1441585708694 50.94452154727591
700.9045941425574 40.66502971424506
693.9354471371126 34.915483434753234
699.6849934166045 31.605138607167017
704.5633963204158 29.51439450553363
685.9209280808512 20.977189423863937
689.7539589338459 20.106046048183355
688.3601295327569 12.614213017330364
684.8755560300347 11.917298316785901
719.3728337069856 35.26394078502546
717.107860930216 23.939076901177906
721.9862638340273 19.234902672502766
719.8955197323941 16.09878652005268
735.7503291697806 14.356499768691522
736.6214725454612 29.165937155261403
741.4998754492724 31.953595957439255
745.1586776271307 31.25668125689479
750.3855378812143 31.953595957439255
724.2512366107969 28.64325112985305
732.7884416924666 38.74851428774778
727.0388954129747 40.49080103910894
739.7575886979113 43.62691719155904
750.3855378812143 59.48172662894561
760.1423436888368 38.225828262339434
766.7630333440092 28.46902245471693
763.8011458666953 10.69769759083308
767.982634069962 10.175011565424724
773.5579516743178 9.652325540016385
752.4762819828477 16.447243870324915
782.966300131668 47.11149069428136
793.7684779901073 52.51257962350096
804.5706558485465 37.006227536386625
798.6468808939185 34.39279740934487
789.4127611117044 33.17319668339206
809.1006014020855 51.641436247820366
808.2294580264049 55.64869577595105
830.1822710935555 47.634176719689705
835.5833600227751 25.158677627130725
830.3564997686917 1.4635778086189306
845.862851855806 5.645066011885712
873.5652112024485 16.447243870324915
909.6305469556245 6.864666737838531
897.9572257215048 23.067933525497335
881.5797302587099 48.85377744564252
854.748514287748 52.8610369737732
964.338350948365 17.75395893384577
972.7013273548986 3.1187502224120003
938.5525070282198 19.84470303547916
590.9260935143288 66.07494466318002
428.52849111672646 21.86315645139175
446.4305890188244 14.446573034808335
534.9181015063368 20.58443517267048
299.82241458456303 596.4913109056331
356.7588694340616 87.38094301265657
358.0431503705164 79.88930421666996
328.07659518656993 76.57157846416159
339.2070299691787 81.38763197586727
321.97626073840945 114.77893632369336
315.23378582202145 98.2973309725228
393.4678995343962 77.64181257787399
416.1568627450986 62.23044134041578
415.7287690996136 40.34415371499772
405.0799396681755 37.88261525345924
393.8959931798812 35.84917043740574
424.66522394911203 22.979605220014438
435.7956587317207 23.35418715981377
412.89264869827593 22.283953046101395
410.53813364810867 22.0163945176733
516.1167289658346 47.46121057118503
510.1234179290452 47.568233982556265
502.09666207620245 39.648501541084684
496.3173978621556 53.77559184208804
511.94281592235626 55.59498983539907
467.4210767919215 55.38094301265659
597.88261525346 52.38428749426195
648.3976654206841 79.7822808052988
657.3876319758681 63.300675454128196
686.6050232802158 73.25385271165331
654.9260935143296 44.464555052790416
659.7421470260352 42.00301659125195
628.7053577283764 93.58830087218837
559.0331169257008 104.29064200931212
600.0230834808848 306.029772444095
569.6284346514532 252.94616040396113
634.6986687651657 270.92609351432907
645.8291035477744 202.00301659125208
784.5314446848982 249.52141124008156
756.2772640828916 152.34415371499787
424.82575906616836 308.8123811397468
