413.66335625159155 530.6503692386045
2.2347848230200205 549.3516679399031
610.6503692386045 479.5334861217214
962.23478482302 499.48153806977336
584.4685510567863 427.169849758085
580.7282913165266 347.3776419658772
510.9101094983448 292.5204991087343
336.36465495289025 164.10491469314985
130.65036923860444 186.54647313470838
70.80621339444862 117.9750445632797
82.02699261522788 76.83218742042264
131.89712248535773 59.377641965877224
180.52049910873436 53.14387573211099
552.0529666412019 85.55946014769542
808.0529666412019 77.143875732111
806.1828367710721 17.2997198879551
788.7282913165266 0.4685510567863222
827.3776419658772 6.078940667175915
849.8192004074357 2.3386809269161626
838.5984211866565 29.76725235548763
955.1698497580851 17.2997198879551
508.4166030048383 20.72829131652657
297.9230965113319 88.98803157626682
287.3256939139292 82.75426534250059
238.70231729055257 69.6633562515915
222.49452508276036 51.585434173669434
210.02699261522793 54.078940667175914
138.96205755029283 29.76725235548763
77.2477718360071 17.92309651133174
43.585434173669434 12.312706900942144
132.10491469314996 0.4685510567863222
154.5464731347084 11.06595365418887
199.4295900178253 6.7023172905525525
207.53348612172144 0.4685510567863222
256.7802393684746 13.55946014769542
481.46755205578734 644.5045150927504
