299.899982011153 452.41374347904286
231.202734304731 528.156862745098
181.00089944234568 523.7531930203272
429.3678719194099 582.7623673322539
781.6614499010611 503.49631228638236
848.5972297175749 468.26695448821727
823.0559453139051 443.60640402950156
945.477963662529 413.66144990106125
995.6797985249143 417.1843856808778
898.7990645799601 339.6797985249145
936.6706242129877 344.96420219463926
1002.7256700845475 246.3220003597769
969.2577801762905 240.15686274509804
953.4045691671162 264.8174132038136
923.4596150386758 270.9825508184925
908.4871379744555 241.91833063500627
923.4596150386758 243.6797985249145
866.2119086166574 243.6797985249145
595.82658751574 252.4871379744558
594.9458535707859 271.86328476344664
617.8449361395933 287.71649577262093
653.0742939377584 300.04677100197875
641.6247526533548 354.65227558913466
587.8999820111529 352.0100737542723
581.734844396474 395.1660370570246
670.688972836841 352.0100737542723
714.7256700845475 301.80823889188696
705.037596690052 270.9825508184925
726.1752113689511 238.39539485518972
753.477963662529 256.01007375427236
734.1018168735382 278.02842237812547
833.6247526533547 221.66144990106127
807.2027343047308 195.23943155243742
866.2119086166574 215.49631228638242
832.7440187084006 333.5146609102356
781.6614499010611 337.0375966900521
757.8816333872998 342.3220003597769
747.3128260478502 381.0742939377585
714.7256700845475 425.991725130419
676.8541104515199 258.65227558913466
676.8541104515199 221.66144990106127
556.1935599928044 277.1476884331714
549.1476884331712 231.34952329555674
566.7623673322539 234.8724590753732
579.9733765065657 215.49631228638242
584.3770462313363 237.51466091023553
593.1843856808778 221.66144990106127
601.9917251304189 241.03759669005214
563.2394315524373 217.25778017629065
644.2669544882172 232.2302572405108
626.6522755891344 221.66144990106127
619.6064040295015 221.66144990106127
612.5605324698685 209.3311746717035
630.1752113689511 197.88163338729981
640.7440187084006 190.8357618276668
662.7623673322539 206.68897283684112
624.8908076992263 185.55135815794205
605.5146609102354 197.00089944234574
590.5421838460153 192.59722971757503
585.2577801762905 197.88163338729981
570.2853031120703 200.52383522216215
555.3128260478502 195.23943155243742
545.6247526533548 197.00089944234574
541.2210829285842 185.55135815794205
535.0559453139052 197.00089944234574
512.1568627450979 197.88163338729981
488.37704623133635 222.54218384601546
478.68897283684095 222.54218384601546
489.2577801762905 243.6797985249145
508.63392696528143 268.3403489836301
522.7256700845475 275.3862205432631
491.899982011153 285.0742939377585
468.12016549739144 302.6889728368411
427.60640402950156 328.2302572405108
422.32200035977684 293.0008994423457
446.98255081849237 256.01007375427236
457.5513581579419 243.6797985249145
458.43209210289604 211.09264256161174
451.386220543263 203.16603705702457
431.129339809318 197.88163338729981
421.4412664148227 198.76236733225397
411.7531930203273 204.04677100197875
423.20273430473094 228.70732146069435
429.3678719194099 252.4871379744558
390.6155783414282 286.83576182766683
380.04677100197864 229.58805540564842
366.83576182766683 235.75319302032736
355.3862205432631 225.1843856808778
344.8174132038136 215.49631228638242
358.0284223781254 204.92750494693288
373.88163338729976 163.53300953408882
403.8265875157401 163.53300953408882
333.3678719194099 297.40456916711634
341.29447742399697 289.4779636625292
336.89080769922634 359.0559453139053
242.6522755891347 359.0559453139053
182.76236733225392 309.7348443964741
114.06511962583193 342.3220003597769
87.64310127720807 272.74401870840074
62.10181687353835 280.6706242129879
66.505486598309 247.20273430473102
31.276128800143887 240.15686274509804
5.7348443964741564 249.84493613959341
188.0467710019787 274.50548659830895
172.19355999280438 264.8174132038136
198.61557834142823 266.5788810937219
219.7531930203273 258.65227558913466
251.45961503867593 274.50548659830895
261.14768843317137 288.59722971757503
278.7623673322539 293.8816333872998
312.23025724051075 278.9091563230796
320.15686274509795 258.65227558913466
161.62475265335485 201.40456916711634
194.2119086166576 203.16603705702457
309.58805540564845 190.8357618276668
320.15686274509795 189.07429393775857
321.03759669005206 185.55135815794205
337.7715416441805 182.0284223781255
348.34034898363007 167.9366792588595
343.3656539538892 194.90611349434892
174.83018941842474 196.18483477307018
185.05995964819493 198.2307888190242
132.8881314763668 226.87414546238085
155.9051144933498 214.08693267516804
141.58343617167148 275.4655540537894
123.68133826957357 256.5404791287145
189.66335625159155 288.76425535249064
279.68533427356954 366.5105090987445
448.47654306477824 328.14887073710605
433.1318877201229 287.7412783295137
407.04597363420885 246.31070889894426
1012.3926269808624 291.57744216567744
1019.5534661417014 416.3806389688743
376.10091868915396 209.2917278799632
399.1179017061369 191.9011184893538
366.8941254823608 199.061957650193
200.66035924859463 300.8481714364067
382.2387808270161 203.02599361422892
388.3766429648782 228.08893067716596
333.3916279798633 208.39662298485828
201.93908052731587 196.5684511566865
