355.065953654189 709.632798573975
151.7718360071302 545.3547237076649
127.13012477718368 443.36541889483067
105.91087344028524 340.6916221033868
178.46702317290556 389.29055258467025
453.63279857397504 417.3547237076649
476.9055258467024 505.6541889483066
616.541889483066 587.7932263814617
713.7397504456328 618.5953654188949
825.3119429590017 630.9162210338682
768.4991087344029 476.90552584670235
932.7771836007131 357.1194295900179
768.4991087344029 301.67557932263816
718.5311942959003 309.8894830659537
822.5739750445633 280.45632798573973
869.1194295900178 202.4242424242425
518.6595365418896 257.18360071301254
554.9376114081997 233.91087344028526
615.1729055258467 251.0231729055259
654.1889483065954 238.70231729055263
478.27450980392155 255.81461675579325
450.89483065953664 226.38146167557937
470.0606060606061 142.873440285205
452.2638146167559 149.03386809269168
587.1087344028521 143.55793226381468
715.7932263814616 157.24777183600722
761.6541889483067 149.71836007130133
850.6381461675579 138.76648841354728
329.0552584670232 159.30124777183607
298.9376114081997 159.30124777183607
251.02317290552588 174.36007130124784
217.48306595365426 177.78253119429598
118.91622103386815 117.54723707664893
126.44563279857404 123.70766488413553
97.69696969696979 123.70766488413553
70.31729055258478 128.4991087344029
57.311942959001875 133.9750445632799
44.991087344028614 131.2370766488414
261.80392156862746 74.93761140819964
350.7878787878788 80.75579322638146
373.03386809269165 68.4349376114082
390.4884135472371 80.75579322638146
409.6541889483067 73.22638146167557
432.9269162210339 74.93761140819964
433.9536541889483 64.67023172905526
449.3547237076649 71.85739750445632
458.9376114081997 67.40819964349376
449.01247771836006 84.17825311942957
471.9429590017824 73.56862745098039
479.1301247771836 79.72905525846701
489.0552584670232 78.01782531194294
488.71301247771834 68.77718360071302
505.1408199643493 82.80926916221031
516.0926916221034 72.54188948306594
506.16755793226383 62.2745098039215
531.8360071301248 65.69696969696969
529.7825311942959 85.54723707664883
545.1836007130124 82.80926916221031
552.0285204991088 64.32798573975043
574.2745098039217 60.22103386809263
583.8573975044563 57.14081996434933
580.0926916221034 73.56862745098039
628.0071301247772 71.85739750445632
644.7771836007131 65.69696969696969
673.1836007130124 72.19964349376113
366.27450980392155 47.64349376114084
378.42424242424244 53.80392156862748
388.6916221033868 33.611408199643506
392.1140819964349 41.4830659536542
402.03921568627453 41.654188948306604
413.16221033868095 40.45632798573976
397.0766488413547 55.1729055258467
434.2103386809269 50.039215686274524
431.98573975044565 35.32263814616756
455.9429590017825 40.627450980392176
480.0713012477718 40.627450980392176
515.49376114082 42.33868092691623
526.6167557932264 28.648841354723725
437.9536541889483 19.857397504456333
649.4830659536542 29.846702317290585
646.4028520499108 52.2638146167558
661.8039215686274 30.531194295900193
679.4295900178254 51.408199643493774
696.541889483066 34.46702317290555
709.3761140819965 46.103386809269175
703.7290552584672 56.370766488413565
695.1729055258468 72.45632798573976
748.9055258467024 55.51515151515153
747.8787878787879 37.718360071301255
778.1675579322638 51.579322638146174
809.4830659536542 77.59001782531196
819.065953654189 69.88948306595367
832.7557932263815 75.53654188948306
838.4028520499108 65.2691622103387
837.5472370766489 46.103386809269175
813.4188948306596 52.2638146167558
850.7237076648842 33.78253119429591
864.0713012477719 50.21033868092694
871.4295900178254 32.41354723707666
663.0445632798574 15.08734402852049
636.5204991087344 20.39215686274509
628.9910873440285 14.830659536541884
692.8199643493762 17.22638146167557
710.1889483065954 18.081996434937597
727.6434937611408 26.552584670231717
623.9001782531194 53.80392156862748
826.3600713012477 27.60071301247772
848.9483065953654 15.450980392156866
862.723707664884 15.365418894830661
847.0659536541889 8.135472370766495
882.1675579322637 58.59536541889484
892.0926916221032 43.70766488413549
904.9269162210337 50.039215686274524
910.4028520499107 55.344028520499116
921.6969696969695 50.039215686274524
955.5793226381462 44.39215686274512
974.0178253119429 26.72370766488412
948.9483065953654 26.89483065953653
981.6327985739749 21.162210338680914
989.247771836007 19.279857397504443
996.9483065953654 42.46702317290551
1011.4937611408199 67.96434937611407
1012.6060606060605 21.162210338680914
804.5098039215686 7.22638146167558
90.94607353430884 94.71830130653667
96.57244716068249 59.937082525317884
107.31370590194122 55.33368592192124
38.774245362480684 32.316702904938246
50.02699261522793 32.316702904938246
56.676343264578584 9.811208399443748
110.8941254823608 26.690329278564676
129.81920040743572 20.55246714070253
138.0030165912519 21.57544416367954
197.33568392391922 66.07494466318002
238.2547648430001 3.6733462615816013
248.99602358425886 5.719300307535698
424.9480715363067 5.207811796047192
447.4535660418012 5.207811796047192
1007.2777418659771 165.75126833950364
610.106912695148 39.989030577265915
590.1588607470961 35.89712248535786
596.2967228849583 30.27074885898422
578.3946249828603 25.155863744099086
530.3147049029402 16.97204756028291
537.4755440637795 5.207811796047192
552.3087108969462 3.6733462615816013
559.4695500577855 3.6733462615816013
573.2797398679752 5.207811796047192
591.6933262815616 5.719300307535698
584.5324871207224 7.253765842001216
604.4805390687744 14.414605002840378
605.5035160917514 3.6733462615816013
623.9171025053378 2.650369238604588
637.7272923155276 3.6733462615816013
645.9111084993438 3.6733462615816013
656.1408787291141 4.184834773070178
669.9510685393038 5.207811796047192
690.4106089988442 12.880139468374859
736.9560635442989 5.719300307535698
742.5824371706724 13.391627979863365
755.3696499578851 14.414605002840378
771.7372823255176 7.253765842001216
782.990029578265 5.719300307535698
887.3336859219211 7.253765842001216
911.3736459618813 10.834185422420834
922.1149047031398 3.6733462615816013
864.8281914164266 3.6733462615816013
853.0639556521908 2.138880727116082
955.8731464613817 5.207811796047192
1021.3436759319111 38.4545650428004
1018.27474486298 26.690329278564676
1018.7862333744686 6.2307888190242045
997.303715891951 2.650369238604588
88.77224736048261 31.675257393927467
80.85251491901106 21.079939668174948
18.992983146435833 8.558200537740174
139.92943799593417 13.053183815332137
191.94281592235563 32.4779329792116
