42.725670084547545 497.3311746717034
41.84493613959342 603.8999820111529
208.3036517359237 333.5146609102356
26.872459075373232 231.34952329555665
6.615578341428273 180.26695448821727
76.1935599928044 121.25778017629065
173.9550278827126 160.01007375427236
282.28530311207044 155.60640402950165
232.96420219463923 81.62475265335496
642.5054865983088 157.36787191940996
602.8724590753731 201.40456916711634
518.3220003597768 69.29447742399712
695.3495232955565 173.22108292858428
899.6797985249143 77.2210829285842
1003.6064040295014 357.29447742399714
161.62475265335482 51.789890268033844
101.07429393775858 11.441266414822826
186.2853031120705 10.120165497391634
278.10181687353827 10.890807699226464
367.386220543263 15.95502788271273
413.18438568087765 69.67979852491455
406.02842237812536 9.349523295556768
461.4045691671162 13.753193020327403
613.2210829285839 22.725670084547577
788.7073214606943 36.37704623133658
861.1476884331714 40.12016549739161
919.7164957726211 23.166037057024653
