473.44466762314676 417.87393591582975
855.5714968914396 740.0593017694883
794.3812529890006 688.8593017694882
1020.4105212816834 628.9178383548541
806.8690578670492 449.09344811095167
992.9373505499759 400.39100908656144
992.9373505499759 361.6788139646102
937.9910090865613 336.70320420851266
951.727594452415 196.83978957436636
859.3178383548543 179.35686274509797
844.3324725011956 204.33247250119558
786.8885700621713 201.83491152558582
728.1958871353419 218.06905786704922
770.6544237207078 266.7714968914395
753.1714968914395 300.48857006217116
648.2739359158297 274.2641798182687
574.5958871353419 330.45930176948826
527.1422285987564 291.74710664753707
605.8153993304638 241.79588713534184
659.5129603060736 215.57149689143947
653.2690578670491 199.33735054997612
600.8202773792443 179.35686274509797
567.1032042085126 204.33247250119558
15.766618842659048 207.45442372070787
23.259301769488314 189.34710664753712
18.264179818268815 154.38125298900053
26.381252989000487 140.6446676231469
84.44954567192737 148.76174079387857
102.55686274509803 153.13247250119565
125.65930176948831 154.38125298900053
85.69832615973225 196.21539933046395
63.220277379244415 243.04466762314686
125.03491152558587 228.68369201339078
108.80076518412245 211.82515542802494
155.63003347680538 218.0690578670493
169.36661884265902 193.71783835485422
166.2446676231468 182.47881396461028
208.07881396461028 174.3617407938786
223.0641798182688 189.97149689143956
278.01052128168345 185.60076518412248
293.6202773792444 181.2300334768054
312.97637494022 175.61052128168348
306.7324725011956 143.76661884265908
272.39100908656144 151.8836920133908
272.39100908656144 129.405643232903
225.56174079387856 118.79100908656156
185.60076518412242 123.78613103778102
173.7373505499761 128.78125298900056
169.36661884265902 119.41539933046393
148.76174079387857 129.405643232903
123.16174079387854 133.77637494022005
113.17149689143955 131.90320420851273
108.17637494022 138.77149689143954
307.98125298900055 108.17637494022004
328.586131037781 107.5519846963176
320.46905786704934 102.55686274509807
273.6397895743663 103.18125298900051
358.55686274509804 129.405643232903
354.8105212816834 96.31296030607372
365.42515542802494 98.81052128168349
387.9032042085127 100.68369201339081
393.52271640363466 98.81052128168349
389.1519846963176 110.67393591582982
376.0397895743663 100.68369201339081
437.2300334768053 94.4397895743664
429.1129603060737 107.5519846963176
455.3373505499761 104.43003347680539
494.0495456719272 102.55686274509807
500.9178383548541 146.88857006217128
504.66417981826874 160.00076518412249
494.67393591582965 178.73247250119567
519.6495456719273 159.68857006217127
560.2349115255859 149.0739359158298
571.4739359158299 154.0690578670493
590.8300334768054 102.24466762314688
558.3617407938785 96.62515542802493
549.6202773792444 100.995887135342
531.5129603060738 99.74710664753715
524.0202773792445 107.86417981826882
509.65930176948825 96.62515542802493
509.65930176948825 82.8885700621713
517.77637494022 76.02027737924443
524.0202773792445 82.8885700621713
533.3861310377811 80.39100908656152
550.8690578670493 75.395887135342
553.9910090865615 72.89832615973226
548.3714968914395 66.65442372070788
560.2349115255859 74.77149689143955
578.3422285987566 75.395887135342
590.8300334768054 65.40564323290299
597.0739359158298 79.14222859875665
603.3178383548543 72.89832615973226
607.0641798182687 69.77637494022007
615.1812529890005 67.90320420851272
630.1666188426591 63.532472501195656
625.795887135342 94.12759445241517
541.5032042085127 89.75686274509808
680.1178383548541 116.605643232903
697.6007651841226 117.85442372070786
657.6397895743664 68.52759445241516
653.8934481109518 68.52759445241516
663.2593017694884 74.77149689143955
667.005643232903 72.89832615973226
672.0007651841224 71.02515542802493
681.9910090865615 69.15198469631761
690.7324725011957 73.5227164036347
698.225155428025 61.0349115255859
702.595887135342 63.532472501195656
719.4544237207078 64.15686274509811
748.8007651841225 63.532472501195656
756.2934481109518 64.15686274509811
761.9129603060737 107.86417981826882
745.0544237207079 120.97637494022003
783.1422285987567 142.8300334768054
797.5032042085127 120.35198469631761
801.8739359158297 95.37637494022006
778.147106647537 59.78613103778102
773.1519846963175 73.5227164036347
785.6397895743664 54.79100908656155
758.1666188426591 52.293448110951786
789.386131037781 41.05442372070783
797.5032042085127 41.05442372070783
802.4983261597322 50.42027737924446
808.7422285987566 50.42027737924446
808.7422285987566 42.30320420851272
816.8593017694883 49.17149689143958
821.2300334768053 42.92759445241516
826.2251554280248 47.922716403634695
836.2153993304639 41.05442372070783
843.7080822572932 46.67393591582981
849.9519846963176 44.17637494022004
854.3227164036346 46.67393591582981
850.57637494022 50.42027737924446
862.4397895743663 45.42515542802493
866.8105212816834 47.298326159732255
897.4056432329029 119.10320420851274
907.3958871353419 97.87393591582982
899.2788139646102 39.80564323290295
908.6446676231469 42.92759445241516
981.6983261597321 132.8397895743664
1006.0495456719273 99.74710664753715
982.947106647537 39.18125298900051
967.3373505499761 42.30320420851272
983.5714968914394 29.815399330463954
144.63846809626864 129.4411436815528
39.11338448422847 158.33746475178688
424.9327824775395 93.26723063807451
875.394320939078 91.4478326447636
884.0632172601482 87.91606006951275
855.4879664240277 78.60502328021511
1011.9561938487769 33.2270968588104
1008.9595383303823 21.026427962489333
961.3341202701816 37.50803331365992
970.0030165912518 100.43779919994753
499.95619384877716 72.39766542068334
104.6117122434258 125.58830087218823
