71.04531675683985 603.5854341736695
0.4073519818887101 653.1823030582096
19.945512451556045 490.8652776178965
75.55412301907072 405.19795863550894
200.29776294079284 405.19795863550894
237.8711484593839 402.1920877940217
249.89463182533297 468.32124630674184
388.1646905337479 465.3153754652546
443.7733011012626 427.7419899466636
464.8143969916735 535.9533402402056
548.9787805533174 486.3564713556656
550.481715974061 420.22731284294537
777.4249645063508 441.26840873335635
833.0335750738653 375.13925022063614
733.8398373047851 328.5482521775834
996.8535359349222 364.6187022754307
1014.8887609838459 537.4562756609492
941.2449253674075 244.3838686159395
903.6715398488163 214.3251602010667
845.0570584398145 227.8515789877595
1017.8946318253331 179.75764552396296
1023.9063735083075 118.13729327347377
938.23905452592 65.5345535474463
887.1392502206363 33.97290971182991
866.0981543302254 5.417136717700701
834.5365104946089 9.925942979931635
805.9807375004798 15.937684662906166
879.6245731169182 133.16664748091017
703.7811288899123 158.71654963355203
693.2605809447068 27.961168028855372
550.481715974061 8.423007559188038
529.4406200836501 79.0609723341391
497.87897624803367 118.13729327347377
505.39365335175177 112.1255515904991
425.73807605233884 116.63435785273003
464.8143969916735 127.15490579793557
391.1705613752351 82.0668431756263
362.61478838110605 80.5639077548827
350.5913050151568 97.09619738306286
322.0355320210278 148.19600168834654
231.85940677640932 280.45431871378685
276.94746939871857 301.49541460419783
322.0355320210278 348.08641264725065
364.11772380184965 367.624573116918
421.2292697901079 280.45431871378685
479.84375119910993 280.45431871378685
576.0316181267028 227.8515789877595
625.6284870112429 220.33690188404128
236.36821303864016 139.1783891638847
275.44453397797486 100.10206822455005
269.4327922950003 64.0316181267027
245.38582556310203 80.5639077548827
200.29776294079284 185.7693872069375
153.70676489774004 188.77525804842483
207.81244004451105 238.37212693296496
144.68915237327818 149.69893710909014
110.12163769617445 175.24883926173203
45.49541460419791 206.8104830973485
31.968995817505178 245.8868040366831
15.43670618932511 253.40148114040136
10.927899927094247 283.46018955527416
9.424964506350578 157.21361421280835
37.98073750047971 133.16664748091017
62.02770423237798 118.13729327347377
16.93964161006878 118.13729327347377
34.97486665899245 74.55216607190818
86.07467096427625 2.4112658762135064
120.64218564137991 76.05510149265177
92.08641264725078 95.5932619623191
114.63044395840538 64.0316181267027
126.65392732435451 20.446490925137102
168.73611910517644 26.45823260811163
156.71263573922732 50.5051993400099
165.7302482636891 39.98465139480444
194.2860212578183 70.04335980967724
212.32124630674198 55.01400560224084
234.86527761789657 42.990522236291774
251.39756724607656 53.511070181497246
269.4327922950003 36.97878055331724
275.44453397797486 5.417136717700701
263.4210506120258 5.417136717700701
314.52085491730946 15.937684662906166
323.5384674417714 21.9494263458807
343.0766279114387 26.45823260811163
404.6969801619279 27.961168028855372
439.26449483903167 15.937684662906166
475.33494493687897 18.943555504393505
285.9650819231803 161.7224204750393
173.24492536740738 112.1255515904991
17.29172787996322 72.21280680104218
81.73928032751566 176.04497463321
127.77324636148165 127.45356604180138
187.61740220563746 163.7692503574857
302.70231729055257 14.414605002840378
365.1039156921509 21.57544416367954
376.3566629448982 20.55246714070253
385.56345615169135 25.155863744099157
392.212806801042 4.184834773070178
410.11490470313987 4.184834773070178
461.77524436347954 12.368650956886356
940.5284911167263 7.765254353489795
899.0979216861568 30.270748858984287
778.3866329748681 34.87414546238085
756.3926269808624 7.253765842001216
21.34749819660304 59.12676241064988
44.25050823004787 41.78896976850942
76.99967210964653 74.32408682536563
96.90602662469671 56.772247360482666
7.220407895599701 27.447832644763597
73.14682930028196 11.180274116335497
164.33077578857626 74.96622729359304
191.7287690996131 31.51472227687062
189.374254049446 103.32743130697082
524.1434848186769 34.51137779526524
456.2906420093124 86.09666207620172
470.8458259558007 50.778936323693344
489.6819463571385 18.02977244409468
572.7321135812189 12.036461407305373
361.0398058889111 38.36422060462981
295.96957177519863 17.815725621352183
813.5347891665028 76.57157846416146
619.1802741163356 31.300675454128164
634.1635517083088 16.317397862154895
651.0732507049644 68.75886943406127
665.2003410059676 50.77893632369338
655.9963276280413 18.67191291232213
759.594989835399 43.92943799593416
826.3775985310513 59.44783264476349
845.213718932389 37.18696307954608
986.0565282969377 20.49131090563306
1018.163551708309 31.62174568824177
956.9461604039611 8.504688832054443
1015.594989835399 3.7956587317199664
964.65184602269 159.1936520427568
891.8759262902487 288.4779329792116
772.8658928454325 139.07325070496415
