840.0529666412019 757.5594601476954
8.46855105678625 473.2997198879552
220.4166030048383 400.9880315762668
196.72829131652657 388.5204991087343
139.37764196587722 317.45556404379926
85.76725235548756 270.0789406671759
306.4425770308123 250.1308887191239
292.7282913165266 238.91010949834475
266.54647313470844 230.18283677107198
255.32569391392911 226.4425770308123
291.4815380697734 213.97504456327985
549.5594601476955 297.50751209574736
159.3256939139292 282.5464731347084
378.75426534250056 245.14387573211098
413.66335625159155 204.0010185892538
471.0140056022409 236.4166030048382
438.5984211866565 309.9750445632797
433.6114081996435 179.06595365418886
356.3127069009422 162.85816144639665
340.1049146931499 162.85816144639665
1018.3386809269164 349.8711484593837
1018.3386809269164 267.58543417366934
1002.130888719124 151.6373822256174
967.2217978100331 120.46855105678625
924.8321874204227 95.53348612172132
946.0269926152279 103.01400560224083
968.4685510567863 103.01400560224083
893.6633562515915 96.78023936847461
867.4815380697735 120.46855105678625
831.3256939139292 169.09192768016288
791.4295900178253 125.4555640437992
772.7282913165266 130.44257703081223
710.3906289788642 181.5594601476954
692.936083524319 154.13088871912396
700.4166030048383 127.94907053730576
644.3127069009423 166.5984211866564
595.6893302775657 174.0789406671759
614.3906289788644 151.6373822256174
588.2088107970461 149.14387573211098
528.3646549528902 177.8192004074356
154.33868092691617 181.5594601476954
85.76725235548756 166.5984211866564
32.36465495289021 189.97504456327985
112.78023936847464 156.93608352431878
106.5464731347084 143.84517443340968
84.72829131652661 148.20881079704608
71.01400560224087 159.4295900178253
76.00101858925386 135.11790170613696
112.78023936847464 129.5075120957474
45.45556404379931 119.5334861217214
62.91010949834477 84.62439521263046
84.72829131652661 84.62439521263046
23.637382225617472 188.1049146931499
119.6373822256175 130.75426534250056
102.18283677107206 75.27374586198104
146.44257703081234 74.65036923860444
127.74127832951358 71.53348612172132
130.23478482302014 43.48153806977329
177.61140819964348 72.15686274509792
167.01400560224087 115.16984975808494
152.05296664120192 108.9360835243187
138.96205755029283 109.55946014769535
128.36465495289022 103.32569391392913
139.58543417366948 126.3906289788642
148.9360835243188 117.66335625159144
181.97504456327988 120.15686274509797
207.53348612172144 133.24777183600708
233.71530430353963 91.48153806977326
244.31270690094217 97.09192768016288
256.1568627450981 115.79322638146158
289.1958237840591 130.75426534250056
306.6503692386045 119.53348612172132
335.3256939139292 113.92309651133174
342.80621339444866 111.42959001782522
349.6633562515916 87.1179017061369
319.7412783295137 54.07894066717584
337.81920040743574 45.97504456327977
318.4945250827604 42.23478482302002
316.6243952126306 36.624395212630425
357.7672523554877 54.07894066717584
383.9490705373059 54.07894066717584
371.4815380697734 84.62439521263043
396.41660300483835 92.1049146931499
390.1828367710721 95.84517443340961
386.4425770308123 76.52049910873428
407.63738222561756 85.24777183600703
407.63738222561756 115.79322638146158
388.31270690094226 122.02699261522781
422.59842118665654 84.62439521263043
435.68933027756555 133.87114845938368
426.33868092691625 116.41660300483821
436.31270690094215 103.32569391392913
437.5594601476954 94.59842118665641
423.22179781003314 54.70231729055248
427.5854341736695 45.97504456327977
440.052966641202 45.35166793990314
430.078940667176 37.87114845938363
453.143875732111 40.98803157626674
474.33868092691625 42.23478482302002
460.6243952126305 54.07894066717584
470.59842118665654 67.16984975808494
445.0399796282149 65.2997198879551
447.53348612172147 82.75426534250052
460.00101858925393 85.24777183600703
469.3516679399033 87.1179017061369
473.09192768016294 93.97504456327977
484.31270690094215 84.62439521263043
483.065953654189 72.15686274509792
501.7672523554877 88.36465495289015
499.8971224853577 102.70231729055249
514.6503692386045 72.78023936847461
527.7412783295136 86.49452508276033
527.7412783295136 76.52049910873436
506.23478482302016 77.92309651133179
508.7282913165266 74.49452508276036
520.8841354723708 122.80621339444868
510.9101094983448 128.7282913165266
543.9490705373059 94.13088871912399
561.4036159918513 85.09192768016295
558.9101094983448 73.55946014769542
554.5464731347085 75.42959001782529
549.5594601476955 62.026992615227876
569.8192004074357 83.8451744334097
581.3516679399032 94.13088871912399
591.014005602241 89.76725235548763
594.4425770308123 128.4166030048383
621.2477718360072 124.36465495289023
641.1958237840591 103.79322638146165
638.0789406671761 86.3386809269162
614.7023172905526 86.96205755029281
606.2867328749682 86.3386809269162
608.1568627450981 32.104914693149965
630.2867328749683 47.377641965877224
644.936083524319 42.70231729055255
656.4685510567865 52.36465495289021
663.014005602241 86.3386809269162
669.8711484593838 100.20881079704608
677.3516679399032 88.98803157626682
686.7023172905526 84.62439521263046
702.9101094983448 108.31270690094215
704.156862745098 93.35166793990321
730.3386809269163 97.71530430353955
734.0789406671759 108.31270690094215
672.9880315762668 47.84517443340968
782.0789406671759 110.80621339444863
780.8321874204228 96.46855105678634
760.8841354723708 92.10491469314994
725.3516679399032 54.078940667175914
680.4685510567864 44.10491469314993
737.5075120957475 44.57244716068243
744.0529666412019 43.325693913929186
746.5464731347085 35.22179781003308
761.1958237840591 35.8451744334097
773.0399796282151 43.01400560224087
782.0789406671761 39.58543417366944
799.2217978100331 40.20881079704608
808.2607588489942 20.57244716068243
817.6114081996436 20.57244716068243
829.4555640437993 20.57244716068243
835.065953654189 24.936083524318782
839.7412783295138 25.2477718360071
836.936083524319 40.83218742042269
822.2867328749682 50.494525082760354
838.4945250827604 103.79322638146165
837.2477718360072 86.3386809269162
848.4685510567865 69.81920040743567
846.9101094983449 43.63738222561751
848.156862745098 33.03997962821489
848.4685510567865 27.4295900178253
788.0010185892539 81.97504456327984
810.4425770308125 95.06595365418892
738.7542653425006 96.31270690094217
855.6373822256176 27.117901706136976
856.8841354723708 17.143875732110995
866.2347848230202 15.585434173669437
871.2217978100331 13.403615991851245
862.4945250827603 33.66335625159152
856.5724471606825 44.884135472370744
857.8192004074357 38.026992615227876
861.8711484593838 45.819200407435666
875.5854341736695 55.48153806977333
868.4166030048383 59.8451744334097
868.10491469315 52.36465495289021
864.6763432645786 65.143875732111
855.3256939139292 68.57244716068243
852.5204991087344 81.97504456327984
865.2997198879551 92.88413547237074
867.7932263814616 77.61140819964346
872.4685510567864 101.61140819964348
911.7412783295136 66.70231729055256
893.6633562515915 53.61140819964346
925.1438757321109 45.195823784059066
915.7932263814616 45.819200407435666
935.7412783295136 43.94907053730581
948.2088107970461 38.026992615227876
960.0529666412019 42.70231729055255
960.3646549528903 35.22179781003308
967.2217978100331 54.54647313470841
980.0010185892539 46.13088871912399
1001.195823784059 44.57244716068243
1012.4166030048383 45.507512095747366
1014.2867328749682 38.026992615227876
1020.2088107970462 39.27374586198113
1023.014005602241 45.819200407435666
1023.6373822256176 30.85816144639673
996.8321874204228 95.68933027756555
976.8841354723708 90.70231729055257
959.117901706137 82.91010949834477
946.0269926152279 75.42959001782529
1021.7672523554877 109.71530430353955
206.28673287496815 732.9920275802627
306.53848112671636 614.3266929149281
461.00801159624683 449.6273922156274
524.4325870208222 392.3406789289142
969.171847760083 64.79622338445873
989.1198997081348 45.871148459383846
997.303715891951 76.56045914869452
1017.251767840003 84.7442753325107
30.123417929044578 334.4979998688438
36.54482261131877 163.90268214309125
49.8157256213522 175.03311692569994
91.34080923339235 128.7990032133254
134.25719719325852 69.72208013640241
147.42107679192077 65.54816709292416
463.7822808052989 64.21037445078365
480.3709095678407 57.36087612302444
778.4311102367371 187.44783264476354
824.4511771263693 81.49465538723844
981.775591842088 34.243819266837164
982.9528493671717 102.36422060462976
807.1133844842284 119.80903665814141
965.2939864909175 24.82575906616827
723.7421470260347 31.033116925700035
840.3976654206836 33.17358515312478
