394.3782783530836 469.1804562115227
434.79933098466256 449.66684459627766
505.8846304401979 483.118750222412
537.9427066652432 471.9681150137006
163.81566492295642 393.9136685527206
143.60513860716696 373.70314223693106
46.73399523148635 352.0987865200527
45.34016583039742 329.1006014020854
16.069748407529914 312.37464858901825
7.009857300451853 294.2548663748621
55.096971638019944 304.01167218248463
85.06430376143194 305.40550158357354
110.15323298103263 299.13326927867337
119.21312408811069 314.46539269065164
132.45450339845553 283.10423116615067
149.18045621152265 314.46539269065164
155.45268851642285 301.92092808085124
174.96630013166785 290.7702928721398
200.7521440518131 283.80114586669515
227.9318173730472 279.61965766342837
252.32383189210347 269.1659371552614
264.8682965019038 287.98263406996193
279.50350521333763 285.89188996832854
286.47265221878223 271.2566812568948
296.22945802640476 267.77210775417245
308.7739226362051 283.80114586669515
332.4690224547169 267.77210775417245
383.34379559446285 343.73581011351916
287.16956691932677 331.88826020426325
418.1895306216861 313.0715632895627
450.2476068467314 297.04252517704
468.3673890608875 292.8610369737732
455.12600975054266 341.6450660118858
319.053414469236 268.46902245471694
313.47809686488023 255.92455784491662
321.84107327141385 250.69769759083312
341.70314223693106 246.86466673783855
352.5053200953702 253.48535639301096
353.20223479591476 283.80114586669515
361.2167538521761 272.99896800825593
365.0497847051707 251.04615494110533
358.77755240027045 237.80477563076047
373.41276111170424 246.86466673783855
377.94270666524324 239.1986050318494
393.6232874274937 238.8501476815772
401.9862638340273 248.6069534891997
404.0770079356607 234.66865947831042
403.7285505853884 271.9535959574393
424.63599160172237 240.24397708266613
416.621472545461 245.12237998647737
412.78844169246645 229.79025657449913
420.8029607487278 225.95722572150456
433.34742535852814 233.6232874274937
450.0733781715954 230.48717127504364
464.7085868830291 228.047969823138
468.19316038575147 237.80477563076047
482.47991174691293 228.74488452368246
491.1913455037188 221.07882281769335
442.7557738158785 271.2566812568948
592.8828155581651 459.42365040390007
532.2512366107967 379.27845984128675
593.5797302587096 384.85377744564244
673.724920821323 410.63962136578766
567.0969716380199 305.4055015835735
632.6069534891996 309.58698978684026
684.8755560300344 317.9499661933738
675.1187502224119 297.73943987758435
709.9644852496353 261.4998754492722
732.2657556670581 267.0751930536279
757.3546848866588 288.6795487705063
817.2893491334828 257.3183872460054
879.3147574819401 248.95541083947182
504.31657236397285 225.95722572150464
517.5579516743177 229.44179922422697
527.3147574819403 229.44179922422697
534.2839044873848 226.30568307177685
547.1768264474574 222.4726522187823
524.1786413294901 251.04615494110539
563.9027792605247 268.46902245471705
563.9027792605247 252.78844169246653
584.8102202768586 273.6958827088005
600.1423436888368 285.1949752677842
565.2966086616136 228.04796982313803
577.4926159211417 222.4726522187823
595.6123981352978 217.24579196469884
596.3093128358422 230.83562862531588
602.2330877904702 227.35105512259358
606.7630333440093 220.73036546742114
610.944521547276 216.20041991388214
628.3673890608877 221.42728016796562
645.0933418739548 227.00259777232137
645.0933418739548 214.80659051279318
662.5162093875664 208.534358207893
650.6686594783106 203.65595530408174
674.7122166470946 243.03163588484406
679.474467100815 208.534358207893
687.1405288068041 208.534358207893
671.4599480445536 209.92818760898194
701.0788228176933 202.6105832532651
688.5343582078931 199.82292445108723
696.2004199138821 195.2929788975482
723.7285505853886 239.1986050318495
779.830183979218 239.1986050318495
800.3891676452796 245.1223799864774
735.2276431443722 208.534358207893
752.3020533077115 208.534358207893
774.9517810754066 213.4127611117043
790.9808191879293 207.1405288068041
708.6577701861146 204.17864132949012
712.8392583893813 197.5579516743177
731.1332692786735 200.86829650190396
733.0497847051709 195.1187502224121
740.1931603857515 191.11149069428143
741.5869897868404 198.77755240027054
747.3365360663323 200.86829650190396
750.2984235436463 191.982634069962
761.6232874274938 193.55069214618703
763.1913455037189 199.12600975054278
773.6450660118858 194.77029287213986
779.2203836162415 194.07337817159544
786.1895306216862 194.77029287213986
725.3837229991817 200.17138180135944
719.4599480445537 201.73943987758452
896.6795487705065 234.6686594783105
886.9227429628838 219.6849934166045
869.8483327995446 216.5488772641544
828.0334507668765 206.7920714565319
814.0951567559873 209.92818760898203
852.4254652859328 209.23127290843752
797.4563182804883 198.42909504999835
797.9790043058965 186.40731646560633
807.735810113519 185.0134870645174
822.8937048503611 188.67228924237583
827.5978790790363 180.30931283584226
854.2548663748621 184.83925838938129
859.3074979538094 179.26394078502554
865.0570442333013 175.95359595743938
845.1949752677841 175.95359595743938
840.3165723639729 182.40005693747565
834.567026084481 185.1877157396535
822.0225614746805 179.6123981352978
816.795701220597 187.2784598412869
875.3365360663321 180.13508416070616
877.6015088431016 186.40731646560633
884.9191131988185 186.0588591153341
896.7666631080743 179.08971210988943
877.6015088431016 205.57247073057914
873.594249314971 197.90640902459
850.7702928721399 195.11875022241213
906.610583253265 188.3238318921036
903.8229244510871 180.65777018611448
904.1713818013594 175.08245258175876
918.4581331625209 182.40005693747563
927.518024269599 179.96085548557002
922.2911640155155 201.91366855272068
940.0624888793992 181.7031422369312
954.0007828902886 191.45994804455367
962.3637592968222 186.58154514074243
954.0007828902886 206.09515675598746
918.1096758122488 197.0352656489094
933.7902565744992 194.944521547276
922.9880787160599 192.15686274509815
966.3710188249529 215.15504786306545
971.2494217287641 188.32383189210353
977.5216540336643 185.88463044019792
981.0062275363866 187.27845984128686
994.2476068467314 181.0062275363867
1006.7920714565319 183.09697163802008
1012.3673890608876 192.50532009537037
1020.0334507668765 183.09697163802008
1022.4726522187822 196.68680829863715
998.0806376997261 230.83562862531593
997.7321803494538 215.15504786306545
997.0352656489093 202.6105832532651
817.2312729084374 179.61239813529775
901.9499661933739 227.4120351588913
792.6652239491115 197.82910354777334
1007.0331169257 216.98629418322503
