132.66566900732906 617.1118529603623
96.59521890948172 480.34472967269096
83.06880012278891 327.0453167568397
113.12750853766171 296.98660834196687
19.945512451556045 221.8398373047849
4.916158244119644 160.21948505429563
90.58347722650711 122.6460995357047
123.64805648286725 157.21361421280835
203.30363378228017 333.0570584398142
343.0766279114387 245.8868040366831
404.6969801619279 242.8809331951959
383.655884271517 209.81635393883576
497.87897624803367 220.33690188404128
548.9787805533174 318.02770423237786
610.5991328038066 221.8398373047849
679.734162158014 354.0981543302252
697.7693872069377 433.7537316296382
801.4719312382489 451.7889566785618
808.9866083419671 214.3251602010667
849.5658647020454 202.30167683511758
932.2273128429456 211.31928935957947
975.8124400445113 185.7693872069375
1016.3916964045894 151.20187252983374
989.338858831204 85.07271401711364
962.2860212578184 85.07271401711364
920.2038294769966 82.0668431756263
927.7185065807147 39.98465139480444
953.2684087333565 47.49932849852271
972.8065692030237 36.97878055331724
834.5365104946089 9.925942979931635
789.4484478722998 71.54629523042082
735.3427727255287 9.925942979931635
670.7165496335522 53.511070181497246
685.7459038409886 39.98465139480444
675.2253558957831 15.937684662906166
673.7224204750395 5.417136717700701
615.1079390660375 15.937684662906166
398.68523847895335 121.14316411496097
275.44453397797486 97.09619738306286
282.9592110816931 79.0609723341391
207.81244004451105 160.21948505429563
132.66566900732906 89.58152027934457
116.13337937914905 85.07271401711364
152.2038294769964 53.511070181497246
135.6715398488163 15.937684662906166
307.00617781359136 29.46410344959897
33.47193123824885 107.61674532826831
18.442577030812448 86.57564943785724
30.46606039676151 85.07271401711364
10.927899927094247 49.002263919266305
748.4645550527903 21.511508099743484
140.81620340443874 155.52149810973344
321.8831364713718 257.81920040743574
552.3087108969462 247.65336624160153
613.1758437640791 55.845174433409824
588.6243952126305 41.523496111731504
641.8192004074357 22.086932675168047
678.6463732346085 21.57544416367954
661.7672523554877 28.736283324518702
786.0589606471958 26.690329278564608
869.9430765313117 45.61540420363956
914.4425770308121 23.10990969814506
984.0050145932498 9.811208399443748
119.07794166617698 77.32769191592723
129.30771189594722 75.28173786997321
176.36465495289025 12.368650956886356
195.8012183894537 37.43158801982338
242.85816144639674 86.02299661123196
229.0479716362069 150.47054905878437
374.31070889894414 99.32169790993323
462.28673287496804 181.15985974809504
140.57157846416163 568.2371303036264
312.879270771854 10.32408682536562
328.9327824775397 2.4043543838940296
364.8926486982754 24.023083480883987
413.9093711063022 7.969571775198382
432.74549150764 4.972916256803728
316.7321135812186 23.80903665814153
123.0197389992787 44.46455505279022
582.7923142501149 29.374254049445884
715.0732507049644 2.8324480293789853
770.5113777952654 8.825759066168295
882.4578660895796 5.186963079546223
1019.0197389992787 8.825759066168295
1022.0163945176735 56.45117712636883
