342.0302804666171 360.4606602134526
407.65053363117414 428.511293124845
422.23281211218676 450.38471084636393
474.4859766691488 554.891039960288
184.05559692231333 377.47331844130065
45.523951352693054 289.9796475552248
89.27078679573107 245.01762223876906
705.3720526185158 293.625217175478
673.7771159096552 262.03028046661717
688.3593943906678 203.70116654256657
662.8404070488956 195.19483742864253
642.1821792007943 169.6758500868704
700.5112931248449 161.16952097294637
711.4480019856045 153.87838173244003
732.1062298337056 146.58724249193372
791.6505336311741 300.9163564159843
812.3087614792754 234.08091337800963
830.5366095805412 246.23281211218685
834.1821792007943 210.9923057830729
736.9669893273765 237.72648299826272
863.3467361628196 271.75179945395894
910.7391412261107 405.4226855299083
943.5492678083895 232.86572350459184
891.2961032514271 195.19483742864253
910.7391412261107 176.96698932737675
866.9923057830727 173.3214197071235
891.2961032514271 104.05559692231341
840.258128567883 108.9163564159843
807.4480019856045 117.42268552990843
789.2201538843387 113.77711590965521
752.7644576818069 100.41002730206031
692.004964010921 136.86572350459193
679.8530652767436 129.5745842640856
44.30876147927533 193.97964755522486
2.992305783072844 197.62521717547796
96.5619260362374 156.30876147927546
131.80243236535134 132.00496401092101
156.10622983370573 162.3847108463641
174.33407793497156 161.16952097294637
171.9036981881361 134.43534375775647
174.33407793497156 83.39736907421221
151.24547034003484 84.61255894762985
131.80243236535134 78.53660958054131
68.61255894762978 95.54926780838943
61.32141970712345 91.90369818813633
41.87838173243996 100.41002730206031
10.283445023579178 91.90369818813633
2.992305783072844 95.54926780838943
35.80243236535135 492.9163564159843
38.23281211218679 534.2328121121868
88.05559692231334 647.2454703400348
461.1188880615538 153.87838173244003
481.7771159096551 155.09357160585776
479.3467361628197 119.85306527674388
506.08091337800954 100.41002730206031
525.5239513526931 97.97964755522487
554.6885083147183 117.42268552990843
564.41002730206 91.90369818813633
396.71382477041453 117.42268552990843
377.270786795731 104.05559692231341
361.47331844130065 100.41002730206031
345.67585008687035 97.97964755522487
308.0049640109209 104.05559692231341
331.0935716058577 157.5239513526932
315.29610325142727 163.5999007197818
247.2454703400349 101.62521717547797
270.3340779349716 108.9163564159843
207.14420451725007 114.99230578307298
103.85306527674373 117.42268552990843
90.48597666914878 132.00496401092101
123.2961032514273 112.56192603623754
140.30876147927535 127.1442045172502
352.96698932737667 144.15686274509824
376.0555969223133 142.94167287168054
372.4100273020601 74.89103996028821
412.511293124845 106.48597666914885
938.6885083147185 152.6631918590223
954.4859766691487 147.80243236535142
999.4480019856045 180.61255894762985
973.9290146438323 159.95433109952864
956.9163564159843 183.0429386944653
1014.0302804666172 140.51129312484508
992.156862745098 122.28344502357932
231.44800198560444 114.99230578307298
215.6505336311741 118.63787540332609
405.2201538843387 87.04293869446543
417.3720526185159 88.25812856788309
434.384710846364 74.89103996028821
436.81509059319944 87.04293869446543
380.91635641598424 57.878381732440104
365.1188880615538 57.878381732440104
506.08091337800954 37.22015388433876
280.0555969223133 37.22015388433876
276.4100273020601 63.954331099528645
283.70116654256645 50.58724249193377
301.9290146438323 61.523951352693196
920.4606602134525 100.41002730206031
943.5492678083895 84.61255894762985
928.9669893273767 70.03028046661733
908.3087614792754 84.61255894762985
882.7897741375032 70.03028046661733
858.4859766691487 61.523951352693196
847.5492678083891 59.093571605857754
834.1821792007943 54.232812112186856
817.1695209729463 70.03028046661733
814.7391412261107 66.38471084636409
806.2328121121867 63.954331099528645
779.4986348969969 70.03028046661733
779.4986348969969 62.73914122611098
603.2961032514272 71.24547034003498
568.0555969223133 72.46066021345277
583.8530652767437 67.59990071978189
639.6820990854283 85.06020355586553
650.4241276064986 87.95228815769217
662.8187759000413 86.71282332833788
673.5608044211117 80.92865412468464
665.2977055587498 80.51549918156653
656.2082968101519 72.66555526232283
652.4899023220889 56.55251248071734
631.0058452799484 54.486737765126875
605.3902388066267 44.1578641871746
587.2114213094308 38.78684992663943
588.037731195667 32.589525779868076
597.9534498305011 30.110596121159546
581.0140971626594 34.24214555234043
574.40361807277 38.37369498352136
595.0613652286745 47.46310373211935
600.4323794892097 56.55251248071734
590.9298157974936 56.55251248071734
590.5166608543756 79.27603435221228
579.361477390187 86.71282332833788
578.948322447069 78.03656952285803
685.5422977715363 68.94716077426004
690.5001570889534 70.18662560361429
680.9975933972372 79.6891892953304
699.1764108944332 83.40758378339316
688.847537316481 95.80223207693587
671.9081846486392 97.04169690629016
674.3871143073478 108.19688037047861
729.7498766851719 73.49186514855904
742.5576799218327 71.01293548985048
739.252440376888 70.59978054673239
716.528918505393 68.94716077426004
727.6841019695814 67.29454100178769
727.2709470264633 27.63166646245101
726.4446371402272 23.086962088152017
734.7077360025891 25.979046689978656
735.9472008319433 40.43946969911178
744.6234546374232 30.110596121159546
746.2760744098956 26.805356576214834
755.7786381016116 31.35006095051383
760.3233424759105 34.24214555234043
764.0417369639734 29.697441178041437
801.6388367877197 28.45797634868719
811.5545554225538 28.45797634868719
814.0334850812624 30.110596121159546
806.5966961051366 33.00268072298619
807.836160934491 43.74470924405653
816.0992597968528 39.200004869757535
819.8176542849156 46.22363890276507
792.9625829822397 56.13935753759923
701.6553405531417 75.55763986414946
753.299708442903 68.94716077426004
754.9523282153755 56.55251248071734
671.4950297055212 58.61828719630777
685.1291428284183 25.56589174686055
688.0212274302448 20.194877486325375
694.2185515770162 21.43434231567966
609.5217882378076 23.086962088152017
619.4375068726417 25.56589174686055
616.5454222708152 24.3264269175063
812.3808653087899 63.57614651372483
839.8158917468604 39.1217722147344
837.3932030751732 29.02723608270425
842.6423618638288 32.25748764495388
886.2507579541991 16.510011278986877
895.941512640948 12.87597827145606
890.6923538522924 31.853706199672693
888.269665180605 22.566732958204952
885.4431950636366 22.162951512923765
883.8280692825119 26.200765965735805
857.5822753392334 26.200765965735805
881.4053806108245 30.642361863829066
888.269665180605 53.25412279957656
907.2473931088217 54.465467135420184
923.3986509200699 64.5600032674503
894.7301683051043 61.73353315048189
1015.4608204441847 78.69235385229248
1007.7889729838419 60.925970259919445
1002.9435956404675 70.21294350138719
988.0036821650629 69.40538061082478
994.8679667348433 62.5410960410443
1000.5209069687801 56.48437436182622
993.6566223989996 45.58227533923366
1017.0759462253096 44.77471244867125
1006.9814100932794 27.008328856298213
1008.5965358744043 22.162951512923765
985.1772120480942 19.740262841236543
969.4297356821273 28.219673192141844
971.0448614632521 21.35538862236136
978.716708923595 17.721355614830507
962.1616696670657 14.894885497862061
962.1616696670657 27.815891746860622
950.8557891991918 32.25748764495388
944.7990675199738 29.02723608270425
950.0482263086294 26.200765965735805
944.7990675199738 23.374295848767396
941.5688159577242 22.162951512923765
942.3763788482867 14.087322607299653
947.6255376369423 14.894885497862061
937.5310015049121 24.181858739329805
928.2440282634444 22.566732958204952
928.6478097087256 33.46883198079751
935.1083128332249 47.6011825656397
925.0137767011948 44.77471244867125
949.2406634180671 40.33311655057799
964.5843583387528 50.42765268260811
966.603265565159 39.1217722147344
976.697801697189 48.408745456202105
1016.2683833347472 24.98942162989221
1019.9024163422779 18.125137060111726
1016.2683833347472 19.33648139595532
1013.4419132177786 20.54782573179895
1020.3061977875591 69.40538061082478
1023.1326679045277 54.465467135420184
970.641080017971 58.907063033513445
979.1204903688762 59.714625924075854
956.5087294331288 59.31084447879463
951.6633520897543 59.31084447879463
935.5120942785061 53.25412279957656
914.9192405691647 58.907063033513445
951.6633520897543 71.02050639194958
966.1994841198776 80.71126107869853
868.484374361826 121.49318705210024
354.1821792007944 78.23281211218675
363.90369818813605 77.62521717547793
413.7264829982627 73.37205261851591
99.4745884976064 114.24381926683704
82.77893632369334 125.37425404944575
243.5281002032921 136.71873565479694
234.75218047085065 136.9327824775394
264.2906420093122 112.31739786215478
257.869237327038 81.06656174175343
332.5715784641618 104.61171224342569
314.3775985310514 66.51137779526513
341.34749819660317 63.51472227687048
367.24716374844263 63.51472227687048
396.3575316414192 62.979605220014435
422.68529083874364 84.38428749426194
319.94281592235563 34.2973309725228
316.7321135812185 36.65184602269002
358.68529083874364 33.92274903272345
271.1401403370714 83.7421470260345
330.4311102367369 143.67525739392747
362.53813364810816 92.94616040396092
382.4444881631583 104.0765951865696
881.60167879861 234.75218047085048
795.554856056135 235.1802741163354
769.6551905042955 70.68529083874353
677.4010099022887 30.819070102957557
674.5113777952653 26.00301659125188
675.2605416748639 20.972916256803718
720.4244212735261 28.03646140730539
712.5046888320546 27.715391173191673
730.9127155879073 31.247163748442514
730.5916453537938 25.253852711653213
645.2939864909174 70.25719719325859
491.60836776182066 46.06990622335891
495.14014033707144 35.36756508623517
513.1200734474394 40.39766542068333
513.9762607384093 34.83244802937899
510.7655583972721 24.66522394911143
559.3541871598139 35.902682143091354
565.668568430717 32.584956390582995
516.4377991999477 69.18696307954623
520.7187356547973 116.38428749426181
739.4745884976066 62.979605220014435
729.4143878287102 63.19365204275692
861.0531838153323 30.65853498590071
870.8993376614862 28.946160403960924
871.5414781297135 56.772247360482666
877.5347891665028 18.67191291232213
818.4578660895799 24.023083480883987
864.2638861564694 81.1735851531248
864.4779329792119 75.39432093907799
931.4745884976066 83.31405338054955
664.5582005377404 134.68529083874353
978.9929831464359 26.217063413994353
960.6919798019544 18.832448029378966
972.5715784641618 43.55485605613482
955.12676241065 44.19699652436224
1009.2806085644962 52.00970555446258
1002.7521804708505 43.92943799593416
998.2571971932585 27.661879467506093
1002.9662272935931 26.163551708308766
1004.8926486982753 18.45786608957967
