153.75686274509818 709.8457516339869
444.8383442265796 460.4827886710239
264.6901960784314 230.0827886710239
307.3568627450981 196.89760348583877
369.9346405228759 149.4901960784313
447.682788671024 227.23834422657947
522.5864923747279 266.11241830065353
542.4976034858389 153.28278867102392
818.882788671024 89.87538126361655
886.9124183006536 109.07538126361656
895.3124183006535 2.1938997821350754
432.5124183006537 74.46797385620916
453.1346405228758 106.46797385620916
497.4605664488018 34.88278867102396
549.845751633987 56.21612200435729
349.5494553376907 61.90501089324618
254.73464052287582 119.38649237472768
462.7346405228758 14.823529411764707
432.8216775599128 0.43371459694989095
62.49760348583875 55.50501089324619
154.46797385620914 87.97908496732025
127.68278867102394 41.28278867102395
178.17167755991284 63.32723311546841
100.42352941176468 32.98649237472765
218.882788671024 13.771677559912854
254.67538126361657 8.423529411764708
296.6901960784314 4.408714596949891
331.0605664488018 2.3864923747276676
