871.535940360396 311.01400560224096
841.5876838924545 254.5730607203512
816.2468514965041 325.98813383621166
530.586559033062 276.45832506230846
324.4043318114647 290.28059727828145
286.39308321753896 269.547188954322
214.97801010167848 263.7879088643332
132.0443768058405 352.48082225016
267.963386929575 145.14673901056497
228.8002823176515 108.28734643463694
213.8261540836807 126.7170427226009
149.32221707580675 123.26147466860772
80.21085599594174 137.0837468845807
64.08487174397322 47.23897748075622
303.6709234875052 18.442577030812448
341.682172081431 24.201857120801172
348.59330818941754 17.29072101281467
350.897020225413 1.1647367608461268
398.1231169633208 35.72041730077877
408.48982112530047 18.442577030812448
384.3008447473477 16.1388649948169
433.8306535212509 31.112993228787673
467.2344780431858 65.66867376872017
466.082622025188 102.52806634464821
519.0679988530844 20.746289066807993
522.5235669070778 5.772160832837222
500.6383025651205 4.620304814839448
470.69004609717894 17.29072101281467
451.10849379121726 10.379584904828175
562.838527536999 20.746289066807993
573.2052316989787 92.1613621826684
530.586559033062 139.3874589205762
593.9386400229382 122.10961865060995
648.0758728688324 217.71366814442317
681.4796973907673 185.46169964048622
627.342464544873 130.1726107765942
640.0128807428483 116.35033856062121
627.342464544873 74.88352191270222
671.1129932287873 59.90939367873144
711.4279538587086 74.88352191270222
718.3390899666953 132.4763228125897
758.6540505966165 180.85427556849518
786.2985950285624 130.1726107765942
766.7170427226006 89.857650146673
793.2097311365491 71.42795385870889
877.2952204503849 59.90939367873144
863.4729482344119 206.1951079644457
985.5696861421733 116.35033856062121
944.1028694942544 107.13549041663917
884.2063565583712 14.987008976819126
983.2659741061777 40.32784137276972
827.7654116764814 26.50556915679672
805.8801473345243 3.540439797966446
827.7654116764816 10.451575905952945
839.2839718564591 7.5719358609585825
712.5798098767065 18.51456803193722
194.5325657822184 150.97801010167848
733.8871324753675 8.692327280562619
856.6443752326102 178.76225735049263
43.822414584562914 57.414387828710105
115.10000655780705 67.90268214309135
178.8859597350646 41.36087612302446
196.00970555446256 75.39432093907799
193.86923732703784 89.09331759459637
222.1234179290445 54.41773231031545
213.34749819660303 16.531444684897387
292.43779919994773 27.71539117319169
309.66856843071696 45.053183815332154
282.69866876516517 58.96622729359303
237.7488359892454 28.571578464161593
263.4344547183424 44.625090169847205
382.7655583972721 29.267230638074622
394.3240868253658 24.344153714997695
401.0665617417537 53.133451373860616
299.82241458456315 118.41773231031542
439.8090366581416 270.49799986884375
531.4210767919209 195.15351826349266
576.7990032133255 200.71873565479694
578.5113777952653 170.32408682536555
603.7689028788775 135.43445471834215
608.4779329792119 120.87927077185384
630.7388025444293 98.61840120663645
658.7789363236935 97.76221391566654
527.5682339825564 106.32408682536557
541.2672306380747 89.41438782871003
494.39097645747273 99.90268214309128
447.7287690996132 135.43445471834215
463.9963276280413 91.3408092333923
505.73545806282397 74.96622729359304
523.9294379959343 56.77224736048265
551.755524952456 58.69866876516493
586.6451570594795 59.768902878877306
572.7321135812186 36.43779919994753
576.3709095678406 22.952849367171616
493.96288281198775 15.033116925700027
521.3608761230246 32.799003213325456
531.6351236146634 7.327431306970931
465.9227490327235 2.404354383893994
629.7755918420877 5.56154501934552
641.1200734474388 8.986294183225112
655.0331169256998 13.481277460817093
702.4444881631579 14.551511574529464
757.882615253459 68.97291625680373
728.130106892255 62.76555839727196
592.2103744507837 306.0297724440946
657.7087022099811 292.3307757885762
994.6184012066366 99.6886353203488
905.574922945767 6.685290838743551
924.8391369925897 35.795658731720124
948.8123811397468 40.29064200931209
1010.2438192668371 12.678601875532824
860.8391369925897 2.4043543838940296
780.9996721096467 13.96288281198769
795.3408092333925 34.93947144075023
753.3876319758673 24.451177126368943
