52.19316038575141 614.1387139247713
291.9318173730473 707.5252837977297
167.88100067613257 548.6287320735917
179.03163588484398 470.5742856126117
117.70314223693104 476.14960321696736
66.13145439664075 382.7630333440091
291.9318173730473 453.84833279954444
272.41820575780235 406.4581331625209
155.33653606633214 363.24942172876405
424.34561047649555 536.0842674637913
470.3419807124302 460.8174798049892
573.4853563930111 492.8755560300345
583.2421622006335 619.714031529127
516.3383509483649 694.9808191879292
417.376463471051 763.2784598412868
947.0316358848443 727.0388954129746
845.2820896053523 763.2784598412868
882.9154834347535 590.4436141062595
859.2203836162415 464.99896800825593
912.1859008576208 359.06793352549727
1004.1786413294902 349.3111277178748
863.4018718195083 313.0715632895626
795.1042311661507 342.34198071243014
817.4055015835738 412.03345076687657
776.9844489519948 419.0025977723213
675.2349026725028 419.0025977723213
658.5089498594357 379.97537454183123
654.327461656169 247.56158143838297
632.026191238746 289.37646347105084
498.21856873420893 333.9790043058966
279.3873527632469 318.6468808939183
240.3601295327569 289.37646347105084
211.08971210988938 267.07519305362797
179.03163588484398 313.0715632895626
54.980819187929264 275.4381694601616
74.49443080317424 246.16775203729404
103.76484822604178 230.8356286253158
60.556136792284974 225.26031102096007
10.378278353083529 205.7466994057151
25.710401765061796 200.1713818013594
56.37464858901819 190.41457599373683
312.8392583893813 236.41094622967148
357.44179922422694 294.9517810754066
358.8356286253159 264.2875342514501
358.8356286253159 236.41094622967148
381.1368990427388 198.7775524002704
418.77029287213986 208.53435820789295
427.1332692786734 205.7466994057151
438.2839044873848 232.22945802640479
464.7666631080745 205.7466994057151
482.88644532223066 276.83199886125044
513.550692146187 250.34924024056082
537.2457919646988 276.83199886125044
547.0025977723215 222.47265221878223
573.4853563930111 205.7466994057151
587.4236504039004 225.26031102096007
630.6323618376572 240.59243443293835
652.93363225508 190.41457599373683
611.1187502224121 177.8701113839365
719.8374435073488 200.1713818013594
949.819294687022 198.7775524002704
987.4526885164231 173.6886231806697
1000.9263727269492 153.12963951460802
971.6559553040818 152.43272481406353
969.5652112024485 122.46539269065156
982.8065905127933 106.43635457812888
998.835628625316 69.49987544927225
974.4436141062598 63.92455784491654
966.7775524002706 52.77392263620512
1021.8338137432831 36.74488452368243
893.6015088431019 10.262125902992743
881.0570442333013 10.262125902992743
809.9717447777659 17.928187608981876
777.9136685527205 15.83744350734845
758.4000569374756 15.14052880680402
691.496245685207 82.04434005907262
731.2203836162414 95.98263406996193
742.3710188249529 71.59061955090567
731.2203836162414 123.8592220917405
789.064303761432 139.88826020426316
807.1840859755881 105.73943987758442
815.5470623821217 67.40913134763885
796.7303654674212 66.01530194654993
780.7013273548985 68.80296074872781
846.9082239066227 85.52891356179494
856.6650297142452 69.49987544927225
875.4817266289456 73.68136365253902
885.2385324365682 89.01348706451726
897.086082345824 75.07519305362796
904.7521440518133 67.40913134763885
945.8701113839365 95.98263406996193
945.1731966833921 78.55976655635031
627.3800932351162 139.88826020426316
632.2584961389275 125.9499661933739
636.4399843421943 84.13508416070601
628.0770079356607 79.25668125689477
611.3510551225935 75.77210775417244
599.5035052133377 90.40731646560623
586.9590406035372 100.86103697377314
576.5053200953703 82.04434005907262
573.0207465926479 64.621472545461
566.0515995872033 89.01348706451726
549.3256467741361 104.3456104764955
549.3256467741361 124.55613679228499
552.8102202768584 140.58517490480767
536.0842674637913 162.88644532223054
947.2639407850254 30.47265221878222
478.704957118964 160.621472545461
510.0661186434649 147.7285505853884
515.6414362478206 116.01893171061528
492.99170848012557 125.77573751823778
490.9009643784921 111.14052880680403
490.2040496779477 77.68862318066971
508.3238318921037 94.06611864346465
525.7466994057154 74.90096437849186
472.78118216433603 46.675919006441056
491.24942172876433 39.358314650724175
511.45994804455387 37.96448524963524
443.16230739119624 31.343795594462826
482.3637592968225 29.688623180669737
502.22582826233963 19.06067399736666
474.5234689156972 7.213124088110762
436.71584641116 29.862851855805864
462.67591900644135 85.0062275363866
434.62510230952665 44.84651791751185
445.94996619337417 114.62510230952634
431.31475748194043 111.83744350734848
402.3927974093452 96.8537774456425
380.43998434219446 81.17319668339204
371.03163588484426 80.12782463257534
360.92637272694947 40.055229351268636
379.0461549411056 38.66139995017971
376.60695348919995 117.06430376143197
367.8955197323941 98.24760684673143
366.5016903313052 146.33472118429947
379.3946122913778 148.07700793566065
388.4545033984558 139.0171168285826
399.9535959574395 132.3964271734102
400.650510657984 152.60695348919967
386.7122166470947 188.4980605672396
331.65595530408194 173.5143945055336
314.9300024910148 158.5307284438276
326.08063769972625 120.89733461442653
320.1568627450983 110.44361410625956
328.17138180135964 101.38372299918151
337.92818760898217 93.36920394292018
255.3437955944631 167.06793352549732
299.9463364293088 185.1877157396534
278.3419807124304 147.5543219102523
291.58336002277525 132.91911319881854
288.09878652005295 116.19316038575141
312.49080103910916 95.28571936941744
217.0134870645176 162.88644532223054
224.67954877050664 154.52346891569692
214.22582826233966 132.91911319881854
210.74125475961736 119.6777338884737
175.19860503184967 144.76666310807445
181.47083733674984 164.28027472331945
162.07337817159538 147.20586455998006
168.69406782676776 116.89007508629584
181.93544713711262 111.66321483221235
157.89188996832857 106.7848119284011
145.69588270880044 113.40550158357352
128.62147254546107 130.82836909718515
121.3038681897442 115.49624568520692
114.33472118429955 111.66321483221235
110.85014768157724 126.29842354364611
97.26031102096015 114.10241628411798
89.24579196469882 114.10241628411798
87.85196256360987 120.7231059392904
81.23127290843749 120.37464858901815
91.68499341660444 125.25305149282943
110.85014768157724 144.76666310807443
125.13689904273876 165.67410412440836
82.27664495925416 145.81203515889112
67.29297889754818 142.67591900644103
52.30931283584219 126.29842354364611
22.341980712430193 126.99533824419058
38.719476175225104 158.00804241841925
56.142343688836725 172.99170848012523
27.220383616241456 182.74851428774775
13.63054695562438 168.11330557631402
2.0153019465499478 95.98263406996193
14.153232981032701 104.3456104764955
8.229458026404762 91.62691719155904
6.312942599907479 87.44542898829225
12.759403579943775 86.40005693747555
16.069748407529985 84.65777018611439
22.690438062702405 92.14960321696738
25.652325540016385 82.21856873420877
27.56884096651365 89.1877157396534
33.66684459627771 90.40731646560623
40.63599160172237 89.01348706451729
44.991708480125276 84.83199886125051
46.03708053094197 79.77936728230314
50.21856873420875 81.87011138393653
58.2330877904701 93.89188996832854
48.30205330771148 97.02800612077864
58.755773815878456 86.05159958720331
36.10604604818336 96.33109142023417
42.20404967794742 95.80840539482583
78.09515675598735 93.36920394292018
73.3909825273122 95.80840539482583
87.15504786306539 93.89188996832854
91.16230739119607 86.57428561261167
77.92092808085124 85.00622753638662
82.62510230952637 80.65051065798372
86.98081918792928 73.33290630226684
94.82110956905449 107.65595530408171
118.86466673783853 105.2167538521761
114.50894985943565 103.1260097505427
115.90277926052457 98.42183552186756
110.50169033130497 97.20223479591475
126.18227109355541 98.94452154727591
117.99352336215796 89.71040176506176
116.59969396106904 74.55250702821965
109.63054695562437 75.77210775417247
111.54706238212165 65.84107327141383
108.23671755453543 61.65958506814706
112.41820575780226 59.046154941105314
117.99352336215796 66.71221664709442
127.57610049464434 67.75758869791112
99.69951247286576 65.66684459627773
91.16230739119607 62.704957118963755
85.93544713711259 64.09878652005268
97.60876837123237 81.17319668339208
100.74488452368244 78.03708053094196
78.09515675598735 71.24216220063344
82.27664495925414 69.32564677413616
73.04252517703998 67.583360022775
67.46720757268427 72.46176292658626
62.76303334400913 62.704957118963755
59.10423116615069 70.19679014981675
55.271200313156136 72.81022027685849
63.28571936941747 74.37827835308353
61.54343261805631 77.34016583039751
46.559766556350326 73.15867762713073
39.41639087576955 71.24216220063344
35.409131347638876 73.15867762713073
32.62147254546102 73.68136365253908
24.25849613892744 73.33290630226684
19.554321910252302 76.46902245471694
16.418205757802216 76.12056510444471
32.795701220597145 83.7866268104338
8.577915376676993 77.34016583039751
7.009857300451942 80.65051065798372
3.002597772321268 80.65051065798372
1.0860823458239934 84.13508416070606
29.833813743283166 74.0298210028113
11.191345503718741 78.73399523148643
17.637806483755035 78.73399523148643
13.282089605352132 96.5053200953703
72.86829650190387 89.36194441478953
68.51257962350097 86.05159958720331
69.20949432404542 79.77936728230313
73.73943987758445 75.42365040390023
130.94452154727597 70.37101882495286
123.10423116615074 84.13508416070603
134.25486637486216 102.42909504999824
149.41276111170427 109.92092808085121
146.79933098466256 97.89914949645922
153.7684779901072 101.55795167431764
154.8138500409239 94.58880466887301
149.41276111170427 82.39279740934488
143.4889861570763 86.0515995872033
147.67047436034312 67.93181737304722
153.7684779901072 69.84833279954451
161.08608234582402 82.74125475961709
159.69225294473512 76.46902245471692
150.28390448738486 76.46902245471692
170.4944308031743 72.113305576314
184.43272481406365 66.71221664709441
190.00804241841936 67.23490267250277
179.03163588484406 75.2494217287641
183.03889541297474 74.20404967794741
184.60695348919975 92.32383189210348
174.32746165616888 86.22582826233942
167.88100067613257 102.42909504999824
200.28753425145024 67.93181737304725
214.0515995872034 62.182271093555414
218.4073164656063 62.182271093555414
218.5815451407424 56.60695348919969
208.4762819828477 50.85740720970786
224.3310914202343 82.21856873420877
209.17319668339215 86.22582826233945
196.10604604818346 80.30205330771149
245.58698978684043 82.21856873420877
227.81566492295656 66.18953062168607
229.7321803494539 56.78118216433582
236.52709867976242 55.73581011351912
236.17864132949018 53.12237998647737
247.15504786306548 66.3637592968222
245.4127611117043 60.26575566705813
246.45813316252102 56.60695348919969
250.11693534037948 56.43272481406358
253.94996619337402 52.077007935660674
254.29842354364627 64.96992989573327
260.22219849827417 68.80296074872783
262.1387139247715 60.09152699192202
265.79751610262986 55.91003878865523
263.00985730045204 51.90277926052456
275.38009323511636 85.00622753638662
277.993523362158 80.99896800825594
272.4182057578023 81.5216540336643
285.83381374328326 56.60695348919969
288.9699298957334 48.59243443293835
275.55432191025244 58.523468915696974
274.3347211842996 63.92455784491658
216.31657236397294 72.46176292658625
301.3401658303977 59.22038361624143
305.6958827088006 50.16049250916339
304.3020533077117 40.926372726949246
310.92274296288406 48.24397708266611
315.8011458666953 45.10786093021603
321.20223479591493 45.80477563076049
326.95178107540676 39.70677200099642
333.74669940571533 42.84288815344651
354.1314543966409 45.9790043058966
360.9263727269494 42.668659478310396
372.7739226362053 39.70677200099642
355.69951247286593 67.58336002277501
345.42002063983506 69.32564677413616
327.9971531262235 82.7412547596171
317.0207465926481 62.704957118963755
315.278459841287 73.85559232767518
5.016003604238958 241.51550410373937
65.65519050429535 113.06656174175359
106.75218047085053 71.32743130697095
89.30736441733886 67.4745884976064
161.12007344743915 56.55820053774017
203.71539117319165 118.41773231031544
231.54147812971343 121.84248147419504
139.71539117319168 148.38428749426194
147.2070299691783 124.83913699258969
136.29064200931208 168.07659518656962
151.91606006951272 163.36756508623517
200.0765951865696 170.64515705947932
650.859203882222 283.98294970161976
699.6618794675061 254.0163945176733
709.9361269591451 211.20702996917825
