9.715304303539526 690.2347848230202
331.3776419658773 275.0659536541889
50.85816144639666 182.80621339444863
4.728291316526569 187.79322638146164
3.481538069773295 215.22179781003305
93.24777183600706 120.46855105678625
528.3646549528902 152.88413547237067
584.4685510567863 204.0010185892538
584.4685510567863 125.4555640437992
726.5984211866564 207.74127832951353
742.8062133944488 287.53348612172135
801.4036159918514 280.0529666412019
770.2347848230203 171.58543417366937
767.7412783295138 142.9101094983447
1020.8321874204227 105.50751209574724
1012.1049146931501 81.81920040743559
802.6503692386045 73.09192768016295
765.2477718360072 68.10491469314987
716.6243952126305 41.923096511331664
711.6373822256177 33.19582378405903
519.6373822256174 90.54647313470838
549.5594601476955 39.42959001782526
500.9360835243188 65.61140819964345
471.0140056022409 50.65036923860445
287.7412783295136 48.1568627450979
200.4685510567863 41.923096511331664
163.06595365418886 20.72829131652657
113.19582378405903 26.9620575502928
85.76725235548756 34.44257703081216
186.7542653425006 8.26075884899411
205.45556404379928 8.26075884899411
256.5724471606824 9.507512095747241
315.16984975808504 29.455564043799203
333.8711484593837 29.455564043799203
357.55946014769546 15.741278329513472
391.221797810033 15.741278329513472
432.36465495289025 34.44257703081216
837.5594601476954 21.03997962821485
855.014005602241 22.286732874968127
792.6763432645787 19.16984975808501
1016.8841354723708 48.468551056786325
998.8062133944487 47.221797810033046
1013.1438757321109 23.533486121721403
962.0269926152279 43.48153806977329
949.5594601476954 39.117901706136976
910.2867328749682 21.03997962821485
885.9750445632799 12.936083524318782
328.02099860923386 524.30471489295
350.7655583972721 58.48462194242247
421.401009902289 17.81572562135222
479.19365204275726 58.270575119679975
433.17358515312515 61.26723063807463
404.27726408289107 59.34080923339237
1022.4444881631582 45.42776575513149
1008.9595383303822 60.41104334710473
