13.933770768581512 672.720463527877
191.28015041633105 579.5384674417712
281.45627566094936 528.4386631364875
243.88289014235843 468.32124630674184
198.79482752004924 430.7478607881509
287.46801734392403 409.7067648977399
242.37995472161484 369.12750853766164
284.4621465024367 357.1040251717125
428.7439468938262 322.53651049460876
344.5795633321823 301.49541460419783
377.6441425885424 262.41909366486317
362.61478838110605 220.33690188404128
322.0355320210278 199.2958059936303
332.55607996623326 175.24883926173203
287.46801734392403 154.2077433713211
251.39756724607656 188.77525804842483
242.37995472161484 221.8398373047849
201.80069836153652 223.34277272552856
225.84766509343478 256.4073519818886
179.2566670503819 277.44844787229954
149.1979586355091 309.01009170791605
51.50715628717251 330.051187598327
31.968995817505178 306.0042208664288
9.424964506350578 343.57760638501975
81.56586470204532 372.1333793791489
37.98073750047971 510.40343808756376
458.802655308699 573.5267257587967
557.9963930777792 564.5091132343348
610.5991328038066 735.8437511991098
814.9983500249416 738.8496220405971
974.3095046237675 532.9474693987183
851.068800122789 370.6304439584053
703.7811288899123 405.19795863550894
583.546295230421 354.0981543302252
536.9552971873683 259.4132228233759
476.83788035762274 248.89267487817042
479.84375119910993 230.8574498292467
428.7439468938262 206.8104830973485
422.73220521085165 127.15490579793557
383.655884271517 175.24883926173203
392.67349679597885 206.8104830973485
454.29384904646804 133.16664748091017
478.34081577836633 154.2077433713211
494.8731054065463 151.20187252983374
564.0081347607537 200.7987414143739
576.0316181267028 154.2077433713211
652.6813245846286 214.3251602010667
687.2488392617323 224.84570814627216
646.6695829016539 143.68719542611564
630.1372932734739 157.21361421280835
646.6695829016539 118.13729327347377
627.1314224319867 116.63435785273003
580.5404243889337 110.6226161697555
561.0022639192664 85.07271401711364
585.0492306511646 74.55216607190818
598.5756494378575 53.511070181497246
733.8398373047851 85.07271401711364
702.2781934691687 85.07271401711364
666.2077433713213 97.09619738306286
789.4484478722998 55.01400560224084
760.8926748781706 38.48171597406084
753.3779977744524 59.52281186447177
938.23905452592 227.8515789877595
975.8124400445113 238.37212693296496
1016.3916964045894 375.13925022063614
944.2507962088947 140.6813245846283
926.215571159971 164.72829131652657
944.2507962088947 106.11380990752457
936.7361191051766 76.05510149265177
899.1627335865857 106.11380990752457
990.8417942519475 76.05510149265177
1016.3916964045894 118.13729327347377
1017.8946318253331 76.05510149265177
1005.871148459384 38.48171597406084
1019.3975672460768 23.45236176662444
981.8241817274857 41.487586815548035
957.7772149955875 50.5051993400099
953.2684087333565 39.98465139480444
855.5776063850199 55.01400560224084
848.0629292813018 42.990522236291774
816.5012854456852 21.9494263458807
786.4425770308125 11.428878400675233
687.2488392617323 11.428878400675233
706.7869997313996 38.48171597406084
645.1666474809103 8.423007559188038
646.6695829016539 64.0316181267027
893.1509919036109 74.55216607190818
924.7126357392275 65.5345535474463
998.3564713556656 158.71654963355203
933.6233962116314 18.442577030812306
732.0969226851579 15.373645961881266
618.5464731347084 14.350668938904253
622.6383812266165 82.89012947836483
615.4775420657774 61.40761199584727
635.9370825253178 114.60241719065252
601.155863744099 136.08493467316998
591.9490705373058 96.18883077706613
713.6833362715715 110.51050909874444
704.4765430647783 131.99302658126186
979.6573622455975 67.54547413370949
774.0389806272159 10.258760846996202
692.2008187890541 53.22379581203118
192.1568627450981 195.5816119089776
238.60502328021502 125.16020722670328
274.5648895009508 106.32408682536543
352.9060266246966 155.98294970161965
403.8491704374057 151.70201324677018
435.1000065578071 165.40100990228854
385.441143681553 396.9996721096465
492.46455505279044 410.69866876516494
489.46789953439554 303.67525739392744
552.8257590661682 296.82575906616825
654.2839530461011 191.0866286313856
581.5080333136598 182.52475572168657
617.4678995343955 193.6551905042953
510.44448816315804 191.51472227687051
528.424421273526 158.55151157452937
553.681946357138 176.95953833038223
554.3240868253654 148.06321726014812
773.5080333136599 73.89599317988063
789.3474981966032 75.8224145845629
810.1100400026232 46.28395304610136
795.3408092333925 40.50468883205455
744.6117122434259 120.55820053774015
572.0899731129911 117.34749819660306
653.4277657551315 86.09666207620171
702.0163945176733 63.83579251098431
714.4311102367369 40.29064200931207
725.1334513738606 35.79565873172009
747.394320939078 28.94616040396089
644.2237523772051 98.0832841497803
765.1602072267035 219.5548560561347
786.5648895009509 203.71539117319156
770.7254246180079 146.35084267820827
807.9695717751985 164.75886943406113
853.7755918420881 139.07325070496415
810.9662272935932 112.53144468489724
831.0866286313859 108.67860187553269
867.4745884976066 110.8190701029575
706.0832841497804 173.7488359892451
671.4076988654996 164.75886943406113
718.9260935143291 3.474588497606401
737.1200734474394 3.688635320348897
759.5949898353992 8.825759066168295
841.5749229457671 6.685290838743551
834.9394714407504 25.307364417338857
860.1969965243625 18.45786608957967
879.2471637484426 12.678601875532824
888.2371303036266 8.825759066168295
894.230441340416 33.01305003606795
924.1969965243621 106.96622729359295
977.708702209981 105.89599317988056
913.0665617417535 43.82241458456286
929.7622139156666 41.681946357138095
646.7923142501149 31.300675454128164
679.1133844842287 33.01305003606795
651.5013443504494 49.922749032723466
639.3006754541283 48.42442127352614
754.0297724440948 330.85920388222166
809.6819463571381 270.49799986884375
861.0531838153323 315.01973899927856
