24.23025724051085 537.8449361395933
411.7531930203273 346.7256700845476
483.9733765065657 326.46878935060255
402.06511962583187 226.0651196258319
335.1293398093182 209.3311746717035
386.2119086166576 123.01924806619895
399.42291779096945 83.38622054326312
432.89080769922634 77.2210829285842
443.4596150386759 95.71649577262096
550.0284223781254 240.15686274509804
539.4596150386759 130.94585357078608
526.2486058643639 92.1935599928045
600.2302572405107 86.02842237812557
572.0467710019786 120.37704623133651
668.9275049469327 135.34952329555674
699.7531930203272 204.92750494693288
729.6981471487676 141.51466091023565
749.0742939377584 192.59722971757503
742.9091563230794 81.62475265335496
776.3770462313364 84.26695448821727
813.3678719194097 116.85411045152006
872.3770462313364 95.71649577262096
897.0375966900519 92.1935599928045
949.0008994423456 130.06511962583195
985.991725130419 87.78989026803373
935.7898902680336 153.84493613959341
839.7898902680336 264.8174132038136
754.3586976074831 293.0008994423457
736.7440187084006 620.6339269652814
801.9183306350061 564.2669544882173
609.9183306350062 429.5146609102356
856.523835222162 492.92750494693286
934.0284223781252 455.9366792588595
1008.8908076992262 405.7348443964741
1003.6064040295014 235.75319302032736
970.1385141212446 234.87245907537326
1016.8174132038134 311.4963122863823
290.9458535707862 180.9275049469329
54.46878935060265 206.9091563230797
16.15686274509804 60.707321460694345
86.61557834142835 41.77154164418058
303.71649577262104 100.34034898363015
114.06511962583197 35.055945313905404
163.60640402950165 37.91833063500632
188.70732146069432 31.753193020327423
35.89998201115305 180.59722971757512
291.1660370570246 32.41374347904301
278.39539485518975 22.725670084547613
317.808238891887 24.046771001978804
327.71649577262093 33.51466091023569
342.46878935060266 27.78989026803384
360.5238352221622 29.331174671703575
372.6339269652815 32.63392696528155
391.5697067817953 25.588055405648536
249.4687893506026 2.675211368951246
690.2119086166578 60.26695448821727
667.3128260478503 57.62475265335489
646.6155783414283 55.86328476344666
620.1935599928045 69.95502788271273
798.1018168735385 37.367871919409964
738.2119086166578 34.72567008454758
850.5054865983091 43.092642561611804
862.3953948551899 70.83576182766684
874.7256700845476 40.8908076992265
892.7807159561072 43.092642561611804
895.4229177909697 71.27612880014392
923.6064040295017 57.18438568087788
961.9183306350063 51.01924806619896
1007.7164957726211 58.50548659830905
1010.3586976074834 73.91833063500631
472.23025724051087 152.7440187084008
773.5146609102355 10.9183306350063
785.0192480661988 7.560532469868683
675.4779636625291 4.643101277208126
643.7164957726208 32.468789350602634
738.7807159561071 7.725670084547578
615.3678719194098 21.81741320381364
639.0375966900519 2.4550278827127348
571.1109911854647 4.643101277208126
589.7164957726208 30.074293937758604
561.2027343047308 20.936679258859513
587.0742939377584 6.184385680877855
566.4871379744555 35.35869760748337
548.3770462313363 71.99172513041914
509.1293398093179 43.78071595610723
517.1109911854646 23.0834682496852
508.68897283684083 24.29447742399713
529.7715416441803 43.36787191940998
445.1660370570243 11.028422378125564
470.59722971757475 10.7531930203274
453.4229177909693 25.230257240510895
471.53300953408854 29.854110451520068
437.5146609102353 44.468789350602655
469.8816333872996 55.0375966900522
415.1660370570243 16.28530311207052
435.9733765065656 21.34952329555676
390.25778017629034 3.9963122863824476
346.3036517359234 7.725670084547577
365.7348443964738 14.386220543263184
