245.53935122436087 477.3550194271257
283.2905032980935 390.05548025661875
298.6269088280475 348.76515767597357
359.9725309478632 326.3504111321947
387.1061715008585 446.6822083672178
498.00018071744836 332.2490286437155
500.35962772205676 303.9356645884159
33.18912080961423 298.03704707689525
4.8757567543147085 394.7743742658353
627.7697659709046 303.9356645884159
644.2858950031628 312.193729104545
638.387277491642 276.8020240354205
814.16607933496 390.05548025661875
854.276678413301 438.4241438510888
873.1522544501673 217.8158489202131
915.6223005331167 165.90801481883068
838.9402728833471 152.93105629348506
615.9725309478632 176.525526339568
571.1430378603055 161.18912080961408
464.9679226529323 136.41492726122698
331.65916689256363 160.00939730730994
319.8619318695222 178.8849733441763
7.235203758923008 114.00018071744825
30.82967380500593 106.92183970362328
82.73750790638844 86.86654016445277
157.06008855154977 79.78819915062793
482.6637751874945 124.61769223818555
988.7651576759738 144.67299177735606
1012.3596277220569 137.5946507635311
985.2259871690612 122.25824523357718
939.2167705791995 102.20294569440668
27.290503298093444 86.57160928887681
42.626908828047355 68.87575675431457
61.50248486491371 56.488659980121014
89.22598716906117 41.152254450167106
108.69142495707962 51.76976597090449
179.47483509532844 57.07852173127314
203.06930514141143 77.72368302159569
219.58543417366948 75.95409776813946
221.94488117827777 7.530134634498929
279.7513327911811 37.613083943254686
270.90340652389995 18.7375079063883
289.77898256076634 11.6591668925634
397.72368302159583 115.47483509532842
414.829673805006 91.29050329809337
384.156862745098 77.72368302159569
397.1338212704437 42.92183970362335
355.8434986897986 24.046263666756953
339.91723140869254 32.30432818288604
297.44718532574325 14.018613897171699
252.61769223818567 9.889581639107229
193.04165537182618 14.018613897171699
575.2720701183702 149.68681666214866
498.00018071744853 103.67760007228694
509.20755398933795 72.41492726122705
460.24902864371575 48.23059546399199
489.15225445016745 48.82045721514406
498.59004246860053 25.225987169061135
562.2951115930246 43.511701454775405
575.2720701183702 36.43336044095051
565.834282099937 18.14764615523624
517.4656185054669 3.401102376434388
347.29050329809365 2.073913436342242
364.9863558326559 1.7789825607662137
278.5716092888771 12.101563205927496
282.4057106713655 29.207553989337647
476.4702268003978 3.253636938646392
268.5439595192918 5.908014818830719
699.7328996114576 161.4840516851902
695.603867353393 120.19372910454501
724.5070931598447 127.86193186952197
808.267461823439 131.99096412758647
856.6361254179092 113.70524984187217
873.7421162013193 105.44718532574316
902.0554802566189 111.93566458841599
906.7743742658355 51.17990421975236
854.8665401644529 34.66377518749434
744.5623926990152 57.6683834824252
737.4840516851903 53.53935122436066
679.0877383211349 69.46561850546667
926.8296738050059 18.590042468600302
900.2858950031626 18.295111593024274
921.5209180446373 12.691424957079587
937.4471853257432 8.26746182343902
946.0001807174484 11.511701454775439
953.3734526068492 23.603867353392964
958.9771392427939 14.461010210535795
10.102808691043988 3.4001059883413096
836.65184602269 63.72876909961301
