143.4889861570763 669.8918899683285
218.7557738158785 569.5361730899257
319.1114906942814 347.9172983167859
360.92637272694935 347.9172983167859
479.40187181950836 267.075193053628
517.0352656489094 244.77392263620513
707.9898935980926 331.19134550371876
727.5035052133378 253.1368990427387
802.7702928721399 287.98263406996193
937.9717447777659 342.34198071243014
1020.207679442013 356.28027472331945
18.16049250916341 249.6523255400164
40.46176292658628 271.2566812568948
64.15686274509808 256.6214725454611
41.855592327675204 259.40913134763895
97.60876837123239 273.34742535852826
102.48717127504368 256.6214725454611
123.39461229137758 250.3492402405609
150.5742856126117 247.561581438383
158.93726201914532 281.01348706451734
167.30023842567888 241.28934913348283
207.72129105725784 229.44179922422697
234.20404967794747 247.561581438383
220.96267036760267 262.89370485036125
267.65595530408183 244.77392263620516
259.9898935980927 227.35105512259352
276.7158464111598 258.01530194655
303.8955197323939 271.2566812568948
285.7757375182379 232.2294580264048
307.38009323511625 230.13871392477142
322.71221664709446 222.4726522187823
339.4381694601617 225.26031102096013
333.1659371552615 237.10786093021605
363.1332692786734 209.92818760898194
391.0098573004521 213.41276111170427
401.46357780861894 204.35287000462623
427.94633642930864 217.594249314971
436.3093128358422 202.2621259029928
467.6704743603432 192.5053200953703
472.54887726415444 224.56339632041568
499.7285505853885 216.89733461442657
503.91003878865524 195.98989359809264
518.2548663748623 202.26212590299284
554.8428881534467 178.21856873420882
555.5398028539911 208.534358207893
586.5525070282198 214.45813316252097
584.8102202768587 180.65777018611445
612.3383509483649 178.21856873420882
628.71584641116 166.71947617522514
667.3946122913778 186.23308779047014
657.9862638340275 168.46176292658632
637.4272801679657 222.12419486851007
677.90640902459 171.94633642930864
698.8138500409239 190.7630333440092
707.1768264474574 173.34016583039755
730.8719262659693 156.6142130173304
753.8701113839365 187.97537454183131
761.5361730899257 178.21856873420882
767.8084053948259 166.37101882495293
796.3819081171489 156.6142130173304
817.9862638340273 154.523468915697
830.5307284438278 161.4926159211417
868.1641222732288 204.004412654354
921.8265542151524 208.1859008576208
854.9227429628841 137.10060140208537
861.1949752677841 161.4926159211417
883.496245685207 148.9481513113413
901.6160278993631 141.2820896053522
894.6468808939185 152.43272481406362
921.129639514608 137.10060140208537
958.0661186434647 148.9481513113413
985.9427066652432 149.64506601188577
956.6722892423758 132.22219849827417
931.5252837977297 129.60876837123234
964.9771894238639 125.77573751823779
976.1278246325753 120.89733461442653
991.4599480445536 98.9445215472759
991.8084053948259 121.24579196469875
1011.6704743603432 105.21675385217608
1019.6849934166045 116.01893171061528
