256.5724471606824 672.7802393684746
549.5594601476955 751.3256939139292
810.130888719124 715.1698497580851
1003.3776419658774 535.6373822256174
929.8192004074357 373.5594601476954
995.8971224853577 296.26075884899416
947.2737458619813 190.28673287496807
944.7802393684748 151.6373822256174
978.4425770308125 85.55946014769542
888.6763432645787 175.3256939139292
857.5075120957475 172.83218742042263
785.195823784059 238.91010949834475
692.936083524319 514.4425770308123
595.6893302775657 371.06595365418895
429.8711484593837 519.4295900178254
322.6503692386045 458.33868092691614
179.27374586198107 304.9880315762668
58.33868092691616 247.63738222561747
33.40361599185124 275.0659536541889
204.20881079704608 248.88413547237067
271.53348612172135 201.5075120957473
261.5594601476954 125.4555640437992
219.169849758085 99.27374586198101
202.9620575502928 172.83218742042263
140.62439521263042 126.70231729055249
145.61140819964345 105.50751209574724
105.71530430353953 112.98803157626675
92.00101858925379 103.01400560224083
54.59842118665641 119.22179781003298
5.975044563279773 125.4555640437992
18.44257703081223 171.58543417366937
634.3386809269163 236.4166030048382
572.0010185892538 208.98803157626682
547.0659536541889 232.67634326457852
500.9360835243188 182.80621339444863
456.05296664120186 204.0010185892538
413.66335625159155 191.53348612172132
377.5075120957473 146.65036923860444
377.5075120957473 126.70231729055249
366.2867328749681 111.74127832951346
280.26075884899416 61.87114845938363
232.88413547237073 64.36465495289018
191.74127832951362 68.10491469314987
159.3256939139292 55.6373822256174
3.6893302775655434 69.6633562515915
51.689330277565546 62.80621339444862
63.5334861217214 62.80621339444862
84.72829131652661 50.33868092691616
72.26075884899412 47.221797810033046
79.11790170613698 93.35166793990321
117.76725235548767 39.117901706136976
107.16984975808505 21.03997962821485
81.61140819964345 12.312706900942144
43.585434173669434 36.624395212630496
18.02699261522788 27.89712248535772
4.936083524318783 35.377641965877224
31.117901706136976 3.5854341736694373
93.45556404379931 3.5854341736694373
116.5204991087344 14.806213394448621
130.23478482302014 17.2997198879551
127.117901706137 27.89712248535772
143.9490705373058 27.89712248535772
135.8451744334097 9.19582378405903
163.89712248535776 21.66335625159149
179.48153806977334 16.676343264578534
219.37764196587725 14.806213394448621
236.2088107970461 16.676343264578534
248.05296664120192 6.7023172905525525
250.5464731347084 28.520499108734356
281.71530430353965 23.533486121721403
281.09192768016294 8.572447160682392
347.1698497580851 34.75426534250059
349.0399796282149 17.2997198879551
389.5594601476954 32.884135472370744
394.5464731347085 21.03997962821485
381.45556404379937 19.16984975808501
415.7412783295136 27.89712248535772
428.83218742042277 13.55946014769542
466.23478482302016 51.585434173669434
456.2607588489941 3.5854341736694373
440.6763432645785 67.16984975808501
429.45556404379937 87.74127832951362
448.7802393684746 135.11790170613696
501.7672523554877 148.20881079704608
271.7412783295137 67.79322638146165
548.9360835243187 80.88413547237074
515.2737458619812 40.98803157626682
528.9880315762668 45.975044563279845
522.7542653425006 25.403615991851243
535.2217978100331 27.89712248535772
536.4685510567863 2.3386809269161626
568.2607588489941 6.078940667175915
596.3127069009421 7.949070537305755
601.9230965113318 15.42959001782526
629.3516679399032 6.7023172905525525
635.5854341736695 29.76725235548763
680.4685510567864 4.208810797046074
690.4425770308123 1.715304303539525
704.156862745098 3.5854341736694373
734.0789406671759 4.208810797046074
744.0529666412019 12.312706900942144
772.10491469315 3.5854341736694373
782.7023172905526 3.5854341736694373
813.8711484593838 6.7023172905525525
848.156862745098 17.2997198879551
865.6114081996434 36.624395212630496
866.2347848230202 52.83218742042264
854.3906289788642 43.48153806977329
856.8841354723706 62.80621339444862
846.9101094983448 67.16984975808501
851.8971224853577 79.01400560224084
835.6893302775655 85.2477718360071
842.5464731347083 133.2477718360071
862.4945250827603 123.89712248535776
869.3516679399032 130.13088871912402
841.2997198879551 163.169849758085
821.3516679399032 200.57244716068243
834.4425770308123 197.4555640437993
729.0919276801629 186.85816144639674
755.8971224853577 178.130888719124
729.7153043035395 99.58543417366944
714.130888719124 90.23478482302009
687.3256939139292 88.98803157626682
677.9750445632799 92.10491469314994
647.4295900178253 160.0529666412019
592.5724471606825 198.70231729055254
533.3516679399031 133.8711484593837
922.7542653425006 47.221797810033046
936.4685510567864 30.390628978864203
948.9360835243189 19.16984975808501
965.1438757321109 11.06595365418887
950.1828367710721 6.7023172905525525
999.4295900178253 8.572447160682392
1003.1698497580851 19.16984975808501
1012.5204991087344 36.624395212630496
1013.1438757321109 29.76725235548763
1015.014005602241 16.676343264578534
1019.3776419658772 117.66335625159147
1019.5854341736695 213.97504456327985
22.1508687391041 89.0279916162269
224.47793297921183 438.95284936717155
159.19365204275695 0.6919798019542427
184.02308348088405 73.14682930028191
670.1234179290448 1.976260738409074
653.2137189323892 0.6919798019542427
1008.317397862155 8.237130303626449
1012.9194045511181 9.5214112400813
