218.4057106713654 122.25824523357718
230.20294569440688 124.61769223818555
32.00939730731012 110.46101021053578
9.594650763531307 182.4241438510887
27.290503298093515 283.8803650492454
6.055480256618822 427.80663233035153
7.235203758923008 497.4103189662962
3.6960332520105235 611.8434986897985
198.3504111321949 541.0600885515496
279.7513327911812 465.5577844040842
154.70064154694145 361.74211620131916
227.8434986897986 248.488659980121
416.5992590584622 177.7052498418721
450.81124062528255 202.47944339025923
350.53474292943 359.3826691967109
544.0093973073101 381.79741574048967
613.6130839432548 454.9402728833468
666.7006415469415 519.8250655100751
699.7328996114577 428.9863558326556
746.9218397036235 357.02322219210265
869.6130839432551 416.599259058462
956.9126231137619 221.35501942712565
916.8020240354209 218.99557242251734
935.6776000722871 118.71907472666484
951.014005602241 37.31815306767856
808.2674618234391 128.15686274509795
808.2674618234391 96.30432818288594
597.0969549109968 230.7928074455588
600.6361254179093 213.0969549109966
44.986355832655654 60.617692238185555
62.092346616065804 47.05087196168789
179.47483509532844 47.05087196168789
165.9080148188308 52.359627722056544
253.20755398933773 42.92183970362335
246.71907472666487 58.258245233577256
395.3642360169875 24.63612541790908
408.34119454233314 2.221378874130274
431.34580283726405 9.889581639107229
493.8711484593839 37.613083943254686
500.94948947320876 51.17990421975236
126.38727749164183 48.23059546399199
569.9633143580014 58.258245233577256
555.2167705791995 47.05087196168789
534.5716092888771 44.10156320592746
615.382669196711 54.129212975512715
600.6361254179093 51.17990421975236
670.239812053854 47.05087196168789
751.050871961688 45.28128670823165
740.4333604409508 34.66377518749434
791.161471040029 32.30432818288604
810.6269088280476 52.94948947320861
828.9126231137618 55.89879822896896
1021.7974157404901 82.14764615523617
