32.15686274509797 528.156862745098
279.01400560224096 685.2477718360072
293.9750445632798 550.5984211866564
83.27374586198108 479.5334861217214
538.3386809269163 672.7802393684746
864.9880315762668 661.5594601476954
836.3127069009423 571.7932263814616
1015.8451744334099 747.5854341736695
731.5854341736695 393.50751209574736
679.2217978100331 373.5594601476954
893.6633562515915 267.58543417366934
957.2477718360072 261.3516679399031
995.8971224853577 190.28673287496807
2.2347848230200205 313.71530430353954
35.89712248535772 270.0789406671759
34.65036923860445 165.35166793990314
106.9620575502928 243.89712248535773
80.78023936847461 235.1698497580849
286.4945250827604 282.5464731347084
332.6243952126304 275.0659536541889
363.7932263814617 253.8711484593837
343.84517443340974 238.91010949834475
327.63738222561744 238.91010949834475
282.75426534250056 253.8711484593837
639.3256939139293 309.9750445632797
596.9360835243187 287.53348612172135
656.7802393684748 231.42959001782526
714.130888719124 258.8581614463967
771.4815380697735 280.0529666412019
843.7932263814616 204.0010185892538
907.3776419658774 142.9101094983447
761.5075120957475 223.94907053730574
727.8451744334099 225.19582378405903
722.8581614463967 199.01400560224084
629.3516679399032 208.98803157626682
665.5075120957475 201.5075120957473
449.8192004074357 199.01400560224084
471.0140056022409 197.76725235548756
130.6530678387059 198.36026972772578
156.22770099775465 195.40935051706637
151.3095023133222 160.98195972603912
176.88413547237096 164.91651867358507
218.19700442160354 158.03104051537971
61.41103714212951 126.13459929426305
56.401760704281635 126.80250281930941
74.43515588053396 136.1531521699588
76.4388664556731 125.13274400669349
87.45927461893841 126.13459929426305
96.47597220706459 110.77281821819626
97.81177925715734 117.11790170613686
96.14202044454137 124.13088871912392
86.45741933136884 138.82476627014432
118.18283677107202 106.09749354287155
136.88413547237076 108.43515588053393
149.2403506857288 103.09192768016285
159.25890356142452 123.1290334315543
156.587289461239 110.10491469314987
147.90454363563603 149.51122267088644
132.54276255956924 154.1865473462111
206.01215031467135 154.85445087125748
207.0140056022409 144.83589799556177
242.07894066717594 145.50380152060814
195.65964567645239 110.10491469314987
202.6726326894394 99.08450652988455
195.3256939139292 99.75241005493095
188.31270690094217 95.74498890465264
214.3609443777511 97.08079595474541
217.03255847793662 112.4425770308122
245.41845829240788 107.76725235548753
231.63738222561747 103.01400560224083
208.1261661689469 72.29499733777814
214.71412366599526 48.578350348403866
228.54883440979697 49.89594184781355
241.72474940389375 62.4130610922055
223.27846841215822 89.423686830104
243.04234090330343 77.5653633354169
263.4650091441535 96.6704400768572
256.21825589740024 94.69405282774271
270.7117623909067 105.893580572725
289.15804338264223 117.75190406741211
283.88767738500354 111.16394657036372
292.4520221311665 85.47091233187494
308.92191587378744 94.69405282774271
317.48626061995043 86.78850383128463
315.5098733708359 78.8829548348265
335.932541611686 75.58897608630235
348.44966085607786 78.22415908512167
362.2843715998796 76.2477718360072
360.307984350765 69.00101858925393
367.55473759751834 83.4945250827604
301.0163668773294 136.85698080885248
205.4909831701275 110.50515082065887
210.10255341806146 112.48153806977342
317.48626061995043 126.31624881357507
336.59133736139086 120.38708706623149
340.5441118596199 128.29263606268958
347.790865106373 121.70467856564117
358.3315971016505 152.6680788017687
372.1663078454522 146.08012130472028
383.3658355904344 134.2217978100331
396.54175058453126 121.70467856564117
407.7412783295136 119.72829131652664
430.799129569183 157.27964904970256
428.82274232006847 145.42132555501544
432.7755168182975 133.5630020603283
442.65745306387015 135.5393893094428
378.7542653425007 55.82510359515707
387.3186100886635 91.40007407921853
307.60432437437777 165.8439937958655
881.195823784059 154.13088871912396
868.7282913165266 146.65036923860444
770.2347848230203 152.88413547237067
449.6512125511362 17.75004877984251
457.79963555670207 19.601963099289303
381.1303827316051 39.23225488542523
420.39096630387695 45.52876357154431
414.8352233455366 34.046894790974214
403.7237374288559 37.750723429867804
367.0558339038095 35.15804338264231
415.9463719372046 49.602975074327226
428.9097721733322 48.121443618769796
387.0565085538348 50.714123665995324
372.9819597260392 67.38135254101638
465.2072928344892 114.41997625496478
537.8023341568032 169.23664011058966
552.6176487123776 183.68157180227462
573.729471954071 178.4962117078236
642.6206846374915 141.4579253188879
611.138141206896 145.16175395778146
582.9890435513048 138.86524527166236
564.0995174929476 144.79137109389208
549.6545858012627 108.49385043273506
618.9161813485725 124.04993071608808
636.3241759513724 126.64261076331358
647.0652790041637 111.82729620773928
634.842644495815 87.01164432715234
620.0273299402406 87.01164432715234
592.6189980124282 90.71547296604591
550.3953515290415 84.04858141603746
568.9144947235093 84.04858141603746
507.0605564539866 81.82628423270133
491.50447617063355 80.3447527771439
471.87418438449765 82.93743282436941
461.87384705948494 86.64126146326298
436.3174294511193 85.5301128715949
430.3913036288896 90.71547296604591
427.4282407177747 74.41862695491419
445.5770010483533 71.45556404379933
436.3174294511193 75.52977554658224
454.8365726455872 32.565363335416784
451.503126870583 42.93608352431882
458.91078414837017 59.973695263229246
466.3184414261573 47.01029502710173
467.4295900178254 42.56570066042945
465.5776756983785 34.78766051875295
477.8003102067274 34.78766051875295
474.0964815678338 35.52842624653168
488.9117961234081 34.78766051875295
491.8748590345229 38.49148915764653
490.76371044285486 41.45455206876139
486.6894989400719 44.04723211598688
480.39299025395286 43.67684925209751
505.5790249984292 44.04723211598688
503.72711067898234 18.120431643731877
511.87553368454826 14.416603004838286
515.2089794595524 16.63890018817441
522.2462538734503 16.63890018817441
527.0612311040119 15.157368732617018
531.1354426067949 15.157368732617018
532.6169740623523 12.93507154928086
539.2838656123607 11.453540093723431
552.9880315762668 13.305454413170224
563.3587517651689 15.898134460395715
567.4329632679518 11.453540093723431
577.4333005929645 12.564688685391493
594.1005294679856 8.86086004649794
521.5054881456715 34.78766051875295
527.0612311040119 24.416940329850917
527.4316139679013 36.63957483819974
496.31945340119523 54.78833516877824
508.17170504565473 41.82493493265072
485.9487332122932 58.12178094378246
483.72643602895704 53.67718657711018
475.9483958872806 58.12178094378246
468.91112147338276 64.7886724937909
475.9483958872806 74.41862695491419
481.87452170951025 72.19632977157805
492.98600762619094 68.86288399657383
499.28251631231007 68.49250113268445
510.3940022289908 73.67786122713547
504.83825927065044 67.75173540490576
531.5058254706842 55.8994837604463
535.9504198373564 50.343740802105955
542.9876942512542 49.23259221043789
537.4319512929138 59.60331239933989
528.17237969568 71.08518117990997
520.7647224178928 88.49317578270977
537.0615684290245 74.04824409102484
545.2099914345904 66.27020394934833
540.3950142040288 63.30714103823345
548.913820073484 72.5667126354674
555.9510944873819 73.67786122713547
565.581048948505 65.89982108545897
575.951769137407 64.7886724937909
575.951769137407 54.047569440999546
571.8775576346242 55.52910089655693
563.7291346290583 58.49216380767184
555.9510944873819 37.380340565978436
567.8033461318412 46.26952929932304
582.2482778235262 55.8994837604463
591.8782322846495 51.08450652988469
585.211340734641 51.825272257663386
588.5447865096452 53.67718657711018
599.2858895624366 61.82560958267605
590.396700829092 67.75173540490576
590.7670836929814 29.60230042430193
585.5817235985304 32.194980471527415
608.5454611596706 21.824260282625428
601.1378038818834 28.491151832633868
603.3601010652195 32.93574619930615
605.952781112445 32.194980471527415
611.138141206896 31.083831879859364
615.212352709679 30.713449015970024
621.1384785319087 26.268854649297708
643.3614503652701 31.083831879859364
625.9534557624703 47.751060754880434
620.3977128041299 52.93642084933145
606.3231639763344 41.45455206876139
598.1747409707685 38.861872021535866
600.3970381541046 37.750723429867804
608.9158440235599 54.047569440999546
612.6196726624535 58.86254667156119
606.6935468402238 61.45522671878668
626.694221490249 58.12178094378246
631.8795815847001 56.64024948822503
633.7314959041469 52.93642084933145
646.3245132763849 52.93642084933145
639.6576217263765 64.41828962990154
644.1022160930488 63.30714103823345
642.9910675013807 85.5301128715949
696.6763432645787 147.89712248535773
715.3776419658774 142.9101094983447
648.231074247881 5.257216936361325
669.1182390311496 34.4020980292943
657.946034612192 32.4591059564321
651.63131037539 64.03272714044283
662.317766776132 64.03272714044283
656.4887905575454 78.11941966869378
664.2607588489941 81.03390777798707
668.6324910129341 82.97689985084926
670.0897350675807 89.77737210586697
662.8035147943475 89.77737210586697
661.3462707397009 103.37831661590234
675.9187112861674 87.34863201478922
691.4626478690649 83.94839588728036
694.3771359783582 94.63485228802247
708.9495765248247 96.57784436088467
722.0647730166446 103.86406463411792
752.1811501460086 93.1776082333758
764.810598619613 95.60634832445359
741.008945727051 80.54815975977152
729.8367413080935 80.06241174155598
720.6075289619979 79.57666372334043
651.1455623571743 48.00304253932967
651.1455623571743 36.83083812037205
683.690679577616 84.43414390549593
751.2096541095776 77.63367165047819
769.6680788017684 82.00540381441819
761.4103624921041 67.91871128616724
740.0374496906198 48.974538575760796
750.2381580731465 48.00304253932967
748.7809140184999 36.83083812037205
765.7820946560441 14.000681264241196
759.4673704192419 18.37241342818115
783.269023311804 15.45792531888786
793.9554797125459 15.45792531888786
796.3842198036236 19.829657482827812
788.6122515121748 17.400917391750067
774.5255589839239 36.83083812037205
780.8402832207262 31.973357938216555
763.8391025831819 44.1170583936053
792.4982356578993 37.802334156803134
787.6407554757438 36.83083812037205
802.2131960222104 25.658633701414395
798.8129598947014 35.85934208394093
818.2428806233233 23.71564162855219
807.5564242225814 29.05886982892323
804.1561880950725 36.83083812037205
820.6716207144011 29.05886982892323
836.7013053155143 11.571941173163449
848.3592577526875 36.83083812037205
835.7298092790832 37.802334156803134
820.1858726961856 48.00304253932967
826.0148489147722 71.80469543189162
802.6989440404259 72.77619146832274
796.8699678218393 70.34745137724498
779.868787184295 72.77619146832274
826.9863449512034 100.46382850660909
818.728628641539 110.17878887092007
845.4447696433942 90.26312012408252
836.2155572972988 86.86288399657369
1019.5807116234926 75.07894066717577
1002.2395073731973 74.35639049008016
876.5157765585571 112.65154987614866
877.9608769127485 89.52994420908841
872.9030256730791 42.56418269787233
874.7094011158182 28.83572933305532
866.4000740792185 29.197004421603125
903.2501331110957 28.83572933305532
904.695233465287 45.81565849480267
889.5216797462787 63.156862745097825
929.984489663634 51.59605991156772
922.7589878926777 56.65391115123716
924.9266384239646 26.3068037132206
940.1001921429729 46.53820867189828
917.7011366530082 25.22297844757714
919.1462370071996 26.668078801768406
947.6869690024771 34.254855661272565
958.8864967474593 50.87350973447211
915.8947612102693 53.40243535430679
877.026486627709 2.023956690114056
874.5370280343543 10.239170048184556
890.2206171724889 5.260252861475166
883.9969706891022 13.973357938216608
892.959021625179 18.205437546919587
898.6847763898949 12.977574500874724
927.8114419321449 6.00709043948158
930.7987922441705 7.002873876823448
938.51611388357 11.981791063532857
948.2250023976534 1.775010830778585
966.6469959884781 9.741278329513614
970.6301297378457 6.753928017487976
946.4823813823051 13.973357938216608
976.8537762212324 14.720195516223006
974.6132634872132 22.43751715562258
984.3221520012964 11.234953485526443
994.7778780933862 8.9944407515072
1010.4614672315208 9.492332470178143
1009.7146296535144 21.192787858945223
1003.9888748887986 6.753928017487976
970.3811838785102 54.3025871505627
909.3276919159272 11.34567393390927
908.3047148929501 2.650369238604588
844.5715784641615 16.959538330382344
