40.95075587486915 742.508007783266
594.9660230504417 639.9125879359377
487.9736566382279 543.1797635084569
338.47747343212103 557.8362520580752
350.2026642718157 424.4622062565485
290.1110612183806 386.35533602754083
228.55380930998368 298.41640472983084
205.1034276305943 267.6377787756324
423.4851070199074 288.156862745098
470.3858703786859 220.7370154168538
483.5767100733425 169.43930549318966
584.7064810657089 247.11869480616673
606.6912138901363 204.61487801227366
584.7064810657089 324.7980841191439
685.8362520580753 370.23319862296063
699.0270917527317 165.0423589283041
710.7522825924262 181.16449633288437
747.3935039664722 140.12632839395306
782.569076485556 112.27900014967828
753.2560993863196 251.51564137105228
792.8286184702889 263.240832210747
883.6988474779226 216.34006885196825
917.4087711420448 226.5996108367011
974.5690764855564 282.29426732525076
959.9125879359378 333.5919772489148
974.5690764855564 185.56144289776978
852.9202215237242 91.75991618021263
891.0270917527317 107.88205358479271
924.737015416854 65.37823679089956
976.0347253405181 65.37823679089956
987.7599161802126 91.75991618021263
1011.210297859602 122.5385421344111
590.9354886992965 95.7904505313576
546.2331986229607 87.72938182906749
492.0041909893729 67.94312228708276
