114.21856873420877 589.0497847051706
425.04252517704 707.5252837977297
266.145973452902 517.9644852496352
857.129639514608 743.7648482260417
19.43816946016159 413.42728016796565
129.55069214618698 439.9100387886552
176.94089178321056 400.88281555816513
250.8138500409239 453.84833279954455
222.9372620191452 359.0679335254973
125.36920394292018 332.5851749048077
52.89007508629584 321.43453969609624
8.2875342514501 257.31838724600544
40.345610476495494 274.0443400590726
77.9790043058966 292.1641222732287
104.46176292658627 262.8937048503612
169.971744777766 313.0715632895626
186.69769759083312 272.6505106579837
225.72492082132308 272.6505106579837
249.4200206398349 307.49624568520693
222.9372620191452 317.25305149282946
285.6595850681471 278.22582826233946
355.3510551225935 262.8937048503612
391.5906195509057 287.98263406996193
314.93000249101453 332.5851749048077
387.4091313476389 378.5815451407423
419.4672075726843 361.8555923276752
480.7957012205972 307.49624568520693
441.7684779901073 275.4381694601616
528.1859008576208 342.34198071243014
553.2748300772215 462.211309206078
646.6613999501799 439.9100387886552
735.8664816198714 406.45813316252094
802.7702928721399 416.2149389701434
918.4581331625211 333.9790043058966
1009.0570442333017 317.25305149282946
963.0606739973668 274.0443400590726
988.1496032169676 248.95541083947194
911.4889861570766 274.0443400590726
822.2839044873849 269.8628518558059
770.7122166470946 272.6505106579837
740.047969823138 301.9209280808512
766.5307284438278 328.4036867015409
850.1604925091635 333.9790043058966
648.0552293512687 324.2221984982741
617.3909825273123 289.37646347105084
554.6686594783106 275.4381694601616
547.6995124728659 307.49624568520693
507.8011458666952 312.026191238746
25.013487064517083 364.6432511298532
