268.93363225507983 601.594249314971
25.013487064517296 550.0225614746806
6.893704850361175 583.474467100815
90.52346891569694 605.7757375182379
108.64325112985306 474.75577381587834
72.40368670154089 466.3927974093449
38.951781075406565 346.5234689156969
66.82836909718517 361.8555923276752
184.026191238746 402.2766449592543
213.29660866161356 405.0643037614321
241.87011138393657 354.88644532223066
263.47446710081505 350.00804241841934
269.0497847051707 332.5851749048078
476.03345076687674 375.7938863385646
255.80840539482585 266.3782783530836
120.60695348919973 313.07156328956273
142.90822390662262 315.1623073911961
83.67047436034312 279.6196576634284
90.63962136578776 276.1350841607061
33.49261592114164 267.7721077541725
13.97900430589663 227.35105512259358
46.73399523148645 221.07882281769344
71.12600975054275 253.13689904273878
92.73036546742111 257.31838724600556
108.06248887939938 251.74306964164987
131.75758869791113 244.07700793566076
121.36194441478953 248.60695348919975
164.2221984982741 245.4708373367497
188.26575566705816 243.72855058538855
190.00804241841928 235.36557417885496
182.34198071243014 235.36557417885496
216.14234368883675 241.28934913348292
219.97537454183131 232.5779153766771
210.56702608448106 207.14052880680413
201.15867762713077 214.1096758122488
199.41639087576957 206.79207145653191
194.53798797195827 204.35287000462628
238.4436141062596 231.53254332586042
243.32201701007088 240.59243443293843
253.42728016796556 237.80477563076056
231.82292445108718 181.00622753638672
224.5053200953703 210.27664495925424
247.50350521333766 186.93000249101468
244.0189317106153 180.30931283584226
253.77573751823786 180.30931283584226
249.9427066652433 178.56702608448109
290.1314543966407 231.5325433258605
284.20767944201276 230.83562862531602
303.37283370698555 234.32020212803835
294.6613999501797 200.5198391516318
286.99533824419063 207.48898615707645
279.32927653820155 205.39824205544306
265.04252517704 208.18590085762094
268.17864132949006 202.6105832532652
259.4672075726843 186.58154514074255
260.1641222732287 176.82473933312002
287.6922529447351 175.77936728230335
411.45268851642305 239.5470623821217
457.6232874274939 225.95722572150464
443.33653606633237 192.5053200953703
420.338350948365 174.03708053094203
473.3038681897443 161.14415857086942
470.16775203729424 166.37101882495293
479.92455784491676 209.92818760898194
503.9681150137008 199.12600975054275
502.57428561261185 212.36738906088758
545.7829970463687 215.50350521333766
520.694067826768 190.41457599373692
522.7848119284014 181.70314223693111
532.1931603857516 185.8846304401979
490.7267357033559 172.99170848012534
569.1296395146082 155.22038361624146
572.2657556670583 165.67410412440847
581.6741041244086 161.14415857086942
597.3546848866591 160.7957012205972
603.278459841287 162.18953062168615
584.4617629265865 178.91548343475327
594.9154834347535 175.43090993203094
588.6432511298533 175.43090993203094
588.9917084801256 206.44361410625962
621.3982420554431 201.21675385217617
637.4272801679658 177.17319668339212
629.7612184619767 174.03708053094203
634.2911640155157 171.94633642930864
620.3528700046264 180.3093128358422
625.9281876089822 179.61239813529772
617.5652112024486 267.4236504039003
618.9590406035376 206.09515675598738
775.474467100815 320.73762499555187
748.2947937795808 325.6160278993631
756.6577701861144 299.8301839792179
914.1604925091635 308.1931603857515
698.8138500409239 262.8937048503613
797.0788228176933 241.28934913348292
799.1695669193268 220.38190811714892
838.1967901498169 237.10786093021613
932.977189423864 226.65414042204915
951.7938863385646 209.23127290843752
992.2149389701435 218.98807871606002
1020.7884416924666 221.07882281769344
1009.6378064837551 216.20041991388214
1020.0915269919221 227.35105512259364
1003.365574178855 350.7049571189639
959.4599480445536 340.94815131134135
942.037080530942 325.6160278993631
926.0080424184193 315.8592220917406
912.06974840753 289.376463471051
976.1859008576208 308.89007508629595
785.5216540336642 217.94270666524338
852.4254652859328 213.7612184619766
844.0624888793992 213.0643037614321
902.9517810754065 205.74669940571525
886.2258282623394 208.18590085762088
927.6922529447351 196.33835094836496
945.1151204583467 202.2621259029929
861.8338137432831 209.92818760898203
808.1713818013594 212.36738906088766
820.3673890608875 161.49261592114172
810.2621259029928 158.35649976869163
832.5633963204157 152.08426746379146
867.4091313476389 154.8719262659693
874.3782783530835 151.73581011351922
883.4381694601616 155.22038361624155
923.8592220917405 205.74669940571525
956.6142130173304 149.2966086616136
971.5978790790364 155.22038361624155
960.795701220597 144.41820575780233
974.1822710935554 144.7666631080746
976.6214725454611 140.4109462296717
984.8102202768584 145.8120351588913
993.8701113839365 151.2131240881109
1006.588804668873 147.90277926052468
995.2639407850254 160.9699298957334
1011.9898935980925 143.7212910572579
1021.746699405715 143.5470623821218
997.7031422369311 136.22945802640493
944.0407102950072 131.52528379772977
937.7684779901072 143.19860503184955
929.2312729084374 141.80477563076062
940.3819081171489 148.25123661079692
934.6323618376571 146.16049250916353
931.8447030354791 152.78118216433595
926.0951567559873 156.78844169246662
914.4218355218675 158.00804241841942
923.8301839792178 151.0388954129748
897.5216540336643 160.6214725454612
983.5906195509058 141.97900430589672
991.0824525817587 138.14597345290218
1010.2476068467314 129.6087683712325
1002.7557738158785 144.24397708266625
886.6613999501795 150.1677520372942
893.2820896053521 145.9862638340274
889.7975161026299 145.28934913348294
657.1731966833921 216.54887726415436
653.6886231806699 203.65595530408177
669.0207465926479 204.35287000462623
679.8229244510871 206.09515675598738
689.2312729084375 212.01893171061536
691.6704743603432 198.77755240027054
706.3056830717768 197.0352656489094
731.3946122913777 193.89914949645924
743.2421622006335 192.1568627450981
727.5615814383831 186.5815451407424
749.8628518558058 165.67410412440847
763.1042311661508 157.65958506814712
768.3310914202342 150.69043806270247
777.3909825273123 164.62873207359175
775.6486957759512 158.00804241841934
751.9535959574393 152.0842674637914
759.9681150137006 140.58517490480773
768.6795487705066 141.63054695562442
774.6033237251344 145.11512045834675
777.04252517704 137.44905875235764
803.5252837977297 152.0842674637914
794.3782783530836 141.80477563076053
813.0207465926479 153.47809686488034
809.0134870645173 150.69043806270247
803.9608554855699 146.6831785345718
790.3710188249529 139.36557417885493
822.2548663748622 145.81203515889126
806.5742856126118 141.45631828048835
807.4454289882924 135.53254332586042
796.9917084801255 138.4944308031744
213.5615450193457 192.58495639058287
270.4979998688441 172.4645550527902
267.9294379959344 172.67860187553265
292.3307757885766 175.78228080529854
784.8525149190112 138.00301659125182
