583.2217978100332 629.143875732111
442.33868092691614 657.8192004074357
401.1958237840591 487.0140056022409
293.9750445632798 576.7802393684747
158.0789406671759 589.2477718360071
119.42959001782526 521.9230965113318
13.455564043799278 585.5075120957474
249.09192768016288 506.9620575502928
176.7802393684746 487.0140056022409
311.4295900178253 437.143875732111
313.61140819964356 440.41660300483824
273.4036159918513 436.67634326457846
295.53348612172147 423.273745861981
283.065953654189 413.2997198879551
234.44257703081237 481.8711484593836
200.15686274509807 538.5984211866564
212.00101858925393 417.66335625159144
143.11790170613696 376.05296664120175
226.65036923860458 375.4295900178251
295.84517443340974 339.89712248535756
310.8062133944487 319.9490705373056
53.975044563279845 377.9230965113316
48.36465495289021 356.1049146931498
9.715304303539526 371.06595365418895
10.9620575502928 327.42959001782526
3.481538069773295 297.50751209574736
19.689330277565507 240.15686274509795
55.84517443340968 230.18283677107198
57.09192768016289 262.5984211866564
47.117901706136905 262.5984211866564
83.27374586198108 262.5984211866564
74.54647313470838 297.50751209574736
108.208810797046 270.0789406671759
105.71530430353953 258.8581614463967
135.63738222561747 280.0529666412019
155.58543417366943 276.31270690094215
151.84517443340968 266.33868092691614
246.59842118665648 275.0659536541889
269.03997962821484 278.8062133944486
260.3127069009422 251.37764196587722
280.26075884899416 217.7153043035395
297.71530430353954 236.4166030048382
306.4425770308123 226.4425770308123
313.9230965113317 207.74127832951353
2.8581614463967115 281.7672523554875
96.98803157626689 274.28673287496804
114.13088871912402 272.4166030048382
217.61140819964362 244.67634326457846
402.4425770308125 112.05296664120186
380.00101858925404 150.70231729055251
383.7412783295138 155.68933027756552
373.1438757321112 166.2867328749681
356.936083524319 150.70231729055251
409.2997198879554 150.70231729055251
352.5724471606826 217.4036159918512
333.8711484593839 220.52049910873433
323.89712248535795 239.84517443340968
385.6114081996437 230.49452508276033
394.33868092691637 234.85816144639665
394.33868092691637 254.18283677107198
411.1698497580852 265.4036159918512
414.2867328749683 272.88413547237076
412.4166030048385 284.72829131652657
384.3646549528905 300.31270690094215
409.923096511332 310.2867328749681
491.5854341736696 337.7153043035396
492.20881079704634 353.2997198879552
529.6114081996437 353.2997198879552
520.2607588489944 301.5594601476954
552.6763432645788 294.0789406671759
580.1049146931501 278.49452508276033
427.06595365418906 232.20881079704586
414.59842118665654 230.6503692386043
423.9490705373059 223.79322638146144
390.59842118665654 251.84517443340945
463.8451744334098 237.1958237840588
457.92309651133195 232.83218742042249
437.03997962821506 237.1958237840588
442.33868092691637 225.03997962821467
460.7282913165267 217.87114845938348
465.0919276801631 220.67634326457832
471.32569391392934 218.49452508276013
485.03997962821506 213.1958237840588
472.5724471606826 211.94907053730557
481.6114081996437 197.61140819964325
499.6893302775657 209.45556404379906
517.1438757321113 220.67634326457832
524.6243952126308 222.8581614463965
522.7542653425008 213.50751209574716
518.0789406671762 243.7412783295134
506.8581614463969 239.37764196587702
498.7542653425008 237.1958237840588
485.3516679399034 231.27374586198093
528.9880315762671 247.1698497580848
526.1828367710723 250.2867328749679
552.0529666412021 244.67634326457832
574.4945250827606 247.1698497580848
586.962057550293 255.27374586198093
567.0140056022411 225.351667939903
547.6893302775659 196.9880315762666
534.910109498345 203.22179781003283
551.7412783295139 194.1828367710718
591.3256939139295 211.01400560224062
571.0659536541891 199.79322638146144
623.117901706137 402.2347848230201
640.5724471606825 356.1049146931499
655.5334861217214 278.8062133944486
633.091927680163 276.31270690094215
725.3516679399032 322.4425770308123
842.5464731347085 328.6763432645785
863.7412783295138 347.3776419658772
889.9230965113318 347.3776419658772
776.4685510567865 238.91010949834475
675.7932263814616 173.6114081996434
663.014005602241 177.66335625159147
655.5334861217215 180.46855105678625
652.7282913165267 178.9101094983447
658.9620575502929 186.39062897886419
644.6243952126305 195.42959001782523
632.7802393684748 192.31270690094212
615.3256939139293 187.94907053730574
603.7932263814617 183.27374586198107
682.6503692386045 200.4166030048382
673.9230965113318 185.76725235548756
682.6503692386045 179.221797810033
686.7023172905526 182.3386809269161
693.8711484593838 177.66335625159147
706.9620575502929 178.2867328749681
703.5334861217215 183.27374586198107
702.9101094983449 192.31270690094212
694.1828367710722 193.24777183600708
700.7282913165267 198.54647313470835
698.8581614463967 196.3646549528902
695.7412783295138 213.5075120957473
714.7542653425006 202.5984211866564
715.3776419658774 217.87114845938368
730.9620575502929 195.42959001782523
720.6763432645787 178.2867328749681
725.3516679399032 177.97504456327977
734.3906289788642 180.15686274509795
737.1958237840591 178.9101094983447
738.7542653425006 182.65036923860444
742.8062133944488 180.46855105678625
746.5464731347085 182.3386809269161
750.5984211866565 175.79322638146158
754.9620575502929 180.15686274509795
768.0529666412019 186.7023172905525
762.7542653425006 203.221797810033
793.6114081996436 242.18283677107198
810.4425770308125 233.14387573211093
809.5075120957475 225.97504456327977
817.2997198879553 217.87114845938368
822.5984211866565 196.3646549528902
826.026992615228 196.3646549528902
826.9620575502929 229.09192768016288
840.6763432645787 202.75426534250056
871.2217978100332 207.74127832951353
876.2088107970462 222.7023172905525
883.065953654189 206.49452508276022
909.5594601476954 212.57244716068232
923.2737458619813 197.92309651133166
920.4685510567864 239.68933027756546
912.0529666412019 240.93608352431872
908.3127069009423 246.23478482302002
902.3906289788642 250.2867328749681
910.1828367710721 251.221797810033
919.5334861217215 264.93608352431875
935.7412783295138 255.58543417366937
944.1568627450981 268.05296664120186
960.3646549528903 250.59842118665634
969.4036159918514 250.59842118665634
488.46855105678634 463.32569391392923
240.31739786215496 379.8759262902484
