630.5984211866564 473.2997198879552
497.1958237840591 331.16984975808504
464.78023936847467 347.3776419658772
468.5204991087343 318.70231729055257
391.221797810033 374.8062133944486
371.27374586198107 339.8971224853577
357.55946014769546 397.2477718360071
259.0659536541889 371.06595365418895
235.3776419658773 364.83218742042266
266.54647313470844 341.143875732111
934.8062133944488 594.23478482302
887.4295900178253 440.88413547237076
999.6373822256174 373.5594601476954
1015.8451744334099 302.49452508276033
1020.8321874204227 200.26075884899413
1020.8321874204227 174.0789406671759
1000.8841354723708 177.8192004074356
1013.3516679399032 165.35166793990314
938.5464731347085 226.4425770308123
919.8451744334099 215.22179781003305
893.6633562515915 221.45556404379923
881.195823784059 217.7153043035395
904.8841354723708 200.26075884899413
884.9360835243187 195.27374586198107
866.23478482302 195.27374586198107
882.4425770308125 181.5594601476954
861.2477718360072 184.05296664120183
777.7153043035397 296.26075884899416
788.936083524319 291.2737458619811
766.4945250827603 278.8062133944486
664.2607588489941 297.50751209574736
624.3646549528902 251.37764196587722
614.3906289788644 238.91010949834475
606.9101094983448 262.5984211866564
581.9750445632799 230.18283677107198
528.3646549528902 247.63738222561747
482.2347848230201 297.50751209574736
451.06595365418895 260.10491469314996
75.37764196587723 244.20881079704608
99.68933027756555 234.23478482302008
114.65036923860451 250.4425770308123
135.84517443340968 238.59842118665645
137.7153043035396 241.0919276801629
168.88413547237076 229.8711484593837
182.59842118665648 239.84517443340968
187.58543417366943 239.84517443340968
208.78023936847467 228.62439521263045
107.79322638146165 219.27374586198113
117.76725235548763 216.7802393684746
111.5334861217214 213.6633562515915
89.09192768016295 199.32569391392914
101.55946014769542 188.10491469314994
156.4166030048383 184.98803157626682
150.18283677107206 194.9620575502928
165.76725235548764 194.9620575502928
100.31270690094217 174.39062897886419
107.16984975808505 178.7542653425006
175.74127832951362 191.84517443340968
156.4166030048383 213.6633562515915
242.44257703081237 202.44257703081226
233.7153043035396 200.57244716068234
229.35166793990328 198.0789406671759
219.3776419658773 198.0789406671759
218.13088871912402 200.57244716068234
223.11790170613705 206.182836771072
228.10491469315 205.55946014769535
296.6763432645786 199.32569391392914
302.2867328749682 192.46855105678628
324.10491469315 188.72829131652657
276.10491469315 183.11790170613693
268.6243952126305 181.8711484593837
266.1308887191241 180.62439521263047
263.01400560224096 171.27374586198107
286.70231729055257 178.7542653425006
292.3127069009422 177.50751209574736
296.6763432645786 175.63738222561747
262.8062133944485 266.6503692386045
255.32569391392903 261.0399796282149
250.33868092691603 269.76725235548764
285.2477718360069 257.9230965113318
331.3776419658771 252.31270690094217
323.89712248535756 249.19582378405903
363.7932263814615 244.83218742042268
389.35166793990305 240.4685510567863
404.312706900942 243.58543417366943
416.1568627450979 231.11790170613696
432.3646549528901 249.19582378405903
350.70231729055246 246.5464731347084
495.63738222561767 212.5724471606824
466.33868092691637 206.33868092691617
473.81920040743586 207.89712248535773
458.8581614463969 180.46855105678628
455.4295900178255 177.03997962821484
448.26075884899427 171.11790170613693
451.3776419658774 168.31270690094215
456.0529666412021 166.7542653425006
454.4945250827605 154.5984211866564
450.7542653425008 153.03997962821484
465.7153043035397 149.92309651133175
465.0919276801631 157.0919276801629
476.3127069009424 164.5724471606824
468.52049910873455 168.31270690094215
471.32569391392934 152.72829131652657
475.3776419658774 152.41660300483824
481.61140819964356 153.6633562515915
485.6633562515917 150.23478482302005
493.4555640437995 147.74127832951353
497.19582378405926 153.6633562515915
496.26075884899427 163.32569391392914
491.89712248535795 170.18283677107198
503.4295900178255 169.8711484593837
511.8451744334099 166.7542653425006
517.7672523554878 166.7542653425006
514.026992615228 161.76725235548756
557.3516679399035 167.37764196587722
546.7542653425008 161.45556404379928
545.5075120957475 168.93608352431878
545.8192004074359 163.94907053730574
560.1568627450981 163.01400560224084
567.3256939139294 155.22179781003305
577.2997198879553 159.5854341736694
572.6243952126306 163.32569391392914
604.1049146931501 160.83218742042263
605.0399796282152 152.41660300483824
611.2737458619814 152.10491469314994
613.1438757321112 163.32569391392914
624.0529666412021 159.5854341736694
622.1828367710723 154.91010949834472
616.5724471606827 158.02699261522784
543.949070537306 176.88413547237076
514.026992615228 220.52049910873438
525.2477718360074 218.65036923860453
546.4425770308125 214.28673287496815
557.0399796282151 211.79322638146164
586.962057550293 216.15686274509804
620.6243952126306 207.42959001782526
614.3906289788644 204.31270690094217
600.6763432645787 210.5464731347084
639.3256939139293 201.81920040743566
633.091927680163 152.10491469314994
631.2217978100333 148.98803157626682
633.091927680163 161.4555640437993
637.1438757321112 155.53348612172138
641.8192004074358 154.91010949834478
643.6893302775657 148.36465495289022
641.1958237840591 144.93608352431878
654.2867328749684 144.00101858925385
712.2607588489942 143.37764196587722
807.9490705373059 131.22179781003305
806.3906289788644 135.58543417366943
793.6114081996436 136.52049910873436
797.0399796282151 132.156862745098
793.2997198879553 129.0399796282149
778.962057550293 125.92309651133178
782.3906289788644 132.4685510567863
778.3386809269164 134.96205755029283
776.4685510567865 130.28673287496812
778.6503692386048 130.28673287496812
772.4166030048383 131.22179781003305
772.4166030048383 138.70231729055254
763.0659536541891 132.156862745098
748.1049146931501 137.7672523554876
741.2477718360072 138.70231729055254
738.1308887191242 133.40361599185127
737.8192004074359 143.37764196587722
722.5464731347085 143.37764196587722
726.9101094983449 145.5594601476954
705.091927680163 147.7412783295136
707.5854341736697 146.18283677107203
700.7282913165267 145.5594601476954
695.4295900178254 149.29971988795515
684.2088107970462 147.7412783295136
678.2867328749684 146.49452508276033
681.091927680163 139.9490705373058
677.0399796282151 133.40361599185127
664.2607588489942 150.8581614463967
806.0789406671761 106.28673287496811
801.7153043035398 106.28673287496811
796.7282913165268 106.28673287496811
781.1438757321112 108.4685510567863
815.4295900178253 132.7802393684746
819.4815380697733 132.7802393684746
823.5334861217214 132.7802393684746
825.7153043035397 127.4815380697733
836.6243952126305 122.182836771072
838.1828367710721 129.6633562515915
829.4555640437993 132.7802393684746
828.8321874204227 125.29971988795509
821.039979628215 142.75426534250056
845.3516679399032 141.195823784059
853.7672523554876 144.93608352431875
860.0010185892539 140.5724471606824
860.3127069009421 147.74127832951353
872.4685510567864 136.20881079704603
890.8581614463967 133.4036159918512
892.4166030048383 138.3906289788642
898.3386809269163 153.6633562515915
906.4425770308123 153.03997962821484
875.2737458619812 176.10491469314994
924.2088107970461 149.92309651133175
928.5724471606825 141.50751209574733
924.2088107970461 134.02699261522784
921.4036159918513 129.9750445632798
912.9880315762668 116.57244716068239
922.3386809269163 110.65036923860445
927.3256939139292 116.57244716068239
922.9620575502928 99.74127832951356
960.6763432645786 90.3906289788642
965.3516679399032 93.81920040743563
936.9880315762668 133.4036159918512
937.2997198879552 128.41660300483824
944.156862745098 139.94907053730577
943.5334861217215 134.65036923860447
974.3906289788642 131.84517443340965
986.8581614463967 127.79322638146161
984.0529666412019 123.11790170613693
977.8192004074357 123.11790170613693
1016.156862745098 134.02699261522784
1013.0399796282151 137.14387573211096
952.2607588489941 210.0789406671759
914.5464731347085 133.4036159918512
968.156862745098 126.23478482302005
925.1438757321109 94.75426534250057
922.0269926152279 105.0399796282149
949.4555640437993 98.18283677107202
954.1308887191241 98.18283677107202
962.2347848230202 97.5594601476954
918.2867328749682 100.67634326457852
1022.7023172905526 143.06595365418892
1022.0789406671761 151.79322638146164
1022.7023172905526 166.44257703081232
679.6373822256176 222.39062897886413
658.4425770308123 213.6633562515914
699.5854341736695 204.31270690094206
729.5075120957474 207.42959001782518
749.4555640437993 206.18283677107195
758.1828367710721 210.5464731347083
778.7542653425006 193.09192768016285
770.6503692386045 186.23478482302
782.4945250827603 207.42959001782518
796.8321874204227 203.0659536541888
813.039979628215 211.79322638146155
816.7802393684748 223.6373822256174
831.117901706137 210.5464731347083
779.3776419658774 226.13088871912387
773.1438757321112 254.18283677107195
628.5983343170045 506.59164535379364
250.1635517083088 396.9996721096465
389.7220801364025 355.4745884976063
97.33412027018171 338.77893632369324
155.55485605613484 179.95619384877688
135.4344547183422 187.44783264476348
134.5782674273723 176.31739786215482
91.9829497016198 194.5113777952652
110.17692963473019 195.15351826349263
99.26054167486394 180.38428749426186
899.1535182634929 244.38428749426177
805.4010099022887 274.3508426782083
980.9194045511183 294.4712440160009
767.9428159223556 132.65184602268988
887.3809430126566 141.2137189323889
