682.9620575502928 470.80621339444866
676.7282913165266 394.75426534250056
562.0269926152279 337.4036159918512
554.5464731347084 296.26075884899416
539.5854341736695 271.3256939139292
547.0659536541889 238.91010949834475
712.0529666412019 175.6373822256174
760.0529666412019 158.80621339444863
862.9101094983448 212.41660300483824
904.0529666412019 178.13088871912396
961.4036159918513 196.83218742042263
974.4945250827603 158.18283677107198
1005.6633562515915 209.9230965113317
841.7153043035397 169.4036159918512
811.1698497580851 141.97504456327977
784.3646549528903 108.9360835243187
725.7672523554877 133.24777183600708
668.4166030048383 121.40361599185121
638.4945250827603 145.09192768016288
644.7282913165266 98.96205755029273
555.5854341736695 229.8711484593837
543.117901706137 202.44257703081226
553.7153043035395 173.76725235548756
535.6373822256174 162.54647313470838
557.4555640437993 154.44257703081223
532.5204991087344 105.81920040743559
705.195823784059 66.54647313470831
697.4036159918513 61.40361599185127
690.5464731347083 46.13088871912399
730.4425770308123 31.79322638146165
756.9360835243189 34.286732874968145
784.3646549528903 35.8451744334097
810.5464731347085 28.364654952890216
834.2347848230202 33.66335625159152
826.4425770308125 27.117901706136976
852.6243952126305 20.884135472370748
852.0010185892539 43.94907053730581
774.3906289788642 14.962057550292835
783.7412783295136 4.676343264578534
760.3646549528902 13.091927680162959
719.8451744334096 16.52049910873439
685.8711484593838 28.0529666412019
681.195823784059 9.663356251591525
697.4036159918513 9.975044563279845
714.8581614463967 9.663356251591525
497.8192004074356 119.06595365418889
488.4685510567862 115.32569391392913
460.10491469314985 100.05296664120188
502.80621339444855 75.42959001782525
513.4036159918512 80.72829131652655
525.247771836007 74.18283677107199
503.1179017061369 64.20881079704603
527.1179017061369 51.11790170613692
492.20881079704594 63.27374586198109
553.6114081996434 57.66335625159147
500.0010185892537 29.92309651133174
519.9490705373057 33.97504456327977
533.3516679399031 38.96205755029276
547.6893302775654 37.09192768016289
562.0269926152278 33.97504456327977
584.4685510567863 32.72829131652654
554.5464731347083 32.104914693149894
547.0659536541889 16.52049910873432
563.2737458619811 19.32569391392912
581.0399796282148 15.585434173669366
604.4166030048382 17.143875732110924
604.1049146931499 62.33868092691616
626.8581614463966 53.923096511331735
636.5204991087344 53.61140819964341
585.247771836007 1.793226381461703
581.3516679399031 7.7153043035396145
174.5984211866563 27.429590017825223
176.15686274509787 21.819200407435595
193.6114081996433 28.364654952890174
187.68933027756538 51.11790170613692
206.7023172905524 48.00101858925381
223.22179781003294 52.36465495289018
254.0789406671758 53.61140819964341
293.9750445632797 57.03997962821485
315.7932263814615 64.20881079704603
284.9360835243187 35.22179781003301
298.3386809269161 35.845174433409646
327.6373822256174 29.2997198879551
366.9101094983447 28.676343264578467
372.83218742042266 76.36465495289018
635.2737458619812 12.780239368474641
648.6763432645787 19.949070537305825
655.5334861217215 2.49452508276034
678.5984211866565 1.8711484593837382
697.2997198879552 0.9360835243187822
728.156862745098 4.364654952890216
813.8711484593839 169.2477718360071
538.3386809269163 6.234784823020092
510.5984211866565 19.637382225617507
539.5854341736695 26.49452508276034
549.5594601476954 2.182836771072057
545.5075120957474 4.052966641201897
555.1218977101328 10.066952655188038
746.3240868253658 0.9060266246967027
876.0364614073053 17.81572562135222
948.3842874942618 36.43779919994756
942.605023280215 33.44114368155291
976.4244212735261 40.29064200931209
1000.1836185979408 42.43111023673685
860.1969965243624 11.982949701619766
