128.15686274509818 390.84040704889554
112.35939439066779 496.56192603623725
305.5745842640854 237.72648299826272
363.9036981881361 217.06825515016146
568.0555969223133 336.1568627450981
606.9416728716805 324.0049640109209
598.4353437577563 166.03028046661717
582.637875403326 138.08091337800957
461.1188880615538 91.90369818813619
435.59990071978166 71.24547034003498
421.017622238769 63.954331099528645
408.86572350459176 55.44800198560451
378.4859766691488 49.37205261851599
362.6885083147183 57.87838173243996
334.7391412261108 61.523951352693196
303.14420451725005 57.87838173243996
266.6885083147184 74.89103996028807
249.67585008687035 57.87838173243996
218.08091337800957 76.10622983370587
244.81509059319947 88.25812856788295
213.22015388433869 108.9163564159843
226.58724249193355 140.511293124845
321.37205261851585 104.05559692231341
355.397369074212 84.61255894762985
133.017622238769 117.42268552990826
105.06825515016145 91.90369818813619
94.13154628940195 44.51129312484508
113.57458426408552 37.22015388433876
50.384710846363944 57.87838173243996
7.853065276743734 80.96698932737675
41.87838173243996 130.78977413750326
11.4986348969969 146.58724249193364
188.91635641598424 83.39736907421207
164.6125589476298 83.39736907421207
158.53660958054118 67.59990071978174
169.47331844130068 57.87838173243996
174.33407793497156 42.08091337800964
182.84040704889563 59.093571605857754
711.4480019856045 234.08091337800948
673.7771159096552 145.37205261851588
707.8024323653514 127.14420451725006
704.156862745098 89.47331844130075
662.8404070488956 71.24547034003498
640.9669893273765 79.75179945395897
621.523951352693 78.53660958054117
609.3720526185159 100.41002730206017
582.637875403326 45.72648299826274
566.8404070488955 45.72648299826274
557.1188880615539 59.093571605857754
537.6758500868701 53.01762223876907
530.384710846364 40.86572350459185
532.8150905931993 18.992305783072986
616.6631918590222 23.853065276743877
690.7897741375032 4.410027302060318
751.5492678083891 15.346736162819747
773.4226855299082 53.01762223876907
803.8024323653511 66.38471084636409
856.0555969223134 40.86572350459185
870.6378754033261 70.03028046661719
852.41002730206 100.41002730206017
825.6758500868702 142.94167287168045
849.9796475552247 172.10622983370573
832.9669893273765 190.33407793497162
825.6758500868702 206.13154628940194
857.2707867957309 263.24547034003484
928.9669893273767 213.42268552990828
939.903698188136 168.46066021345263
887.6505336311741 132.00496401092096
913.1695209729463 100.41002730206017
927.7517994539589 57.87838173243996
969.0682551501613 44.51129312484508
983.6505336311741 63.954331099528645
1006.7391412261107 63.954331099528645
959.3467361628196 74.89103996028807
975.14420451725 101.62521717547797
1014.0302804666172 97.97964755522473
1012.8150905931993 176.9669893273766
990.9416728716806 203.7011665425665
480.5619260362373 45.72648299826274
467.1948374286425 18.992305783072986
491.4986348969969 10.485976669148858
1.7771159096551212 3.1948374286425234
653.1188880615538 54.232812112186856
1006.7391412261107 343.44800198560444
988.5112931248449 472.25812856788286
1011.5999007197815 737.169520972946
500.0049640109209 27.498634896996972
418.5872424919335 25.068255150161527
440.46066021345257 6.840407048895762
445.1925941983908 44.80283294218173
476.41355237816975 32.93886883386578
330.9238872604001 21.699323889145365
477.66239070536085 92.25868937544567
480.1600673597431 77.89704861274738
