56.64512565589615 635.349351008009
89.09582988124828 437.0394918530793
453.26484396575523 445.45263739298537
358.31648715824355 566.8423087544877
579.4620270643468 550.0160176746756
961.6592101629383 373.3399613366474
940.0254073460368 338.4855012427507
1010.9362054681026 321.6592101629384
610.7108533554266 202.67329466998075
419.61226180613085 209.88456227561454
323.4620270643469 233.92212096106053
275.3869096934547 209.88456227561454
3.7624965479149335 122.44794255730463
24.194421430544025 136.87047776857221
39.21789560894778 168.72024302678818
18.785970726318684 200.57000828500412
164.8141397404032 96.00662800331402
190.6545153272576 100.21320077326705
185.8470035901684 118.24136978735156
153.3962993648163 156.70146368406515
254.9549848108257 120.04418668876
283.80005523336087 88.19442143054405
306.6357359845346 95.40568903617785
342.09113504556746 64.15686274509804
318.05357636012144 133.86578293289145
346.89864678265667 135.06766086716377
323.46202706434684 166.9174261253797
401.5840927920463 154.8986467826567
453.8657829328914 134.46672190002758
412.40099420049705 118.24136978735156
387.1615575807787 117.03949185307923
385.95967964650646 58.74841204087273
406.99254349627165 58.74841204087273
399.1803369235017 83.987848660591
387.76249654791485 88.7953603976802
437.64043082021533 26.297707815520614
455.66859983429976 23.293012979839855
458.6732946699805 46.12869373101357
467.08644020988675 48.53244959955811
450.8610880972107 46.7296326981497
461.0770505385252 34.10991438829054
475.4995857497928 68.36343551505111
501.3399613366472 71.36813035073183
486.31648715824343 95.40568903617785
458.6732946699805 97.80944490472243
518.7671913835956 65.35874067937038
524.175642087821 76.77658105495723
528.382214857774 86.99254349627178
562.6357359845346 85.18972659486334
557.8282242474454 75.57470312068493
568.04418668876 63.55592377796194
607.7061585197459 87.59348246340792
617.9221209610603 77.97845898922952
645.5653134493233 80.98315382491027
648.5700082850041 57.54653410660039
732.1005247169289 91.19911626622482
754.9362054681027 83.3869096934549
521.1709472521402 23.443247721623873
531.6873791770229 22.54183927091963
534.0911350455674 36.964374482187246
547.6122618061308 32.75780171223419
541.3024026512012 10.823529411764707
551.818834576084 12.926815796741256
568.3446561723281 24.344656172328076
576.156862745098 23.743717205191942
585.7718862192763 35.76249654791495
593.8845622756144 32.75780171223419
609.2085059375862 33.05827119580228
622.4291632145815 48.08174537420603
614.9174261253797 45.37752002209334
626.9362054681027 44.47611157138913
661.1897265948631 32.75780171223419
663.2930129798399 24.645125655896187
649.7718862192763 28.551228942281146
644.0629660314829 27.950289975145004
627.2366749516708 26.44794255730463
625.1333885666943 20.138083402375045
612.213200773267 20.138083402375045
602.5981772990887 17.13338856669429
604.7014636840652 9.621651477492431
586.3728251864126 12.626346313173153
576.457332228666 7.51836509251588
566.5418392709196 9.020712510356258
615.5183650925158 10.523059928196638
626.6357359845346 11.123998895332774
641.6592101629384 8.41977354322012
657.2836233084784 14.12869373101353
663.2930129798399 10.523059928196638
668.7014636840651 16.83291908312622
673.8094449047222 27.349351008008835
673.5089754211542 36.06296603148302
684.926815796741 29.452637392985388
698.7484120408726 30.05357636012152
712.870477768572 34.26014913007457
706.5606186136424 21.339961336647356
699.6498204915769 15.931510632421979
684.626346313173 14.729632698149704
674.7108533554265 9.621651477492431
678.9174261253795 9.020712510356258
697.2460646230321 6.316487158243605
690.9362054681026 6.917426125379743
703.5559237779617 7.8188345760839475
714.9737641535486 14.729632698149704
717.9784589892292 8.72024302678819
726.6920740127035 8.41977354322012
729.9972383319523 15.330571665285841
731.8000552333608 10.823529411764707
738.4103838718584 17.43385805026236
742.0160176746754 12.626346313173153
723.6873791770228 24.344656172328076
722.7859707263185 14.729632698149704
729.9972383319523 35.76249654791495
740.513670256835 30.65451532725766
746.5230599281965 28.851698425849214
754.0347970173983 29.452637392985388
765.1521679094171 31.5559237779619
763.6498204915769 26.44794255730463
760.9455951394641 22.54183927091963
753.7343275338303 7.8188345760839475
743.2178956089476 7.51836509251588
778.9737641535486 18.936205468102735
782.8798674399335 27.649820491576904
790.9925434962717 33.659210162938415
795.4995857497927 30.05357636012152
791.8939519469759 19.537144435238908
783.4808064070697 14.12869373101353
778.9737641535486 9.621651477492431
774.4667219000274 5.715548191107433
787.0864402098865 9.621651477492431
803.6122618061307 8.72024302678819
806.9174261253795 12.025407346037015
818.6357359845344 16.83291908312622
819.2366749516706 35.76249654791495
656.0817453742061 4.438552885943115
663.2930129798399 3.386909693454857
692.2883181441591 13.903341618337471
718.1286937310135 4.588787627727149
729.2460646230322 5.490196078431373
635.3493510080087 3.9878486605909935
646.0160176746755 4.2883181441590805
641.8094449047225 3.9878486605909935
614.7671913835957 3.537144435238891
608.3070974868821 3.9878486605909935
568.119304059652 3.649820491576912
591.9315106324219 4.100524716929024
583.1427782380557 1.9972383319524993
595.912731289699 1.8470035901684652
737.3587406793702 5.039491853079269
747.4244683789008 5.9409003037834935
797.6028721347692 6.992543496271751
761.9972383319524 10.598177299088645
760.3446561723281 3.8376139188069596
166.0160176746755 669.0019331676333
745.7889697685098 19.58161190897763
