178.73247250119553 748.8007651841225
266.14710664753716 632.6641798182687
12.644667623146804 415.37637494022
72.58613103778093 395.3958871353419
207.45442372070772 370.4202773792444
237.4251554280248 366.67393591582976
269.89344811095157 364.17637494021994
346.06905786704925 409.13247250119554
282.3812529890005 327.9617407938785
354.8105212816834 316.7227164036346
407.2593017694882 354.18613103778097
419.74710664753707 372.91783835485415
467.20076518412236 387.9032042085127
535.8836920133906 395.3958871353419
440.97637494021996 341.6983261597321
404.76174079387846 316.7227164036346
449.7178383548541 302.986131037781
848.0788139646103 425.36661884265897
945.4836920133906 375.41539933046386
979.2007651841225 299.2397895743663
860.5666188426588 314.2251554280249
825.6007651841223 370.4202773792444
795.6300334768055 319.22027737924435
830.595887135342 314.2251554280249
699.4739359158298 320.46905786704923
649.5227164036346 325.46417981826875
735.6885700621712 280.5080822572931
770.6544237207078 280.5080822572931
841.8349115255859 266.7714968914395
909.2690578670494 258.03003347680533
915.5129603060738 219.3178383548541
814.3617407938784 235.55198469631753
786.8885700621713 249.28857006217117
725.6983261597321 263.02515542802496
726.947106647537 251.78613103778093
673.2495456719273 251.78613103778093
539.0056432329029 266.7714968914394
526.5178383548542 274.88857006217114
514.0300334768053 281.75686274509803
524.0202773792445 262.4007651841224
513.4056432329029 258.0300334768053
548.3714968914395 265.5227164036346
579.5910090865615 225.56174079387847
619.5519846963176 238.04954567192726
560.2349115255859 200.58613103778092
617.0544237207079 171.86417981826872
553.9910090865615 174.36174079387848
495.2983261597322 170.61539933046382
484.0593017694883 176.23491152558577
446.5958871353419 190.59588713534188
447.8446676231468 178.73247250119553
449.7178383548541 161.24954567192725
449.7178383548541 168.11783835485417
450.96661884265905 150.01052128168342
456.2739359158297 144.39100908656147
478.75198469631755 148.44954567192732
471.57149689143944 145.63978957436635
472.5080822572931 155.63003347680538
470.01052128168334 168.7422285987566
511.22027737924435 154.06905786704928
515.9032042085126 149.38613103778098
506.22515542802483 145.95198469631757
499.0446676231468 154.3812529890005
487.80564323290287 145.63978957436635
492.17637494021994 142.20564323290293
493.1129603060736 145.0153993304639
495.6105212816833 144.39100908656147
500.6056432329029 143.45442372070784
510.2836920133907 140.0202773792444
512.4690578670493 142.20564323290293
498.42027737924434 134.40076518412246
516.8397895743664 135.0251554280249
513.0934481109517 136.58613103778097
504.0397895743663 135.0251554280249
450.6544237207078 133.15198469631758
521.2105212816833 133.77637494022002
523.3958871353419 135.0251554280249
526.5178383548541 132.52759445241514
524.0202773792444 142.20564323290293
521.2105212816833 139.39588713534195
532.4495456719272 142.8300334768054
538.0690578670492 144.39100908656147
544.6251554280249 140.0202773792444
548.995887135342 133.77637494022002
662.6349115255856 213.38613103778096
676.9958871353418 207.76661884265906
687.6105212816833 204.64466762314686
707.5910090865615 200.89832615973222
716.3324725011956 203.39588713534198
615.1812529890003 151.5714968914395
618.6153993304638 157.8153993304639
643.9032042085125 151.5714968914395
639.5324725011955 149.6983261597322
651.3958871353418 140.95686274509805
638.5958871353417 130.34222859875658
635.7861310377808 132.52759445241512
626.4202773792443 147.20076518412242
620.8007651841224 136.27393591582975
616.7422285987565 132.83978957436634
657.9519846963175 132.52759445241512
660.1373505499761 132.52759445241512
664.8202773792442 132.83978957436634
669.8153993304637 132.52759445241512
681.0544237207076 132.52759445241512
662.6349115255858 139.0836920133907
673.8739359158296 138.4593017694883
679.8056432329028 141.5812529890005
689.7958871353419 144.07881396461022
697.9129603060736 137.52271640363463
704.4690578670493 132.52759445241512
707.9032042085125 134.71296030607365
703.2202773792444 140.95686274509805
726.6349115255858 131.90320420851268
717.5812529890004 136.8983261597322
716.3324725011955 143.14222859875656
714.4593017694882 152.19588713534193
723.8251554280248 158.43978957436633
735.688570062171 158.75198469631755
748.17637494022 162.8105212816834
732.2544237207078 148.76174079387852
730.6934481109516 140.3324725011956
755.6690578670492 147.20076518412242
789.6983261597321 190.28369201339072
795.9422285987565 137.52271640363463
805.3080822572932 149.38613103778096
810.3032042085125 147.51296030607364
816.8593017694882 204.3324725011956
850.57637494022 218.69344811095178
854.947106647537 189.34710664753715
839.0251554280248 145.95198469631762
828.0983261597322 150.63491152558592
853.3861310377811 149.386131037781
843.0836920133908 169.05442372070786
834.966618842659 175.29832615973226
872.7422285987566 155.63003347680544
876.4885700621712 156.56661884265907
883.3568627450979 160.62515542802495
890.2251554280248 160.00076518412249
886.7910090865614 152.19588713534202
892.0983261597322 152.82027737924446
906.147106647537 148.13735054997616
908.3324725011956 153.75686274509812
907.0836920133908 172.48857006217125
922.3812529890005 175.29832615973226
915.8251554280249 170.3032042085127
929.5617407938785 175.9227164036347
951.4153993304639 162.49832615973227
963.5910090865615 161.2495456719274
969.8349115255859 170.3032042085127
974.8300334768054 174.67393591582982
973.8934481109518 181.54222859875668
988.8788139646102 179.66905786704933
994.1861310377809 184.35198469631763
987.9422285987565 166.86905786704932
1004.8007651841225 170.92759445241515
1002.6153993304639 166.86905786704932
1018.537350549976 163.43491152558593
1018.537350549976 147.82515542802494
1019.1617407938785 179.0446676231469
1021.0349115255858 187.16174079387858
882.8859597350648 382.4444881631582
