116.70732146069432 652.3403489836301
303.42291779096956 315.0192480661988
307.82658751574013 617.991725130419
438.1752113689511 633.8449361395933
502.4687893506025 323.8265875157402
421.4412664148227 263.0559453139054
397.66144990106125 225.1843856808778
313.99172513041907 249.84493613959341
237.36787191940994 287.71649577262093
172.19355999280438 314.1385141212448
227.67979852491447 256.01007375427236
268.1935599928044 204.92750494693288
284.04677100197875 164.41374347904295
255.86328476344661 166.17521136895118
253.22108292858422 145.0375966900521
268.1935599928044 120.37704623133651
239.12933980931817 115.09264256161174
231.202734304731 100.12016549739158
224.156862745098 129.18438568087782
201.25778017629062 154.72567008454757
187.16603705702454 145.0375966900521
144.8908076992264 126.54218384601542
145.77154164418053 115.09264256161174
114.94585357078608 133.5880554056485
85.0008994423457 123.01924806619895
64.74401870840077 111.56970678179528
54.175211368951196 93.95502788271266
5.7348443964741564 108.04677100197881
305.1843856808778 141.51466091023565
291.0926425616117 117.73484439647419
304.3036517359236 108.92750494693281
292.85411045152006 98.35869760748328
351.86328476344653 178.50548659830903
1017.6981471487676 246.3220003597769
413.5146609102356 136.2302572405109
366.83576182766683 117.73484439647419
382.6889728368411 108.04677100197881
889.991725130419 371.3862205432631
955.1660370570244 529.9183306350062
793.1109911854649 692.8541104515199
864.4504407267493 191.71649577262096
779.8999820111529 184.6706242129879
772.8541104515199 169.69814714876773
936.6706242129877 246.3220003597769
886.4687893506024 229.58805540564853
819.5330095340887 117.73484439647419
857.4045691671162 108.92750494693281
931.386220543263 116.85411045152006
760.523835222162 81.62475265335496
742.9091563230794 68.41374347904296
682.1385141212446 92.1935599928045
698.8724590753732 112.4504407267494
654.8357618276667 102.76236733225403
638.1018168735382 135.34952329555674
657.4779636625291 151.20273430473105
584.3770462313363 130.94585357078608
543.8632847634465 142.39539485518972
542.1018168735382 175.86328476344664
498.06511962583187 123.01924806619895
458.43209210289604 126.54218384601542
457.5513581579419 138.87245907537329
525.3678719194097 89.55135815794205
570.2853031120703 87.78989026803373
599.3495232955567 106.2853031120705
57.918330635006264 84.15686274509805
73.55135815794203 72.26695448821732
57.257780176290666 30.872459075373307
27.9733765065659 19.643101277208153
119.34952329555674 27.129339809318267
149.9550278827127 38.57888109372192
157.44126641482276 47.166037057024674
203.6797985249145 53.99172513041916
214.90915632307966 24.266954488217344
198.8357618276668 26.68897283684119
230.76236733225397 33.29447742399715
241.99172513041907 28.23025724051092
12.854110451520054 17.276128800143926
3.055945313905376 10.120165497391634
28.70732146069437 9.569706781795306
71.53300953408889 11.331174671703558
73.62475265335495 9.899982011153096
115.67979852491457 9.789890268033828
64.74401870840076 56.41374347904302
102.61557834142828 124.4504407267494
401.25778017629074 47.166037057024674
409.4045691671164 45.62475265335494
406.5421838460155 23.60640402950173
419.97337650656596 29.331174671703575
456.5238352221623 24.266954488217344
463.56970678179533 31.97337650656596
471.27612880014397 33.29447742399715
482.5054865983091 45.62475265335494
487.7898902680339 19.643101277208153
494.17521136895124 28.23025724051092
497.25778017629074 73.36787191940999
523.019248066199 51.789890268033844
534.9091563230797 24.707321460694384
547.2394315524375 33.95502788271275
554.065119625832 34.83576182766688
566.1752113689513 35.49631228638248
563.3128260478503 46.28530311207054
550.9825508184925 52.45044072674945
572.5605324698687 64.78071595610723
587.7531930203274 49.367871919409986
587.0926425616119 23.16603705702469
596.5605324698687 48.046771001978804
611.7531930203274 41.66144990106137
623.4229177909696 54.87245907537329
611.0926425616119 60.156862745098074
612.413743479043 18.542183846015497
611.7531930203274 28.23025724051092
353.25778017629074 189.18438568087785
499.01924806619894 19.643101277208153
525.6614499010614 155.05594531390537
446.8357618276669 13.285303112070519
437.94585357078626 3.7210829285842744
467.20273430473117 5.413743479042991
462.74401870840086 16.753193020327398
494.34034898363024 9.101816873538409
501.55135815794216 5.63392696528152
520.3220003597771 4.3678719194099624
479.06511962583215 2.5926425616117945
487.59722971757526 2.399982011153078
530.1201654973919 13.230257240510886
548.0651196258322 11.52383522216226
557.3128260478505 24.07429393775859
560.1201654973919 6.734844396474184
565.1843856808781 9.266954488217308
538.8724590753735 6.955027882712713
533.6981471487679 5.964202194639318
580.5421838460157 9.487137974455841
595.349523295557 4.863284763446664
601.5697067817955 9.377046231336573
610.5421838460157 8.496312286382446
573.0972297175754 1.5536517359237223
629.6706242129882 56.13851412124479
636.8265875157404 59.77154164418057
661.7073214606945 29.166037057024635
660.6064040295018 11.110991185465002
642.7715416441807 22.670624212987935
635.0651196258322 23.661449901061328
641.1476884331715 3.610991185465019
658.8449361395935 24.101816873538414
685.3770462313366 69.56970678179526
708.716495772621 30.15686274509804
700.5697067817953 23.991725130419145
707.9458535707862 16.725670084547595
686.0375966900522 20.138514121244835
735.5788810937219 47.991725130419134
728.0926425616119 34.01007375427234
728.5330095340889 10.230257240510904
748.459615038676 21.679798524914556
758.36787191941 16.725670084547595
777.3036517359237 20.248605864364105
794.6981471487677 26.0834682496852
789.6339269652816 23.441266414822817
790.2944774239971 12.872459075373287
779.6155783414283 10.120165497391634
760.7898902680339 64.83576182766683
749.1201654973916 40.945853570786106
786.2210829285842 49.64310127720812
728.202734304731 22.422917790969596
845.8908076992265 35.331174671703536
831.9091563230797 16.39539485518979
819.1385141212448 27.844936139593454
824.6431012772081 14.413743479043
805.3770462313365 20.358697607483364
815.7256700845476 11.881633387299884
869.3403489836301 11.331174671703558
859.4320921028961 40.28530311207051
867.248605864364 63.074293937758576
879.6889728368411 38.85411045152006
876.716495772621 17.936679258859517
884.7531930203272 10.340348983630172
885.85411045152 29.82658751574025
892.6797985249145 32.138514121244825
905.0100737542722 17.82658751574025
899.0651196258319 12.101816873538422
921.0834682496851 12.98255081849254
919.4320921028961 29.386220543263175
909.1935599928044 32.46878935060263
933.413743479043 70.28530311207051
927.4687893506026 73.36787191940998
936.9366792588594 42.5421838460155
958.0742939377585 35.05594531390542
948.1660370570245 61.91833063500633
975.9091563230796 45.62475265335494
926.1476884331714 32.413743479043035
1007.716495772621 81.01924806619893
1003.4229177909696 30.15686274509804
1010.7990645799604 10.560532469868692
981.5146609102355 11.881633387299884
968.0834682496851 9.01924806619898
855.1201654973917 3.363284763446668
830.1293398093184 3.2256700845475867
818.7761288001442 1.663743479042996
774.533009534089 4.188972836841166
762.835761827667 6.803651735923733
759.9183306350067 2.8403489836301588
741.5054865983093 7.539890268033818
30.395394855189743 89.00089944234577
278.762367332254 20.606404029501707
288.6155783414283 22.092642561611804
270.89080769922646 14.000899442345746
289.4412664148228 64.1752113689513
260.156862745098 64.61557834142836
309.69814714876776 17.166037057024663
318.83576182766683 22.5605324698687
296.04677100197875 26.413743479043017
354.17521136895124 35.05594531390538
367.82658751574036 43.202734304731074
204.89080769922646 27.844936139593475
378.670624212988 9.597229717575106
981.5880554056482 339.6797985249144
91.44783264476357 21.293986490917426
111.35418715981375 25.788969768509403
106.6451570594793 27.287297527706727
