771.9494553376908 735.4457516339869
773.845751633987 597.0161220043574
899.0013071895426 503.14945533769065
893.3124183006537 457.6383442265795
791.8605664488019 435.83093681917217
832.6309368191722 372.30501089324616
786.1716775599131 156.12723311546833
493.19389978213525 259.4753812636165
485.60871459695 222.49760348583874
507.41612200435736 183.62352941176468
593.6976034858388 151.3864923747276
304.5124183006537 210.17167755991278
248.5716775599129 202.5864923747276
323.4753812636166 148.5420479302832
220.12723311546844 138.11241830065353
50.4087145969499 218.7050108932462
4.423529411764668 182.55686274509807
1.8161220043572546 99.59389978213507
27.653159041394307 88.45315904139434
6.556862745098005 37.96427015250543
7.505010893246159 47.445751633986916
35.71241830065356 47.20871459694988
50.17167755991282 39.86056644880174
68.66056644880173 43.17908496732026
188.36427015250547 46.971677559912834
204.71982570806102 34.88278867102396
227.0013071895425 83.00130718954249
105.04575163398692 18.082788671023962
52.305010893246155 26.17167755991285
16.867973856209126 36.245751633986934
21.727233115468383 32.097603485838796
160.86797385620906 31.149455337690622
271.56427015250546 69.25315904139433
306.882788671024 77.31241830065358
267.06056644880175 38.67538126361656
358.55686274509804 74.34945533769064
316.60130718954247 63.38649237472767
271.23834422657956 10.245751633986927
350.6013071895426 35.77167755991285
366.7198257080611 30.79389978213507
429.29760348583886 61.13464052287581
538.9568627450981 117.49019607843137
458.8383442265795 55.26797385620914
492.97167755991285 65.69760348583877
587.5494553376906 54.31982570806098
628.3198257080611 42.94204793028321
1022.4976034858388 158.98649237472762
771.4753812636164 91.4161220043573
803.7124183006534 80.03834422657953
809.0457516339869 19.14945533769063
798.7938997821352 15.297603485838783
1014.5568627450981 57.34204793028322
1023.2976034858387 14.045751633986924
275.4210767919209 1.1200734474391985
