4.728291316526569 472.05296664120186
130.65036923860444 425.9230965113318
89.50751209574732 412.20881079704606
34.65036923860445 351.117901706137
62.078940667175914 331.16984975808504
1.9230965113317735 347.5334861217212
184.2607588489942 236.88413547237053
177.40361599185132 234.70231729055237
166.49452508276042 232.52049910873419
152.46855105678637 229.09192768016274
155.7932263814617 311.2217978100329
424.4685510567864 351.7412783295135
410.7542653425007 304.36465495289
455.01400560224084 292.52049910873416
360.8841354723708 205.87114845938353
412.00101858925393 205.24777183600693
380.20881079704606 175.32569391392897
354.6503692386046 182.80621339444843
440.7802393684749 149.61140819964342
437.0399796282151 150.54647313470835
442.6503692386047 171.74127832951353
409.6114081996437 154.2867328749681
388.7282913165268 180.46855105678628
461.6633562515918 173.92309651133175
464.4685510567865 176.10491469314994
461.9750445632801 177.03997962821484
471.0140056022411 172.05296664120186
478.1828367710723 174.54647313470838
488.7802393684749 172.67634326457846
494.0789406671762 173.2997198879551
500.31270690094243 175.48153806977328
503.42959001782555 172.3646549528902
522.754265342501 172.3646549528902
533.0399796282152 177.03997962821484
811.3776419658775 245.29971988795495
782.0789406671761 243.7412783295134
746.8581614463968 242.18283677107183
735.3256939139293 236.57244716068217
717.8711484593839 232.20881079704586
698.5464731347085 245.92309651133155
668.6243952126305 241.5594601476952
643.6893302775655 243.7412783295134
623.4295900178254 224.72829131652637
605.6633562515916 230.02699261522767
612.5204991087344 208.20881079704583
592.8841354723708 201.97504456327957
585.0919276801629 198.23478482301985
581.039979628215 225.03997962821464
640.5724471606825 215.6893302775653
648.3646549528903 219.11790170613676
668.3127069009423 211.32569391392894
664.8841354723708 201.97504456327957
677.6633562515916 204.15686274509775
682.9620575502929 210.390628978864
687.9490705373059 200.416603004838
707.2737458619813 207.27374586198087
706.6503692386045 214.44257703081206
716.936083524319 217.87114845938348
730.9620575502929 214.75426534250036
730.026992615228 206.02699261522767
728.4685510567865 197.61140819964325
717.2477718360072 194.18283677107178
749.6633562515916 188.57244716068217
763.6893302775657 192.62439521263022
755.8971224853578 203.84517443340945
743.4295900178254 202.5984211866562
745.2997198879552 210.390628978864
763.0659536541891 219.11790170613676
767.1179017061372 213.50751209574713
777.4036159918514 227.84517443340945
785.1958237840593 213.50751209574713
792.3646549528904 209.14387573211079
789.2477718360074 196.0529666412017
800.7802393684749 200.416603004838
815.4295900178255 200.416603004838
796.1049146931501 227.22179781003283
579.1698497580851 151.48153806977305
589.4555640437994 198.54647313470812
573.8711484593838 198.54647313470812
550.1828367710722 243.42959001782498
541.7672523554877 241.24777183600685
534.5984211866565 223.16984975808472
534.2867328749682 217.24777183600685
831.117901706137 226.75426534250056
830.4945250827603 251.06595365418886
859.7932263814616 227.3776419658772
900.3127069009423 244.83218742042263
864.7802393684748 282.85816144639665
889.7153043035397 281.6114081996434
927.7412783295136 232.98803157626674
946.4425770308123 223.01400560224084
962.0269926152279 144.46855105678625
966.3906289788642 365.7672523554875
776.8841354723708 375.7412783295136
757.5594601476954 370.13088871912396
697.0919276801629 350.8062133944486
663.4295900178253 357.03997962821484
624.7802393684746 336.4685510567862
565.5594601476954 342.0789406671759
569.2997198879551 331.4815380697733
101.94307653131185 672.6363832246184
415.9970225852578 646.0389806272158
46.390976457472654 400.8525149190109
104.61171224342586 325.5080333136598
239.46121057118506 319.5147222768705
346.9127155879075 283.5548560561347
429.1066955210179 279.70201324677015
408.55820053774033 341.3474981966029
1003.6083677618208 371.3140533805494
699.8759262902486 201.36087612302427
951.594989835399 143.56823398255594
