463.5334861217214 624.156862745098
437.3516679399032 757.5594601476954
386.2347848230201 425.9230965113318
280.26075884899416 166.5984211866564
284.0010185892539 154.13088871912396
261.5594601476954 129.19582378405903
293.9750445632798 135.42959001782526
285.2477718360072 108.00101858925379
326.3906289788642 81.81920040743559
368.78023936847467 68.10491469314987
391.221797810033 73.09192768016295
409.9230965113317 103.01400560224083
418.6503692386045 78.07894066717591
441.09192768016305 94.28673287496805
449.8192004074357 122.9620575502928
457.2997198879552 151.6373822256174
432.36465495289025 172.83218742042263
489.7153043035396 135.42959001782526
467.27374586198124 216.46855105678625
519.6373822256174 195.27374586198107
543.3256939139293 190.28673287496807
542.078940667176 222.7023172905525
552.0529666412019 151.6373822256174
572.0010185892538 121.71530430353953
639.3256939139293 160.3646549528902
677.97504456328 231.42959001782526
999.6373822256174 131.68933027756552
988.4166030048383 88.05296664120182
1015.8451744334099 3.273745861981011
861.2477718360072 135.42959001782526
840.0529666412019 145.40361599185118
672.9880315762668 136.67634326457846
680.4685510567863 90.54647313470838
636.8321874204227 90.54647313470838
594.4425770308123 90.54647313470838
580.7282913165266 85.55946014769542
601.9230965113319 78.07894066717591
562.0269926152279 55.6373822256174
548.3127069009422 50.65036923860445
502.18283677107206 26.9620575502928
472.26075884899416 55.6373822256174
448.5724471606824 41.923096511331664
443.58543417366946 29.455564043799203
426.130888719124 44.416603004838215
388.7282913165266 33.19582378405903
380.0010185892539 41.923096511331664
342.5984211866565 59.377641965877224
311.4295900178253 60.62439521263037
271.53348612172135 64.36465495289018
225.40361599185124 86.80621339444855
168.0529666412019 65.61140819964345
141.8711484593837 64.36465495289018
116.93608352431878 68.10491469314987
261.5594601476954 29.455564043799203
277.76725235548764 34.44257703081216
280.26075884899416 53.14387573211099
310.182836771072 38.18283677107198
340.1049146931499 34.44257703081216
338.85816144639665 13.247771836007065
357.55946014769546 25.715304303539526
367.5334861217214 21.975044563279702
155.58543417366943 12.00101858925379
129.61140819964348 23.533486121721403
100.31270690094217 19.16984975808501
87.84517443340972 19.16984975808501
162.02699261522793 8.572447160682392
183.8451744334097 2.3386809269161626
215.01400560224087 29.76725235548763
244.31270690094217 21.66335625159149
258.6503692386045 14.806213394448621
253.03997962821495 6.7023172905525525
269.2477718360072 12.312706900942144
279.84517443340974 12.312706900942144
292.9360835243188 6.078940667175915
274.2347848230201 1.715304303539525
302.2867328749682 6.078940667175915
307.89712248535784 21.03997962821485
303.5334861217214 38.49452508276034
378.33868092691625 7.949070537305755
359.63738222561756 1.715304303539525
345.9230965113318 3.5854341736694373
405.143875732111 1.715304303539525
437.5594601476954 39.74127832951361
460.6243952126305 21.66335625159149
532.7282913165266 21.66335625159149
643.6893302775654 37.24777183600707
672.3646549528902 40.98803157626682
676.1049146931499 29.76725235548763
690.4425770308123 6.078940667175915
734.0789406671759 23.533486121721403
742.8062133944487 25.403615991851243
765.8711484593837 24.156862745097968
593.8192004074359 113.92309651133178
987.8411784294133 351.42159800983325
777.1079116961466 217.41160799984334
764.8321874204225 147.84917043740577
721.8671524553876 152.96405555229092
303.4695500577853 270.60641319464844
291.193825782061 229.68733227556766
294.2627568509921 194.9061134943488
440.54847113670627 3.6094101976456896
172.67860187553285 13.96288281198769
206.49799986884392 82.56488950095077
541.2672306380747 7.541478129713426
560.9595383303824 16.317397862154895
467.20702996917845 25.94950488556627
847.3541871598138 213.5615450193454
1017.307364417339 302.60502328021494
