115.82658751574016 494.6889728368411
201.25778017629062 528.156862745098
82.35869760748331 714.8724590753733
18.94585357078608 677.8816333872999
212.70732146069432 755.3862205432631
57.69814714876773 344.08346824968527
25.991725130419116 270.9825508184926
11.899982011153043 254.24860586436407
107.899982011153 262.17521136895124
138.72567008454755 275.38622054326316
618.7256700845475 573.9550278827127
512.1568627450979 688.4504407267494
557.0742939377585 470.0284223781256
736.7440187084006 591.5697067817953
901.4412664148226 489.40456916711634
897.0375966900519 395.16603705702465
944.5972297175748 395.16603705702465
785.1843856808778 294.762367332254
694.4687893506025 299.16603705702465
631.0559453139052 256.01007375427236
656.5972297175749 248.08346824968527
695.3495232955565 244.56053246986872
734.9825508184923 227.82658751574027
795.7531930203272 217.25778017629068
700.6339269652813 209.33117467170356
647.7898902680336 178.50548659830912
609.037596690052 209.33117467170356
592.3036517359236 221.66144990106142
589.6614499010611 190.8357618276669
543.8632847634465 222.5421838460155
507.7531930203273 227.82658751574027
487.49631228638236 219.01924806619897
500.7073214606942 247.2027343047311
530.6522755891344 294.762367332254
465.47796366252913 332.63392696528155
457.5513581579419 256.8908076992265
429.3678719194099 221.66144990106142
393.2577801762905 226.06511962583204
359.78989026803373 252.4871379744559
373.0008994423456 278.90915632307974
398.5421838460153 291.23943155243745
409.99172513041896 203.16603705702465
366.83576182766683 192.59722971757512
299.0192480661988 235.7531930203274
294.61557834142826 221.66144990106142
276.1201654973915 247.2027343047311
305.1843856808778 259.5330095340889
228.5605324698686 238.3953948551898
195.97337650656584 252.4871379744559
200.37704623133655 284.19355999280447
181.00089944234568 225.18438568087788
158.98255081849246 197.88163338729987
18.799064579960422 114.43209210289619
50.94585357078611 111.34952329555675
65.0375966900522 109.58805540564845
56.67062421298796 113.99172513041911
94.98255081849254 120.59722971757509
109.07429393775861 123.6797985249145
117.44126641482285 137.7715416441806
95.42291779096962 143.49631228638242
85.73484439647419 149.6614499010613
82.65227558913476 162.87245907537326
63.27612880014392 158.90915632307966
56.67062421298796 151.42291779096956
126.24860586436411 169.4779636625292
150.90915632307974 161.99172513041913
136.3770462313366 140.85411045152006
181.73484439647422 151.86328476344667
209.47796366252928 177.84493613959341
255.27612880014397 143.49631228638242
243.82658751574027 126.32200035977687
256.1568627450981 124.12016549739158
277.29447742399714 136.01007375427236
285.6614499010615 137.33117467170348
252.63392696528157 187.53300953408885
287.8632847634467 184.45044072674943
284.3403489836302 202.50548659830903
343.7898902680339 152.74401870840077
348.63392696528155 134.24860586436407
349.9550278827128 119.27612880014388
352.1568627450981 113.11099118546497
332.3403489836302 111.34952329555675
323.97337650656596 115.75319302032734
357.44126641482285 147.459615038676
362.28530311207055 159.78989026803382
398.83576182766694 174.76236733225397
384.74401870840086 136.01007375427236
380.3403489836302 123.6797985249145
397.5146609102357 128.52383522216223
421.2944774239972 168.15686274509804
419.53300953408893 151.86328476344667
431.4229177909696 178.72567008454757
427.4596150386761 190.17521136895124
439.7898902680339 128.52383522216223
432.3036517359238 132.92750494693288
475.01924806619905 143.49631228638242
496.5972297175752 132.4871379744558
490.87245907537334 100.3403489836301
499.67979852491464 97.69814714876773
545.6247526533548 162.87245907537326
555.7531930203272 105.18438568087781
561.9183306350062 106.94585357078608
573.3678719194099 102.54218384601542
577.7715416441805 101.6614499010613
581.294477423997 146.5788810937219
575.1293398093181 151.86328476344667
594.945853570786 141.73484439647416
615.6431012772081 143.49631228638242
625.3311746717035 94.61557834142828
633.2577801762906 105.18438568087781
682.1385141212448 57.1843856808778
677.2944774239971 47.9366792588595
689.6247526533548 62.46878935060258
654.3953948551897 88.45044072674939
657.4779636625291 98.57888109372183
651.7531930203272 105.18438568087781
632.8174132038135 128.08346824968518
664.5238352221622 142.61557834142826
686.1018168735384 152.74401870840077
692.7073214606943 168.15686274509804
709.4412664148226 144.37704623133655
701.5146609102355 108.26695448821727
707.6797985249143 101.6614499010613
753.9183306350062 84.92750494693288
761.8449361395934 80.08346824968515
754.7990645799604 95.49631228638242
745.991725130419 105.62475265335489
771.9733765065658 132.4871379744558
781.6614499010612 119.27612880014388
790.9091563230796 137.33117467170348
799.2761288001439 103.42291779096958
801.0375966900522 148.3403489836301
820.413743479043 114.87245907537323
838.0284223781255 118.83576182766679
837.5880554056484 77.44126641482278
845.9550278827127 91.09264256161177
867.9733765065658 100.78071595610719
874.5788810937217 93.29447742399708
860.0467710019786 129.40456916711634
880.3036517359236 73.91833063500627
872.3770462313365 69.51466091023562
946.5054865983091 127.20273430473104
934.1752113689513 105.62475265335489
898.9458535707862 88.01007375427231
883.0926425616119 82.2853031120705
898.5054865983091 71.27612880014388
947.3862205432632 63.78989026803377
956.6339269652816 66.43209210289615
971.1660370570248 67.75319302032734
980.8541104515201 67.75319302032734
985.2577801762908 69.9550278827127
1012.5605324698688 55.86328476344666
1019.1660370570248 60.26695448821727
1015.2027343047313 77.44126641482278
999.3495232955568 81.84493613959343
971.6064040295017 86.24860586436404
974.6889728368412 75.67979852491449
944.7440187084007 84.04677100197874
963.2394315524375 95.49631228638242
977.3311746717036 124.12016549739158
1001.1109911854651 141.2944774239971
995.8265875157404 174.76236733225397
998.0284223781257 99.01924806619893
1022.2486058643642 100.3403489836301
897.0375966900519 149.44126641482288
879.4229177909694 152.08346824968524
921.6284346514525 78.81907010295758
921.4143878287101 59.34080923339237
996.3307757885763 126.01639451767319
670.5515115745297 104.39766542068323
674.0832841497805 41.36087612302447
