932.3127069009423 723.8971224853578
889.9230965113318 425.92309651133195
855.014005602241 292.52049910873444
936.0529666412019 213.97504456327985
974.7023172905525 207.74127832951365
997.1438757321112 147.89712248535778
932.3127069009423 119.22179781003312
963.4815380697735 116.72829131652658
237.8711484593837 283.7932263814617
285.2477718360072 318.7023172905526
320.15686274509795 331.1698497580851
338.85816144639665 353.6114081996435
357.55946014769546 293.7672523554877
368.78023936847467 373.55946014769546
394.96205755029285 382.2867328749682
432.36465495289025 397.24777183600725
453.55946014769546 339.8971224853578
459.7932263814617 423.4295900178254
548.3127069009422 453.3516679399033
558.2867328749682 353.6114081996435
522.130888719124 306.23478482302016
664.2607588489941 344.8841354723708
614.3906289788644 293.7672523554877
648.0529666412019 257.6114081996435
629.3516679399032 221.45556404379934
599.4295900178253 221.45556404379934
690.4425770308125 556.8321874204228
752.7802393684748 258.8581614463967
782.7023172905527 256.3646549528903
817.6114081996436 216.4685510567864
858.7542653425006 212.7282913165266
818.8581614463967 170.33868092691623
666.7542653425006 208.98803157626688
651.7932263814616 200.26075884899413
707.8971224853577 192.78023936847467
739.0659536541889 195.27374586198115
817.6114081996436 94.2867328749682
778.9620575502928 108.00101858925393
87.01400560224083 252.6243952126305
85.76725235548756 265.09192768016294
98.23478482302009 270.07894066717597
111.94907053730576 287.5334861217214
128.15686274509795 296.26075884899416
144.3646549528902 309.97504456327994
288.9880315762668 201.5075120957474
250.33868092691617 200.26075884899413
286.4945250827604 186.54647313470844
350.07894066717597 177.81920040743574
365.03997962821484 165.35166793990328
391.221797810033 162.85816144639674
461.039979628215 166.59842118665648
418.6503692386045 108.00101858925393
397.45556404379926 117.97504456327984
375.0140056022409 121.71530430353967
365.03997962821484 127.94907053730584
147.68933027756555 201.19582378405903
168.8841354723708 189.9750445632798
179.48153806977334 175.63738222561747
152.67634326457858 182.49452508276033
137.091927680163 182.49452508276033
128.98803157626685 175.63738222561747
140.83218742042268 170.02699261522784
163.27374586198113 161.29971988795512
167.01400560224087 148.20881079704603
184.46855105678637 143.84517443340968
196.9360835243188 137.61140819964345
206.9101094983448 158.80621339444863
255.53348612172144 159.42959001782526
267.3776419658773 144.46855105678634
248.05296664120192 140.10491469314994
226.23478482302014 119.53348612172137
217.50751209574742 87.74127832951355
176.98803157626685 106.44257703081227
155.7932263814617 110.80621339444862
54.806213394448655 175.01400560224084
79.74127832951362 167.53348612172135
93.45556404379931 173.76725235548759
90.3386809269162 144.46855105678634
51.0659536541889 152.5724471606824
46.70231729055255 116.41660300483821
315.3776419658773 108.93608352431878
332.20881079704606 122.02699261522784
122.75426534250062 133.24777183600708
99.06595365418895 128.8841354723707
130.23478482302014 93.35166793990317
116.5204991087344 107.06595365418887
112.78023936847464 97.71530430353953
108.41660300483828 103.32569391392913
104.05296664120193 102.07894066717591
100.31270690094217 108.31270690094215
95.94907053730583 97.71530430353953
92.20881079704607 88.98803157626682
117.76725235548767 88.98803157626682
62.91010949834477 105.19582378405903
58.54647313470841 103.94907053730576
67.27374586198111 98.33868092691615
72.26075884899412 99.58543417366938
72.26075884899412 90.23478482302005
76.00101858925386 79.01400560224084
44.624395212630496 106.59842118665648
36.20881079704608 106.59842118665648
31.221797810033085 104.41660300483831
45.87114845938374 99.42959001782532
35.27374586198113 94.44257703081232
33.09192768016296 99.42959001782532
61.14387573211103 91.63738222561753
56.15686274509804 83.84517443340972
52.41660300483829 84.15686274509804
79.84517443340972 100.05296664120193
82.65036923860451 86.33868092691621
74.5464731347084 86.96205755029285
60.52049910873439 85.09192768016298
62.39062897886427 78.54647313470842
39.63738222561751 82.9101094983448
33.403615991851275 76.36465495289025
47.117901706137 72.93608352431882
40.884135472370744 76.36465495289025
43.377641965877245 87.89712248535777
334.80621339444883 157.40361599185127
324.2088107970462 148.0529666412019
320.1568627450981 130.91010949834475
297.09192768016305 133.40361599185127
291.4815380697735 117.50751209574736
272.7802393684747 114.07894066717593
256.57244716068254 90.70231729055256
258.4425770308124 81.0399796282149
263.4295900178254 79.79322638146164
243.16984975808512 75.42959001782526
230.70231729055266 75.42959001782526
262.1828367710722 43.94907053730577
272.1568627450981 42.702317290552514
278.7023172905527 41.45556404379928
283.06595365418906 41.45556404379928
285.24777183600725 77.61140819964345
303.6373822256176 75.11790170613696
305.19582378405914 88.52049910873436
296.1568627450981 91.63738222561749
323.89712248535784 102.54647313470839
331.065953654189 98.80621339444863
363.7932263814618 105.97504456327981
404.3127069009424 82.91010949834475
396.8321874204228 65.7672523554876
399.01400560224107 56.41660300483825
408.6763432645787 60.780239368474604
490.96205755029285 119.68933027756559
498.7542653425007 119.06595365418896
497.81920040743574 105.35166793990324
475.3776419658773 102.2347848230201
464.78023936847467 102.54647313470842
469.45556404379937 95.06595365418895
502.1828367710721 89.14387573211103
509.3516679399033 89.76725235548764
516.2088107970461 97.24777183600713
524.0010185892539 97.87114845938376
556.10491469315 104.41660300483831
560.4685510567864 108.78023936847468
575.4295900178254 105.97504456327987
576.9880315762668 115.63738222561753
599.117901706137 111.58543417366947
597.2477718360072 100.05296664120193
620.3127069009423 96.3127069009422
616.5724471606825 102.85816144639676
609.091927680163 68.88413547237077
612.5204991087345 62.33868092691622
607.2217978100332 56.72829131652661
631.2217978100332 54.85816144639673
642.4425770308125 47.68933027756558
644.001018589254 61.09192768016298
650.5464731347085 48.00101858925388
648.0529666412019 35.84517443340972
649.9230965113319 23.689330277565578
659.5854341736695 35.84517443340972
667.6893302775657 37.403615991851275
673.2997198879553 30.546473134708446
677.3516679399032 24.936083524318818
674.8581614463968 19.949070537305825
680.7802393684748 27.741278329513612
686.3906289788644 24.31270690094218
698.5464731347085 18.390628978864267
706.026992615228 22.754265342500624
709.1438757321112 18.70231729055259
758.0789406671761 119.68933027756559
775.5334861217216 91.3256939139292
875.065953654189 69.19582378405906
887.8451744334099 75.4295900178253
842.3386809269163 61.09192768016298
832.3646549528903 64.52049910873438
833.6114081996436 33.975044563279845
829.8711484593838 33.975044563279845
828.0010185892539 41.76725235548765
836.7282913165266 30.546473134708446
862.9101094983449 35.84517443340972
856.3646549528903 47.68933027756558
870.0789406671761 47.06595365418894
869.4555640437993 53.29971988795517
877.2477718360072 39.27374586198115
913.7153043035397 66.70231729055259
915.8971224853578 53.92309651133182
909.039979628215 57.663356251591544
502.80621339444866 68.57244716068246
498.130888719124 72.3127069009422
513.0919276801629 67.6373822256175
516.8321874204227 62.02699261522791
516.8321874204227 62.02699261522791
608.7802393684747 49.871148459383754
643.065953654189 28.364654952890252
179.177841766077 73.52349611173139
59.875926290248536 116.91940455111812
71.43445471834218 112.8525149190111
79.99632762804119 114.77893632369336
42.75218047085055 69.1869630795462
