357.9183306350061 53.82658751574024
374.1018168735382 75.62475265335492
297.5880554056483 16.28530311207052
332.5972297175749 13.753193020327403
459.7531930203272 71.00089944234574
472.74401870840063 45.01924806619896
438.3953948551896 18.597229717575107
513.9183306350061 35.00089944234575
526.0284223781255 12.542183846015481
589.5513581579419 62.30365173592372
601.6614499010612 37.973376506565934
613.1109911854649 31.69814714876777
579.8632847634465 17.49631228638245
549.6981471487676 18.26695448821731
645.9183306350062 38.74401870840079
718.5987447415548 144.92043483499336
717.435206318863 53.77659172414167
761.2618202402513 63.47274524657269
387.0549352978964 212.89047102723484
360.6813977168841 189.23185643250312
363.00847456226745 156.65278059713486
360.2935515759868 134.9333967068894
358.7421670123978 108.55985912587693
389.38201214327984 254.00216196234243
428.9423185147985 301.31939115180586
475.1391032972528 369.77423502016893
855.2283213765495 472.9413084988352
851.4596150386759 74.90915632307973
1006.9091563230796 96.92750494693294
1019.8999820111532 399.0192480661989
958.688972836841 656.7440187084007
334.15886074709607 64.47654306477831
927.4855340737694 131.9930265812618
