650.7714968914396 446.5958871353419
655.7666188426589 501.5422285987566
583.3373505499761 307.98125298900044
753.1714968914395 276.76174079387846
794.3812529890006 271.766618842659
804.3714968914394 240.54710664753705
866.8105212816832 213.0739359158297
935.4934481109516 296.7422285987566
879.2983261597321 361.6788139646102
977.9519846963176 376.66417981826874
756.9178383548541 195.59100908656146
738.1861310377809 158.1275944524151
675.7471066475371 158.1275944524151
620.8007651841223 173.11296030607363
402.2641798182687 269.26905786704924
307.356862745098 258.03003347680533
317.34710664753703 235.55198469631753
337.32759445241504 201.83491152558582
363.5519846963176 190.59588713534194
232.4300334768054 238.0495456719273
256.156862745098 204.33247250119558
257.40564323290295 148.13735054997602
183.72759445241508 190.59588713534194
184.97637494021996 221.81539933046383
131.27881396461024 184.35198469631752
101.30808225729311 179.35686274509797
11.39588713534192 193.0934481109517
57.6007651841224 280.5080822572931
123.78613103778095 104.43003347680539
130.03003347680536 89.44466762314678
145.01539933046382 96.93735054997607
100.0593017694883 93.19100908656144
331.08369201339076 55.415399330464
363.5519846963176 109.11296030607372
334.20564323290296 142.8300334768054
350.43978957436633 159.68857006217127
407.88369201339066 103.49344811095176
420.3714968914395 84.76174079387862
462.20564323290284 62.90808225729322
458.4593017694883 79.14222859875665
424.11783835485414 107.86417981826882
427.86417981826884 97.87393591582982
457.21052128168344 135.9617407938786
482.8105212816834 99.74710664753715
497.1714968914394 112.23491152558591
540.2544237207078 151.57149689143958
553.366618842659 143.45442372070787
583.9617407938786 151.57149689143958
591.4544237207077 134.7129603060737
553.366618842659 92.87881396461029
523.3958871353418 35.43491152558593
578.966618842659 97.87393591582982
603.3178383548541 100.995887135342
614.5568627450981 71.02515542802493
589.5812529890004 73.5227164036347
596.4495456719272 55.415399330464
584.586131037781 52.917838354854226
613.3080822572932 41.05442372070783
630.166618842659 21.698326159732282
638.9080822572931 66.03003347680543
648.8983261597322 47.298326159732255
657.0153993304638 41.05442372070783
668.8788139646102 20.449545671927396
680.7422285987566 2.3422285987566567
675.7471066475371 36.68369201339081
699.4739359158298 17.327594452415187
720.7032042085126 11.708082257293212
716.3324725011955 2.3422285987566567
834.3422285987564 1.7178383548542153
723.8251554280248 44.17637494022004
698.2251554280248 61.659301769488344
693.2300334768053 62.90808225729322
687.6105212816833 109.73735054997614
706.3422285987566 107.86417981826882
738.1861310377809 84.76174079387862
841.8349115255858 60.41052128168346
864.3129603060736 68.52759445241516
866.8105212816832 88.50808225729324
917.386131037781 81.01539933046396
921.1324725011956 14.205643232902979
930.4983261597321 17.327594452415187
890.537350549976 7.33735054997612
873.6788139646101 8.586131037781003
854.3227164036346 8.586131037781003
854.947106647537 2.3422285987566567
949.8544237207077 14.205643232902979
963.5910090865615 14.205643232902979
981.6983261597321 19.825155428024956
974.2056432329028 0.46905786704933145
712.5046888320546 347.34080923339235
