173.24492536740738 420.22731284294537
308.50911323433496 534.450404819462
388.1646905337479 522.4269214535129
421.2292697901079 728.3290740953917
539.9611680288555 758.3877825102644
818.004220866429 538.959211081693
956.2742795748437 588.5560799662331
845.0570584398145 385.6597981658417
885.6363147998928 333.0570584398142
932.2273128429456 179.75764552396296
891.6480564828672 154.2077433713211
869.1040251717127 179.75764552396296
846.5599938605582 206.8104830973485
766.9044165611452 336.0629292813016
473.8320095161354 253.40148114040136
424.23514063159524 241.37799777445224
448.28210736349354 220.33690188404128
714.3016768351177 157.21361421280835
732.3369018840415 146.69306626760292
993.8476650934347 95.5932619623191
974.3095046237675 70.04335980967724
938.23905452592 103.10793906603737
929.2214420014584 86.57564943785724
942.747860788151 29.46410344959897
939.7419899466638 18.943555504393505
905.17447526956 15.937684662906166
935.2331836844328 2.4112658762135064
956.2742795748437 2.4112658762135064
984.8300525689731 38.48171597406084
962.2860212578184 27.961168028855372
1004.3682130386403 6.920072138444299
863.0922834887382 47.49932849852271
870.6069605924563 53.511070181497246
848.0629292813018 68.54042438893364
839.04531675684 15.937684662906166
866.0981543302254 9.925942979931635
851.068800122789 9.925942979931635
888.64218564138 2.4112658762135064
884.1333793791491 15.937684662906166
875.1157668546872 2.4112658762135064
760.8926748781706 6.920072138444299
684.242968420245 65.5345535474463
711.2958059936304 70.04335980967724
721.8163539388361 65.5345535474463
736.8457081462725 71.54629523042082
693.2605809447068 85.07271401711364
643.6637120601667 92.58739112083191
651.1783891638848 59.52281186447177
643.6637120601667 42.990522236291774
642.1607766394231 23.45236176662444
613.6050036452939 26.45823260811163
586.5521660719082 12.931813821418972
592.563907754883 15.937684662906166
293.47975902689853 235.36625609147762
278.45040481946216 370.6304439584053
119.13925022063631 307.5071562871724
18.442577030812448 346.58347722650706
40.98660834196705 112.1255515904991
107.11576685468718 122.6460995357047
116.13337937914905 167.7341621580139
159.71850658071457 137.6754537431411
413.7145926863898 133.16664748091017
442.270365680519 122.6460995357047
598.5756494378575 59.52281186447177
574.5286827059592 53.511070181497246
573.0257472852156 21.9494263458807
574.5286827059592 5.417136717700701
562.5051993400101 2.4112658762135064
551.9846513948047 2.4112658762135064
544.4699742910864 5.417136717700701
521.9259429799318 5.417136717700701
431.7498177353134 30.967038870342567
481.34668661985353 61.02574728521537
407.7028510034152 100.10206822455005
383.655884271517 82.0668431756263
398.68523847895335 20.446490925137102
209.3153754652547 80.5639077548827
179.2566670503819 95.5932619623191
13.933770768581512 39.98465139480444
62.02770423237798 36.97878055331724
81.56586470204532 47.49932849852271
78.55999386055805 26.45823260811163
180.7596024711256 30.967038870342567
207.81244004451105 15.937684662906166
227.35060051417838 17.440620083649907
240.8770193008711 15.937684662906166
281.45627566094936 17.440620083649907
290.4738881854112 15.937684662906166
350.5913050151568 9.925942979931635
379.147078009286 15.937684662906166
395.67936763746604 2.4112658762135064
419.7263343693643 0.9083304554697664
427.2410114730826 5.417136717700701
439.26449483903167 5.417136717700701
291.97682360615494 26.45823260811163
261.918115191282 39.98465139480444
597.0639556521909 253.72729231552765
76.62439521263052 39.477542065777406
145.67534426357957 50.21880080703618
166.13488472311997 26.690329278564608
186.59442518266044 27.20181779005318
195.8012183894537 26.690329278564608
220.86415545239075 19.529490117725516
252.5764431646784 39.477542065777406
253.08793167616693 26.690329278564608
246.43858102681628 21.57544416367954
234.16285675109205 28.736283324518702
258.20281679105204 20.55246714070253
284.28873087696616 28.736283324518702
299.1218977101329 24.132886721122073
307.30571389394913 25.155863744099086
78.15886074709607 188.8321874204227
86.34267693091225 154.56245715069247
328.78823137646657 27.20181779005318
328.2767428649781 7.253765842001216
336.9720475602828 9.811208399443748
342.0869326751679 7.253765842001216
351.2937258819611 3.6733462615816013
338.50651309474836 3.6733462615816013
365.6154042036394 14.926093514328887
366.6383812266165 2.650369238604588
358.96605355428875 2.650369238604588
376.3566629448982 5.719300307535698
351.80521439344966 19.529490117725516
342.0869326751679 26.690329278564608
377.3796399678752 25.155863744099086
391.189829778065 59.937082525317884
356.9200995083347 62.49452508276041
410.6263932146284 68.12089870913405
430.0629566511919 14.926093514328887
496.04497463320985 13.391627979863365
486.32669291492806 10.834185422420763
499.62539421362936 6.2307888190242045
509.85516444339964 1.6273922156275755
492.4645550527902 111.59742218565752
489.9071124953477 202.13088871912402
459.9850345732698 2.650369238604588
589.3916279798632 5.207811796047192
593.9950245832598 2.138880727116082
619.0579616461968 18.506513094748502
611.3856339738692 16.97204756028291
642.0749446631798 11.34567393390934
666.6263932146284 30.27074885898422
654.8621574503925 17.995024583259923
774.5504691387043 9.811208399443748
834.39462498286 46.638381226616566
850.7622573504925 51.75326634150171
832.8601594483945 16.460559048794405
798.0789406671757 55.33368592192124
522.8981214863567 15.949070537305898
532.6164032046383 5.207811796047192
911.3736459618813 8.788231376466666
922.1149047031398 14.41460500284031
890.9141055023407 18.50651309474836
906.7702493584845 23.10990969814499
947.177841766077 21.575444163679467
953.8271924154276 39.477542065777335
625.9630565512919 12.880139468374788
621.3596599478952 5.719300307535627
634.6583612465965 3.6733462615816017
661.7672523554877 39.98903057726584
768.6683512565864 37.94307653131182
904.7242953125304 51.753266341501636
932.3446749329103 60.96005954829481
955.3616579498932 87.55746214569744
984.5165031047383 102.39062897886427
1008.5564631446983 96.76425535249062
988.0969226851579 73.74727233550762
81.48353607177145 102.39062897886436
64.09292668116207 106.4825370707724
266.89812148635673 13.391627979863365
400.14087872911404 12.656363244598527
434.41060899884434 2.1708487590840733
495.7892303774657 1.9151045033398202
482.23478482302016 2.938081526316833
35.04649485212145 53.13345137386058
58.16355170830873 55.916060069512774
41.46789953439569 30.016394517673294
96.90602662469671 31.300675454128164
114.24381926683718 36.8658928454325
109.10669552101774 32.79900321332547
132.43779919994753 46.497999868843856
132.65184602269 37.293986490917455
143.99632762804117 29.374254049445884
166.68529083874353 32.15686274509806
71.22040789559972 130.0832841497802
8.718735654797046 179.7421470260344
262.5782674273724 140.67860187553285
329.57492294576707 142.17692963473016
312.2371303036266 71.32743130697096
332.5715784641617 86.95284936717164
343.487966424028 499.7421470260343
304.10335103941276 41.949504885566256
314.59164535379404 29.320742343760237
328.93278247753983 40.6652239491114
336.6384680962689 37.026427962489336
346.16355170830906 31.46121057118499
341.5615450193459 19.260541674863916
343.59498983539936 12.411043347104721
331.2872975277071 19.153518263492685
327.96957177519874 13.90937110630203
336.4244212735265 16.799003213325456
309.24047478523215 11.340809233392331
315.44783264476393 11.982949701619766
317.0531838153325 6.310708898944183
316.83913699259 18.40435438389402
296.71873565479734 26.966227293593008
274.8859597350649 29.320742343760237
273.9227490327238 21.722080136402383
264.61171224342615 28.892648698275277
264.8257590661686 22.578267427372268
234.64515705947966 37.98963866483047
229.07993966817529 77.69532428355959
219.01973899927896 92.99967210964655
201.57492294576727 46.23044134041576
219.4478326447639 35.42107679192076
229.6150567250315 24.290642009312066
185.52141124008165 37.77559184208805
208.8525149190114 30.712046691586377
225.44114368155323 27.394320939078014
234.11004000262344 20.758869434061285
248.13010689225555 14.33746475178704
256.04983933372716 11.233785822021138
252.08997311299137 13.481277460817129
208.63846809626895 23.75552495245594
248.13010689225558 39.91606006951277
138.85920388222183 181.02642796248944
190.65853498590076 170.3240868253657
475.7689028788775 311.5949898353992
465.2806085644963 33.441143681552866
481.3341202701819 26.80569217653614
491.82241458456315 34.297330972522765
511.9428159223558 47.78228080529869
442.163551708309 33.86923732703782
367.354187159814 38.20368548757297
375.7020132467705 37.882615253459264
388.54482261131903 29.748835989245205
416.79900321332576 19.79565873172011
421.6150567250314 14.230441340415757
438.95284936717195 14.97960522001442
446.658534985901 11.019738999278642
450.0832841497806 5.347498196603042
475.34080923339263 5.989638664830475
401.81572562135244 7.166896189914095
408.7722473604829 7.91606006951274
360.3976654206836 19.153518263492693
370.45786608957985 24.290642009312084
385.65519050429555 7.059872778542847
322.4043543838942 31.782280805298715
682.9662272935932 32.53144468489738
664.2371303036266 12.304019935733491
666.5916453537939 4.277264082890671
690.8859597350647 8.023083480883988
701.3742540494461 10.0565282969375
684.4645550527906 2.243819266837158
695.1668961899144 0.638468096268601
660.277264082891 1.9227490327234502
712.3976654206836 17.01305003606794
721.7087022099812 6.845825955800369
735.3006754541283 9.521411240081315
744.8257590661685 1.0665617417535567
800.9060266246969 7.5949898353990335
806.6852908387439 3.3140533805495287
815.0331169257004 14.97960522001442
820.2772640828911 14.765558397271962
823.0598727785432 6.845825955800369
827.5548560561352 21.401009902288685
771.3675650862353 73.6284346514526
791.3809430126568 74.59164535379374
817.7087022099812 72.66522394911145
744.3976654206836 78.2304413404158
759.3809430126568 40.45117712636896
715.715391173192 49.33412027018168
754.8859597350648 14.230441340415757
818.1367958554663 2.7789363236933435
891.8759262902486 105.68194635713824
988.6250901698471 282.48462194242256
938.1100400026232 230.6852908387436
854.6317791330579 375.3809430126567
676.9729162568036 314.1635517083089
1018.3775985310513 35.36756508623519
995.4745884976064 22.524755721686695
982.3107088989442 11.23378582202112
855.594989835399 77.69532428355961
874.538133648108 70.4712440160011
558.6050232802149 13.96288281198769
505.5214112400812 9.039805888910754
557.1066955210177 108.678601875533
590.4979998688439 109.10669552101795
616.6117122434258 109.53478916650292
424.8257590661683 298.538133648108
