4.728291316526569 425.9230965113318
251.58543417366943 403.4815380697733
244.10491469314994 585.5075120957474
423.63738222561744 549.3516679399031
926.0789406671761 535.6373822256174
746.5464731347085 359.8451744334097
871.2217978100331 217.7153043035395
788.936083524319 125.4555640437992
610.6503692386045 195.27374586198107
434.8581614463968 192.78023936847464
429.8711484593837 112.98803157626675
362.54647313470844 110.49452508276033
327.63738222561744 85.55946014769542
195.48153806977328 157.87114845938365
207.94907053730583 83.06595365418887
143.117901706137 212.72829131652657
8.46855105678625 164.10491469314985
2.2347848230200205 181.5594601476954
13.663356251591525 48.468551056786325
22.390628978864232 42.85816144639673
64.156862745098 69.6633562515915
92.20881079704607 60.312706900942146
103.42959001782529 54.078940667175914
113.40361599185128 55.94907053730576
134.59842118665645 36.624395212630496
146.44257703081234 32.26075884899411
179.48153806977334 3.5854341736694373
213.14387573211104 16.676343264578534
209.40361599185127 23.533486121721403
225.61140819964348 6.7023172905525525
238.70231729055257 6.078940667175915
251.16984975808504 27.89712248535772
218.75426534250062 49.715304303539526
244.31270690094217 48.468551056786325
249.2997198879552 60.93608352431878
201.2997198879552 76.52049910873436
165.76725235548767 93.35166793990321
156.41660300483832 99.58543417366944
98.23478482302009 122.9620575502928
116.93608352431878 119.22179781003298
57.09192768016289 142.9101094983447
331.3776419658773 0.7802393684746052
387.48153806977336 24.46855105678625
428.6243952126306 30.70231729055248
494.70231729055257 51.89712248535772
519.6373822256174 12.00101858925379
505.9230965113319 7.014005602240835
549.5594601476955 4.520499108734286
578.23478482302 13.247771836007065
611.8971224853577 18.23478482302002
801.4036159918514 116.72829131652658
828.8321874204227 46.91010949834477
906.130888719124 85.55946014769542
731.5854341736695 20.72829131652657
692.936083524319 55.6373822256174
828.8321874204227 3.273745861981011
941.0399796282151 33.19582378405903
974.7023172905525 34.44257703081216
1008.3646549528902 18.23478482302002
998.3906289788642 9.507512095747241
790.4066129948483 580.0569626451979
881.4515680398034 331.47354606178135
854.8541654424008 108.46455505279043
456.9327824775397 82.8859597350646
707.3675650862351 0.9060266246967027
784.4244212735261 1.548167092924154
799.8357925109842 32.79900321332547
859.554856056135 2.8324480293789853
654.069906223359 120.98629418322514
924.8391369925898 51.4210767919208
