901.0176222387689 533.0176222387689
496.3593943906678 507.49863489699675
476.91635641598424 418.78977413750323
706.5872424919336 393.270786795731
967.8530652767439 254.73914122611086
1012.8150905931993 110.13154628940195
1005.5239513526932 97.97964755522473
992.156862745098 88.25812856788295
1016.4606602134525 33.574584264085516
1003.0935716058576 28.71382477041463
73.47331844130068 665.4733184413004
185.27078679573106 405.4226855299082
96.5619260362374 393.270786795731
56.460660213452556 343.44800198560444
96.5619260362374 253.52395135269305
56.460660213452556 191.5492678083893
85.6252171754779 168.46066021345263
37.01762223876907 164.8150905931994
192.5619260362374 147.80243236535134
216.86572350459184 159.95433109952856
237.52395135269305 168.46066021345263
260.6125589476298 164.8150905931994
281.27078679573094 207.34673616281967
231.44800198560444 108.9163564159843
248.46066021345254 101.62521717547797
94.13154628940195 138.08091337800957
86.84040704889561 112.56192603623738
117.22015388433867 105.27078679573107
167.04293869446522 72.46066021345263
196.20749565649055 78.53660958054117
248.46066021345254 49.37205261851599
263.04293869446525 59.093571605857754
260.6125589476298 50.58724249193362
273.97964755522463 46.94167287168053
289.7771159096551 59.093571605857754
311.65053363117414 57.87838173243996
348.1062298337058 57.87838173243996
378.4859766691488 59.093571605857754
385.7771159096551 66.38471084636409
411.2961032514272 53.01762223876907
419.80243236535136 49.37205261851599
413.72648299826267 80.96698932737675
458.6885083147183 106.48597666914885
506.08091337800954 79.75179945395897
472.0555969223133 36.00496401092096
520.6631918590222 11.701166542566652
507.2961032514272 4.410027302060318
538.891039960288 44.51129312484508
596.0049640109208 45.72648299826274
617.8783817324398 42.08091337800964
633.6758500868701 42.08091337800964
667.7011665425665 33.574584264085516
692.004964010921 42.08091337800964
736.9669893273765 80.96698932737675
736.9669893273765 57.87838173243996
778.2834450235791 42.08091337800964
770.9923057830727 40.86572350459185
764.9163564159843 32.35939439066786
766.1315462894019 6.840407048895762
749.1188880615538 15.346736162819747
797.7264829982628 18.992305783072986
820.8150905931993 42.08091337800964
825.6758500868702 27.498634896996972
832.9669893273765 6.840407048895762
885.2201538843387 83.39736907421207
908.3087614792754 70.03028046661719
901.0176222387689 118.63787540332609
953.2707867957312 132.00496401092096
958.1315462894021 97.97964755522473
726.0302804666172 108.9163564159843
683.4986348969969 108.9163564159843
648.258128567883 100.41002730206017
633.6758500868701 127.14420451725006
679.8530652767436 146.58724249193364
587.4986348969969 112.56192603623738
563.1948374286425 113.77711590965521
518.2328121121868 166.03028046661717
504.86572350459176 159.95433109952856
226.58724249193355 61.523951352693196
913.1695209729463 18.992305783072986
938.6885083147185 10.485976669148858
987.2961032514271 10.485976669148858
993.3720526185158 12.916356415984303
1009.1695209729463 8.055596922313413
998.2328121121867 3.1948374286425234
849.9796475552247 1.9796475552248722
245.0264279624894 13.320742343760237
303.6752573939275 57.62843465145253
335.5682339825563 52.49131090563313
327.86254836382716 55.48796642402778
180.5983343170046 134.5782674273722
184.45117712636915 119.80903665814142
142.926093514329 137.1468293002819
120.66522394911144 141.85585940061634
108.46455505279037 138.64515705947923
601.2003410059679 71.43445471834207
569.0933175945966 51.74214702603436
514.0832841497805 16.959538330382344
587.0732507049645 1.1200734474391985
498.02977244409504 1.1200734474391985
459.50134435044953 7.327431306970968
721.9227490327237 75.50134435044913
958.2304413404157 0.6919798019542427
975.3541871598137 2.19030756115157
963.1535182634926 4.972916256803728
799.8357925109844 3.367565086235046
641.8692373270378 0.9060266246967027
