257.8192004074357 755.065953654189
847.5334861217216 498.2347848230201
619.3776419658773 283.79322638146164
585.7153043035396 275.0659536541889
488.46855105678634 287.53348612172135
408.6763432645786 283.79322638146164
393.7153043035396 287.53348612172135
427.3776419658773 262.5984211866564
382.4945250827604 317.45556404379926
350.07894066717597 327.42959001782526
358.8062133944486 273.81920040743563
271.53348612172135 257.6114081996434
232.88413547237073 222.7023172905525
211.68933027756552 227.68933027756552
206.70231729055254 204.0010185892538
189.24777183600708 247.63738222561747
154.33868092691617 204.0010185892538
118.18283677107199 207.74127832951353
93.24777183600706 201.5075120957473
67.06595365418887 215.22179781003305
37.14387573211092 217.7153043035395
47.117901706136905 266.33868092691614
35.89712248535772 275.0659536541889
55.84517443340968 311.221797810033
108.208810797046 250.1308887191239
9.299719887955135 234.85816144639668
62.28673287496812 136.3646549528902
181.35166793990325 102.07894066717591
179.48153806977334 98.33868092691615
208.78023936847464 102.70231729055249
209.40361599185127 90.85816144639665
204.41660300483832 119.53348612172132
215.01400560224087 153.19582378405903
220.62439521263053 162.54647313470838
262.39062897886436 186.23478482302005
293.5594601476954 176.88413547237076
281.71530430353965 153.19582378405903
299.79322638146164 157.55946014769538
309.14387573211104 153.19582378405903
320.3646549528903 168.7802393684746
333.45556404379937 176.2607588489941
344.052966641202 172.52049910873436
371.4815380697734 195.58543417366943
361.50751209574736 215.53348612172135
377.09192768016294 214.91010949834472
352.156862745098 214.91010949834472
317.2477718360072 221.76725235548759
388.31270690094226 178.13088871912396
398.91010949834475 157.55946014769538
384.5724471606825 160.0529666412019
361.50751209574736 149.45556404379928
358.39062897886424 137.61140819964345
378.9620575502928 140.10491469314994
376.4685510567864 125.14387573211096
388.31270690094226 133.8711484593837
414.49452508276033 146.33868092691617
408.8841354723708 133.24777183600708
426.33868092691625 163.7932263814616
449.4036159918513 178.13088871912396
462.49452508276033 170.65036923860447
456.8841354723708 161.92309651133175
464.9880315762669 148.83218742042263
452.52049910873444 134.49452508276033
430.078940667176 121.40361599185124
408.2607588489941 122.65036923860444
48.988031576266856 76.05296664120182
505.92309651133195 166.28673287496815
518.3906289788644 146.9620575502928
521.5075120957475 126.39062897886427
510.2867328749683 120.156862745098
506.5464731347085 133.2477718360071
623.1179017061372 246.70231729055257
666.7542653425008 232.36465495289025
656.1568627450981 223.01400560224087
652.4166030048385 204.31270690094217
690.4425770308125 271.6373822256175
758.3906289788644 259.16984975808504
762.7542653425008 213.03997962821492
735.3256939139293 189.97504456327985
729.7153043035397 170.65036923860453
728.4685510567865 157.5594601476954
696.0529666412021 151.3256939139292
707.8971224853578 112.05296664120189
688.5724471606826 124.52049910873436
712.884135472371 106.4425770308123
709.1438757321112 97.71530430353955
713.5075120957475 67.16984975808501
698.5464731347087 74.02699261522788
679.8451744334099 95.22179781003305
673.6114081996436 98.33868092691615
676.7282913165267 103.94907053730579
661.7672523554878 108.93608352431878
627.4815380697736 102.07894066717591
628.1049146931501 141.97504456327985
615.6373822256177 108.31270690094215
599.4295900178254 93.35166793990321
593.1958237840591 92.10491469314994
576.9880315762671 111.42959001782526
580.7282913165267 155.0659536541889
588.8321874204229 154.44257703081232
584.4685510567865 165.66335625159152
574.4945250827604 168.78023936847464
564.5204991087345 56.72829131652659
568.8841354723709 61.40361599185127
578.2347848230203 66.39062897886426
581.6633562515916 64.52049910873438
595.6893302775657 63.27374586198115
600.9880315762671 55.48153806977333
604.7282913165267 75.74127832951362
605.97504456328 85.71530430353958
616.8841354723709 80.10491469314996
622.1828367710722 83.22179781003308
655.8451744334099 75.11790170613698
651.1698497580852 79.48153806977334
662.0789406671761 79.79322638146165
670.8062133944488 73.55946014769542
671.7412783295138 56.72829131652659
648.6763432645787 52.36465495289021
650.2347848230203 51.4295900178253
701.97504456328 48.00101858925386
713.1958237840593 47.689330277565546
732.2088107970462 54.85816144639673
735.014005602241 89.45556404379931
732.2088107970462 82.91010949834477
729.7153043035397 89.14387573211101
724.4166030048383 86.3386809269162
652.4166030048383 98.33868092691615
871.6373822256176 191.22179781003308
875.3776419658772 248.57244716068243
831.7412783295136 234.85816144639674
809.9230965113318 226.130888719124
837.3516679399032 151.3256939139292
851.6893302775655 143.84517443340968
861.039979628215 142.59842118665645
852.9360835243189 128.2607588489941
880.3646549528903 119.5334861217214
814.2867328749682 133.2477718360071
788.7282913165266 130.7542653425006
750.7023172905526 113.29971988795516
750.0789406671759 88.98803157626682
741.3516679399032 74.65036923860451
745.0919276801629 59.06595365418887
768.156862745098 80.26075884899412
780.6243952126305 70.28673287496812
813.6633562515915 82.75426534250059
818.6503692386045 85.8711484593837
839.8451744334096 87.11790170613698
805.5594601476954 109.55946014769542
795.5854341736695 108.93608352431878
829.8711484593838 107.68933027756555
844.8321874204228 106.4425770308123
852.9360835243189 115.79322638146165
885.3516679399032 107.68933027756555
899.6893302775655 102.07894066717591
873.5075120957474 93.35166793990321
900.3127069009423 83.37764196587722
894.0789406671761 74.02699261522788
978.2347848230202 122.65036923860451
998.8062133944487 125.14387573211097
1006.9101094983447 88.98803157626682
1021.8711484593838 95.22179781003305
948.3127069009421 87.11790170613698
930.2347848230202 75.89712248535771
949.5594601476954 61.55946014769542
961.4036159918513 59.06595365418887
798.0789406671759 54.078940667175914
745.0919276801629 46.754265342500624
742.9101094983449 44.57244716068243
745.4036159918513 38.026992615227876
731.6893302775655 44.57244716068243
729.8192004074357 47.065953654188924
795.5854341736695 42.39062897886425
795.5854341736695 35.8451744334097
791.5334861217215 32.416603004838265
803.3776419658774 46.754265342500624
819.2737458619813 44.884135472370744
826.7542653425006 45.507512095747366
829.8711484593839 45.819200407435666
827.065953654189 41.14387573211099
844.8321874204228 41.767252355487635
837.3516679399032 46.754265342500624
847.3256939139293 43.325693913929186
849.1958237840591 38.026992615227876
856.9880315762668 38.3386809269162
856.9880315762668 33.66335625159152
865.7153043035397 44.57244716068243
861.0399796282151 40.20881079704608
872.5724471606826 39.27374586198113
869.7672523554877 48.31270690094219
885.3516679399032 48.00101858925386
885.3516679399032 42.70231729055255
886.5984211866565 35.8451744334097
890.9620575502929 38.3386809269162
897.8192004074357 36.156862745098
892.8321874204229 46.754265342500624
907.1698497580852 46.754265342500624
916.2088107970462 47.377641965877224
917.1438757321112 42.70231729055255
918.7023172905527 30.85816144639673
877.8711484593839 48.93608352431878
888.7802393684748 51.117901706136976
988.5204991087344 48.93608352431878
982.5984211866567 49.55946014769542
978.5464731347085 42.70231729055255
967.9490705373058 45.819200407435666
957.0399796282151 37.40361599185126
946.4425770308125 45.507512095747366
940.2088107970462 46.13088871912399
938.6503692386045 42.39062897886425
933.3516679399032 48.00101858925386
933.0399796282151 35.8451744334097
946.4425770308125 23.06595365418894
960.7802393684748 23.06595365418894
968.2607588489942 22.754265342500624
966.7023172905527 20.57244716068243
963.8971224853578 19.637382225617507
975.4295900178254 24.936083524318782
976.6763432645787 19.637382225617507
981.6633562515916 23.689330277565542
982.2867328749682 19.637382225617507
985.091927680163 21.507512095747384
992.2607588489942 21.819200407435666
996.936083524319 24.936083524318782
991.6373822256177 17.76725235548763
1003.7932263814617 25.871148459383736
1003.1698497580852 39.27374586198113
1000.3646549528904 46.13088871912399
982.2867328749682 29.611408199643453
1010.3386809269164 14.338680926916199
1013.1438757321112 17.143875732110995
1013.4555640437994 12.780239368474641
1011.5854341736695 11.221797810033083
1016.7282913165267 14.416603004838269
1018.2867328749682 11.611408199643472
1022.0269926152279 13.94907053730581
1021.5594601476954 18.001018589253864
1018.7542653425006 17.377641965877242
1023.7412783295136 14.728291316526587
1017.5075120957474 40.442577030812316
1022.9620575502929 41.68933027756556
918.2347848230202 73.79322638146166
83.89712248535778 62.026992615227876
151.80903665814157 99.04649485212144
200.50468883205465 102.0431503705161
184.34415371499793 123.34080923339228
219.87592629024877 151.80903665814142
991.0866286313856 35.79565873172012
942.3909764574726 68.33077578857629
929.8692373270377 69.61505672503114
1003.4478326447636 14.096662076201723
915.4210767919209 182.738802544429
995.0464948521214 225.976260738409
