89.50751209574732 626.6503692386045
232.88413547237073 606.7023172905525
303.9490705373058 666.5464731347083
562.0269926152279 715.1698497580851
441.09192768016305 510.70231729055246
200.4685510567863 434.6503692386046
78.28673287496812 453.3516679399031
124.41660300483821 359.8451744334097
23.42959001782526 337.4036159918512
134.39062897886419 291.2737458619811
467.27374586198124 382.2867328749681
610.6503692386045 278.8062133944486
513.4036159918512 258.8581614463967
317.6633562515916 302.49452508276033
327.63738222561744 275.0659536541889
219.169849758085 260.10491469314996
204.20881079704608 217.7153043035395
94.49452508276033 200.26075884899413
57.09192768016289 230.18283677107198
14.70231729055248 256.3646549528902
25.92309651133174 155.37764196587722
72.05296664120189 161.61140819964345
98.23478482302009 142.9101094983447
111.94907053730576 129.19582378405903
138.13088871912396 152.88413547237067
190.49452508276033 147.89712248535773
199.22179781003305 108.00101858925379
146.85816144639665 109.24777183600708
269.03997962821484 127.94907053730576
279.01400560224096 146.65036923860444
277.76725235548764 96.78023936847461
335.117901706137 95.53348612172132
365.03997962821484 116.72829131652658
413.66335625159155 127.94907053730576
408.6763432645786 201.5075120957473
503.4295900178253 191.53348612172132
666.7542653425006 248.88413547237067
641.8192004074357 175.3256939139292
716.6243952126305 177.8192004074356
664.2607588489941 127.94907053730576
785.195823784059 204.0010185892538
833.8192004074357 266.33868092691614
871.2217978100331 341.143875732111
1014.5984211866564 556.8321874204227
1003.3776419658774 271.3256939139292
965.97504456328 154.13088871912396
1018.3386809269164 112.98803157626675
995.8971224853577 109.24777183600708
972.2088107970462 88.05296664120182
963.4815380697735 74.33868092691608
937.2997198879551 142.9101094983447
924.8321874204227 59.377641965877224
860.001018589254 94.28673287496805
874.9620575502928 59.377641965877224
841.2997198879553 111.74127832951346
793.9230965113318 117.9750445632797
805.1438757321112 162.85816144639665
802.6503692386045 94.28673287496805
810.130888719124 68.10491469314987
831.3256939139292 70.59842118665641
772.7282913165266 94.28673287496805
750.2867328749682 88.05296664120182
721.6114081996436 95.53348612172132
717.8711484593839 73.09192768016295
725.3516679399032 55.6373822256174
685.4555640437993 64.36465495289018
702.9101094983449 38.18283677107198
672.9880315762668 64.36465495289018
658.0269926152279 38.18283677107198
633.091927680163 50.65036923860445
615.6373822256176 48.1568627450979
594.4425770308123 90.54647313470838
576.988031576267 121.71530430353953
564.5204991087344 99.27374586198101
586.9620575502928 59.377641965877224
583.2217978100332 34.44257703081216
568.2607588489941 46.91010949834477
538.3386809269163 94.28673287496805
532.1049146931499 73.09192768016295
542.078940667176 38.18283677107198
524.6243952126306 48.1568627450979
527.117901706137 41.923096511331664
499.68933027756566 51.89712248535772
492.2088107970461 38.18283677107198
488.46855105678634 29.455564043799203
471.0140056022409 51.89712248535772
461.039979628215 18.23478482302002
437.3516679399032 29.455564043799203
418.6503692386045 24.46855105678625
432.36465495289025 99.27374586198101
418.6503692386045 81.81920040743559
408.6763432645786 76.83218742042264
402.44257703081234 68.10491469314987
408.6763432645786 38.18283677107198
391.221797810033 26.9620575502928
386.2347848230201 33.19582378405903
386.2347848230201 46.91010949834477
346.33868092691614 50.65036923860445
380.0010185892539 73.09192768016295
279.01400560224096 68.10491469314987
276.5204991087343 55.6373822256174
295.221797810033 43.16984975808494
311.4295900178253 70.59842118665641
310.182836771072 55.6373822256174
316.41660300483824 35.68933027756544
337.6114081996435 29.455564043799203
348.8321874204227 29.455564043799203
402.44257703081234 7.014005602240835
3.065953654188906 109.55946014769542
24.884135472370748 107.68933027756555
54.806213394448655 100.83218742042267
41.09192768016296 81.50751209574734
15.533486121721365 68.41660300483825
3.6893302775655434 34.13088871912395
39.84517443340968 51.585434173669434
33.611408199643456 26.650369238604515
8.676343264578534 6.078940667175915
33.611408199643456 4.208810797046074
42.9620575502928 11.06595365418887
62.28673287496812 45.35166793990321
85.35166793990321 58.44257703081231
70.39062897886423 34.13088871912395
79.74127832951362 12.936083524318782
63.5334861217214 9.19582378405903
93.45556404379931 17.2997198879551
91.58543417366944 6.078940667175915
122.75426534250062 12.312706900942144
142.07894066717594 45.975044563279845
132.10491469314996 40.98803157626682
130.8581614463967 61.55946014769542
183.22179781003308 39.74127832951361
190.70231729055257 51.585434173669434
186.3386809269162 65.29971988795513
229.97504456327988 34.13088871912395
253.66335625159152 42.85816144639673
276.7282913165266 23.533486121721403
259.8971224853577 19.79322638146165
261.14387573211104 6.078940667175915
292.3127069009422 6.078940667175915
318.4945250827604 12.936083524318782
329.71530430353965 8.572447160682392
350.2867328749682 7.949070537305755
379.5854341736695 3.5854341736694373
224.98803157626685 14.806213394448621
155.16984975808504 12.936083524318782
155.16984975808504 29.76725235548763
132.10491469314996 2.3386809269161626
280.46855105678634 6.7023172905525525
589.4555640437994 41.923096511331664
550.8062133944487 41.923096511331664
676.8561634443988 448.09292668116206
400.6384680962687 21.454521607974325
426.1100400026232 17.81572562135222
430.39097645747273 41.36087612302446
444.5180667584761 66.83244802937898
469.77559184208815 32.79900321332547
386.29733097252284 288.26388615646925
263.86254836382716 379.8759262902486
189.5883008721884 9.467899534395709
292.9729162568038 27.87592629024852
783.9963276280413 74.75218047085056
