5.975044563279773 366.0789406671759
2.2347848230200205 218.9620575502928
47.117901706136905 204.0010185892538
1.8192004074356674 172.52049910873438
19.27374586198112 152.57244716068243
44.20881079704608 143.84517443340968
56.676343264578534 137.61140819964345
64.78023936847464 136.98803157626682
73.50751209574734 107.68933027756555
104.67634326457853 119.5334861217214
129.61140819964348 84.62439521263046
109.0399796282149 67.16984975808501
152.05296664120192 106.4425770308123
145.19582378405906 108.31270690094215
171.37764196587725 107.06595365418895
171.37764196587725 98.33868092691615
193.19582378405906 97.71530430353955
197.55946014769546 64.05296664120189
207.53348612172144 51.585434173669434
194.44257703081234 139.48153806977334
179.48153806977334 130.7542653425006
202.5464731347084 153.19582378405906
192.57244716068243 156.93608352431878
155.16984975808504 157.5594601476954
132.10491469314996 168.78023936847464
112.156862745098 175.6373822256175
99.06595365418895 168.156862745098
107.16984975808505 208.67634326457852
161.40361599185127 226.130888719124
223.11790170613702 216.15686274509804
299.16984975808504 249.19582378405906
334.0789406671759 272.26075884899416
385.81920040743574 256.6763432645785
447.53348612172147 327.117901706137
407.01400560224096 189.97504456327985
349.6633562515916 148.8321874204227
293.5594601476954 111.42959001782526
261.76725235548764 113.29971988795516
280.46855105678634 85.2477718360071
257.4036159918513 79.01400560224084
226.85816144639676 146.3386809269162
234.96205755029283 137.61140819964345
231.22179781003308 127.01400560224087
236.2088107970461 105.19582378405903
248.05296664120192 49.715304303539526
221.87114845938373 23.533486121721403
275.4815380697734 47.221797810033046
288.5724471606825 86.49452508276033
312.88413547237076 30.390628978864203
314.7542653425007 55.94907053730576
326.59842118665654 49.715304303539526
340.31270690094215 85.2477718360071
352.7802393684747 76.52049910873436
374.59842118665654 71.53348612172137
407.01400560224096 112.67634326457853
463.11790170613705 150.70231729055254
455.63738222561756 87.74127832951362
426.33868092691625 77.76725235548763
421.9750445632798 84.62439521263046
386.4425770308123 62.80621339444862
481.19582378405903 105.19582378405903
502.39062897886424 91.48153806977334
509.8711484593838 87.11790170613698
489.29971988795523 62.80621339444862
419.4815380697734 64.67634326457853
431.9490705373059 52.83218742042264
448.7802393684746 36.624395212630496
466.23478482302016 37.24777183600707
468.72829131652657 25.403615991851243
454.39062897886424 26.650369238604515
445.0399796282149 26.650369238604515
416.9880315762669 27.89712248535772
411.3776419658772 26.650369238604515
408.8841354723708 17.92309651133174
400.156862745098 12.312706900942144
399.53348612172147 34.13088871912395
380.20881079704606 37.24777183600707
360.2607588489941 55.94907053730576
359.01400560224096 39.117901706136976
353.4036159918513 47.221797810033046
79.11790170613698 45.975044563279845
82.23478482302009 34.75426534250059
61.03997962821489 49.715304303539526
59.169849758085014 42.85816144639673
37.35166793990321 40.98803157626682
45.45556404379931 23.533486121721403
2.4425770308123043 45.35166793990321
17.403615991851243 34.13088871912395
102.18283677107206 2.3386809269161626
103.42959001782529 29.76725235548763
127.117901706137 12.936083524318782
85.97504456327984 12.936083524318782
145.19582378405906 1.715304303539525
188.83218742042268 3.5854341736694373
210.65036923860455 1.715304303539525
226.23478482302014 2.3386809269161626
205.66335625159152 12.312706900942144
330.33868092691625 32.884135472370744
340.93608352431886 29.76725235548763
346.5464731347085 31.014005602240836
341.5594601476954 21.03997962821485
340.31270690094215 10.442577030812304
352.7802393684747 21.03997962821485
355.89712248535784 17.2997198879551
349.0399796282149 12.312706900942144
359.01400560224096 6.078940667175915
380.83218742042277 22.286732874968127
375.8451744334097 14.806213394448621
375.8451744334097 8.572447160682392
406.39062897886424 4.208810797046074
428.83218742042277 12.312706900942144
446.2867328749682 4.208810797046074
453.143875732111 15.42959001782526
499.2737458619811 25.403615991851243
504.2607588489941 6.078940667175915
489.9230965113318 16.676343264578534
495.53348612172147 4.83218742042264
481.19582378405903 4.208810797046074
475.5854341736695 10.442577030812304
475.5854341736695 14.806213394448621
430.49452508276033 4.208810797046074
542.7023172905525 39.117901706136976
525.247771836007 47.84517443340968
539.5854341736693 21.66335625159149
524.0010185892538 10.442577030812304
512.7802393684746 3.5854341736694373
533.9750445632799 1.715304303539525
538.9620575502928 6.078940667175915
548.9360835243189 4.83218742042264
557.039979628215 10.442577030812304
555.7932263814616 6.078940667175915
563.8971224853577 3.5854341736694373
579.4815380697733 6.078940667175915
590.0789406671759 36.624395212630496
585.0919276801629 47.221797810033046
563.2737458619812 39.74127832951361
549.5594601476954 48.468551056786325
541.4555640437993 50.33868092691616
542.0789406671759 64.67634326457853
550.182836771072 77.143875732111
562.6503692386044 62.80621339444862
601.2997198879551 62.80621339444862
610.0269926152279 48.468551056786325
595.0659536541889 45.35166793990321
614.3906289788642 16.676343264578534
625.6114081996434 8.572447160682392
638.0789406671759 10.442577030812304
643.0659536541889 14.806213394448621
656.156862745098 7.949070537305755
661.143875732111 4.83218742042264
667.3776419658772 14.806213394448621
646.8062133944487 29.76725235548763
661.143875732111 35.377641965877224
660.5204991087344 47.221797810033046
652.4166030048382 38.49452508276034
658.6503692386044 59.06595365418887
646.182836771072 59.68933027756551
638.7023172905526 75.89712248535771
626.8581614463967 75.89712248535771
621.247771836007 69.6633562515915
644.9360835243189 93.35166793990321
633.0919276801629 82.75426534250059
652.4166030048382 87.74127832951362
670.4945250827603 93.97504456327984
679.2217978100331 82.13088871912394
676.7282913165266 69.03997962821488
676.10491469315 34.13088871912395
687.3256939139292 17.2997198879551
681.0919276801629 13.55946014769542
678.5984211866564 8.572447160682392
701.6633562515915 12.312706900942144
716.6243952126305 44.10491469314993
718.4945250827603 32.26075884899411
729.0919276801629 27.89712248535772
720.9880315762668 16.676343264578534
716.6243952126305 25.403615991851243
714.130888719124 16.676343264578534
696.0529666412019 3.5854341736694373
674.8581614463967 12.312706900942144
666.130888719124 3.5854341736694373
722.8581614463967 78.39062897886423
709.143875732111 93.35166793990321
708.5204991087344 78.39062897886423
745.9230965113318 118.28673287496812
788.9360835243189 80.26075884899412
796.4166030048382 107.68933027756555
811.3776419658772 111.42959001782526
793.2997198879551 145.7153043035396
771.4815380697733 223.6373822256175
734.7023172905526 213.03997962821492
721.6114081996434 206.18283677107206
658.0269926152279 141.97504456327985
646.8062133944487 138.23478482302008
557.6633562515915 189.97504456327985
551.4295900178253 145.7153043035396
525.247771836007 119.5334861217214
509.6633562515915 17.92309651133174
489.71530430353954 6.7023172905525525
547.6893302775655 372.0010185892539
808.8841354723706 45.975044563279845
797.039979628215 27.89712248535772
795.7932263814616 16.676343264578534
740.3127069009421 2.3386809269161626
730.3386809269163 9.19582378405903
717.247771836007 6.078940667175915
740.3127069009421 16.676343264578534
752.7802393684746 7.949070537305755
757.1438757321109 15.42959001782526
753.4036159918513 34.13088871912395
745.2997198879552 23.533486121721403
772.7282913165266 16.676343264578534
792.6763432645786 8.572447160682392
751.5334861217214 59.06595365418887
752.156862745098 47.84517443340968
847.9490705373059 60.93608352431878
833.6114081996434 39.117901706136976
839.2217978100331 11.06595365418887
842.9620575502928 23.533486121721403
856.6763432645786 45.975044563279845
840.4685510567864 45.35166793990321
885.3516679399032 74.02699261522788
894.7023172905526 63.42959001782526
900.9360835243189 88.98803157626682
920.2607588489941 118.28673287496812
869.7672523554877 203.06595365418897
852.3127069009421 140.10491469314996
971.3776419658772 109.55946014769542
991.9490705373058 123.89712248535776
969.5075120957474 188.10491469314996
991.3256939139292 249.8192004074357
892.2088107970461 47.221797810033046
890.9620575502928 26.650369238604515
862.2867328749682 16.676343264578534
854.8062133944487 6.7023172905525525
874.1308887191241 12.936083524318782
876.0010185892539 6.7023172905525525
882.2347848230202 6.078940667175915
884.10491469315 10.442577030812304
869.1438757321109 21.66335625159149
879.117901706137 29.76725235548763
902.1828367710721 22.286732874968127
905.2997198879552 12.936083524318782
909.6633562515916 12.936083524318782
917.7672523554877 7.949070537305755
925.8711484593838 14.806213394448621
924.0010185892539 22.286732874968127
928.3646549528903 21.03997962821485
912.7802393684748 23.533486121721403
941.4555640437993 27.89712248535772
947.065953654189 38.49452508276034
960.7802393684746 30.390628978864203
960.7802393684746 19.16984975808501
962.6503692386045 45.35166793990321
972.6243952126305 54.078940667175914
950.8062133944487 57.19582378405903
943.3256939139292 59.06595365418887
989.4555640437993 74.65036923860451
978.8581614463967 74.02699261522788
1013.7672523554877 77.143875732111
1023.117901706137 82.75426534250059
1021.2477718360072 48.468551056786325
1011.8971224853577 47.221797810033046
997.5594601476954 39.74127832951361
975.7412783295136 38.49452508276034
974.4945250827603 30.390628978864203
1009.4036159918513 29.76725235548763
1021.8711484593838 32.26075884899411
1020.0010185892539 150.70231729055254
1020.6243952126305 182.49452508276033
867.4815380697735 650.3386809269163
896.156862745098 620.4166030048383
841.2997198879553 397.2477718360071
725.3516679399032 452.1049146931499
600.6443752326105 30.78223737047273
23.916060069512753 30.28395304610137
25.52141124008132 42.377598531051206
76.99967210964654 5.775591842087998
110.28395304610136 5.56154501934552
120.77224736048265 9.5214112400813
152.77224736048265 17.548167092924118
165.07993966817497 26.217063413994353
173.213718932389 26.966227293593008
162.40435438389403 3.421076791920777
219.76890287887733 12.518066758475952
194.9394714407502 26.805692176536148
241.38763197586727 68.97291625680371
286.65853498590076 63.514722276870614
306.8859597350646 79.2471637484425
229.61505672503128 161.33412027018156
459.0732507049644 367.8893042166699
391.0063610728573 5.186963079546223
514.9394714407505 66.83244802937898
547.2605416748642 15.247163748442503
549.9361269591451 20.812381139746865
513.3341202701819 11.394320939077955
588.0364614073056 29.80234769493081
443.4478326447638 127.5147222768705
443.87592629024886 106.32408682536546
597.6685684307172 5.775591842087998
851.6351236146634 50.13679585546595
810.7521804708506 6.685290838743551
851.7421470260346 5.347498196603042
864.2638861564694 9.307364417338837
867.5816119089777 4.170240671519441
858.8056921765361 33.17358515312478
898.7254246180079 37.240474785231804
910.1769296347301 37.66856843071676
920.4511771263689 35.74214702603448
927.9428159223554 36.277264082890675
936.718735654797 28.14348481867663
