1010.645751633987 317.6679738562091
958.2605664488017 272.15686274509795
984.8087145969498 268.3642701525054
988.8383442265796 251.53464052287575
949.9642701525054 243.94945533769058
868.4235294117647 285.430936819172
875.7716775599127 247.50501089324612
867.4753812636164 245.13464052287574
849.2235294117647 254.85315904139426
896.156862745098 241.10501089324612
803.7124183006534 244.6605664488017
802.7642701525054 257.2235294117647
944.2753812636165 337.8161220043573
936.9272331154683 328.3346405228758
947.8309368191722 366.1420479302831
844.0087145969499 367.56427015250534
802.7642701525054 403.593899782135
782.8531590413943 389.37167755991277
767.6827886710239 403.593899782135
689.9346405228757 383.20871459694985
704.630936819172 385.1050108932462
695.6235294117646 330.11241830065353
684.719825708061 296.92723311546837
695.6235294117646 292.66056644880166
705.1050108932461 275.59389978213505
749.193899782135 264.6901960784313
743.0309368191721 253.78649237472763
660.305010893246 252.48278867102394
679.5050108932461 251.29760348583872
679.5050108932461 260.3050108932461
700.8383442265795 257.9346405228758
674.5272331154683 262.6753812636165
663.8605664488016 268.3642701525054
648.2161220043571 262.20130718954243
638.4976034858387 264.80871459694987
624.2753812636164 268.3642701525054
629.9642701525053 280.92723311546837
582.5568627450979 283.53464052287575
583.505010893246 268.6013071895424
558.1420479302831 271.68278867102396
544.630936819172 281.4013071895424
580.8976034858387 269.5494553376906
563.830936819172 292.30501089324616
577.8161220043572 288.9864923747277
613.3716775599128 296.3346405228758
610.2901960784312 305.8161220043573
541.5494553376905 304.39389978213507
531.3568627450979 300.3642701525054
530.4087145969497 306.29019607843134
529.6976034858386 315.7716775599128
541.0753812636164 320.9864923747277
490.8235294117646 310.9124183006536
516.4235294117645 315.6531590413943
518.793899782135 306.17167755991284
467.5938997821348 282.9420479302832
505.99389978213486 267.7716775599128
451.00130718954216 270.97167755991285
438.2013071895422 244.42352941176466
443.17908496732 243.94945533769058
417.57908496731994 249.40130718954245
410.9420479302829 251.53464052287578
410.2309368191718 266.70501089324614
419.47538126361627 262.20130718954243
436.0679738562089 271.68278867102396
438.43834422657926 268.3642701525054
436.3050108932459 276.6605664488017
439.14945533769037 275.94945533769055
429.66797385620885 277.6087145969499
433.46056644880144 275.71241830065355
425.8753812636163 296.3346405228758
421.6087145969496 308.18649237472766
406.43834422657926 313.6383442265795
406.2013071895422 301.54945533769063
434.88278867102366 341.13464052287577
682.8235294117649 424.4531590413943
462.85315904139446 543.919825708061
396.4827886710241 574.2605664488017
300.719825708061 696.5716775599128
192.63093681917218 757.2531590413944
26.705010893246236 609.3420479302832
389.84575163398705 321.1050108932462
288.15686274509807 329.99389978213503
316.36427015250547 328.3346405228757
291.0013071895425 298.7050108932461
304.5124183006536 299.4161220043572
318.02352941176474 293.49019607843127
339.11982570806106 303.44575163398684
345.282788671024 285.9050108932461
334.1420479302833 287.8013071895424
329.4013071895425 288.98649237472756
328.9272331154685 280.2161220043572
311.86056644880176 293.7272331154683
383.682788671024 282.82352941176464
397.9050108932462 275.0013071895424
383.2087145969499 265.28278867102387
390.31982570806105 259.593899782135
306.40871459694995 277.8457516339868
300.482788671024 290.1716775599128
296.4531590413944 277.37167755991277
291.94945533769067 276.1864923747276
279.86056644880176 281.1642701525053
287.919825708061 269.7864923747276
272.9864923747277 285.6679738562091
263.5050108932462 299.4161220043572
261.84575163398694 278.55686274509793
268.9568627450981 279.97908496732015
265.1642701525054 264.0976034858387
269.1938997821351 261.7272331154683
279.6235294117647 260.3050108932461
299.2976034858388 258.6457516339868
302.3790849673203 257.2235294117646
314.94204793028325 259.593899782135
318.73464052287585 256.27538126361645
337.22352941176473 255.80130718954237
343.86056644880176 254.61612200435718
327.26797385620915 255.56427015250537
356.0679738562092 250.76427015250533
361.5198257080611 251.9494553376905
391.1494553376907 248.51241830065348
398.9716775599129 241.63834422657942
401.4605664488018 241.16427015250534
351.2087145969499 243.53464052287575
336.98649237472773 246.7346405228757
339.4753812636166 247.20871459694976
331.41612200435736 247.09019607843126
326.91241830065366 247.44575163398682
343.86056644880176 246.7346405228757
346.3494553376907 246.37908496732015
241.4605664488017 375.3864923747276
218.23093681917206 372.54204793028316
236.71982570806097 323.7124183006535
212.54204793028313 333.193899782135
224.86797385620912 318.49760348583874
243.83093681917202 321.3420479302832
249.51982570806095 300.95686274509796
252.36427015250538 298.11241830065353
253.7864923747276 291.94945533769055
247.62352941176465 287.20871459694985
239.09019607843132 283.8901960784313
238.14204793028318 291.4753812636165
236.24575163398688 299.53464052287575
215.86056644880168 312.8087145969498
249.0457516339869 266.2309368191721
255.20871459694987 261.9642701525054
259.2383442265795 263.3864923747276
256.156862745098 268.12723311546836
247.14945533769063 266.46797385620914
240.7494553376906 267.1790849673202
239.80130718954248 268.3642701525054
238.37908496732024 268.6013071895424
237.43093681917208 267.41612200435725
235.5346405228758 268.83834422657947
232.2161220043573 270.49760348583874
219.89019607843136 265.2827886710239
223.4457516339869 269.5494553376906
214.67538126361654 278.0827886710239
207.56427015250543 271.91982570806096
195.9494553376906 267.41612200435725
194.76427015250542 265.2827886710239
201.6383442265795 271.6827886710239
203.06056644880172 269.5494553376906
193.10501089324615 274.0531590413943
186.4679738562091 275.71241830065355
180.30501089324616 275.94945533769055
176.27538126361654 274.5272331154684
177.69760348583875 278.0827886710239
163.9494553376906 277.8457516339869
166.55686274509802 275.94945533769055
167.7420479302832 278.31982570806093
169.1642701525054 281.87538126361653
156.8383442265795 278.556862745098
155.41612200435728 279.2679738562091
150.4383442265795 272.393899782135
152.3346405228758 268.6013071895424
146.1716775599128 268.12723311546836
142.37908496732024 277.37167755991277
138.11241830065356 275.94945533769055
136.92723311546837 280.4531590413943
129.57908496732023 279.2679738562091
131.71241830065358 288.2753812636165
156.8383442265795 289.9346405228758
155.89019607843133 283.7716775599128
162.52723311546836 287.5642701525054
173.66797385620913 285.193899782135
160.156862745098 295.1494553376906
183.1494553376906 295.62352941176465
200.69019607843134 297.5198257080609
212.0679738562091 292.54204793028316
223.20871459694987 288.03834422657945
194.76427015250542 311.9790849673202
192.86797385620915 314.58649237472764
180.54204793028322 309.8457516339869
184.09760348583876 307.71241830065355
168.9272331154684 315.7716775599128
167.0309368191721 308.1864923747276
153.99389978213506 304.63093681917206
148.77908496732022 297.5198257080609
134.79389978213504 296.5716775599128
125.78649237472763 289.9346405228758
121.756862745098 282.11241830065353
122.46797385620911 293.0161220043572
132.66056644880172 320.2753812636165
126.2605664488017 309.37167755991277
121.99389978213506 331.1790849673202
151.1494553376906 364.83834422657947
81.69760348583887 371.356862745098
120.57167755991291 374.2013071895425
117.7272331154685 355.71241830065355
170.34945533769073 372.30501089324616
185.045751633987 375.6235294117647
91.17908496732034 333.43093681917213
97.34204793028331 307.8309368191721
99.71241830065368 292.6605664488017
104.45315904139441 285.54945533769063
109.66797385620924 293.13464052287577
113.93464052287591 291.71241830065355
117.25315904139443 284.1272331154684
110.6161220043574 278.9124183006536
49.934640522875874 370.40871459694995
63.20871459694995 368.9864923747276
65.10501089324626 344.3346405228758
42.34945533769072 348.1272331154684
46.1420479302833 332.956862745098
57.51982570806107 329.1642701525055
77.43093681917219 322.0531590413943
74.11241830065367 312.5716775599128
81.22352941176477 306.88278867102395
70.31982570806109 312.09760348583876
66.05315904139442 315.89019607843136
55.623529411764764 316.3642701525054
40.92723311546847 319.2087145969499
34.29019607843143 316.3642701525054
46.61612200435736 312.09760348583876
59.89019607843144 308.7790849673202
31.682788671024007 309.3716775599129
22.43834422657957 306.76427015250545
22.6753812636166 302.4976034858388
45.90501089324624 304.39389978213507
56.57167755991291 302.26056644880174
94.73464052287586 284.719825708061
101.3716775599129 283.5346405228758
104.92723311546847 280.69019607843137
96.15686274509807 278.082788671024
90.94204793028328 280.69019607843137
88.80871459694993 283.06056644880175
76.71982570806105 279.0309368191721
81.46056644880181 276.8976034858388
79.09019607843142 276.18649237472766
73.87538126361662 278.319825708061
64.63093681917216 279.26797385620915
68.6605664488018 276.4235294117647
65.34204793028329 277.6087145969499
61.07538126361661 279.97908496732026
60.364270152505505 276.6605664488018
57.04575163398698 274.76427015250545
52.54204793028328 276.8976034858388
58.4679738562092 279.7420479302832
47.32723311546845 276.18649237472766
115.11982570806107 287.80130718954246
131.00130718954253 284.48278867102397
151.86056644880182 286.14204793028324
20.779084967320312 291.119825708061
21.01612200435734 284.48278867102397
14.853159041394377 284.0087145969499
15.564270152505483 280.92723311546837
19.59389978213511 281.1642701525054
16.749455337690666 277.84575163398694
22.6753812636166 277.6087145969499
27.416122004357334 282.1124183006536
27.416122004357334 279.7420479302832
26.4679738562092 277.3716775599129
29.31241830065364 278.082788671024
30.497603485838823 279.26797385620915
30.9716775599129 281.6383442265795
44.71982570806106 275.2383442265795
47.32723311546845 280.92723311546837
50.171677559912894 275.47538126361655
49.22352941176476 278.082788671024
34.29019607843142 279.7420479302832
32.86797385620919 278.319825708061
31.445751633986976 275.7124183006536
38.319825708061046 276.6605664488018
37.13464052287586 278.55686274509804
42.82352941176475 280.69019607843137
42.112418300653644 277.84575163398694
36.897603485838815 281.1642701525054
40.69019607843141 279.7420479302832
39.979084967320304 280.69019607843137
42.82352941176475 277.1346405228758
64.63093681917216 275.00130718954244
56.09760348583883 279.7420479302832
58.230936819172165 278.082788671024
49.69760348583882 281.87538126361653
118.43834422657956 320.7494553376906
113.69760348583883 316.48278867102397
394.6423772306124 248.48453507277043
54.3107088989442 278.5344851227204
94.59042917866448 276.23278682102216
54.84582595580038 281.5214112400812
