10.76648841354729 509.0766488413547
5.290552584670342 313.3119429590018
97.69696969696979 331.10873440285206
98.38146167557937 162.72370766488416
163.4081996434938 135.34402852049914
634.3386809269163 536.4563279857398
719.2156862745098 550.8306595365419
467.32263814616755 127.81461675579325
426.25311942959013 116.8627450980392
988.7344028520499 263.1729055258467
921.6541889483065 64.3279857397505
754.9803921568628 90.33868092691627
549.9750445632799 93.07664884135478
594.0392156862745 41.4830659536542
635.7932263814616 42.50980392156865
575.5579322638146 34.46702317290553
560.3279857397504 30.70231729055259
725.632798573975 51.40819964349377
732.0926916221032 30.402852049910887
393.56862745098056 70.83065953654196
463.04456327985747 60.905525846702346
512.3279857397505 87.25846702317297
402.03921568627464 43.70766488413549
62.04697263520799 25.603416191651537
76.36865095688628 22.534485122720497
87.62139820963357 25.603416191651537
164.34467493291032 8.212806801042175
203.21780180603716 3.097921686156969
642.07494466318 14.350668938904253
605.2477718360071 4.120898709133982
850.7622573504925 40.94807153630687
1010.3466729349082 74.70631329454858
1010.3466729349082 128.92409551233084
