273.1151204583467 584.8682965019038
349.7757375182378 541.6595850681471
480.7957012205972 566.7485142877478
578.3637592968222 608.5633963204157
627.1477883349347 721.463577808619
819.496245685207 439.9100387886552
763.7430696416499 420.3964271734102
714.9590406035373 347.9172983167859
650.8428881534466 324.2221984982741
525.398242055443 211.3220170100708
451.5252837977297 166.71947617522505
355.3510551225935 198.77755240027045
309.3546848866588 177.87011138393655
337.2312729084375 170.90096437849184
333.0497847051707 130.4799117469129
309.3546848866588 122.11693534037931
119.79388633856448 269.8628518558059
82.16049250916338 208.53435820789295
225.72492082132308 13.398242055442882
411.1042311661507 81.69588270880037
433.40550158357354 91.45268851642294
565.819294687022 103.99715312622321
407.4454289882924 13.572470730578988
421.03526564890944 19.84470303547916
546.4799117469131 23.67773388847373
570.5234689156971 21.93544713711255
615.8229244510874 32.737624995551755
804.6868082986371 97.89914949645917
825.594249314971 76.29479377958079
871.5906195509056 24.374648589018186
896.3310914202342 34.13145439664068
913.0570442333013 155.74306964164975
936.752144051813 136.9263727269492
990.4145759937368 129.60876837123234
1007.4889861570763 127.86648161987118
1021.4272801679656 98.59606419700366
