23.42959001782533 580.9171933236105
183.37669745584193 513.6378544806353
317.93537514179235 561.8758710095609
79.28413547237085 387.96512720790804
136.4081024145196 339.7271106789824
328.0907470426188 415.8923999351807
364.9039701831146 375.2709123318749
230.34529249716425 282.60314373683366
178.2990115054287 238.17339167071793
192.26264786906503 184.8576891913791
211.30397018311464 182.3188462161725
282.3915734888997 196.28248257980886
319.20479662939556 272.4477718360071
251.92545778642037 271.17835034840385
272.2362015880733 287.68082968724684
562.9337222492303 328.3023172905526
566.7419867120401 443.8196726624534
569.2808296872468 537.756862745098
507.0791767946849 739.5948792740237
653.0626478690649 526.3320693566683
716.5337222492303 474.2857883649328
693.6841354723708 403.19818505914765
773.6576891913791 443.8196726624534
818.0874412574947 387.96512720790804
792.6990115054285 356.22959001782533
673.3733916707179 313.06925943931293
565.472565224437 300.37504456327986
548.9700858855939 263.561821422784
527.3899205963377 258.48413547237084
383.94529249716425 219.13206935666832
328.0907470426188 182.3188462161725
127.52215200129642 137.88909415005676
64.05107762113117 135.35025117485017
45.00975530708156 123.92545778642042
85.63124291038733 132.81140819964355
168.14363960460219 140.4279371252634
998.345292497164 440.0114081996435
989.4593420839408 368.92380489385846
922.1800032409656 320.68578836493276
906.9469453897261 301.6444660508832
828.2428131583209 285.1419867120402
833.3204991087342 268.63950737319726
805.3932263814618 325.76347431534606
749.5386809269163 302.9138875384865
701.3006643979905 254.67587100956092
651.7932263814616 273.71719332361045
602.2857883649327 233.0957057203047
655.6014908442717 259.75355695997416
661.9485982822881 229.28744125749478
628.943639604602 196.28248257980886
603.555209852536 192.47421811699894
906.9469453897261 247.05934208394106
392.83124291038735 203.89901150542866
405.5254577864203 210.24611894344517
437.26099497650307 179.78000324096587
462.64942472856916 175.97173877815592
531.1981850591476 181.0494247285692
595.9386809269163 168.35520985253612
913.2940528277426 206.43785448063528
45.644466050883146 110.27917679468477
51.991573488899675 104.5667801004699
53.89570572030464 89.33372224923022
62.78165613352779 81.08248257980874
67.22463134013934 93.14198671204016
67.85934208394102 109.00975530708146
92.61306109220548 101.39322638146162
91.34363960460217 89.96843299303185
41.20149084427159 80.44777183600708
26.603143736833594 96.7915734888997
5.975044563279862 93.93537514179226
58.656036298817064 53.6312429103873
45.64446605088317 48.23620158807327
68.49405282774268 57.75686274509805
81.82297844757738 56.17008588559392
76.74529249716417 60.29570572030467
60.242813158321184 69.81636687732946
44.05768919137905 73.62463134013936
22.477523902122847 39.66760654675094
18.034548695511273 47.6014908442716
115.78000324096581 66.64281315832119
108.48082968724682 61.565127207907985
109.43289580294929 83.14529249716416
113.87587100956085 84.41471398476747
120.85768919137907 82.5105817533625
127.20479662939559 78.06760654675094
116.73206935666832 104.40810241451953
169.7304164641063 125.6709123318749
150.68909415005675 119.6411602657592
175.12545778642036 136.14363960460216
208.44777183600715 121.54529249716416
176.7122346459245 98.37835034840383
163.38330902608982 97.74363960460218
149.1023172905526 73.62463134013936
144.65934208394106 65.37339167071788
120.54033381947822 65.05603629881706
111.33702803435426 57.75686274509805
120.85768919137907 47.28413547237078
126.57008588559394 45.69735861286665
132.2824825798088 54.583309026089786
125.30066439799062 55.852730513693096
127.83950737319725 64.73868092691623
135.45603629881708 67.59487927402368
150.3717387781559 61.24777183600714
154.49735861286666 61.24777183600714
164.65273051369314 59.97835034840383
163.06595365418895 73.62463134013936
174.17339167071788 59.66099497650301
178.2990115054286 74.25934208394104
190.67587100956086 84.7320693566683
187.5023172905526 69.1816561335278
184.01140819964348 24.4345486955113
187.81967266245343 30.78165613352779
197.65768919137903 26.65603629881705
214.7948792740237 33.00314373683361
212.89074704261878 27.925457786420356
222.0940528277427 24.4345486955113
227.48909415005676 25.386614811213768
224.95025117485014 38.715540431048474
238.5965321665857 24.4345486955113
142.43785448063525 19.674218116998862
147.51554043104846 20.943639604602176
193.84942472856918 75.84611894344515
198.29239993518073 69.49901150542864
214.16016853022202 79.65438340625506
204.9568627450981 97.42628423270135
218.92049910873445 105.360168530222
229.71058175336256 87.58826770377574
226.85438340625512 74.57669745584185
216.38165613352783 70.4510776211311
211.62132555501546 54.583309026089786
220.5072759682386 49.50562307567655
232.56678010047 68.22959001782532
225.90231729055265 68.54694538972615
239.86595365418898 77.43289580294929
245.89570572030468 76.48082968724681
251.60810241451955 75.84611894344515
248.7519040674121 89.17504456327985
252.24281315832124 115.19818505914763
253.51223464592454 88.54033381947822
31.469259439312847 55.6940528277426
293.6047966293955 49.34694538972604
257.42628423270133 32.84446605088306
232.67256522443682 16.34198671204007
305.664300761627 50.61636687732934
258.0609949765029 83.62132555501536
264.4081024145195 73.4659536541889
265.67752390212286 85.52545778642029
282.81471398476737 93.77669745584178
272.0246313401393 53.155209852535975
298.04777183600703 117.26099497650294
286.6229784475774 134.3981850591476
304.3948792740236 113.45273051369301
324.0709123318749 122.97339167071782
323.4362015880733 135.6676065467509
331.6874412574947 122.97339167071782
320.8973586128666 92.50727596823847
395.15851563766 168.67256522443682
388.17669745584186 147.09239993518065
371.6742181169989 128.68578836493268
389.44611894344513 130.58992059633766
409.7568627450981 143.2841354723707
411.0262842327013 162.32545778642032
435.7800032409658 153.43950737319716
451.01306109220553 155.34363960460212
476.4014908442716 155.34363960460212
490.365127207908 159.15190406741203
504.963474315346 144.553556959974
473.2279371252634 107.74033381947814
440.85768919137905 133.76347431534595
333.27421811699884 90.761821422784
336.13041646410625 95.83950737319722
326.6097553070815 77.75025117485012
324.70562307567656 69.81636687732946
328.5138875384865 59.97835034840383
336.4477718360071 70.4510776211311
340.8907470426187 83.462647869065
356.75851563765997 59.97835034840383
366.2791767946848 58.708928860800526
381.8295900178253 65.05603629881706
392.3023172905526 59.97835034840383
407.21801976989144 70.4510776211311
412.9304164641063 71.7204991087344
412.6130610922055 63.46925943931293
394.8411602657592 106.94694538972614
425.30727596823857 105.99487927402369
451.3304164641063 143.44281315832117
458.31223464592443 138.99983795170962
513.5320693566683 137.41306109220548
516.3882677037758 145.9816561335278
522.7353751417922 120.59322638146169
478.3056230756766 105.04281315832118
426.5766974558419 88.85768919137905
421.1816561335277 89.33372224923022
533.5254577864204 145.82297844757733
557.6444660508831 154.07421811699882
561.452730513693 161.056036298817
572.8775239021228 154.07421811699882
558.9138875384864 145.82297844757733
592.553556959974 127.41636687732941
565.8957057203046 90.12711067898236
579.859342083941 90.4444660508832
587.4758710095608 88.54033381947822
599.2180197698914 114.24611894344517
592.8709123318749 107.58165613352782
621.1155404310484 128.20975530708154
628.4147139847674 124.71884621617245
632.2229784475774 171.0527305136931
675.7006643979906 158.99322638146174
605.5651272079078 189.45934208394107
573.1948792740236 66.64281315832119
597.9485982822881 85.68413547237078
601.4395073731972 66.32545778642037
603.660994976503 66.96016853022202
586.2064495219574 68.54694538972615
582.7155404310483 66.32545778642037
615.7204991087343 63.78661481121376
617.6246313401393 81.2411602657592
631.2709123318749 76.79818505914764
633.4923999351806 94.57008588559394
629.0494247285691 95.20479662939559
644.9171933236104 115.83289580294931
668.0841354723708 92.66595365418897
647.1386809269161 79.65438340625509
643.3304164641063 68.86430076162698
591.9188462161724 67.75355695997409
589.6973586128665 66.4841354723708
620.1634743153459 64.42132555501541
633.8097553070814 63.62793712526336
628.5733916707178 63.31058175336253
635.5552098525359 65.3733916707179
636.8246313401393 68.07091233187492
643.3304164641062 63.94529249716418
638.252730513693 62.041160265759224
654.5965321665856 64.58000324096582
648.8841354723706 62.67587100956087
646.1866148112135 62.51719332361046
649.042813158321 68.07091233187492
662.0543834062549 61.88248257980877
666.1800032409656 61.88248257980877
677.2874412574947 62.83454869551126
670.3056230756764 79.65438340625505
684.5866148112136 84.09735861286663
682.3651272079079 117.73702803435425
700.1370280343541 137.09570572030466
697.2808296872468 127.89239993518068
705.849424728569 122.81471398476747
701.7238048938582 117.10231729055256
712.5138875384863 128.2097553070815
718.860994976503 88.22297844757738
707.1188462161723 88.22297844757738
693.7899205963377 85.04942472856911
725.6841354723706 62.83454869551124
733.9353751417922 65.37339167071785
725.5254577864202 100.4411602657592
736.95025117485 98.53702803435422
740.1238048938583 92.1899205963377
747.1056230756765 125.35355695997407
741.7105817533625 147.25107762113112
782.0147139847675 153.91554043104844
781.3800032409658 142.49074704261866
766.4643007616269 92.98330902608977
682.047771836007 76.79818505914764
788.9965321665856 83.14529249716416
806.7684329930318 79.9717387781559
811.5287635715442 79.9717387781559
792.1700858855938 100.28248257980879
795.343639604602 118.37173877815589
787.0923999351807 135.82628423270134
795.0262842327012 142.8081024145195
802.6428131583211 137.09570572030466
804.2295900178253 128.52711067898232
816.6064495219575 139.63454869551126
822.0014908442715 148.52049910873438
810.2593420839409 188.18992059633769
803.5948792740237 190.09405282774267
815.0196726624534 105.67752390212284
802.0081024145195 112.65934208394103
844.5337222492302 193.4262842327013
833.1089288608003 183.27091233187485
862.9403338194782 155.97835034840378
896.5800032409658 196.59983795170956
817.241160265759 289.90231729055256
949.2609949765028 200.4081024145195
901.6576891913791 149.63124291038727
904.8312429103871 154.70892886080048
868.6527305136931 145.82297844757733
836.9171933236104 121.06925943931289
932.7585156376598 149.63124291038727
945.4527305136932 152.17008588559386
909.9089288608004 131.2246313401393
929.5849619186517 130.58992059633766
903.5618214227839 139.4758710095608
949.8957057203045 117.26099497650294
948.6262842327012 97.58496191865171
893.4064495219574 111.54859828228808
907.3700858855939 102.66264786906493
834.0609949765029 83.78000324096581
824.857689191379 106.3122346459245
835.0130610922054 109.16843299303193
836.2824825798087 76.48082968724681
840.4081024145194 81.55851563766004
845.8031437368335 86.0014908442716
845.8031437368335 81.55851563766004
848.34198671204 76.79818505914764
865.7965321665855 82.5105817533625
869.2874412574947 85.04942472856914
878.8081024145195 83.462647869065
892.7717387781557 88.22297844757739
905.7833090260897 91.39653216658566
917.5254577864202 86.31884621617242
906.1006643979905 79.9717387781559
914.0345486955111 83.462647869065
888.0114081996434 81.2411602657592
908.0047966293955 84.41471398476747
961.6378544806352 89.49239993518069
955.6081024145194 128.2097553070815
960.6857883649326 166.92711067898233
967.667606546751 158.67587100956086
968.9370280343542 149.15520985253605
984.4874412574947 124.71884621617241
968.9370280343542 128.2097553070815
1005.4328958029492 129.161821422784
913.0824825798088 72.03785448063523
914.351904067412 70.13372224923029
921.3337222492302 72.03785448063523
919.1122346459244 68.86430076162696
923.2378544806351 67.59487927402368
924.1899205963375 65.05603629881706
928.3155404310484 65.05603629881706
928.6328958029492 69.81636687732946
962.3783503484038 212.4676065467509
956.665953654189 213.10231729055255
975.7072759682385 212.4676065467509
989.0362015880734 215.00644952195748
1022.0411602657593 170.5766974558418
979.6213255550156 201.36016853022196
1021.1948792740235 344.8047966293956
796.5180667584762 100.43779919994743
803.1535182634929 105.57492294576683
830.6585349859008 82.02977244409459
914.2438192668371 67.4745884976064
918.0966620762017 65.86923732703784
913.3876319758673 64.37090956784053
917.0264279624894 63.62174568824186
920.9862941832251 64.37090956784053
922.4846219424225 79.88930421666994
