80.76666310807445 572.3238318921035
57.07156328956262 515.1768264474574
84.94815131134123 476.14960321696736
114.21856873420877 442.69769759083306
235.48172662894564 439.9100387886552
176.94089178321056 336.76666310807445
482.18953062168623 456.63599160172237
563.0316358848441 473.36194441478955
631.3292765382016 736.795701220597
638.2984235436463 533.2966086616134
915.6704743603432 612.7448845236825
628.5416177360237 364.64325112985307
873.8555923276755 352.09878652005267
968.6359916017225 384.156862745098
871.0679335254974 283.80114586669515
777.6813636525392 204.35287000462617
196.1060460481835 288.67954877050647
238.6178427813958 304.70858688302917
289.4926159211418 299.1332692786735
289.4926159211418 270.5597665563504
370.33472118429967 216.89733461442663
193.31838724600564 244.77392263620519
232.34561047649566 224.5633963204157
265.10060140208554 218.98807871606002
283.22038361624163 177.17319668339212
347.3365360663323 196.68680829863715
346.6396213657879 267.7721077541725
215.61965766342848 133.26757054909086
243.49624568520707 127.69225294473515
196.8029607487279 110.96630013166798
196.1060460481835 94.9372620191453
179.3800932351163 82.39279740934495
187.04615494110544 59.39461229137761
221.89188996832868 59.39461229137761
249.0715632895628 88.66502971424515
125.02074659264808 62.18227109355547
134.08063769972614 76.81747980498923
93.65958506814718 78.9082239066226
101.32564677413625 65.66684459627776
68.57065584854642 67.06067399736675
72.05522935126875 92.14960321696744
56.02619123874608 83.78662681043387
16.998968008256057 76.81747980498923
28.846517917511935 108.87555603003456
39.99715312622339 115.84470303547927
289.4926159211418 64.27301519518889
313.88463044019795 102.60332372513443
373.12237998647754 67.75758869791117
340.3673890608877 78.9082239066226
350.12419486851013 62.18227109355547
324.338350948365 62.18227109355547
403.7866268104339 67.75758869791117
435.8447030354793 60.091526991922045
466.50894985943575 55.910038788655264
483.234902672503 58.00078289028869
448.38916764527977 99.11875022241207
502.748514287748 96.33109142023422
497.8701113839367 83.78662681043387
23.44542898829221 34.828369097185146
56.897334614426526 27.162307391196045
243.32201701007088 1.7249208213230731
253.42728016796556 49.81203515889114
285.94996619337394 48.76666310807446
268.1786413294901 39.358314650724175
295.35831465072425 27.510764741468257
314.523468915697 10.784811928401135
333.6886231806698 8.345610476495494
340.3093128358422 4.164122273228712
360.1713818013595 9.739439877584422
311.38735276324695 29.253051492829435
301.6305469556244 56.08426746379134
311.03889541297474 48.76666310807446
335.7793672823032 47.372833706985524
357.0352656489094 41.449058752357566
387.00259777232134 38.31294259990748
407.91003878865536 44.585174904807666
408.6069534891998 37.61602789936301
427.4236504039003 32.737624995551755
464.36012953275696 30.298423543646116
459.1332692786735 10.784811928401135
457.04252517704003 2.4218355218675365
422.1967901498168 10.784811928401135
389.441799224227 9.739439877584422
500.25123661079687 7.300238425678817
517.6741041244085 12.17864132949006
265.91366855272076 11.655955304081811
263.30023842567897 53.645066011885696
330.90096437849206 24.374648589018186
341.7031422369313 17.057044233301305
362.262125902993 25.76847799010712
361.5652112024485 51.20586455998007
205.80477563076062 93.02074659264795
972.7013273548985 291.81566492295656
940.6432511298531 187.27845984128686
873.7394398775846 201.91366855272062
965.0352656489093 121.76847799010719
997.0933418739547 118.28390448738487
993.6087683712324 66.01530194655004
969.9136685527205 48.59243443293841
993.6087683712324 43.71403152912713
985.9427066652432 14.443614106259666
1016.6069534891998 43.71403152912713
908.5851749048078 66.71221664709446
872.3456104764956 58.3492402405609
811.0171168285827 113.40550158357361
829.1368990427387 87.61965766342844
852.1350841607061 65.31838724600554
920.4327248140636 36.7448845236825
1021.4272801679656 55.03889541297463
968.4617629265863 22.980819187929264
941.9790043058966 24.374648589018186
948.2512366107968 11.481726628945598
929.7829970463685 5.906409024589854
930.8283690971853 28.207679442012758
901.90640902459 38.31294259990748
903.9971531262232 7.300238425678817
891.8011458666952 3.46720757268425
894.2403473186008 19.496245685206947
857.3038681897441 18.450873634390234
853.1223799864774 3.8156649229564636
832.9118536706878 9.739439877584422
822.806590512793 29.253051492829435
840.577915376677 25.071563289562654
823.5035052133377 3.46720757268425
796.6722892423758 9.042525177039957
784.8247393331197 18.102416284117986
770.8864453222305 43.19134550371874
777.1586776271306 79.77936728230313
824.2004199138821 75.94633642930857
872.2875342514502 4.861036973773177
821.064303761432 16.360129532756844
532.0189317106153 165.67410412440847
557.8047756307607 155.91729831678595
561.2893491334829 90.4073164656063
626.1024162841181 82.74125475961716
716.1786413294903 84.30931283584214
684.8174798049894 89.53617308992561
713.0425251770403 45.63054695562435
693.5289135617951 48.76666310807446
705.3764634710511 20.890075086295873
701.5434326180565 7.64869577595103
736.3891676452797 10.784811928401135
751.3728337069858 23.329276538201476
599.6777338884738 68.62873207359169
643.9318173730472 54.34198071243016
670.0661186434647 48.069748407529985
645.6741041244085 27.85922209174051
678.7775524002706 4.861036973773177
643.9318173730472 12.527098679762275
633.1296395146081 33.434539696096216
630.3419807124302 2.4218355218675365
578.0733781715953 17.057044233301305
570.058859115334 47.72129105725774
596.1931603857515 44.585174904807666
532.7739226362052 50.50894985943561
558.2113092060781 14.617842781395664
525.8047756307604 3.46720757268425
562.1604925091638 44.23671755453542
665.3038681897445 3.46720757268425
176.10335103941247 301.5347891665026
174.1769296347301 92.9461604039609
287.8357925109841 0.6919798019542427
346.2705751196798 5.82910354777364
400.6384680962684 50.99298314643584
823.3809430126566 174.17692963473004
772.4377991999477 7.969571775198382
1011.9561938487769 19.956193848776998
