12.469022454716882 141.6305469556243
82.16049250916338 137.4490587523576
590.9082239066227 364.64325112985307
512.8537774456425 442.69769759083306
526.7920714565319 400.88281555816513
542.1241948685101 275.4381694601616
572.7884416924666 233.62328742749364
457.1006014020854 172.29479377958086
985.3619444147896 430.1532329810327
936.5779153766771 664.3165723639729
638.2984235436463 52.42546528593284
406.5742856126118 56.95541083947197
453.26757054909103 75.07519305362806
515.2929788975484 70.19679014981682
546.6541404220492 77.86285185580591
718.0951567559875 22.109675812248728
190.8791857940998 28.730365467421148
231.30023842567877 10.610583253265027
857.0134870645174 83.43816946016162
888.3746485890182 99.46720757268432
939.2494217287642 117.5869897868404
1018.6976975908331 160.7957012205972
551.3405362144857 5.1438757321109945
