41.84493613959342 588.9275049469329
103.49631228638239 500.85411045151994
10.138514121244775 374.0284223781255
15.422917790969544 346.7256700845476
7.4963122863823894 300.9275049469328
63.86328476344662 374.90915632307957
94.68897283684109 258.65227558913466
56.81741320381358 160.01007375427236
30.395394855189735 145.0375966900521
126.39539485518969 74.57888109372189
110.54218384601539 215.49631228638242
145.77154164418053 176.74401870840074
150.17521136895115 231.34952329555665
207.42291779096954 288.59722971757503
261.14768843317137 505.2577801762906
336.0100737542722 315.89998201115304
427.60640402950156 332.63392696528143
305.1843856808778 256.01007375427236
241.77154164418053 274.50548659830895
236.48713797445578 243.6797985249145
255.86328476344661 221.66144990106127
259.3862205432631 192.59722971757503
196.85411045152 197.00089944234574
226.79906457996037 160.89080769922643
245.29447742399708 166.17521136895118
265.551358157942 149.4412664148228
283.1660370570246 98.35869760748328
295.49631228638236 95.71649577262096
314.8724590753731 178.50548659830903
320.15686274509795 216.3770462313365
343.0559453139053 194.35869760748335
404.7073214606942 173.22108292858428
449.6247526533548 163.53300953408882
485.73484439647405 231.34952329555665
550.9091563230795 219.01924806619897
487.49631228638236 151.20273430473105
475.1660370570245 133.5880554056485
462.83576182766666 92.1935599928045
480.45044072674926 86.90915632307973
509.5146609102354 90.43209210289619
512.1568627450979 123.01924806619895
533.294477423997 93.95502788271266
538.5788810937217 114.21190861665757
577.3311746717034 90.43209210289619
592.3036517359236 92.1935599928045
621.3678719194097 167.9366792588595
563.2394315524373 175.86328476344664
397.66144990106125 98.35869760748328
406.4687893506025 126.54218384601542
373.0008994423456 110.68897283684112
343.0559453139053 96.59722971757512
323.6797985249145 104.52383522216219
323.6797985249145 86.02842237812557
361.55135815794205 71.93667925885943
363.3128260478502 92.1935599928045
380.04677100197864 92.1935599928045
383.5697067817951 104.52383522216219
406.4687893506025 86.02842237812557
391.49631228638236 86.02842237812557
397.66144990106125 68.41374347904296
421.4412664148227 80.7440187084008
435.53300953408865 73.69814714876775
438.1752113689511 93.07429393775851
727.0559453139051 92.1935599928045
707.6797985249143 84.26695448821727
676.8541104515199 86.02842237812557
744.6706242129877 78.10181687353835
763.1660370570245 86.90915632307973
895.2761288001437 80.7440187084008
948.1201654973914 87.78989026803373
1003.6064040295014 170.5788810937219
165.00089944234577 61.5880554056485
355.67979852491464 58.50548659830905
295.7898902680339 35.60640402950173
442.43209210289626 56.30365173592372
435.82658751574036 65.110991185465
416.89080769922657 70.83576182766684
440.670624212988 47.05594531390535
433.18438568087794 57.18438568087788
483.97337650656567 24.10181687353842
488.8174132038134 24.982550818492548
514.3586976074831 21.349523295556768
525.477963662529 15.514660910235673
519.4229177909693 17.496312286382462
516.4504407267492 29.386220543263185
528.780715956107 31.808238891887036
532.523835222162 23.221082928584288
540.0100737542721 31.36787191940998
538.7990645799603 9.01924806619898
551.3495232955565 12.432092102896211
555.2027343047308 9.569706781795306
555.5330095340887 25.533009534088876
904.5238352221622 38.799064579960465
897.2577801762907 21.184385680877885
922.1385141212448 20.08346824968523
923.019248066199 29.331174671703575
918.1752113689513 40.56053246986871
939.7531930203272 32.85411045152009
942.1752113689513 19.422917790969613
966.6155783414282 38.799064579960465
979.3862205432631 41.66144990106137
1004.0467710019786 41.00089944234577
988.1935599928045 18.542183846015497
1022.5421838460154 67.86328476344669
923.1109911854651 6.679798524914549
923.7898902680337 8.799064579960442
