114.94585357078608 633.8449361395934
154.57888109372186 392.5238352221623
84.12016549739154 419.82658751574024
51.53300953408881 411.8999820111531
13.66144990106131 401.3311746717035
32.156862745098 340.56053246986863
11.899982011153043 342.32200035977695
89.4045691671163 343.2027343047311
91.16603705702461 361.6981471487677
158.98255081849246 343.2027343047311
166.02842237812547 327.3495232955568
192.45044072674932 315.01924806619894
222.3953948551897 327.3495232955568
256.7440187084007 344.9642021946393
256.7440187084007 326.46878935060266
11.899982011153043 290.3586976074834
152.81741320381354 280.67062421298795
296.3770462313365 293.0008994423457
299.899982011153 285.0742939377586
304.3036517359236 278.90915632307974
308.7073214606943 278.0284223781256
364.19355999280435 253.36787191941002
372.12016549739155 290.3586976074834
363.3128260478502 280.67062421298795
350.1018168735383 291.23943155243745
347.4596150386759 324.70732146069435
328.0834682496851 324.70732146069435
379.1660370570245 344.9642021946393
447.86328476344653 286.8357618276669
472.52383522216206 289.47796366252925
468.12016549739144 274.5054865983091
479.5697067817951 284.19355999280447
483.9733765065657 284.19355999280447
490.13851412124467 276.2669544882173
528.8908076992263 274.5054865983091
561.4779636625291 270.9825508184926
572.9275049469328 285.0742939377586
579.0926425616116 270.9825508184926
520.083468249685 391.6431012772082
606.3953948551896 293.88163338729987
601.1109911854647 270.9825508184926
805.4412664148226 320.3036517359237
616.9642021946391 256.01007375427236
608.1568627450979 253.36787191941002
621.3678719194097 264.81741320381366
635.4596150386759 263.0559453139054
632.8174132038134 246.32200035977695
704.1568627450979 237.51466091023573
683.0192480661988 269.22108292858434
702.3953948551896 286.8357618276669
733.221082928584 268.3403489836302
764.9275049469327 260.413743479043
793.1109911854649 258.6522755891348
817.7715416441804 258.6522755891348
816.8908076992263 240.15686274509804
797.5146609102354 240.15686274509804
766.688972836841 240.15686274509804
763.1660370570245 228.70732146069443
757.0008994423456 228.70732146069443
875.8999820111528 283.31282604785036
858.2853031120703 274.5054865983091
998.3220003597767 264.81741320381366
905.5513581579422 228.0467710019788
890.578881093722 225.40456916711642
884.8541104515201 239.9366792588595
868.5605324698688 226.28530311207052
836.8541104515202 227.16603705702468
828.0467710019788 237.73484439647422
855.7898902680339 202.94585357078614
947.3862205432632 208.67062421298795
953.5513581579422 210.8724590753733
968.5238352221623 210.8724590753733
975.5697067817953 211.75319302032742
957.9550278827128 240.3770462313366
950.9091563230799 240.8174132038137
924.9275049469329 242.13851412124492
782.2486058643642 228.4871379744559
911.7164957726211 203.82658751574027
899.3862205432632 208.23025724051092
898.065119625832 219.2394315524375
924.4871379744559 195.45961503867605
971.1660370570248 196.34034898363018
837.7348443964743 208.23025724051092
808.6706242129881 238.1752113689513
38.90211749035279 325.4635560517914
47.085933674168984 333.6473722356076
73.68333627157156 343.8771424653778
46.83018941842473 304.49252708076244
45.2957238839592 299.37764196587733
56.29272688096219 290.9380815263169
66.01100859924391 294.00701259524794
78.28673287496818 292.2168028050382
83.40161798985329 288.12489471313006
90.3067128949482 287.1019176901531
96.7003192885546 291.19382578206114
119.2058137940491 286.33468492292025
138.38663297486826 278.6623572505926
148.10491469315 341.3196999079353
160.12489471313 328.27674286497825
183.9091104973458 316.2567628449982
93.37564396387928 283.96905055728587
321.8831364713717 375.71730230553754
332.112906701142 381.8551644433998
358.19882078705604 290.42659301482837
393.49152807976327 284.032986621222
404.4885310767663 286.33468492292025
456.148870737106 284.032986621222
273.5474721357074 342.85416544240076
289.65936024759543 332.11290670114204
539.5214981097333 381.72729231552785
631.3336859219212 239.27774186597722
675.3216979099333 261.01600360423896
712.020998609234 242.92209751033286
718.1588607470961 231.1578617460971
696.1648547530901 243.30571389394925
698.7222973105327 236.91210750034284
738.8741454623809 267.9850345732699
724.2967228849583 275.4016179898533
752.5564631446985 266.45056903880436
759.5894301776656 266.3226969109323
845.1358837241189 209.35566394389932
791.9410785293139 222.39862098685626
883.8811384693737 195.41760200583727
894.4945250827603 188.51250710074237
909.5834361716715 188.51250710074237
923.5214981097334 180.7123073005426
902.4225970108323 186.3386809269162
905.6194002076355 186.08293667117195
917.3836359718712 186.59442518266044
1022.8781414663766 262.23078881902404
