13.455564043799278 625.4036159918513
50.85816144639666 475.79322638146164
186.7542653425006 414.70231729055246
160.5724471606824 336.15686274509795
150.59842118665642 278.8062133944486
288.9880315762668 379.79322638146164
365.03997962821484 243.89712248535773
315.16984975808504 204.0010185892538
620.6243952126306 226.4425770308123
704.156862745098 200.26075884899413
705.4036159918514 134.18283677107198
838.8062133944488 339.8971224853577
860.001018589254 540.6243952126305
886.1828367710721 513.195823784059
949.7672523554876 69.35166793990314
1019.5854341736695 81.81920040743559
494.70231729055257 99.27374586198101
578.23478482302 79.32569391392919
372.5204991087343 88.05296664120182
266.54647313470844 171.58543417366937
212.93608352431878 177.8192004074356
215.42959001782526 110.49452508276033
271.53348612172135 95.53348612172132
281.5075120957473 64.36465495289018
211.68933027756552 56.88413547237067
188.00101858925385 81.81920040743559
155.58543417366943 81.81920040743559
22.390628978864232 107.06595365418895
46.078940667175914 98.33868092691615
59.169849758085014 85.2477718360071
71.01400560224087 86.49452508276033
95.32569391392919 69.6633562515915
107.16984975808505 37.24777183600707
111.53348612172137 129.5075120957474
84.72829131652661 161.92309651133178
59.169849758085014 161.29971988795518
131.48153806977334 21.66335625159149
141.4555640437993 15.42959001782526
194.44257703081234 32.884135472370744
204.41660300483832 21.66335625159149
215.01400560224087 19.16984975808501
241.8192004074357 16.676343264578534
265.5075120957475 6.078940667175915
279.84517443340974 28.520499108734356
287.9490705373059 17.92309651133174
314.7542653425007 24.156862745097968
333.45556404379937 14.806213394448621
364.00101858925393 10.442577030812304
370.23478482302016 6.078940667175915
378.9620575502928 26.02699261522788
354.6503692386046 47.221797810033046
387.065953654189 17.2997198879551
412.00101858925393 8.572447160682392
438.80621339444866 52.83218742042264
463.7412783295136 27.89712248535772
463.7412783295136 6.7023172905525525
493.0399796282149 12.312706900942144
509.2477718360072 27.89712248535772
189.24777183600708 59.377641965877224
82.02699261522788 90.54647313470838
532.1049146931499 7.014005602240835
548.3127069009422 20.72829131652657
658.0269926152279 4.520499108734286
677.97504456328 3.273745861981011
707.8971224853577 16.988031576266746
716.6243952126305 8.26075884899411
818.8581614463967 3.273745861981011
867.4815380697735 3.273745861981011
949.7672523554876 16.988031576266746
963.8971224853577 26.02699261522788
581.9750445632799 0.7802393684746052
687.0859336741689 334.5424771307124
16.424421273526143 173.32074234376012
205.32074234376026 13.053183815332137
523.0732507049645 13.96288281198769
428.8926486982754 7.327431306970968
442.37759853105143 24.879270771853903
869.6150567250313 44.89264869827514
727.4879664240278 64.15686274509792
734.765558397272 39.75552495245575
768.1568627450981 14.49799986884375
843.5013443504494 77.85585940061634
803.260541674864 26.912715587907286
803.260541674864 26.912715587907286
803.6886353203489 26.912715587907286
731.7689028788774 114.671912912322
449.22709685881057 248.66522394911132
508.30401993573366 204.57157846416146
367.0331169257001 318.0163945176732
729.2003410059679 15.78228080529858
759.5949898353994 122.80569217653604
572.0899731129911 498.8859597350645
804.116728965834 140.99967210964655
444.5180667584761 135.00636107285726
