71.04531675683985 361.6128314339434
122.14512106212358 346.58347722650706
84.57173554353258 209.81635393883576
102.60696059245625 167.7341621580139
1.9102874026323786 181.26058094470656
15.43670618932511 76.05510149265177
45.49541460419791 80.5639077548827
161.22144200145826 47.49932849852271
99.60108975096898 122.6460995357047
129.65979816584178 154.2077433713211
153.70676489774004 179.75764552396296
221.33885883120385 233.86332067073403
192.78308583707465 293.9807375004796
272.43866313648766 248.89267487817042
407.7028510034152 269.9337707685814
425.73807605233884 274.4425770308123
416.720463527877 367.624573116918
503.89071793100817 309.01009170791605
532.4464909251374 372.1333793791489
433.2527531560571 732.8378803576226
609.096197383063 227.8515789877595
712.7987414143741 343.57760638501975
460.3055907294426 224.84570814627216
385.1588196922606 170.7400329995011
518.9200721384445 121.14316411496097
616.6108744867811 124.1490349564483
628.6343578527303 64.0316181267027
684.242968420245 64.0316181267027
697.7693872069377 74.55216607190818
714.3016768351177 64.0316181267027
875.1157668546872 388.665669007329
860.0864126472509 103.10793906603737
852.5717355435327 79.0609723341391
870.6069605924563 15.937684662906166
923.2097003184838 9.925942979931635
942.747860788151 53.511070181497246
933.7302482636891 76.05510149265177
1010.379954721615 49.002263919266305
243.88289014235843 89.58152027934457
243.88289014235843 50.5051993400099
212.32124630674198 32.46997429108631
203.30363378228017 36.97878055331724
260.41517977053843 21.9494263458807
282.9592110816931 64.0316181267027
383.655884271517 9.925942979931635
413.7145926863898 5.417136717700701
449.78504278423713 18.943555504393505
484.35255746134084 33.97290971182991
598.5756494378575 6.920072138444299
612.1020682245503 8.423007559188038
685.7459038409886 18.943555504393505
709.7928705728868 5.417136717700701
673.7224204750395 36.97878055331724
597.0727140171139 42.990522236291774
435.9450745333099 14.926093514328887
444.1288907171261 37.94307653131189
569.9550645432998 15.949070537305898
512.1568627450981 32.828191416426755
553.075943664179 43.56945015768553
709.5914281796634 17.995024583259923
732.0969226851579 9.811208399443748
654.3506689389043 7.189829778065163
1020.5764431646784 44.01700260523791
472.2607588489941 3.097921686156969
248.22879081702615 24.580439168674523
104.61171224342586 138.64515705947923
90.91271558790744 130.0832841497802
101.61505672503112 238.8190701029574
66.51137779526522 219.12676241064972
107.18027411633548 44.892648698274996
221.05318381533218 13.320742343760203
207.99632762804123 15.033116925699991
201.78896976850945 7.969571775198311
298.9662272935931 38.79231425011473
338.5648895009509 49.92274903272342
311.3809430126567 26.805692176536112
318.87258180864325 21.454521607974254
254.87258180864325 67.90268214309133
272.4244212735263 176.31739786215496
334.0699062233591 172.4645550527904
352.47793297921197 37.29398649091743
363.82241458456315 17.815725621352183
396.1434848186769 14.176929634730115
424.18361859794106 36.65184602269
469.34749819660334 48.42442127352612
469.98963866483075 18.671912912322096
397.6418125778742 1.5481670929241185
359.3274313069712 258.93947144075014
358.89933766148624 201.57492294576682
274.5648895009511 98.40435438389392
639.3006754541282 10.538133648108081
647.6485015410848 8.825759066168295
650.2170634139944 58.270575119679975
691.1000065578072 49.49465538723851
752.5314446848973 11.394320939077993
792.5582005377403 3.046494852121481
839.0063610728573 22.952849367171616
828.7321135812185 65.33412027018166
921.4143878287103 105.6819463571381
562.2438192668374 133.07993966817483
487.9695717751985 7.327431306970968
517.2939864909176 0.9060266246967027
525.8558594006166 0.6919798019542427
915.4210767919209 34.19030756115143
979.6351236146635 1.2270968588103035
1008.74549150764 1.2270968588103035
