1.6815718022745367 246.2489524735511
39.189414608818645 239.8451744334094
52.91179612340798 245.33412703924512
84.93068632411635 246.2489524735511
31.870811134371003 317.60533634941555
148.96846672553318 367.92073523624305
130.67195803941408 371.58003697346686
135.24608521094385 421.89543586029436
27.296683962841296 466.72188214128613
39.189414608818645 645.1128418309472
55.65627242632585 688.1096372433271
224.89897777292737 474.95531105003965
189.22078583499518 459.40327866683845
353.8893640100668 453.9143260610027
375.84517443340974 393.53584739680974
193.79491300652492 264.5454611596702
277.9588529626727 211.48558596992484
309.0629177290751 274.6085409370357
382.2489524735515 233.44139639326778
416.0974935428718 242.58965073632726
440.79778026913255 251.73790507938682
499.34660806471356 269.11958833119996
536.8544508712577 291.9902241888488
584.4253734551673 312.11638374357983
694.2044255718819 264.5454611596702
652.122455593808 260.8861594224464
640.2297249478306 206.91145879839507
473.5075120957475 755.065953654189
380.66335625159155 76.8015751755247
380.2125213721853 86.71994252246348
382.9175306486231 109.71252137218518
384.72087016624835 146.68098148350242
410.4184582924079 162.00936738331689
409.96762341300155 107.90918185455995
436.1160464185674 89.87578667830762
463.16613918294587 105.20417257812208
466.77281821819633 132.2542653425006
441.9768998508494 149.38599075994028
451.8952671977882 171.92773473025568
473.9861762886973 174.6327440066935
504.64294808832625 156.1485139510349
518.1679944705154 146.23014660409615
513.2088107970461 184.10027647422598
543.865582596675 196.7236530976026
595.2607588489941 160.65686274509795
591.6540798137437 138.1151187747826
592.1049146931499 95.2858052311833
558.7431336170832 111.06502601040413
643.0492560660626 82.6624286078067
666.4926697951906 74.99823565789947
261.07978397970754 126.6451407009084
248.67802988964175 128.37561801580134
492.6550917887817 12.948733212293162
507.6191666749345 13.431445305394863
774.5589541601765 194.44848021853372
813.6586337014147 142.79828625665144
584.853101571207 68.94333601209077
598.8517522711564 44.3250192639039
615.2639634366144 43.842307170802194
631.1934625089706 33.22264112256469
643.743976929615 19.70670251571698
653.3982187916489 19.70670251571698
634.5724471606826 48.66942810181921
643.2612648365132 67.49519973278564
674.637550888124 55.42739740524306
678.4992476329376 42.394170891497055
691.5324741466836 20.189414608818684
703.1175643811245 25.499247632937433
721.943336012091 17.293142050208473
723.8741843844978 54.46197321903966
759.5948792740238 52.04841275353112
776.0070904394817 45.2904434501073
776.4898025325833 26.947383912242536
854.2064495219578 16.32771786400507
813.1759216083129 4.742627629564167
796.2809983497533 11.983309026089723
765.3874243912443 20.672126701920384
772.1453936946681 0.39821879164885426
767.3182727636511 30.809080657056185
750.4233495050916 8.121612281276112
744.1480922947692 9.569748560581218
720.0124876396842 2.811779257157361
831.6812344772619 88.88582209743382
899.090915705125 79.99663336408925
944.2776250996267 81.84854768353604
951.3148995135244 76.66318758908503
973.537871346886 80.36701622797858
979.0936143052263 126.66487421414833
946.4999222829629 118.88683407247181
952.7964309690819 141.10980590583327
890.9424926995591 187.77804675589235
893.5351727467847 264.4472995809894
1019.0949636052769 89.25620496132319
893.1921132089199 20.906145929445962
934.1300454065924 18.158633701414253
939.3503186398526 24.47791182588721
953.6373822256176 17.883882478611078
957.2091481220588 33.54470217839186
976.4417337182807 37.11646807483307
995.9490705373058 26.401170385509396
1000.3450901021566 43.43574619930599
1022.3251879264103 40.96298519407746
930.6362015880733 1.775010830778585
1020.8321874204227 256.3646549528902
902.6783412665765 9.811208399443748
922.1149047031398 7.253765842001216
918.0229966112317 3.6733462615816013
674.6184012066368 13.96288281198769
579.3675650862353 157.80234769493083
