160.59925905846217 615.3826691967109
279.7513327911812 228.4333604409505
371.76976597090464 177.7052498418721
566.424143851089 126.97713924279378
744.5623926990153 170.62690882804728
946.2951115930246 181.2444203487846
941.5762175838081 89.22598716906114
797.6499503027019 126.97713924279378
802.3688443119185 99.84349868979845
766.977139242794 69.17068762989064
728.0462636667571 90.40571067136526
659.6223005331167 103.38266919671094
665.5209180446374 78.60847564832383
578.2213788741304 102.20294569440668
556.9863558326558 104.56239269901505
508.61769223818567 70.35041113219474
385.9264479985544 36.138429565374445
337.5577844040843 39.67760007228692
297.44718532574336 42.037047076895156
201.88958163910738 53.83428209993672
162.95870606307048 47.93566458841587
191.27207011837007 9.004789012379108
960.4517936206742 52.654558597632466
1013.5393512243609 53.83428209993672
901.4656185054671 37.31815306767856
893.2075539893378 12.54395951929145
794.1107797957895 14.90340652389982
741.0232221921028 17.26285352850805
640.7467244962503 19.62230053311642
695.0140056022411 3.106171500858253
633.6683834824253 0.7467244962500248
653.7236830215959 6.645342007770737
3.1061715008583954 51.32736965754042
13.723683021595724 2.073913436342242
41.15225445016718 5.908014818830719
44.10156320592753 11.21677057919941
100.43336044095058 0.451793620674032
141.1338212704437 0.451793620674032
407.751332791181 24.046263666756953
416.5992590584621 7.530134634498929
378.84810698472944 7.530134634498929
345.2259871690613 3.401102376434388
772.8757567543146 2.221378874130274
841.8895816391074 5.760549381042687
913.8527152796603 6.350411132194744
934.497876569983 9.889581639107229
1020.6176922381857 4.580825878738573
