284.2657556670581 299.13326927867337
602.058859115334 559.7793672823032
599.2712003131562 484.5125796235009
748.4109462296716 420.3964271734102
1003.4817266289459 530.5089498594356
797.1949752677841 321.43453969609624
730.2911640155156 324.2221984982741
558.8501476815773 236.4109462296716
618.7848119284012 191.80840539482583
645.2675705490909 155.56884096651365
721.9281876089821 149.99352336215793
770.7122166470946 152.7811821643358
871.0679335254974 169.50713497740298
898.944521547276 136.0552293512686
972.8174798049894 87.27120031315609
943.5470623821217 16.185900857620734
885.0062275363869 71.93907690117783
964.4545033984557 38.487171275043565
840.4036867015409 88.66502971424508
762.349240240561 98.4218355218675
705.2022347959148 110.96630013166791
585.3329063022669 110.96630013166791
537.9427066652432 166.71947617522505
482.18953062168623 165.32564677413615
405.52891356179504 182.05159958720327
261.9644852496353 253.1368990427387
257.2022347959149 229.441799224227
249.5361730899257 180.65777018611448
260.6868082986371 207.83744350734858
259.9898935980927 166.0225614746807
255.11149069428143 129.78299704636854
227.93181737304732 136.75214405181316
247.4454289882923 112.36012953275691
315.7430696416498 101.2094943240455
423.7648482260419 113.05704423330141
471.1550478630654 124.90459414255733
444.67228924237577 107.48172662894571
504.60695348919984 120.02619123874605
402.85740720970796 95.63417671968979
593.3474253585283 94.58880466887308
626.7993309846627 80.65051065798377
663.7358101135192 66.71221664709446
685.3401658303976 72.98444895199466
637.2530514928296 49.98626383402734
635.8592220917407 24.200419913882154
651.8882602042634 21.412761111704302
687.430909932031 16.53435820789302
594.7412547596173 53.470837336749625
580.1060460481834 54.86466673783863
564.0770079356607 69.49987544927232
525.7466994057153 71.59061955090574
538.98807871606 54.16775203729412
487.4163908757697 43.71403152912713
445.60150884310184 45.80477563076056
419.11875022241213 77.86285185580591
401.6958827088005 53.470837336749625
419.11875022241213 32.56339632041572
458.1459734529022 29.775737518237865
79.48898615707634 71.59061955090574
66.94452154727593 63.22764314437218
133.84833279954458 68.10604604818339
166.60332372513437 79.25668125689484
182.63236183765707 84.83199886125058
195.17682644745742 84.13508416070609
215.3873527632469 74.3782783530836
269.0497847051707 70.89370485036125
340.1350841607061 82.74125475961716
317.8338137432833 87.61965766342844
549.90640902459 149.64506601188577
115.03163588484402 37.441799224227005
133.15141809900007 32.56339632041572
174.2693854311235 42.320202128038204
200.0552293512687 36.7448845236825
233.507134977403 20.018931710615373
213.29660866161356 27.684993416604435
250.23308779047014 21.412761111704302
273.23127290843746 38.83562862531593
296.9263727269493 21.412761111704302
310.8646667378386 24.897334614426583
319.22764314437217 16.53435820789302
377.07156328956285 54.16775203729412
397.97900430589664 11.655955304081811
414.70495711896376 8.171381801359459
32.09878652005272 416.56339632041573
149.87737091206728 16.53435820789302
149.18045621152277 4.686808298637105
199.35831465072428 20.018931710615373
170.08789722785673 26.98807871606001
30.41457599373686 57.47809686488026
1016.0261912387462 314.4653926906516
