303.72905525846704 755.49376114082
468.6916221033868 726.0606060606061
144.92691622103396 464.5846702317291
156.56327985739756 332.4777183600714
207.90017825311952 292.7771836007131
586.4242424242425 504.28520499108737
658.9803921568628 463.2156862745099
606.2745098039215 272.9269162210339
600.7985739750445 229.1194295900179
415.98573975044565 257.18360071301254
496.75579322638146 241.44028520499108
431.0445632798574 221.590017825312
63.47237076648847 340.6916221033868
57.311942959001875 200.37076648841364
936.8841354723708 282.5098039215687
718.5311942959003 267.4509803921569
723.3226381461675 217.48306595365426
687.7290552584669 240.0713012477719
658.2959001782532 207.90017825311952
648.7130124777184 168.88413547237082
609.0124777183602 177.78253119429598
585.0552584670232 202.4242424242425
544.6702317290553 194.21033868092698
500.17825311942966 201.73975044563286
435.83600713012487 179.83600713012484
580.9483065953655 149.71836007130133
622.017825311943 142.873440285205
631.6007130124777 131.2370766488414
672.6702317290552 123.70766488413553
704.156862745098 116.8627450980392
726.0606060606061 118.2317290552585
769.1836007130125 120.28520499108737
754.1247771836007 196.9483065953655
802.0392156862745 187.36541889483073
833.5258467023173 209.2691622103387
893.7611408199643 168.19964349376116
874.5953654188949 141.50445632798582
833.5258467023173 134.65953654188954
898.5525846702317 133.9750445632799
366.01782531194306 123.02317290552595
418.7237076648842 118.2317290552585
471.4295900178254 112.07130124777191
522.7664884135472 113.4402852049912
108.13547237076652 98.2103386809269
185.14081996434942 104.37076648841352
238.53119429590015 84.17825311942957
286.4456327985739 66.0392156862745
316.5632798573975 62.2745098039215
328.88413547237076 92.04991087344027
349.0766488413547 74.93761140819964
398.70231729055257 97.86809269162208
421.632798573975 92.3921568627451
452.4349376114082 103.3440285204991
383.6434937611408 61.24777183600706
43.45098039215691 59.53654188948305
7.515151515151564 59.87878787878785
88.02852049910872 53.11942959001784
131.32263814616755 55.51515151515153
113.6969696969697 41.4830659536542
137.48306595365418 41.996434937611426
147.57932263814618 42.85204991087345
156.30659536541887 38.402852049910884
180.43493761140815 38.402852049910884
205.07664884135474 38.91622103386811
227.32263814616752 36.0071301247772
222.53119429590015 37.88948306595366
10.210338680926903 48.02852049910872
16.713012477718355 37.33333333333331
9.354723707664872 25.440285204991085
2.4242424242424128 28.52049910873439
58.63814616755792 23.557932263814607
34.338680926916204 14.573975044563275
278.8306595365419 38.402852049910884
260.52049910873444 51.408199643493774
262.57397504456327 40.45632798573976
252.99108734402856 32.41354723707666
245.63279857397507 50.72370766488415
242.0392156862745 59.793226381461686
239.81461675579325 81.01247771836007
317.67557932263816 33.95365418894831
338.3814616755794 31.215686274509803
361.1408199643494 36.862745098039234
362.5098039215686 50.72370766488415
391.7718360071301 52.4349376114082
378.9376114081997 37.37611408199645
391.9429590017825 31.38680926916223
399.1301247771836 30.531194295900193
404.9483065953654 38.57397504456329
410.9376114081997 39.087344028520505
429.7611408199644 41.654188948306604
421.204991087344 48.15686274509805
450.80926916221034 47.64349376114084
445.3333333333333 52.777183600713016
453.54723707664886 36.178253119429606
464.8413547237077 44.04991087344029
467.921568627451 52.94830659536543
476.3065953654189 46.103386809269175
282.8092691622103 28.0926916221034
293.59001782531186 21.16221033868094
302.40285204991085 25.440285204991095
259.108734402852 20.819964349376125
332.8627450980392 24.413547237076664
336.0285204991087 25.3547237076649
327.3868092691622 17.739750445632804
322.4242424242424 16.96969696969698
313.1836007130124 17.825311942959008
278.8948306595365 11.472370766488416
262.68092691622104 7.664884135472373
126.2103386809269 24.691622103386813
121.76114081996431 12.413547237076651
141.825311942959 12.584670231729058
760.114081996435 106.4242424242424
730.680926916221 71.85739750445632
714.5953654188947 70.48841354723706
695.77183600713 92.04991087344027
678.6595365418896 99.92156862745094
673.8680926916221 84.17825311942957
656.7557932263815 82.80926916221031
645.4616755793227 80.75579322638146
629.7183600713013 99.57932263814618
601.6541889483067 101.29055258467024
581.8039215686275 109.50445632798572
586.5953654188949 94.10338680926914
577.3547237076649 81.09803921568627
535.2584670231729 90.68092691622103
545.1836007130125 70.48841354723706
562.6381461675579 59.53654188948305
607.1301247771836 83.15151515151514
611.2370766488414 58.16755793226377
624.5846702317291 62.959001782531175
637.2477718360071 61.93226381461671
669.7611408199643 69.1194295900178
669.0766488413547 60.56327985739748
535.6434937611408 46.48841354723706
527.0873440285205 37.675579322638136
542.4028520499108 26.980392156862735
531.9643493761141 16.884135472370755
563.1942959001783 27.32263814616755
576.1996434937612 31.857397504456316
566.7023172905526 45.88948306595365
589.1194295900178 31.94295900178252
590.4028520499108 51.96434937611407
595.536541889483 54.01782531194294
613.7611408199643 47.00178253119429
610.3386809269163 29.03386809269161
629.5044563279857 36.64884135472369
629.9322638146168 49.56862745098037
603.8360071301248 17.311942959001776
558.8306595365419 14.659536541889471
538.1247771836007 15.172905525846687
547.7076648841355 14.91622103386808
642.0392156862745 44.04991087344029
643.4081996434938 51.408199643493774
661.3761140819965 44.39215686274512
671.9857397504456 47.47237076648843
689.0980392156863 44.73440285204992
683.6221033868093 38.402852049910884
680.3707664884134 52.4349376114082
654.0606060606061 26.980392156862735
702.916221033868 37.24777183600712
703.4295900178253 45.033868092691606
697.0980392156863 30.402852049910862
724.4777183600713 19.70766488413546
821.8039215686274 83.57932263814618
800.5846702317291 81.3547237076649
794.0819964349375 66.80926916221036
788.0926916221034 59.96434937611409
776.2852049910873 55.1729055258467
781.0766488413547 51.75044563279859
800.0713012477719 48.32798573975047
826.5953654188947 51.579322638146174
827.964349376114 60.4777183600713
856.8841354723708 45.418894830659546
851.2370766488414 40.627450980392176
865.440285204991 54.83065953654191
871.4295900178253 63.21568627450982
873.825311942959 85.97504456327988
891.1087344028521 76.2210338680927
900.6916221033869 47.64349376114084
892.4777183600712 46.95900178253121
882.8948306595364 51.408199643493774
884.2638146167558 42.85204991087345
878.2745098039215 31.04456327985741
920.7130124777183 81.6969696969697
924.4777183600712 68.349376114082
939.8787878787878 68.1782531194296
954.0819964349375 82.89483065953655
934.916221033868 106.68092691622105
903.0873440285204 115.921568627451
968.4563279857398 76.3921568627451
985.055258467023 62.53119429590019
977.0124777183602 45.24777183600714
947.2370766488414 41.654188948306604
928.5846702317291 37.718360071301255
918.1461675579322 37.37611408199645
937.6541889483065 30.18894830659537
908.0499108734404 31.215686274509803
999.3440285204991 235.45098039215685
989.4188948306595 188.9055258467023
767.9857397504456 68.77718360071302
753.2691622103387 59.1942959001782
738.8948306595366 63.301247771836
349.2049910873441 23.985739750445617
366.40285204991096 17.311942959001776
352.8841354723709 14.659536541889471
388.22103386809283 16.285204991087333
405.5900178253121 23.90017825311942
410.4670231729056 16.713012477718355
176.87614346437874 25.155863744099086
189.15186774010306 23.10990969814506
202.45056903880436 18.506513094748502
192.7322873205226 12.368650956886356
164.08893067716596 9.299719887955243
224.4445750328103 26.690329278564676
304.74827133650655 15.949070537305898
319.06994965818495 4.184834773070178
352.31670290493815 4.184834773070178
365.1039156921509 3.6733462615816013
403.4655540537892 6.2307888190242045
418.81020939844456 5.719300307535698
425.97104855928376 12.368650956886356
431.59742218565736 8.788231376466737
422.3906289788642 3.6733462615816013
436.200818789054 2.650369238604588
458.19482478305997 5.719300307535698
474.05096863920386 5.207811796047192
493.4875320757672 14.926093514328887
498.0909286791639 48.68433527257059
500.6483712366064 7.253765842001216
495.5334861217213 2.650369238604588
567.9091104973458 197.52749211572743
523.9210985093338 278.3426769309122
576.0929266811619 5.207811796047192
533.6393802276154 6.2307888190242045
521.3636559518912 5.719300307535698
764.8321874204227 21.57544416367954
925.4395800278152 286.5264931147284
154.69866876516497 6.043150370516099
196.4377991999476 13.320742343760275
88.34415371499773 4.330775788576313
55.38094301265659 9.039805888910754
18.564889500950887 204.57157846416146
575.086628631386 46.28395304610138
