260.7980841191439 414.20266427181565
161.13396198173936 298.41640472983084
64.40113755425844 292.5538093099836
54.14159556952561 222.20266427181565
105.43930549318975 163.57671007334233
210.96602305044163 126.93548869929651
208.034725340518 153.31716808860952
269.5919772489149 210.47747343212097
357.53090854662486 228.06525969166293
367.7904505313577 163.57671007334233
290.1110612183806 112.27900014967828
304.76754976799884 84.43167190540336
306.23319862296074 56.584343661128585
334.0805268672355 84.43167190540336
353.1339619817393 40.46220625654849
389.7751833557852 17.01182457715913
383.9125879359378 52.187397096243025
410.2942673252508 169.43930549318966
432.2790001496783 145.9889238138003
446.93548869929657 55.11869480616673
445.46983984433473 31.668313126777374
471.8515192336478 109.34770243975457
523.1492291573119 113.74464900463998
486.508007783266 60.98129022601413
531.9431222870829 211.94312228708287
527.5461757221973 160.6454123634187
574.446939080976 179.6988474779225
669.714114653495 367.301900913037
650.6606795389913 647.2408322107469
675.5767100733424 595.9431222870828
747.3935039664722 497.74464900464005
775.2408322107469 373.16449633288437
826.538542134411 354.1110612183805
814.8133512947165 321.8667864092202
417.25609938631953 10.049992516090438
375.4851070199073 17.37823679089956
498.59961083670123 47.42403831761711
517.6530459512051 37.89732076036521
504.46220625654854 10.049992516090438
522.7828169435714 69.40877114204461
567.4851070199073 51.088160455021736
597.5309085466249 86.9965574015866
593.8667864092204 46.69121389013618
612.1873970962432 13.714114653494997
598.2637329741058 13.714114653494997
654.6912138901363 12.981290226014073
639.3019009130371 34.23319862296065
657.6225116000601 37.89732076036521
681.0728932794494 40.828618470288916
677.4087711420448 12.248465798533147
638.5690764855561 135.36296961532707
673.0118245771592 155.88205358479271
670.0805268672356 195.45457266876218
632.7064810657089 237.95838946265525
727.2408322107469 186.6606795389912
778.538542134411 113.37823679089956
828.3706032031135 166.14159556952555
818.1110612183807 88.46220625654841
769.7446490046402 72.34006885196825
765.3477024397546 33.50037419547972
751.4240383176171 59.14922915731178
712.5843436611287 56.21793144738816
686.9354886992967 76.73701541685378
655.4240383176171 107.51564137105225
719.9125879359378 113.37823679089956
739.6988474779226 20.309534500823265
712.5843436611287 18.843885645861413
689.8667864092203 10.049992516090438
649.5614428977699 3.454572668762172
585.8057177069303 1.256099386319393
489.0728932794493 4.920221523724026
879.9125879359378 130.23319862296066
848.4011375542584 229.89732076036523
910.6912138901363 215.97365663822782
964.187397096243 232.8286184702889
1022.8133512947163 85.53090854662479
1015.4851070199071 53.28663373746445
985.4393054931895 49.622511600059894
961.2560993863194 48.15686274509804
924.6148780122737 25.43930549318968
900.4316719054035 21.042358928304118
888.7064810657087 29.10342763059424
877.714114653495 54.752282592426305
851.3324352641819 7.851519233647659
965.6530459512051 4.920221523724026
