36.21320077326706 268.7765810549572
65.05827119580222 194.26014913007464
115.53714443523889 118.5418392709197
129.95967964650646 77.67798950566151
158.8047500690417 25.99723833195258
172.025407346037 52.43855288594319
198.4667219000276 24.795360397680305
210.4855012427506 51.2366749516709
202.0723557028445 88.49489091411213
218.8986467826567 108.92681579674122
180.43855288594307 191.8563932615301
313.84700359016836 176.23198011599015
329.47141673570843 147.38690969345492
352.30709748688207 110.1286937310135
336.6826843413422 81.28362330847834
300.62634631317303 101.71554819110742
251.34935100800882 50.034797017398496
266.9737641535487 42.8235294117647
394.3728251864125 52.43855288594319
399.1803369235017 101.71554819110742
399.1803369235017 118.5418392709197
507.34935100800885 105.3211819939244
560.23198011599 113.73432753383047
561.4338580502623 166.61695664181175
539.8000552333608 194.26014913007464
381.1521679094172 345.69676884838447
309.03949185307926 516.3634355150512
478.50428058547357 411.800055233361
509.75310687655343 429.82822424744546
565.0394918530792 479.10521955260987
617.9221209610604 378.1474730737366
690.0347970173984 481.5089754211544
658.7859707263186 718.2789284727976
823.4432477216238 589.6779895056615
848.6826843413421 378.1474730737366
837.8657829328914 285.6028721347695
720.0817453742061 345.69676884838447
879.9315106324219 236.32587682960516
978.4855012427505 185.84700359016855
947.2366749516708 25.99723833195258
852.2883181441591 84.88925711129531
817.4338580502623 66.86108809721077
730.8986467826567 101.71554819110742
690.0347970173984 100.51367025683514
650.3728251864126 41.62165147749243
626.3352665009666 46.42916321458167
625.1333885666942 92.1005247169291
592.682684341342 52.43855288594319
533.7906655619995 33.20850593758637
616.7202430267881 10.67329466998069
534.6623572505925 4.120898709133982
872.2447748330101 4.120898709133982
1000.6117122434259 113.38763197586715
