387.48153806977336 585.5075120957474
368.78023936847467 519.4295900178254
357.55946014769546 434.6503692386046
231.63738222561747 318.70231729055257
245.3516679399032 287.53348612172135
604.4166030048383 568.0529666412019
636.8321874204227 576.7802393684747
780.2088107970462 545.6114081996434
857.5075120957475 393.50751209574736
1009.6114081996436 344.88413547237076
956.0010185892538 311.221797810033
878.7023172905525 282.5464731347084
806.3906289788642 245.14387573211098
631.8451744334097 304.9880315762668
570.7542653425005 285.03997962821484
1010.8581614463967 145.40361599185118
50.85816144639666 208.98803157626682
35.89712248535772 172.83218742042263
3.481538069773295 160.3646549528902
214.18283677107206 139.16984975808495
200.4685510567863 104.26075884899412
348.8321874204227 76.83218742042264
550.8062133944487 105.50751209574724
980.9360835243189 59.8451744334097
994.0269926152279 60.156862745098
973.4555640437993 51.741278329513584
962.2347848230202 46.754265342500624
933.8711484593838 44.57244716068243
913.6114081996436 25.2477718360071
903.9490705373058 31.48153806977333
925.7672523554877 26.182836771072058
949.4555640437993 25.871148459383736
951.3256939139292 17.455564043799313
957.2477718360072 12.156862745098003
960.0529666412019 7.48153806977333
941.039979628215 10.598421186656445
940.4166030048383 0.9360835243187822
972.2088107970461 8.416603004838286
981.8711484593838 21.507512095747384
995.8971224853577 14.338680926916199
1002.4425770308125 36.156862745098
1015.5334861217215 39.58543417366944
1021.4555640437993 11.845174433409685
1006.4945250827603 14.338680926916199
1022.7023172905526 39.27374586198113
836.0010185892538 50.18283677107204
849.7153043035397 22.754265342500624
806.3906289788642 43.325693913929186
818.2347848230202 28.676343264578534
715.3776419658775 55.325693913929186
703.5334861217216 45.975044563279845
689.8192004074359 39.117901706136976
669.2477718360074 32.26075884899411
667.3776419658775 2.3386809269161626
596.3127069009424 32.26075884899411
602.5464731347087 19.16984975808501
593.1958237840593 21.03997962821485
592.5724471606827 12.312706900942144
583.2217978100334 16.676343264578534
575.1179017061372 16.676343264578534
570.1308887191242 23.533486121721403
913.6114081996437 1.715304303539525
466.6503692386045 40.98803157626682
459.7932263814617 47.221797810033046
423.63738222561744 16.676343264578534
419.27374586198124 4.83218742042264
391.22179781003314 2.3386809269161626
404.93608352431886 10.442577030812304
409.29971988795523 37.24777183600707
351.9490705373059 15.42959001782526
339.4815380697733 19.16984975808501
321.4036159918513 21.66335625159149
305.8192004074357 12.936083524318782
320.7802393684746 36.624395212630496
30.49452508276034 57.19582378405903
94.07894066717594 32.26075884899411
79.74127832951362 25.403615991851243
68.5204991087344 16.676343264578534
771.5816119089777 0.9060266246967027
939.7153911731916 35.2070299691783
