244.77908496732036 415.91982570806096
234.34945533769073 337.22352941176473
98.76427015250549 270.85315904139435
235.29760348583883 229.13464052287577
219.17908496732034 227.23834422657947
491.29760348583886 602.7050108932461
411.65315904139436 646.3198257080611
620.2457516339871 670.0235294117647
710.3198257080612 725.9642701525054
948.3050108932463 559.0901960784314
894.2605664488019 472.80871459694987
827.8901960784316 433.9346405228758
811.771677559913 249.99389978213503
759.6235294117649 217.756862745098
679.0309368191722 220.60130718954244
549.134640522876 261.3716775599129
497.9346405228759 218.7050108932462
441.99389978213514 190.26056644880174
417.3420479302834 184.5716775599128
371.83093681917217 176.98649237472765
337.6976034858389 168.45315904139431
642.0531590413945 206.37908496732024
664.8087145969499 194.05315904139428
528.2753812636167 141.90501089324613
870.5568627450982 169.40130718954242
852.3050108932462 85.84575163398692
867.2383442265794 82.5272331154684
877.9050108932462 83.00130718954249
903.2679738562091 82.76427015250545
904.4531590413943 71.14945533769063
971.2976034858387 72.57167755991284
996.1864923747277 87.26797385620914
886.6753812636166 117.13464052287581
857.2827886710239 114.05315904139432
1001.1642701525054 187.5346405228758
1022.1420479302832 51.66797385620913
1003.7716775599129 582.2013071895425
50.40871459694983 129.34204793028323
179.35686274509803 114.17167755991285
201.16427015250537 114.17167755991285
225.3420479302832 115.5938997821351
447.68278867102384 104.69019607843138
478.97167755991285 81.46056644880174
564.5420479302832 129.69760348583878
550.5568627450981 124.24575163398694
488.6901960784313 87.50501089324618
651.0605664488018 89.51982570806099
717.9050108932462 104.8087145969499
733.3124183006536 93.90501089324617
718.6161220043573 87.26797385620914
