61.949966193373896 502.63236183765696
50.79933098466248 388.3383509483648
49.40550158357355 254.5307284438276
128.8537774456426 239.19860503184935
257.086082345824 151.38735276324684
177.63780648375513 140.23671755453546
66.13145439664075 172.29479377958077
38.25486637486214 117.93544713711246
39.64869577595107 88.66502971424508
77.2820896053521 108.17864132949006
87.03889541297465 94.24034731860078
100.97718942386392 70.54524750008896
144.18590085762074 95.63417671968965
110.73399523148649 34.30568307177671
48.01167218248463 34.30568307177671
180.42546528593297 34.30568307177671
133.03526564890933 34.30568307177671
279.3873527632469 20.367389060887444
337.92818760898194 17.579730258709592
379.74306964164987 10.610583253265027
421.5579516743177 17.579730258709592
432.7085868830291 55.21312408811069
395.075193053628 49.637806483754986
396.469022454717 127.69225294473503
460.5851749048078 110.96630013166791
442.4653926906517 216.8973346144265
509.3692039429203 180.65777018611442
449.4345396960964 333.9790043058966
503.7938863385646 304.70858688302906
553.9717447777659 137.4490587523576
548.3964271734103 76.12056510444467
527.4889861570764 74.72673570335581
562.3347211842997 70.54524750008896
606.9372620191454 59.39461229137754
606.9372620191454 103.99715312622321
645.9644852496355 159.75032916978043
665.4780968648804 115.14778833493462
686.3855378812144 108.17864132949006
719.8374435073488 138.84288815344647
719.8374435073488 80.30205330771152
765.8338137432834 92.84651791751179
775.5906195509059 117.93544713711246
814.6178427813958 129.08608234582397
806.2548663748624 39.881000676132565
881.5216540336646 60.7884416924664
927.5180242695991 45.456318280488276
952.6069534892 92.84651791751179
960.9699298957333 143.0243763567133
945.6378064837551 134.66139995017966
909.3982420554431 303.31475748194015
921.9427066652435 444.09152699192197
988.846517917512 419.0025977723213
127.45994804455361 5.035265648909319
202.21706341399434 7.327431306970931
258.0832841497803 51.63512361466326
456.5046888320542 9.895993179880664
472.3441537149974 4.330775788576313
493.9628828119873 56.13010689225523
469.34749819660277 136.39766542068332
473.2003410059674 201.57492294576682
562.6719129123223 279.7020132467702
599.9160600695128 185.52141124008128
664.1301068922554 176.10335103941236
666.6986687651652 223.19365204275684
280.13010689225547 216.34415371499762
