167.2331836844328 575.0296611795403
201.80069836153652 651.679367637466
350.5913050151568 420.22731284294537
452.79091362572444 505.8946318253329
586.5521660719082 689.252753156057
529.4406200836501 427.7419899466636
506.89658877249553 388.665669007329
470.82613867464806 346.58347722650706
446.77917194274977 333.0570584398142
428.7439468938262 296.98660834196687
326.5443382832586 251.8985457196577
304.000306972104 301.49541460419783
141.68328153179093 316.52476881163426
86.07467096427625 346.58347722650706
74.05118759832712 293.9807375004796
30.46606039676151 287.9689958175051
42.489543762710646 238.37212693296496
92.08641264725078 251.8985457196577
90.58347722650711 220.33690188404128
16.93964161006878 151.20187252983374
0.4073519818887101 220.33690188404128
176.25079620889466 203.80461225586126
180.7596024711256 178.25471010321937
221.33885883120385 196.28993515214296
207.81244004451105 151.20187252983374
240.8770193008711 143.68719542611564
264.9239860327694 154.2077433713211
270.9357277157439 178.25471010321937
288.97095276466763 143.68719542611564
325.041402862515 64.0316181267027
379.147078009286 70.04335980967724
338.56782164920776 127.15490579793557
370.12946548482415 146.69306626760292
401.69110932044055 139.1783891638847
415.2175281071334 116.63435785273003
434.7556885768007 158.71654963355203
442.270365680519 127.15490579793557
460.3055907294426 121.14316411496097
455.79678446721164 140.6813245846283
400.18817389969695 71.54629523042082
415.2175281071334 59.52281186447177
407.7028510034152 53.511070181497246
391.1705613752351 53.511070181497246
377.6441425885424 59.52281186447177
454.29384904646804 74.55216607190818
496.3760408272899 101.60500364529365
493.3701699858027 80.5639077548827
514.4112658762136 50.5051993400099
545.97290971183 70.04335980967724
568.5169410229847 65.5345535474463
562.5051993400101 91.08445570008817
562.5051993400101 106.11380990752457
544.4699742910864 112.1255515904991
527.9376846629065 101.60500364529365
508.39952419323913 95.5932619623191
603.0844557000884 74.55216607190818
610.5991328038066 92.58739112083191
648.1725183223977 59.52281186447177
679.734162158014 64.0316181267027
672.2194850542959 49.002263919266305
687.2488392617323 6.920072138444299
778.9278999270944 5.417136717700701
760.8926748781706 30.967038870342567
768.4073519818888 8.423007559188038
873.6128314339436 36.97878055331724
872.1098960132 18.943555504393505
848.0629292813018 21.9494263458807
846.5599938605582 33.97290971182991
830.027704232378 17.440620083649907
822.5130271286599 55.01400560224084
912.6891523732781 2.4112658762135064
938.23905452592 11.428878400675233
954.7713441541003 15.937684662906166
1005.871148459384 5.417136717700701
998.3564713556656 26.45823260811163
1007.3740838801275 38.48171597406084
1020.9005026668203 23.45236176662444
1022.403438087564 49.002263919266305
999.8594067764094 80.5639077548827
996.8535359349222 68.54042438893364
978.8183108859985 53.511070181497246
944.2507962088947 64.0316181267027
929.2214420014584 49.002263919266305
933.7302482636891 33.97290971182991
888.64218564138 74.55216607190818
875.1157668546872 64.0316181267027
849.5658647020454 53.511070181497246
846.5599938605582 82.0668431756263
808.9866083419671 82.0668431756263
819.5071562871726 74.55216607190818
786.4425770308125 74.55216607190818
769.9102874026324 50.5051993400099
786.4425770308125 61.02574728521537
762.3956102989143 80.5639077548827
751.8750623537088 64.0316181267027
721.8163539388361 64.0316181267027
736.8457081462725 76.05510149265177
747.3662560914779 110.6226161697555
702.2781934691687 106.11380990752457
696.266451786194 89.58152027934457
682.7400329995014 85.07271401711364
669.2136142128086 107.61674532826831
637.6519703771921 101.60500364529365
595.5697785963702 121.14316411496097
553.4875868155483 122.6460995357047
646.6695829016539 134.66958290165377
643.6637120601667 151.20187252983374
636.1490349564484 175.24883926173203
615.1079390660375 178.25471010321937
708.2899351521432 169.2370975787575
884.1333793791491 131.6637120601665
933.7302482636891 190.27819346916843
888.64218564138 202.30167683511758
694.7635163654504 235.36625609147762
693.2605809447068 211.31928935957947
634.6460995357048 227.8515789877595
556.4934576570355 295.4836729212232
604.587391120832 309.01009170791605
703.7811288899123 284.96312497601775
580.5404243889337 363.1157668546871
551.9846513948047 363.1157668546871
696.266451786194 427.7419899466636
774.4190936648633 336.0629292813016
825.5188979701471 493.8711484593838
896.1568627450981 617.1118529603623
939.7419899466638 342.0746709642761
942.747860788151 238.37212693296496
1011.8828901423584 211.31928935957947
1020.9005026668203 283.46018955527416
184.29272688096228 58.91410550234087
178.15486474310012 62.49452508276048
171.50551409374947 52.77624336447872
254.8781414663768 48.17284676108216
245.67134825958362 27.20181779005318
267.6653542535896 48.17284676108216
281.4755440637794 54.310708898944235
307.56145814969346 51.75326634150171
300.9121075003428 61.471548059783395
369.9630565512918 50.21880080703618
377.12389571213106 41.012007600242924
404.7442753325106 61.471548059783395
413.9510685393038 77.32769191592723
369.45156803980336 118.24677283500819
372.52049910873444 131.54547413370946
638.4945250827603 64.54047912871452
654.8621574503928 50.73028931852469
668.1608587490941 37.43158801982338
713.6833362715715 3.6733462615816013
709.0799396681749 35.89712248535786
725.4475720358073 33.85116843940384
731.5854341736695 32.316702904938246
747.4415780298133 33.85116843940384
740.280738868974 43.56945015768553
783.7572623454976 14.414605002840378
771.9930265812619 15.949070537305898
768.9240955123307 26.690329278564676
862.0150046032398 4.184834773070178
920.8361834244186 23.10990969814506
862.0150046032398 51.75326634150171
884.0090105972457 6.2307888190242045
697.059959648195 70.16685275508813
780.4325870208222 94.71830130653667
907.2817378699731 76.81620340443874
938.4825370707723 98.29872088695622
972.7522673405026 116.71230730054266
775.3177019059373 105.97104855928389
760.9960235842588 98.29872088695622
778.8981214863568 211.84917043740575
830.5584611466963 194.45856104679635
783.5015180897534 168.8841354723708
843.3456739339091 156.60841119664653
952.8042153924505 73.2357838240192
987.0739456621808 7.765254353489724
986.5624571506924 32.828191416426755
955.8731464613817 7.253765842001216
944.6203992086344 4.184834773070178
317.7912283794637 218.94607353430882
306.5384811267165 229.17584376407908
506.01900060723597 269.07194766018296
385.30771189594725 191.3256939139292
242.090928679164 177.00401559225085
312.6763432645785 63.51750210573746
424.18083876907394 49.19582378405917
345.9230965113318 125.40761199584732
425.2038157920511 146.8901294783648
368.9400795283148 252.25676284499812
528.5244951127303 68.12089870913405
518.29472488296 73.74727233550769
508.0649546531899 86.53448512272047
555.6333862216214 73.2357838240192
562.2827368709721 75.28173786997321
567.9091104973458 81.41960000783536
578.138880727116 83.9770425652779
630.8221974104326 93.18383577207112
353.083935672171 69.65536424359958
345.4116079998433 55.33368592192124
336.2048147930501 45.61540420363956
501.9270925153278 80.39662298485835
288.12489471313 176.55646314469845
383.77324636148165 64.54047912871447
464.58843117666646 101.3676519558873
630.3107088989441 57.37963996787535
552.0529666412019 165.75126833950364
856.6443752326104 12.368650956886356
839.7652543534895 14.414605002840378
821.8631564513917 12.880139468374859
930.2987208869561 26.690329278564608
954.8501694384047 36.40861099684637
901.1438757321109 179.113905702141
835.6733462615814 50.21880080703618
810.6104091986444 160.1888307770661
818.7942253824607 138.1948247830601
665.3476719359072 72.21280680104218
645.9111084993438 82.95406554230088
1015.2058137940489 43.05796164619702
1017.7632563514915 16.460559048794405
696.0369826252179 45.61540420363956
691.4335860218214 43.05796164619702
758.4385810268163 109.55146813970346
370.98603357426884 69.65536424359958
364.3366829249182 62.49452508276041
405.76725235548764 114.66635325458857
263.2204078955997 60.41104334710472
242.4578660895796 59.768902878877284
253.4812774608171 53.88261525345922
271.0331169257 62.76555839727193
335.56823398255614 55.916060069512774
358.89933766148596 83.95619384877698
328.0765951865696 104.50468883205457
278.8458259558003 130.40435438389403
90.48462194242249 175.6752573939273
137.146829300282 214.63177913305776
111.88930421666998 338.35084267820827
208.63846809626867 279.2739196012852
256.1568627450981 170.96622729359308
317.374254049446 156.6250901698471
360.18361859794095 155.34080923339224
388.0097055544627 331.92943799593417
560.9595383303824 170.75218047085042
467.6351236146635 211.8491704374056
408.98629418322537 262.3642206046297
492.67860187553316 49.28060856449605
895.9428159223562 7.969571775198347
892.9461604039614 2.83244802937895
897.6551905042959 50.13679585546593
936.3976654206838 60.19699652436226
842.0030165912524 65.33412027018166
807.5414781297139 39.32743130697094
783.7822808052991 28.41104334710472
771.4745884976069 37.82910354777361
