957.2477718360072 195.1179017061369
952.2607588489941 201.6633562515915
947.2737458619812 201.35166793990314
942.5984211866565 197.61140819964342
927.6373822256176 194.4945250827603
922.0269926152279 195.1179017061369
916.7282913165266 199.48153806977328
907.3776419658772 194.18283677107198
899.8971224853577 195.42959001782526
897.0919276801629 192.0010185892538
886.1828367710721 197.61140819964342
882.7542653425006 198.54647313470838
879.6373822256176 201.35166793990314
884.9360835243189 208.208810797046
895.5334861217215 206.0269926152278
909.8711484593838 205.09192768016288
922.3386809269163 206.33868092691617
927.3256939139292 209.45556404379928
931.3776419658774 205.09192768016288
940.4166030048383 207.27374586198107
958.8062133944487 203.84517443340965
970.6503692386045 207.89712248535773
962.8581614463967 207.27374586198107
981.2477718360072 204.15686274509795
967.8451744334099 198.85816144639665
971.5854341736695 226.9101094983447
867.1698497580851 207.89712248535773
862.1828367710721 203.53348612172132
844.4166030048383 214.44257703081223
846.2867328749682 223.16984975808498
875.8971224853577 233.45556404379928
884.6243952126305 237.81920040743563
1005.5594601476954 279.27374586198107
988.7282913165266 295.4815380697733
910.8062133944487 271.169849758085
900.8321874204227 279.27374586198107
999.014005602241 296.7282913165265
857.5075120957474 272.7282913165265
838.4945250827603 271.169849758085
830.7023172905526 260.2607588489941
822.9101094983448 211.63738222561744
812.0010185892539 203.84517443340965
796.4166030048383 199.48153806977328
795.7932263814616 206.65036923860444
783.9490705373057 209.45556404379928
815.117901706137 244.05296664120186
792.0529666412019 278.02699261522787
771.1698497580851 243.42959001782526
1003.1698497580851 318.7023172905525
973.8711484593838 350.49452508276033
920.8841354723708 361.09192768016294
761.5075120957475 216.15686274509792
744.6763432645787 219.27374586198104
741.5594601476955 214.2867328749681
732.8321874204228 226.1308887191239
722.2347848230202 218.65036923860444
686.7023172905526 223.63738222561744
671.7412783295138 228.0010185892538
667.3776419658774 214.2867328749681
662.3906289788644 241.09192768016285
650.5464731347085 234.85816144639665
654.2867328749682 231.74127832951353
624.3646549528903 239.84517443340965
645.8711484593839 254.0269926152278
603.4815380697735 242.49452508276028
593.8192004074357 246.8581614463966
607.5334861217215 256.83218742042254
636.2088107970462 273.0399796282148
633.7153043035397 267.4295900178252
686.7023172905527 232.83218742042257
700.1049146931501 239.0659536541888
718.4945250827604 232.83218742042257
757.1438757321112 241.55946014769532
745.9230965113319 254.6503692386044
738.4425770308125 269.6114081996434
748.1049146931501 272.4166030048382
739.3776419658774 280.208810797046
689.5075120957475 298.91010949834464
677.6633562515916 308.5724471606823
581.6633562515916 297.3516679399031
586.9620575502929 321.66335625159144
737.5075120957475 220.67634326457843
872.4685510567863 414.70231729055246
841.2997198879553 423.42959001782526
845.0399796282151 382.2867328749681
803.8971224853577 371.06595365418895
684.2088107970462 353.61140819964345
666.7542653425006 347.3776419658772
557.039979628215 323.6893302775655
513.4036159918512 297.50751209574736
507.169849758085 285.03997962821484
503.4295900178253 256.3646549528902
479.7412783295137 257.6114081996434
594.130888719124 123.74127832951359
627.7932263814616 120.93608352431876
637.7672523554877 124.05296664120188
598.1828367710721 168.62439521263047
577.6114081996434 164.5724471606824
572.3127069009421 171.74127832951362
558.9101094983448 182.02699261522787
502.18283677107206 188.2607588489941
469.7672523554875 207.42959001782526
436.10491469315 223.01400560224087
423.01400560224084 221.76725235548764
442.33868092691614 302.8062133944486
445.45556404379926 288.4685510567862
434.85816144639665 252.31270690094206
409.9230965113317 241.71530430353948
418.0269926152278 259.7932263814615
409.2997198879551 282.8581614463966
407.4295900178252 292.83218742042266
398.70231729055246 277.247771836007
371.27374586198107 290.3386809269161
363.7932263814616 284.10491469314985
353.8192004074356 271.0140056022408
310.80621339444855 276.00101858925376
291.48153806977325 254.18283677107195
221.03997962821478 265.40361599185115
316.41660300483824 319.0140056022408
323.89712248535767 332.10491469314985
410.5464731347083 302.8062133944486
495.94907053730583 487.0140056022409
524.6243952126306 506.9620575502928
411.169849758085 533.143875732111
382.4945250827604 488.2607588489941
346.33868092691614 504.46855105678634
367.5334861217214 561.8192004074357
298.96205755029285 535.6373822256174
209.19582378405903 479.5334861217214
156.83218742042263 440.88413547237076
80.78023936847461 462.0789406671759
183.01400560224084 624.156862745098
126.91010949834477 594.23478482302
77.03997962821485 620.4166030048383
52.10491469314993 614.1828367710721
4.728291316526569 575.5334861217214
33.40361599185124 414.70231729055246
10.9620575502928 399.7412783295136
164.31270690094215 388.5204991087343
143.117901706137 379.79322638146164
111.94907053730576 326.182836771072
93.24777183600706 328.6763432645785
74.54647313470838 296.26075884899416
69.55946014769535 283.79322638146164
89.50751209574732 278.8062133944486
123.16984975808501 266.33868092691614
156.83218742042263 265.09192768016294
151.84517443340968 256.3646549528902
99.48153806977336 281.4555640437993
71.42959001782529 277.71530430353954
8.156862745098021 321.9750445632798
