422.73220521085165 451.7889566785618
314.52085491730946 363.1157668546871
260.41517977053843 272.9396416100687
156.71263573922732 193.28406431065576
123.64805648286725 179.75764552396296
107.11576685468718 190.27819346916843
71.04531675683985 146.69306626760292
53.01009170791611 167.7341621580139
59.02183339089071 140.6813245846283
210.8183108859984 143.68719542611564
219.83592341046017 112.1255515904991
170.23905452592004 91.08445570008817
252.9005026668203 36.97878055331724
365.62065922259325 39.98465139480444
379.147078009286 26.45823260811163
385.1588196922606 36.97878055331724
288.97095276466763 185.7693872069375
323.5384674417714 182.7635163654503
275.44453397797486 122.6460995357047
294.98269444764213 80.5639077548827
317.52672575879683 70.04335980967724
382.1529488507734 76.05510149265177
502.38778251026457 193.28406431065576
437.7615594182881 116.63435785273003
412.2116572656462 112.1255515904991
431.7498177353134 80.5639077548827
452.79091362572444 85.07271401711364
470.82613867464806 95.5932619623191
502.38778251026457 97.09619738306286
550.481715974061 118.13729327347377
585.0492306511646 175.24883926173203
628.6343578527303 133.16664748091017
487.3584283028282 596.0707570699514
591.0609723341393 414.2155711599708
639.1549057979357 388.665669007329
661.6989371090905 346.58347722650706
694.7635163654504 379.6480564828671
727.8280956218106 415.7185065807145
819.5071562871726 400.6891523732781
903.6715398488163 441.26840873335635
1013.3858255631022 496.87701930087104
787.9455124515562 280.45431871378685
763.8985457196579 238.37212693296496
798.4660603967617 217.33103104255397
784.9396416100689 134.66958290165377
840.5482521775835 133.16664748091017
858.5834772265073 71.54629523042082
867.6010897509691 49.002263919266305
882.6304439584054 41.487586815548035
730.8339664632978 55.01400560224084
711.2958059936304 26.45823260811163
796.9631249760181 30.967038870342567
786.4425770308125 55.01400560224084
762.3956102989143 53.511070181497246
747.3662560914779 53.511070181497246
822.5130271286599 44.49345765703537
870.6069605924563 26.45823260811163
924.7126357392275 44.49345765703537
938.23905452592 101.60500364529365
993.8476650934347 112.1255515904991
646.6695829016539 27.961168028855372
622.6226161697557 26.45823260811163
670.7165496335522 5.417136717700701
589.5580369133957 85.07271401711364
601.5815202793447 59.52281186447177
583.546295230421 53.511070181497246
600.0785848586011 47.49932849852271
541.4641034495991 38.48171597406084
530.9435555043937 26.45823260811163
470.82613867464806 26.45823260811163
947.9450745333098 8.212806801042175
962.2667528549881 5.1438757321111375
592.9720475602829 17.419600007835292
477.3756439638793 15.373645961881266
616.2447748330103 82.47454506278038
552.8201994084349 7.541478129713462
446.942077530313 21.60741219564753
460.4965230847586 31.581438169673515
466.1228967111322 25.187831776067114
499.8811384693739 4.728291316526642
497.83518442341995 30.558461146696462
502.6943252825608 27.745274333509645
497.83518442341995 41.299719887955206
494.5105090987446 70.1988207870561
517.7832363714718 56.64437523261056
581.7193003075357 40.276742864978196
578.9061134943489 29.791228379463707
818.7942253824607 30.27074885898422
703.197821786057 12.368650956886356
724.168850757086 14.414605002840378
927.9970225852577 90.11490470314004
681.9710485592839 23.621398209633565
676.3446749329103 18.50651309474843
682.9940255822607 12.368650956886356
692.7123073005424 12.368650956886356
525.9670525552879 7.253765842001216
754.6024171906523 237.93508452331983
484.0249946132299 37.43158801982338
360.2447748330101 91.64937023760557
331.089929678165 89.60341619165153
368.9400795283148 32.828191416426755
374.0549646431999 49.19582378405917
93.48127746081717 551.1133844842283
41.89599317988065 44.78562528690407
174.60502328021508 112.42442127352614
205.64181257787394 117.9896386648305
202.43111023673683 59.768902878877306
166.68529083874358 297.0398058889106
557.5347891665028 330.2170634139943
354.83244802937907 48.42442127352614
341.9896386648306 89.09331759459637
343.91606006951287 68.11672896583383
333.85585940061645 111.56823398255625
298.5381336481082 100.43779919994753
577.6551905042953 17.387631975867265
572.089973112991 9.039805888910754
600.7722473604827 7.969571775198382
612.1167289658338 9.895993179880664
626.0297724440946 3.046494852121481
640.156862745098 5.186963079546223
657.0665617417535 2.8324480293789853
654.0699062233589 16.959538330382344
702.2304413404158 1.7622139156666141
716.7856252869041 1.976260738409074
752.9595383303823 15.033116925700062
729.2003410059675 5.186963079546223
767.0866286313856 12.464555052790363
784.6384680962685 8.397665420683337
611.6886353203489 29.802347694930837
607.8357925109843 18.45786608957967
605.0531838153322 33.65519050429537
530.136795855466 43.28729752770674
433.1735851531249 67.26054167486394
457.146829300282 43.28729752770674
455.22040789559975 17.387631975867265
458.6451570594794 16.317397862154895
460.3575316414192 25.307364417338857
468.2772640828908 81.38763197586728
441.8424814741953 33.70870220998097
502.4177323103157 2.5648895009508657
504.66522394911175 38.95284936717161
967.0063610728572 58.9127155879074
1019.4478326447636 61.6953242835596
1022.8725818086432 9.467899534395709
828.7321135812184 2.8324480293789853
816.7454915076397 23.166896189914112
722.136795855466 59.9829497016198
707.5816119089777 43.92943799593416
660.0632172601482 23.166896189914112
656.6384680962688 82.45786608957965
694.3107088989442 36.65184602269002
678.899337661486 37.936126959144886
515.1535182634927 94.97960522001435
905.574922945767 72.71873565479693
604.1969965243622 107.39432093907784
