77.03997962821485 498.23478482302016
23.42959001782526 331.1698497580851
67.06595365418887 261.3516679399033
226.65036923860453 364.83218742042277
220.4166030048383 313.71530430353965
280.26075884899416 309.97504456327994
244.10491469314994 212.7282913165266
414.9101094983448 291.2737458619811
383.74127832951353 287.5334861217214
484.7282913165266 373.55946014769546
474.75426534250056 300.00101858925393
217.50751209574742 140.10491469314994
206.28673287496815 123.89712248535771
185.71530430353957 123.89712248535771
107.79322638146165 87.74127832951355
42.3386809269162 47.84517443340968
19.897122485357755 77.14387573211097
3.6893302775655434 102.07894066717591
168.26075884899413 73.40361599185124
186.96205755029283 80.88413547237067
167.01400560224087 57.19582378405903
206.9101094983448 47.84517443340968
236.83218742042274 64.67634326457849
241.8192004074357 38.49452508276034
254.9101094983448 30.390628978864203
289.1958237840591 36.624395212630425
289.1958237840591 36.624395212630425
305.4036159918513 45.97504456327977
317.8711484593838 26.026992615227808
290.4425770308123 77.14387573211097
321.61140819964345 122.02699261522784
304.7802393684746 161.29971988795512
304.1568627450981 188.10491469314994
428.20881079704606 176.8841354723707
388.93608352431886 102.07894066717591
387.065953654189 37.24777183600707
410.7542653425007 39.74127832951354
387.065953654189 4.208810797046003
371.4815380697734 9.19582378405903
450.02699261522787 32.26075884899411
450.02699261522787 32.26075884899411
469.9750445632798 32.26075884899411
462.49452508276033 14.806213394448621
455.01400560224084 6.70231729055248
507.3776419658772 25.403615991851243
504.2607588489941 7.949070537305755
507.3776419658772 51.58543417366936
513.7153043035397 79.79322638146166
528.6763432645787 67.6373822256175
533.6633562515916 24.936083524318818
533.0399796282151 11.221797810033118
499.68933027756566 21.8192004074357
546.1308887191241 142.75426534250064
534.2867328749683 165.8192004074357
552.052966641202 183.58543417366948
609.091927680163 76.36465495289025
584.1568627450981 33.975044563279845
593.5075120957475 19.949070537305825
607.5334861217216 15.585434173669471
630.5984211866567 23.689330277565578
635.5854341736696 91.94907053730583
622.1828367710722 134.02699261522793
595.3776419658774 153.97504456327985
614.7023172905527 122.18283677107208
541.1438757321113 255.27374586198107
560.4685510567866 235.63738222561747
574.4945250827607 274.28673287496815
632.780239368475 248.10491469314994
666.1308887191244 218.4945250827603
689.195823784059 134.18283677107206
731.5854341736695 117.97504456327984
731.5854341736695 117.97504456327984
822.5984211866564 314.9620575502928
791.4295900178253 291.2737458619811
894.9101094983449 280.0529666412019
757.5594601476954 24.00101858925386
784.3646549528903 18.70231729055259
793.0919276801629 3.4295900178252956
805.2477718360072 0.9360835243188179
826.4425770308125 2.182836771072057
852.936083524319 24.936083524318818
892.2088107970462 1.8711484593837382
892.2088107970462 1.8711484593837382
607.9490705373058 155.2217978100331
