923.5854341736695 642.8581614463967
1002.130888719124 565.5594601476954
689.195823784059 493.24777183600713
257.8192004074357 405.97504456327994
185.5075120957473 420.9360835243188
50.85816144639666 349.8711484593837
221.66335625159155 245.14387573211098
241.61140819964353 247.63738222561747
423.63738222561744 121.71530430353953
553.2997198879551 81.81920040743559
609.4036159918512 94.28673287496805
837.5594601476954 221.45556404379923
605.6633562515915 8.26075884899411
545.8192004074357 7.014005602240835
461.039979628215 7.014005602240835
301.45556404379926 26.9620575502928
252.8321874204227 55.6373822256174
204.20881079704608 151.6373822256174
151.84517443340968 35.68933027756544
143.117901706137 83.06595365418887
113.19582378405903 61.87114845938363
87.01400560224083 55.6373822256174
128.15686274509795 24.46855105678625
145.61140819964345 8.26075884899411
5.559460147695419 84.62439521263046
6.182836771072021 9.19582378405903
34.85816144639669 1.715304303539525
18.99298314643584 65.86923732703775
