149.18045621152277 455.5906195509057
349.8918899683286 557.3401658303976
338.04434005907274 510.64688089391836
41.158677627130636 341.64506601188566
135.2421622006334 346.5234689156969
111.54706238212155 356.97718942386393
164.51257962350093 320.7376249955517
211.20586455998003 304.70858688302906
209.11512045834667 258.01530194654987
216.0842674637913 230.8356286253158
163.81566492295642 227.35105512259344
138.72673570335573 216.200419913882
77.39824205544281 225.9572257215045
36.977189423863855 237.10786093021596
9.100601402085244 223.86648161987114
9.797516102629743 195.29297889754807
8.40368670154078 174.38553788121413
27.917298316785793 163.93181737304715
39.76484822604171 145.11512045834658
53.703142236931015 141.6305469556243
53.703142236931015 120.02619123874591
62.06611864346458 131.87374114800176
74.61058325326495 130.47991174691282
83.67047436034302 137.44905875235753
98.30568307177671 138.14597345290196
78.79207145653173 176.47628198284752
61.369203942920116 183.44542898829218
117.12237998647727 168.81022027685842
108.06248887939927 136.75214405181302
115.72855058538833 134.6613999501796
135.2421622006334 129.7829970463684
142.9082239066225 176.47628198284752
171.48172662894555 191.1114906942813
234.20404967794735 194.5960641970036
263.4744671008149 227.35105512259344
280.8973346144265 228.04796982313792
288.5633963204156 200.1713818013593
282.98807871606 170.20404967794735
264.17138180135936 159.05341446923592
264.17138180135936 149.29660866161336
230.71947617522505 157.659585068147
210.50894985943557 151.3873527632468
206.3274616561688 129.7829970463684
180.54161773602362 136.75214405181302
163.118750222412 139.5398028539909
148.48354151097823 134.6613999501796
157.54343261805622 117.93544713711248
158.9372620191452 112.36012953275677
147.0897121098893 122.11693534037926
218.34924024056082 120.72310593929033
306.85740720970784 154.52346891569687
122.17501156542468 120.72310593929033
355.29297889754815 114.4508736343903
381.4272801679656 113.75395893384584
378.98807871606 102.25486637486217
391.53254332586033 82.39279740934491
352.50532009537034 152.78118216433586
376.5488772641544 139.88826020426325
379.3365360663322 169.15867762713077
435.0897121098894 166.37101882495293
450.42183552186765 154.17501156542477
458.7848119284012 170.2040496779475
505.82655421515256 150.69043806270247
536.8392583893813 185.8846304401979
492.93363225507994 258.71221664709446
435.43816946016165 255.5761004946444
396.0624888793993 251.39461229137763
353.55069214618703 256.96992989573334
325.6741041244084 262.54524750008903
534.0515995872034 258.01530194655
381.6015088431017 325.26757054909086
423.4163908757697 290.4218355218676
546.0733781715954 337.1151204583467
608.0987865200527 316.90459414255724
580.9191131988186 288.3310914202342
607.4018718195083 257.66684459627777
661.7612184619766 259.06067399736673
608.7957012205972 166.37101882495293
567.6777338884739 155.91729831678595
556.5270986797624 147.55432191025238
578.1314543966408 122.46539269065167
402.6831785345719 98.59606419700366
398.15323298103283 81.17319668339205
395.365574178855 72.113305576314
557.8628518558058 92.8465179175119
546.3637592968222 72.63599160172242
555.075193053628 111.66321483221243
572.4980605672397 112.70858688302913
620.5851749048077 109.92092808085127
629.9935233621579 110.26938543112351
611.8737411480018 130.479911746913
643.5833600227751 171.24942172876416
617.4490587523576 149.993523362158
655.7793672823032 149.993523362158
670.414575993737 149.2966086616135
699.6849934166045 176.82473933311988
738.3637592968222 138.49443080317434
746.7267357033558 130.479911746913
728.9554108394719 111.3147574819402
760.6650297142452 108.17864132949009
772.5125796235011 101.90640902458992
772.8610369737733 115.14778833493475
738.1895306216862 245.81929468702188
717.2820896053522 245.81929468702188
788.3673890608876 231.18408597558815
789.7612184619766 291.81566492295656
841.3329063022669 222.12419486851007
860.1496032169675 203.30749795380956
879.6632148322125 199.12600975054278
881.0570442333014 183.79388633856453
855.9681150137006 154.523468915697
826.6976975908331 171.24942172876416
820.425465285933 141.2820896053522
789.0643037614321 154.523468915697
884.5416177360238 159.4018718195083
898.479911746913 135.00985730045204
787.1477883349347 106.95904060353725
798.2984235436462 110.79207145653179
811.8882602042632 105.91366855272055
831.7503291697806 97.89914949645917
821.2966086616136 53.645066011885696
850.2185687342087 110.79207145653179
883.3220170100709 122.98807871605992
896.5633963204158 119.15504786306536
886.8065905127933 107.6559553040817
900.047969823138 105.21675385217608
915.7285505853886 100.33835094836482
919.9100387886552 111.83744350734848
924.7884416924666 124.7303654674211
941.8628518558058 130.3056830717768
942.9082239066227 137.6232874274937
952.6650297142452 147.3800932351162
910.5016903313051 184.3165723639728
917.4708373367496 171.4236504039002
962.0733781715954 159.57610049464432
985.7684779901073 149.81929468702182
988.2076794420129 162.01530194654993
990.2984235436463 171.075193053628
999.009857300452 138.6686594783104
1010.5089498594357 86.74851428774777
984.7231059392906 88.49080103910892
951.9681150137006 93.02074659264795
963.1187502224122 82.21856873420874
895.8664816198713 53.645066011885696
894.1241948685101 39.7067720009964
899.6995124728659 28.55613679228497
907.365574178855 56.08426746379134
914.6831785345718 54.34198071243016
943.6051386071671 14.617842781395664
940.8174798049893 45.63054695562435
950.5742856126117 54.6904380627024
989.2530514928295 46.32746165616881
1005.2820896053522 14.617842781395664
837.6741041244085 10.784811928401135
843.2494217287642 10.784811928401135
842.900964378492 99.64143624782035
809.1006014020854 113.57973025870966
589.5143945055337 515.1768264474574
825.0715632895627 650.3782783530836
825.0715632895627 430.1532329810327
719.1405288068042 403.67047436034306
687.0824525817588 442.69769759083306
942.1532329810328 393.91366855272054
970.0298210028113 430.1532329810327
983.9681150137008 265.681363652539
1009.928187608982 122.11693534037944
114.21856873420877 278.22582826233946
5.499875449272247 260.1060460481833
