770.8480714957669 361.6853245531514
875.6081843838195 356.26669802445906
1148.345719661336 349.0418626528692
1173.6326434619007 130.49059266227653
79.29586077140168 3.646754468485483
141.1585136406397 19.902634054562668
275.26952022577615 47.898871119473284
304.6204139228598 3.646754468485483
514.8179680150519 22.146284101599235
565.3918156161807 22.146284101599235
597.0004703668862 51.045625587958625
775.8151458137348 3.1810912511759852
821.8734713076201 22.146284101599235
941.9863593603013 35.692850423330235
997.5272812793983 28.030573847601232
1055.325964252117 30.73988711194741
1092.3532455315149 32.0945437441205
1093.2563499529638 5.001411100658572
1143.3786453433681 14.935559736594655
1241.8170272812797 13.580903104421509
1296.454844778928 106.6006585136407
1304.5827845719664 14.484007525870254
1325.3541862652874 29.371119473189083
1348.8349012229544 17.630761994355566
1492.4285042333024 60.07666980244596
1557.9035747883354 54.67215428033876
1585.899811853246 13.129350893697165
1468.4962370649112 5.904515522107317
1485.655221072437 3.646754468485483
1506.8781749764821 46.09266227657582
1442.3062088428978 3.646754468485483
1715.0437441204144 2.2920978363123936
1813.0305738476013 5.862182502351516
1831.092662276576 9.474600188146496
