946.7996941896026 818.420489296636
643.4357798165138 718.603975535168
572.9770642201836 513.0993883792047
514.2614678899083 485.6987767584096
91.5091743119267 417.1972477064219
23.007645259938954 370.22477064220163
606.2492354740064 321.29510703363894
508.389908256881 327.1666666666665
946.7996941896026 246.92201834862362
874.3837920489298 243.0076452599386
448.6957186544344 159.91896024464813
532.8547400611621 118.81804281345546
573.9556574923549 143.2828746177368
535.7905198776759 229.39908256880713
672.7935779816515 218.63455657492335
709.9801223241592 202.9770642201833
768.6957186544345 142.30428134556558
900.8058103975537 105.11773700305794
754.9954128440369 26.83027522935754
765.7599388379207 36.61620795107012
1054.4449541284407 39.55198776758391
1099.4602446483182 92.39602446483161
1819.2155963302753 7.258409785932486
1828.0229357798166 29.766055045871383
1913.160550458716 99.24617737003035
1809.4296636085628 39.55198776758391
1384.7201834862385 29.766055045871383
1222.2737003058105 51.29510703363894
1186.065749235474 46.40214067278266
1148.8792048929663 43.46636085626892
1127.350152905199 25.851681957186315
844.047400611621 7.304281345565755
891.0198776758413 4.857798165137581
936.5244648318045 21.983180428134546
956.0963302752295 11.707951070336378
1172.3654434250766 15.133027522935777
1211.509174311927 8.772171253822592
1199.276758409786 3.3899082568807444
1234.5061162079512 6.325688073394474
1223.7415902140674 3.8792048929663565
