1805.515290519878 111.96788990825672
1829.9801223241593 98.26758409785913
1840.744648318043 50.31651376146766
1879.8883792048932 57.16666666666646
1761.4785932721716 7.258409785932486
1767.3501529051991 70.86697247706405
1330.8975535168197 46.40214067278266
1195.8516819571867 62.05963302752275
1124.4143730886851 91.41743119266033
1048.0840978593271 134.47553516819556
837.1972477064223 327.2584097859326
359.64373088685034 133.49694189602428
384.10856269113174 73.80275229357778
448.69571865443453 77.7171253822628
584.7201834862387 37.5948012232414
562.2125382263 96.31039755351662
741.2951070336395 116.86085626911296
806.8608562691135 118.81804281345546
968.3287461773704 85.54587155963281
895.9128440366976 92.39602446483161
830.3470948012235 66.95259938837899
796.0963302752297 66.95259938837899
834.2614678899085 22.91590214067253
731.0198776758414 21.983180428134546
740.3165137614683 20.515290519877652
760.8669724770647 27.36544342507642
779.4602446483185 11.707951070336378
872.4266055045875 9.750764525993873
836.7079510703368 2.9006116207950754
895.423547400612 23.45107033639141
910.5917431192665 21.983180428134546
893.4663608562695 66.50917431192659
950.7140672782879 45.95871559633025
987.9006116207955 51.340978593272155
975.6681957186548 45.95871559633025
1031.937308868502 61.12691131498468
1011.3868501529056 84.6131498470948
1081.3562691131506 80.20948012232415
1105.3318042813462 50.85168195718654
1140.5611620795114 39.59785932721712
1155.729357798166 9.750764525993873
1182.1513761467895 2.9006116207950754
