198.70224719101122 676.6797752808986
347.01685393258435 741.3988764044941
1282.7471910112358 663.1966292134829
26.11797752808991 282.9719101123593
42.297752808988776 363.8707865168536
155.55617977528095 401.6235955056177
872.8595505617978 277.57865168539297
1033.9831460674156 168.70224719101122
1098.7022471910113 201.06179775280899
1083.870786516854 148.47752808988764
1155.3314606741574 153.8707865168539
1233.5337078651687 223.98314606741576
1341.3988764044943 184.88202247191015
1418.2528089887642 191.62359550561797
1611.0617977528093 308.9269662921349
1561.174157303371 63.53370786516848
1594.8820224719102 54.09550561797744
1640.7247191011238 60.837078651685374
1686.5674157303374 191.62359550561797
1011.061797752809 114.7696629213483
1060.9494382022472 117.4662921348314
1090.612359550562 86.45505617977528
936.9044943820223 129.6011235955056
942.2977528089887 156.56741573033707
904.5449438202246 147.12921348314603
912.634831460674 140.3876404494382
865.4438202247189 129.6011235955056
785.8932584269661 172.7471910112359
798.0280898876402 126.90449438202245
876.2303370786515 59.488764044943764
904.5449438202246 48.70224719101117
926.1179775280898 39.26404494382018
1442.5224719101125 125.55617977528084
1468.1404494382023 35.219101123595465
1484.3202247191014 35.219101123595465
1522.0730337078653 59.488764044943764
1400.7247191011238 35.219101123595465
1322.5224719101125 82.41011235955051
1280.7247191011238 83.75842696629206
1283.4213483146068 51.39887640449433
1273.9831460674159 35.219101123595465
1263.1966292134832 6.904494382022449
1220.0505617977528 68.92696629213481
1087.9157303370785 14.994382022471882
1101.3988764044943 6.904494382022449
1056.9044943820224 35.219101123595465
994.88202247191 51.39887640449433
970.6123595505617 46.005617977528004
955.7808988764044 29.825842696629138
971.9606741573033 21.735955056179705
992.1853932584269 25.78089887640442
1007.0168539325842 24.43258426966281
913.9831460674156 16.34269662921338
931.511235955056 6.904494382022449
891.0617977528088 5.556179775280839
1337.3539325842698 17.69101123595499
1362.9719101123596 20.387640449438095
1345.4438202247193 39.26404494382018
1135.1067415730336 6.904494382022449
422.85955056179773 264.4325842696628
422.85955056179773 250.27528089887628
445.78089887640454 236.11797752808974
510.5 273.8707865168538
587.3539325842696 283.3089887640448
625.7808988764044 279.9382022471909
668.9269662921348 273.8707865168538
664.2078651685393 205.10674157303356
742.4101123595506 192.9719101123594
15.668539325842744 121.67977528089895
38.58988764044946 121.67977528089895
18.36516853932588 34.03932584269671
98.58988764044946 63.70224719101131
122.85955056179775 30.6685393258428
145.7808988764045 22.578651685393368
156.5674157303371 25.275280898876474
190.2752808988764 53.58988764044952
217.91573033707866 50.89325842696638
198.36516853932582 29.994382022471996
211.17415730337078 29.994382022471996
226.6797752808989 27.971910112359637
244.20786516853934 29.994382022471996
250.9494382022472 55.61235955056188
279.2640449438202 50.89325842696638
287.3539325842696 44.82584269662931
271.8483146067416 111.56741573033716
292.74719101123594 103.47752808988773
302.85955056179773 78.53370786516862
326.4550561797753 87.97191011235964
345.33146067415726 50.89325842696638
393.1966292134831 39.43258426966301
381.06179775280896 83.92696629213492
376.3426966292135 117.63483146067423
203.75842696629215 133.8146067415731
149.82584269662922 116.28651685393265
159.93820224719101 69.76966292134838
147.12921348314606 46.84831460674167
298.14044943820227 17.18539325842704
323.75842696629206 3.028089887640533
309.60112359550556 3.028089887640533
339.93820224719104 4.376404494382086
383.0842696629213 3.028089887640533
360.8370786516854 5.724719101123696
262.41011235955057 12.46629213483152
280.6123595505618 3.7022471910113377
290.7247191011236 5.724719101123696
96.5674157303371 24.601123595505726
338.25280898876406 163.30898876404495
1837.5786516853937 116.11797752808985
1805.2191011235957 120.16292134831463
1729.7134831460676 182.18539325842698
1790.3876404494385 330.5000000000001
1902.2977528089891 36.56741573033702
1872.6348314606744 27.12921348314603
1624.544943820225 32.5224719101123
335.572463768116 28.181159420289646
313.15700483091786 21.224637681159265
313.92995169082127 39.00241545893704
121.46618357487915 53.68840579710127
50.35507246376804 67.60144927536214
85.91062801932361 51.36956521739114
1384.8478260869565 658.7608695652177
1573.06038647343 96.97342995169072
1681.2729468599036 100.0652173913042
1477.2149758454107 107.79468599033805
1397.6014492753625 107.79468599033805
1202.0458937198068 62.190821256038475
1178.084541062802 15.814009661835598
1215.1859903381642 10.403381642511931
1157.9879227053138 26.635265700482933
1150.2584541062802 11.176328502415345
1147.1666666666665 45.958937198067474
1065.234299516908 18.90579710144914
1027.3599033816424 30.49999999999983
973.2536231884058 10.403381642511931
973.2536231884058 10.403381642511931
1033.5434782608695 17.35990338164231
1017.3115942028985 2.6739130434781373
996.4420289855071 4.992753623188264
1583.8816425120774 45.958937198067474
1585.8140096618356 709.775362318841
