1458.0280898876404 206.11797752809002
1355.5561797752807 203.42134831460646
1479.6011235955057 65.89325842696599
1436.455056179775 55.10674157303333
1358.2528089887642 25.44382022471882
1390.612359550562 6.567415730336734
1325.8932584269664 41.623595505617686
1280.0505617977528 92.8595505617975
1048.1404494382023 176.45505617977506
1077.803370786517 87.46629213483118
1107.4662921348313 44.320224719100906
1075.1067415730336 33.53370786516825
724.5449438202248 49.71348314606712
758.5898876404494 8.758426966292177
778.814606741573 5.387640449438209
625.1067415730337 8.084269662921372
858.3651685393259 3.3651685393258504
920.7941176470589 113.97058823529406
801.8529411764707 77.61764705882345
896.7941176470589 63.49999999999994
855.5000000000001 53.2647058823529
886.9117647058824 14.794117647058783
883.4705882352941 2.000000000000057
971.0 45.94117647058826
1003.1176470588235 25.29411764705887
1158.5 37.382352941176435
1174.3823529411764 106.91176470588229
