39.60112359550567 657.8033707865166
222.97191011235964 652.4101123595502
260.7247191011236 487.91573033707834
902.5224719101124 601.1741573033705
1069.7134831460676 501.3988764044941
1204.544943820225 274.88202247190986
1401.3988764044943 466.3426966292131
1509.26404494382 444.7696629213481
1576.6797752808989 293.75842696629184
1627.9157303370785 185.89325842696599
133.3089887640449 194.32022471910113
189.938202247191 217.24157303370788
162.97191011235952 271.17415730337086
304.5449438202247 215.89325842696633
400.27528089887653 175.4438202247191
276.2303370786517 206.45505617977528
400.27528089887653 147.12921348314603
473.08426966292143 148.47752808988764
570.1629213483147 157.91573033707863
556.679775280899 87.80337078651678
629.488764044944 97.24157303370782
162.63483146067418 29.994382022471996
259.0393258426966 44.151685393258504
281.9606741573034 32.016853932584354
269.1516853932584 3.028089887640533
284.6573033707865 3.7022471910113377
358.14044943820227 58.30898876404501
358.14044943820227 16.511235955056264
362.185393258427 7.747191011236055
419.48876404494376 10.443820224719161
430.94943820224717 50.89325842696638
501.0617977528092 6.398876404494445
530.0505617977531 25.275280898876474
543.5337078651687 11.792134831460771
570.5000000000002 17.859550561797846
579.9382022471912 9.095505617977608
552.297752808989 27.297752808988832
585.3314606741575 44.151685393258504
673.6460674157305 11.792134831460771
697.9157303370788 9.095505617977608
764.6573033707867 25.275280898876474
747.1292134831463 17.18539325842704
755.2191011235957 17.18539325842704
787.5786516853934 20.55617977528098
832.7471910112366 63.02808988764053
875.8932584269669 57.634831460674235
924.4325842696635 21.230337078651758
867.8033707865175 149.99438202247197
900.1629213483152 118.30898876404501
1022.8595505617983 105.50000000000009
1084.8820224719107 72.46629213483155
1113.8707865168544 63.02808988764053
1266.2303370786526 106.84831460674164
1301.9606741573043 46.17415730337086
1372.7471910112367 53.58988764044952
1448.2528089887649 4.376404494382086
1500.1629213483154 3.7022471910113377
1477.9157303370794 116.96067415730343
1781.9606741573034 42.129213483146145
1810.2752808988764 41.45505617977537
1834.5449438202247 34.03932584269671
1798.1404494382023 67.74719101123605
134.83557046979874 44.35234899328862
