1137.129213483146 280.2752808988761
1220.7247191011238 528.3651685393255
1487.691011235955 331.5112359550559
1652.1853932584268 415.10674157303345
1751.9606741573034 425.893258426966
1808.5898876404494 795.3314606741569
1819.3764044943819 684.7696629213481
649.0393258426967 220.94943820224694
541.1741573033709 247.91573033707846
308.5898876404493 58.140449438202154
336.90449438202234 16.34269662921338
318.02808988764036 2.8595505617976187
242.52247191011224 10.949438202247052
392.18539325842687 63.533707865168424
407.01685393258424 40.61235955056173
459.60112359550556 27.129213483145918
532.4101123595505 54.09550561797744
543.1966292134831 16.34269662921338
589.0393258426966 59.48876404494371
636.2303370786516 10.949438202247052
663.1966292134831 5.556179775280725
694.2078651685392 13.646067415730158
665.8932584269662 74.32022471910108
706.3426966292134 82.41011235955051
765.6685393258426 67.57865168539314
764.3202247191011 27.129213483145918
798.0280898876404 12.297752808988662
799.3764044943821 78.3651685393258
891.0617977528088 59.48876404494371
915.3314606741571 23.0842696629212
976.0056179775279 68.92696629213475
1031.2865168539324 41.96067415730329
1040.7247191011236 50.05056179775272
1052.8595505617977 74.32022471910108
1075.7808988764043 51.398876404494274
1094.6573033707864 68.92696629213475
1120.2752808988764 63.533707865168424
918.0280898876404 148.47752808988758
918.0280898876404 132.29775280898872
838.4775280898875 157.91573033707854
1608.365168539326 214.54494382022472
1513.9831460674159 238.81460674157307
1613.7584269662923 149.8258426966292
1553.0842696629215 129.6011235955056
1593.5337078651687 54.09550561797744
1213.308988764045 121.51123595505612
1263.1966292134832 134.99438202247188
1283.4213483146068 68.92696629213481
1352.1853932584272 72.97191011235952
1356.2303370786517 8.252808988763945
1373.758426966292 10.949438202247165
1148.5898876404494 74.32022471910108
1171.5112359550562 68.92696629213481
1222.7471910112358 68.92696629213481
1226.7921348314608 40.61235955056173
1183.6460674157304 29.825842696629138
1159.3764044943819 40.61235955056173
1136.4550561797753 27.12921348314603
1722.9719101123599 175.4438202247191
1810.6123595505621 166.00561797752812
1856.4550561797755 144.43258426966293
1891.5112359550565 166.00561797752812
1836.230337078652 93.1966292134831
1848.365168539326 78.3651685393258
1814.6573033707868 74.32022471910108
1792.4101123595506 318.02808988764014
1892.1853932584268 673.9831460674154
