1036.0508919202518 51.40241343126962
990.7203567681008 63.490556138509874
1016.9113326337881 36.292235047219265
973.5954879328438 16.145330535152084
949.4192025183631 7.079223504721881
1057.2051416579225 21.18205666316885
1072.3153200419729 5.064533053515107
1124.6972717733474 16.145330535152084
1160.9616998950683 12.115949632738648
1159.954354669465 70.54197271773342
1228.4538300104932 67.51993704092331
1227.44648478489 31.25550891920244
1254.6448058761807 12.115949632738648
1302.997376705142 9.093913955928542
1341.2764952780694 4.0571878279117755
1393.658447009444 49.387722980062904
1420.8567681007348 39.31427072402931
1436.9742917103883 29.240818467995723
1473.2387198321094 29.240818467995723
1491.3709338929698 8.086568730325212
1535.6941238195175 22.18940188877218
1765.368835257083 14.130640083945421
1885.2429171038827 7.614375655823551
873.8683105981113 98.27544596012581
889.985834207765 59.99632738719822
879.9123819517315 7.614375655823551
827.530430220357 94.24606505771237
