7.474694092364373 63.15975176527348
5.674773036270338 104.10795579141265
39.87327310205693 65.85963334941451
72.27185211174948 41.560699092145114
113.22005613788868 41.560699092145114
123.56960221042935 91.05852813473093
169.46758914082716 73.05931757379062
196.91638524626114 65.85963334941451
198.71630630235518 190.0541862199026
198.26632603833167 246.30171922284103
228.86498399193016 181.05458093943247
272.9630498662339 177.45473882724437
295.0120828033858 260.70108767159326
335.060326301478 269.2507126880399
355.3094381825358 141.90629796938728
328.7606026051489 96.45829130301303
224.36518135169513 82.0589228542608
246.8641945528705 63.60973202929699
231.1148853120477 26.261370115345873
259.4636419455287 37.510876715933534
274.3129906583045 37.96085697995704
306.2615894039735 50.56030437261526
324.2607999649138 18.611705626946218
357.1093592386299 20.861606947063763
338.21018814964253 23.111508267181307
538.4514056401035 241.3519363185825
420.106596201921 8.26215955440557
448.90533309942543 2.8623963861234643
623.968049646945 217.59935967720713
639.9173501162227 235.22753388009298
751.5624534011663 191.15709837287838
812.0019078110606 206.686680408754
919.4498267619838 156.7401868339108
974.0132231042494 163.87540020174555
931.201942897241 75.31481075391434
813.6807815446689 93.78242182360427
844.7399456164201 57.68663655102853
870.3427700539447 49.7119863163897
816.1990921450811 46.77395728257536
780.1033068725053 47.193675715977406
751.9821718345684 54.748607517214225
694.4807464584885 61.46410245164691
666.3596114205516 66.50072365247144
582.4159247401428 70.27818955308982
600.8835358098327 56.84719968422442
739.3906188325071 32.50353054690589
771.7089382044644 2.703521775360798
795.2131704749788 7.740142976185325
822.0751502127097 2.703521775360798
846.8385377834303 1.444366475154652
880.4160124555938 6.061269242577168
966.4582913030126 18.652822244638458
982.8273102056924 3.123240208762866
1200.0348888206654 169.6323845445375
1112.8887110214462 96.5737467654927
1023.7768299635977 64.13964299811408
1018.5349546072538 8.444717336958831
1032.6224946274283 9.099951756501838
1062.4356607166349 12.70374106398836
1083.0755449322396 13.686592693302856
1128.9419543002498 7.134248497872818
1104.6982807771585 10.082803385816334
1104.6982807771585 36.61979737730795
1126.9762510416208 32.36077365027842
1121.7343756852767 64.13964299811408
1329.77130389018 160.45910267093547
1344.186461120126 180.11613525722555
1256.7126661111351 65.77772904697156
1269.4897372922237 59.55300206131306
1262.9373930967938 28.429367133020403
1250.8155563352482 36.61979737730795
1241.3146572518747 24.497960615762395
1293.4057936055433 26.136046664619897
1288.1639182491995 5.496162449015316
1357.6187667207575 45.13784483136698
1374.3272444191043 61.19108811017055
1413.0757257364394 177.19768426852423
1457.8193410246035 198.5795889195053
1464.5506813776901 179.96941264920696
1529.8842789223547 147.10463327825454
1506.918529482412 91.67006566459986
1463.3627977859692 64.74470425225331
1435.2495527819015 67.12047143569563
1418.619182497805 48.510295165397274
1397.2372778468239 69.89219981637837
1396.4453554523432 56.8254803074455
1382.9826747461698 44.15472199575299
1622.539199076606 193.03613215813985
1656.98782323652 198.18362772226493
1630.854384218654 115.4277374990233
1650.6524440806738 114.6358151045425
1696.1879817633187 103.94486277905196
1667.2828143647703 47.71837277091649
1007.7847682119204 450.4999999999999
1074.5397350993376 300.3013245033111
1300.2350993377484 539.5066225165561
1408.3145695364237 392.4867549668873
1541.0298013245033 436.1953642384105
1675.3344370860927 347.18874172185417
1755.5993377483446 394.8708609271522
1840.6324503311262 444.9370860927151
1831.8907284768213 251.82450331125813
1773.8774834437086 237.51986754966867
722.8841059602648 685.9304635761587
1217.1887417218543 844.8708609271521
1477.8509933774833 706.5927152317878
1614.5397350993376 533.347682119205
1790.9635761589402 558.778145695364
1913.3476821192053 526.9900662251653
1913.3476821192053 183.67880794701955
408.3544800666636 40.83573088899607
1705.0201238390096 55.02012383900927
405.70123839009295 32.713622291021636
