98.92696629213458 642.9719101123596
322.74719101123594 397.57865168539286
417.12921348314615 532.4101123595502
654.4325842696629 313.9831460674153
740.7247191011237 365.2191011235951
1573.9831460674154 548.5898876404491
1072.4101123595506 284.3202247191007
880.9494382022473 235.78089887640408
956.4550561797754 203.42134831460635
1050.8370786516853 160.27528089887596
1150.612359550562 227.69101123595465
862.0730337078652 133.30898876404456
237.1292134831461 50.72471910112358
709.0393258426965 155.89325842696627
872.1853932584269 288.0280898876404
807.4662921348314 43.98314606741576
769.7134831460672 41.286516853932596
896.4550561797752 42.63483146067415
942.2977528089885 8.92696629213492
992.1853932584268 23.758426966292177
949.0393258426966 38.58988764044943
1264.5449438202245 132.97191011235952
1379.1516853932583 137.01685393258424
1482.9719101123592 122.18539325842698
1317.1292134831458 76.34269662921349
1304.9943820224717 33.19662921348316
1268.5898876404492 27.803370786516894
1240.2752808988762 30.5
1203.8707865168537 10.275280898876417
1179.6011235955054 6.230337078651701
1547.6910112359546 17.016853932584354
1611.0617977528086 18.36516853932585
1600.2752808988762 3.5337078651685943
1435.7808988764043 35.89325842696633
1434.4325842696626 61.511235955056236
1426.3426966292132 14.320224719101134
1410.1629213483143 3.5337078651685943
1671.7359550561796 135.6685393258427
1697.3539325842694 166.67977528089887
1915.7808988764043 177.46629213483146
1847.016853932584 29.151685393258447
1882.0730337078649 7.578651685393311
1906.3426966292132 19.71348314606746
1740.4999999999998 19.71348314606746
