430.6123595505618 978.7022471910109
654.4325842696629 808.8146067415727
433.308988764045 458.2528089887637
473.7584269662922 428.5898876404492
980.7247191011237 582.2977528089884
1004.9943820224719 482.522471910112
673.308988764045 350.38764044943787
608.5898876404495 363.8707865168536
592.4101123595507 315.33146067415703
1102.0730337078653 326.11797752808957
975.3314606741574 331.5112359550559
579.6011235955057 261.7359550561798
590.3876404494382 281.9606741573034
676.6797752808989 250.94943820224722
798.0280898876406 225.3314606741573
827.6910112359552 222.6348314606742
895.1067415730339 253.64606741573039
940.9494382022474 219.93820224719104
966.5674157303373 203.75842696629218
992.1853932584272 254.99438202247194
1025.8932584269664 288.7022471910113
1046.1179775280903 264.432584269663
1059.601123595506 298.1404494382023
1118.9269662921351 286.0056179775281
1101.3988764044948 279.2640449438203
1139.1516853932587 346.679775280899
862.747191011236 197.0168539325843
571.5112359550562 426.2303370786518
647.0168539325844 373.64606741573044
584.9943820224719 380.3876404494383
770.0505617977528 183.19662921348322
794.9943820224719 185.21910112359558
737.691011235955 193.98314606741582
845.556179775281 158.9269662921349
921.0617977528088 172.41011235955062
900.8370786516853 211.51123595505624
921.0617977528088 196.00561797752817
739.7134831460673 162.9719101123596
723.5337078651685 173.75842696629218
915.6685393258426 117.80337078651692
863.0842696629213 134.65730337078656
691.8483146067415 153.5337078651686
766.0056179775281 129.93820224719107
836.1179775280898 196.67977528089892
1030.2752808988764 197.35393258426973
944.196303696304 199.2912087912087
542.4195046439629 406.2585139318884
536.4752321981423 374.55572755417944
480.9953560371517 616.2894736842104
674.1842105263158 616.2894736842104
761.3668730650156 384.4628482972135
1120.995356037152 347.52786377708986
1106.1346749226009 407.4659442724459
1166.5681114551087 381.7074303405574
998.6424148606815 269.2616099071208
822.2956656346752 244.4938080495357
905.0201238390096 259.3544891640868
764.8343653250777 214.77244582043352
751.4597523219817 235.57739938080502
645.948916408669 283.6269349845202
718.7662538699693 245.48452012383908
667.7445820433439 196.44427244582053
701.9241486068114 142.45046439628493
899.5712074303408 154.8343653250775
830.2213622291024 132.54334365325087
991.7074303405575 131.05727554179578
874.8034055727557 142.45046439628493
881.2430340557278 168.70433436532517
884.215170278638 160.28328173374624
792.574303405573 173.6578947368422
727.1873065015482 202.88390092879266
882.2337461300311 132.0479876160992
979.3235294117649 128.58049535603726
810.7647058823533 140.26470588235293
798.2352941176473 142.02941176470586
755.3529411764708 141.32352941176464
777.7647058823532 137.9705882352941
634.029411764706 488.2647058823527
831.3235294117649 604.0294117647057
