368.26119402985074 220.49999999999955
404.5597014925373 300.73880597014886
362.52985074626866 312.2014925373131
528.7388059701493 363.7835820895518
513.455223880597 228.1417910447757
624.2611940298507 145.9925373134324
622.3507462686566 75.3059701492532
645.2761194029849 79.12686567164133
702.5895522388059 121.15671641791005
725.5149253731342 145.9925373134324
744.6194029850747 161.2761194029847
780.9179104477612 212.85820895522352
834.4104477611941 172.73880597014886
821.9925373134326 15.932835820895434
837.2761194029849 14.02238805970137
886.9477611940297 19.753731343283448
893.6343283582088 11.156716417910275
916.5597014925371 15.932835820895434
934.7089552238804 33.12686567164167
962.4104477611938 19.753731343283448
989.1567164179103 49.36567164179087
1030.231343283582 69.4253731343282
1043.6044776119402 15.932835820895434
1124.7985074626863 22.61940298507443
1172.5597014925372 23.574626865671462
1207.9029850746267 15.932835820895434
1271.9029850746267 86.61940298507449
322.410447761194 293.0970149253727
1506.8880597014925 39.00746268656667
1537.455223880597 44.73880597014886
1535.544776119403 25.63432835820845
1573.7537313432833 35.18656716417854
1583.3059701492537 52.38059701492489
1606.231343283582 71.48507462686518
1564.2014925373135 67.66417910447717
1470.589552238806 8.440298507462103
1422.828358208955 7.335820895522261
1505.9328358208954 15.932835820895434
1581.3955223880594 24.529850746268494
1675.0074626865671 3.5149253731341332
641.2858546168959 93.68271119842825
1025.3330058939096 3.240667976424504
