378.36516853932574 68.75842696629215
333.8707865168539 77.52247191011236
323.0842696629213 76.84831460674158
319.7134831460674 86.96067415730337
302.85955056179773 77.52247191011236
273.8707865168539 101.11797752808988
313.64606741573033 128.08426966292134
346.00561797752806 93.70224719101122
360.16292134831457 106.51123595505618
388.47752808988764 87.63483146067415
446.4550561797752 88.98314606741573
269.15168539325845 124.03932584269663
362.1853932584269 206.96067415730334
433.64606741573033 179.3202247191011
475.44382022471905 182.01685393258424
534.7696629213483 196.84831460674155
552.9719101123595 171.23033707865167
347.69101123595493 141.061797752809
65.89325842696628 364.8820224719102
49.713483146067354 335.2191011235956
20.05056179775278 312.2977528089888
14.65730337078651 228.70224719101128
477.129213483146 288.0280898876405
599.8258426966291 227.35393258426973
632.1853932584269 176.11797752808997
602.5224719101122 275.8932584269663
603.8707865168539 348.70224719101134
537.8033707865168 443.08426966292143
486.5674157303369 487.5786516853933
385.443820224719 403.98314606741576
723.8707865168537 304.20786516853934
671.2865168539324 363.5337078651686
804.7696629213481 328.47752808988764
829.0393258426964 336.5674157303371
881.6235955056177 251.62359550561803
811.511235955056 223.308988764045
784.5449438202245 227.35393258426973
737.3539325842694 205.78089887640454
719.825842696629 177.46629213483152
723.8707865168537 190.94943820224722
824.9943820224717 192.29775280898883
804.7696629213481 193.64606741573039
892.4101123595503 194.99438202247194
947.6910112359549 194.99438202247194
653.4213483146066 89.65730337078651
699.9382022471908 79.54494382022472
595.4438202247189 91.00561797752809
850.2752808988762 77.52247191011236
892.7471910112358 73.47752808988764
935.2191011235952 75.5
931.8483146067413 68.75842696629212
963.5337078651683 87.63483146067415
979.0393258426964 69.43258426966293
1045.780898876404 71.45505617977528
1043.084269662921 80.8932584269663
1056.5674157303367 75.5
1061.2865168539322 68.08426966292134
1075.4438202247188 80.2191011235955
1090.2752808988762 71.45505617977528
1213.6460674157302 71.45505617977528
1200.837078651685 72.12921348314609
1189.3764044943816 72.80337078651684
1238.589887640449 80.2191011235955
1225.1067415730333 80.2191011235955
1231.1741573033705 198.8707865168539
1297.9157303370785 209.6573033707865
1173.1966292134828 186.06179775280896
1169.151685393258 205.6123595505618
1160.3876404494379 231.90449438202245
1159.7134831460671 213.70224719101122
1146.9044943820222 213.70224719101122
1142.8595505617973 195.49999999999997
1147.578651685393 184.0393258426966
1110.4999999999998 212.35393258426961
1128.0280898876401 256.17415730337075
1096.3426966292132 195.49999999999997
1028.2528089887637 198.19662921348313
1026.2303370786515 175.94943820224717
999.26404494382 193.4775280898876
1042.4101123595503 235.94943820224717
1022.8595505617974 254.1516853932584
960.1629213483143 171.23033707865167
1001.2865168539323 267.6348314606741
1025.8932584269658 333.8707865168539
1096.0056179775277 356.79213483146066
1226.7921348314603 300.16292134831457
1257.8033707865163 292.07303370786514
1314.4325842696624 267.80337078651684
1356.2303370786512 244.8820224719101
1396.6797752808984 197.69101123595505
1491.0617977528084 224.6573033707865
1570.6123595505612 215.21910112359546
1469.4887640449433 378.3651685393258
1438.477528089887 360.8370786516854
1539.601123595505 393.1966292134831
1581.3988764044939 402.6348314606741
989.4887640449433 294.7696629213483
724.5449438202248 678.02808988764
209.48876404494388 1055.5561797752805
1689.938202247191 535.1067415730333
1633.308988764045 483.8707865168535
1778.9269662921347 392.18539325842664
1805.893258426966 381.398876404494
1894.8820224719102 416.45505617977494
1626.2303370786517 213.8707865168539
1757.691011235955 243.5337078651685
1740.1629213483147 205.78089887640448
1775.2191011235955 217.24157303370785
1792.7471910112358 215.89325842696627
1807.5786516853932 236.11797752808988
1843.9831460674159 223.30898876404493
