4.920858734266005 161.82187184772602
38.60359194772157 160.55876935222142
85.33838428139113 181.18944344546298
119.8631858251831 181.18944344546298
102.60078505328711 324.34105960264907
157.75626069032057 159.71670102188506
125.75766413753782 115.92914784439284
142.1779965790974 105.82432788035618
169.54521731503002 104.98225955001976
209.96449717117673 117.61328450506562
239.4368887329503 163.5060085083988
289.96098855313363 131.50741195561602
284.4875444059471 121.40259199157936
324.9068242620938 118.87638700057019
335.85371255646686 87.29882461295563
375.8519582474453 352.5503486689181
364.30378053594126 49.8208631200386
381.3504012981885 33.60578483399851
407.12821806061123 71.64885312047718
423.13541072759955 76.43022235866849
419.1855839656154 32.35847111968775
544.0208982062189 87.08436033507303
575.2037410639883 118.26720319284243
595.5765317310643 69.62196833472214
628.4224595412481 63.801171001271854
705.2663225529496 97.3571452222237
733.5043485951443 102.41867819205105
721.5165073508164 58.19686382408588
735.6355203719137 136.78382309245768
829.6734750218636 136.78382309245768
834.735007991691 67.52074034745203
822.747166747363 61.12722501714382
828.0750961892866 30.225234253987452
794.2427442330722 23.29892597948688
782.5212994608405 16.37261770498631
760.4103922768579 23.831718923679233
888.0143024109261 122.39841359926425
900.002143655254 53.66812379845089
941.2935968301613 28.36045894931422
974.5931558421833 43.27866138670004
1012.4018279874421 92.96625956995885
1004.7936505972781 110.00196111749992
1062.6819568267865 99.58206599618839
1102.7075857054751 95.28179181913919
1124.2089565907213 65.51066290110631
1041.511376262852 45.66324362241771
1017.6944731284257 32.431630769958645
1029.1067392136717 54.42918713717184
1001.4857473841633 45.00166297979476
1229.1521860267867 48.547294170491995
1260.9080568726886 41.93148774426248
1224.8519118497377 92.21161658360683
1256.2769923743278 94.1963585114757
1262.2312181579346 120.65958421639378
1359.6489677841644 351.3031357508207
1422.499128833345 334.76361968524685
1300.1067099480986 106.51829798032833
830.3844536858024 208.40171694426297
563.9437086092714 364.8708609271523
1630.4337748344367 188.44701986754967
1485.7980132450327 108.97682119205297
1905.4006622516554 93.08278145695363
572.6362229102167 394.83436532507744
383.4102167182662 75.8250773993808
1048.673374613003 40.63931888544897
1044.4117647058827 6.764705882352956
1092.058823529412 23.000000000000014
