1173.9228187919464 819.1577181208053
1412.3120805369128 617.8154362416105
1003.1845637583893 297.2785234899327
553.7885906040269 323.0503355704695
218.75503355704694 170.03020134228166
471.6409395973155 74.99664429530173
577.9496644295302 97.54697986577162
685.8691275167787 71.77516778523466
655.265100671141 68.55369127516745
676.2046979865772 20.23154362416085
792.1778523489934 108.8221476510065
806.6744966442955 124.929530201342
872.7147651006712 173.25167785234873
755.1308724832215 131.37248322147627
415.26510067114094 41.17114093959708
353.65436241610735 12.78187919463062
475.26510067114094 4.728187919462812
619.4261744966443 20.835570469798427
646.8087248322149 13.587248322147389
583.989932885906 7.144295302013234
609.5201342281879 93.96308724832221
548.3120805369128 56.27181208053696
582.4597315436242 38.553691275167864
608.5536912751678 55.627516778523564
511.5872483221477 68.83557046979871
474.21812080536915 39.520134228188
