188.84437086092709 477.7185430463577
101.42715231788077 477.7185430463577
36.26158940397346 477.7185430463577
42.61920529801324 245.66556291390725
20.36754966887412 299.70529801324506
133.2152317880794 320.3675496688743
203.14900662251648 306.06291390728484
238.11589403973505 286.9900662251656
1450.8311258278143 611.2284768211921
1597.0562913907281 795.5993377483445
645.003311258278 574.6721854304636
1182.2218543046356 477.7185430463577
398.64569536423835 822.6192052980133
207.91721854304632 1049.9039735099338
344.60596026490055 617.5860927152319
405.003311258278 399.837748344371
401.8245033112581 304.47350993377495
417.71854304635747 115.33443708609275
395.46688741721846 108.97682119205297
430.43377483443703 275.86423841059604
419.30794701986747 209.1092715231789
492.4205298013244 201.16225165562923
481.29470198675483 298.11589403973517
559.1754966887415 266.3278145695365
695.8642384105958 210.6986754966888
678.3807947019866 193.21523178807956
597.32119205298 105.79801324503319
708.5794701986754 105.79801324503319
729.2417218543045 169.37417218543055
767.3874172185429 142.35430463576165
869.1092715231787 102.6192052980133
856.3940397350991 121.69205298013253
883.4139072847679 167.78476821192058
913.6125827814567 147.12251655629143
932.685430463576 169.37417218543055
986.7251655629136 120.10264900662253
945.4006622516554 102.6192052980133
966.0629139072846 97.85099337748352
994.6721854304633 91.49337748344374
1032.8178807947018 102.6192052980133
1099.572847682119 361.69205298013253
1481.029801324503 344.2086092715233
1500.1026490066222 232.95033112582792
1562.0894039735097 317.1887417218543
1670.168874172185 433.21523178807956
1854.5397350993376 423.67880794702
1889.506622516556 309.2417218543046
1763.9437086092712 275.86423841059604
1749.6390728476817 145.53311258278154
1883.149006622516 91.49337748344374
1614.5397350993373 215.46688741721857
