155.55617977528095 789.9382022471907
476.4550561797754 808.8146067415727
802.7471910112359 919.3764044943816
597.8033707865169 671.2865168539323
853.9831460674158 808.8146067415727
918.7022471910112 609.26404494382
1031.9606741573034 647.016853932584
1180.2752808988762 722.522471910112
1393.308988764045 727.9157303370783
1606.3426966292132 1011.0617977528086
1358.2528089887642 520.2752808988761
1258.4775280898875 563.4213483146065
1142.5224719101125 579.6011235955053
258.7022471910112 529.0393258426964
433.9831460674159 601.8483146067414
475.78089887640465 576.2303370786515
504.09550561797766 462.9719101123593
547.241573033708 479.15168539325816
578.2528089887642 456.2303370786514
704.9943820224721 487.24157303370765
671.2865168539328 444.09550561797727
773.7584269662923 415.78089887640425
874.8820224719104 483.19662921348294
900.5000000000002 504.7696629213481
946.3426966292138 434.6573033707863
880.2752808988766 340.27528089887613
799.3764044943823 363.1966292134829
957.1292134831465 562.7471910112358
1129.7134831460673 492.6348314606739
1101.3988764044943 538.4775280898874
984.0955056179773 492.6348314606739
984.0955056179773 400.9494382022469
1042.073033707865 523.6460674157302
721.1741573033705 345.66853932584235
738.702247191011 329.4887640449435
785.893258426966 320.0505617977525
799.3764044943819 344.3202247191008
839.825842696629 284.99438202247154
850.6123595505616 318.7022471910109
891.0617977528088 298.4775280898873
626.455056179775 322.4101123595502
555.6685393258424 346.6797752808985
594.7696629213481 298.1404494382019
639.9382022471907 292.07303370786485
623.0842696629211 276.56741573033673
603.5337078651683 271.84831460674127
623.7584269662918 245.55617977528058
685.1067415730334 268.4775280898873
710.0505617977525 287.35393258426933
724.8820224719099 308.2528089887637
741.7359550561795 265.7808988764042
742.4101123595503 248.25280898876372
764.6573033707863 258.3651685393255
773.4213483146065 269.8258426966289
821.9606741573031 269.8258426966289
646.6797752808986 220.61235955056148
627.8033707865166 216.56741573033676
641.9606741573031 206.45505617977497
633.1966292134829 215.89325842696599
662.1853932584268 207.12921348314575
670.9494382022469 207.12921348314575
653.4213483146065 207.12921348314575
681.7359550561795 205.78089887640417
705.331460674157 191.62359550561766
665.5561797752806 185.55617977528058
672.9719101123593 184.207865168539
679.0393258426964 183.53370786516822
728.2528089887637 231.39887640449408
706.0056179775278 240.83707865168506
697.2415730337076 228.02808988764014
684.4325842696627 217.24157303370754
693.8707865168536 217.24157303370754
723.196629213483 319.71348314606746
621.3988764044942 186.23033707865184
630.8370786516851 184.20786516853948
639.6011235955054 186.23033707865184
612.6348314606739 207.12921348314623
373.308988764045 386.1179775280897
384.09550561797755 491.2865168539324
632.507992007992 1070.8496503496503
803.6968031968037 254.91558441558428
492.3885448916409 355.73219814241486
1023.905572755418 539.0139318885449
912.9458204334367 377.5278637770897
679.1377708978328 538.0232198142414
808.921052631579 634.1222910216718
634.5557275541795 265.8250773993807
564.2151702786377 253.44117647058815
569.6640866873064 243.5340557275541
592.4504643962847 234.12229102167174
575.1130030959752 214.80340557275534
601.8622291021671 223.719814241486
744.5247678018575 229.66408668730642
752.9458204334364 229.66408668730642
766.3204334365324 237.58978328173367
788.611455108359 276.2275541795665
732.140866873065 290.59287925696583
709.8498452012383 261.3668730650154
778.2089783281733 218.76625386996898
719.2616099071206 206.8777089783281
725.7012383900927 223.719814241486
748.9829721362228 207.8684210526315
741.5526315789473 207.8684210526315
615.2368421052631 220.25232198142407
594.4318885448915 206.3823529411764
607.8065015479875 191.0263157894736
