1007.6910112359551 731.9606741573036
848.5898876404495 481.1741573033705
1396.005617977528 626.7921348314603
1873.308988764045 389.48876404494354
1808.5898876404494 219.60112359550533
1555.1067415730336 109.03932584269637
1530.8370786516853 49.71348314606712
1339.3764044943819 130.61235955056145
1320.5 144.0955056179772
1404.0955056179773 17.353932584269387
1339.3764044943819 20.050561797752607
1290.8370786516853 22.7471910112356
1212.6348314606744 17.353932584269387
1193.758426966292 36.23033707865147
1115.5561797752807 87.46629213483118
1058.9269662921347 79.37640449438175
1034.6573033707864 30.837078651685033
996.9044943820226 38.926966292134466
829.7134831460675 17.353932584269387
805.4438202247192 33.53370786516825
743.4213483146067 36.23033707865147
778.4775280898876 22.7471910112356
839.8258426966294 4.882022471910091
895.1067415730339 17.01685393258424
919.3764044943822 2.185393258426984
955.029411764706 21.852941176470523
884.4411764705884 23.61764705882348
941.9705882352943 10.205882352941103
983.264705882353 4.911764705882263
1189.3823529411766 14.441176470588175
