1703.9207764952782 470.99317943336825
1828.8315844700949 438.75813221406077
1806.6699895068207 368.2439664218257
1728.097061909759 372.2733473242391
1488.3488982161598 241.31846799580262
1550.8043022035679 358.1705141657921
1180.1012591815322 112.37827911857278
1103.543022035677 102.30482686253924
1087.4254984260233 84.17261280167872
1161.9690451206718 207.06873032528847
1113.6164742917106 213.11280167890868
930.2796432318994 275.56820566631677
688.5167890870935 362.1998950682056
652.2523609653726 406.5230849947534
-246.29958027282265 797.3730325288562
444.73924449108074 49.387722980062904
505.1799580272823 39.31427072402931
468.91552990556147 1.774921301154393
562.5986358866737 16.381427072403056
593.3226652675761 21.921825813221517
599.8704092339979 43.579748163693694
623.0393494228751 43.579748163693694
622.0320041972718 21.41815320041985
609.9438614900315 7.315320041972825
622.5356768100735 4.7969569779644425
638.6532004197272 19.403462749213134
657.2890870933893 10.841028331584596
655.2743966421826 31.995278069255107
698.0865687303253 37.53567681007357
700.101259181532 24.943861490031594
697.079223504722 8.322665267576212
721.7591815320042 4.293284365162776
722.2628541448058 27.462224554040006
752.9868835257082 38.03934942287526
751.9795383001049 8.322665267576212
761.0456453305351 1.774921301154393
802.8504721930744 13.35939139559298
788.7476390346275 36.02465897166854
818.9679958027282 32.49895068205677
825.5157397691501 15.877754459601391
832.0634837355717 53.653200419727284
889.4821615949631 28.97324239244503
924.2355718782792 45.090766002098746
984.172612801679 40.05403987408196
1159.450682056663 13.35939139559298
1182.1159496327386 8.322665267576212
1128.7266526757608 5.300629590766107
1231.9795383001049 12.855718782791314
1251.1190975865686 4.7969569779644425
1266.2292759706193 12.352046169989649
1279.8284365162644 14.366736621196367
1282.8504721930744 7.315320041972825
1290.4055613850996 26.958551941238312
1345.3058761804828 24.943861490031594
1353.3646379853096 30.484260230850055
1374.51888772298 33.50629590766013
1590.0907660020987 43.07607555089202
1611.2450157397693 39.31427072402931
1858.2964323189926 43.579748163693694
1877.4359916054564 46.6017838405038
1913.7004197271772 69.770724029381
1908.1600209863589 60.704616998950776
1891.5388247639034 56.67523609653736
1853.7633788037774 60.704616998950776
1840.667890870934 69.770724029381
1834.6238195173137 57.178908709339055
1809.9438614900314 57.178908709339055
1874.917628541448 65.74134312696759
1902.1159496327386 23.43284365162657
1023.108695652174 266.1038647342997
1352.3840579710145 575.2826086956525
823.6884057971014 280.0169082125607
1125.1376811594203 264.557971014493
548.7125603864737 37.1425120772947
593.9299516908216 71.1521739130435
633.7367149758456 75.0169082125604
852.8671497584544 97.81884057971016
889.1956521739132 80.42753623188406
1694.026570048309 264.557971014493
