8.25280898876403 66.73595505617976
6.230337078651729 52.578651685393254
57.46629213483149 213.02808988764042
49.37640449438206 57.97191011235955
51.398876404494416 47.185393258426984
60.83707865168543 49.88202247191012
63.533707865168566 42.46629213483146
62.85955056179779 61.34269662921349
61.51123595505621 84.93820224719101
91.84831460674161 82.91573033707866
81.06179775280901 78.19662921348313
77.69101123595507 107.18539325842696
120.1629213483146 142.91573033707863
175.44382022471913 144.2640449438202
179.48876404494385 72.12921348314609
205.7808988764045 62.01685393258427
270.5 53.926966292134836
277.2415730337078 53.926966292134836
304.8820224719101 35.72471910112358
314.32022471910113 67.41011235955057
333.1966292134831 33.028089887640476
355.44382022471905 31.679775280898866
386.4550561797753 38.421348314606746
399.93820224719104 41.792134831460686
412.74719101123594 35.72471910112358
430.94943820224717 49.20786516853934
436.3426966292135 37.07303370786519
446.4550561797753 47.185393258426984
465.33146067415726 39.09550561797755
408.0280898876405 113.25280898876403
383.7584269662922 101.11797752808988
377.01685393258424 71.45505617977528
362.85955056179773 129.4325842696629
391.17415730337075 190.78089887640448
319.0393258426966 159.7696629213483
259.71348314606746 173.25280898876403
250.2752808988764 246.06179775280896
201.7359550561798 208.3089887640449
201.06179775280899 186.06179775280896
37.5786516853932 317.69101123595505
169.71348314606735 317.69101123595505
307.24157303370777 286.67977528089887
587.6910112359549 163.9831460674157
556.6797752808986 118.14044943820227
529.7134831460673 104.65730337078651
496.00561797752806 46.51123595505618
485.21910112359546 36.39887640449439
471.73595505617976 37.07303370786519
520.2752808988764 46.51123595505618
508.814606741573 28.98314606741576
513.5337078651685 35.050561797752835
521.6235955056179 33.028089887640476
529.0393258426966 33.028089887640476
503.4213483146067 38.421348314606746
598.4775280898876 56.62359550561797
599.1516853932584 42.46629213483146
609.9382022471909 37.07303370786519
634.2078651685392 28.98314606741576
639.6011235955056 39.09550561797755
664.5449438202247 37.74719101123594
682.0730337078651 39.09550561797755
696.9044943820224 77.52247191011236
683.4213483146067 161.11797752808988
685.6123595505617 34.96629213483146
694.7134831460673 33.617977528089895
700.1067415730336 31.932584269662925
711.2303370786516 54.51685393258428
729.4325842696628 45.75280898876406
739.5449438202246 42.38202247191012
736.8483146067415 29.57303370786518
759.4325842696628 26.53932584269664
775.949438202247 31.25842696629215
790.7808988764043 30.921348314606746
814.0393258426965 42.04494382022473
719.320224719101 37.662921348314626
730.443820224719 72.38202247191012
736.511235955056 61.932584269662925
759.0955056179774 95.30337078651687
759.7696629213482 76.42696629213484
768.5337078651685 100.35955056179776
805.949438202247 91.93258426966293
784.3764044943819 118.22471910112361
804.9382022471909 132.04494382022472
815.3876404494381 110.80898876404495
826.1741573033706 91.25842696629215
829.5449438202246 23.505617977528104
838.3089887640448 33.617977528089895
847.0730337078651 25.86516853932585
853.4775280898875 35.97752808988764
859.5449438202246 25.191011235955074
873.7022471910111 42.04494382022473
880.1067415730336 21.820224719101134
909.4325842696628 62.606741573033716
924.2640449438201 68.67415730337079
925.949438202247 39.68539325842697
920.8932584269662 25.86516853932585
927.9719101123594 20.808988764044955
932.0168539325841 21.820224719101134
910.7808988764043 14.74157303370788
939.4325842696628 17.775280898876417
947.5224719101122 15.078651685393268
931.3426966292134 14.067415730337089
942.9719101123594 56.62359550561797
967.9157303370786 72.12921348314609
976.6797752808988 47.85955056179776
982.0730337078651 26.960674157303373
980.7247191011235 18.196629213483163
1004.320224719101 28.308988764044955
1021.1741573033706 41.11797752808991
1045.4438202247188 55.27528089887642
1056.9044943820222 65.38764044943821
1046.7921348314605 38.421348314606746
1057.5786516853932 39.09550561797755
1042.7471910112358 15.5
1015.1067415730336 95.0505617977528
1013.0842696629212 65.38764044943821
1061.6235955056177 118.64606741573033
1061.6235955056177 100.4438202247191
1031.2865168539324 194.1516853932584
954.4325842696628 183.36516853932582
889.0393258426965 131.45505617977528
844.5449438202246 116.62359550561797
832.4101123595505 134.15168539325842
921.3988764044942 213.70224719101122
888.3651685393257 225.16292134831457
1008.7022471910109 254.32022471910108
1045.1067415730333 230.05056179775278
1090.949438202247 240.83707865168537
1077.8033707865163 44.48876404494382
1090.6123595505612 55.949438202247194
1102.0730337078646 59.320224719101134
1114.8820224719097 85.61235955056179
1082.522471910112 93.70224719101122
1090.6123595505612 131.45505617977528
1129.0393258426961 131.45505617977528
1156.6797752808984 96.39887640449439
1138.477528089887 62.691011235955045
1137.1292134831456 47.185393258426984
1144.5449438202243 41.11797752808991
1147.2415730337075 35.050561797752835
1124.3202247191007 37.07303370786519
1115.5561797752805 38.421348314606746
1093.9831460674152 39.09550561797755
1177.5786516853927 32.35393258426967
1183.64606741573 20.21910112359552
1194.4325842696624 20.21910112359552
1190.3876404494376 28.308988764044955
1195.780898876404 28.308988764044955
1183.64606741573 38.421348314606746
1151.2865168539322 31.679775280898866
1139.8258426966288 33.702247191011224
1132.41011235955 31.005617977528118
1206.5674157303365 41.792134831460686
1203.1966292134828 32.35393258426967
1217.3539325842692 39.09550561797755
1228.1404494382018 40.443820224719104
1217.3539325842692 58.64606741573033
1228.8146067415726 56.62359550561797
1255.106741573033 43.814606741573044
1273.3089887640444 43.814606741573044
1278.02808988764 76.84831460674158
1236.904494382022 33.702247191011224
1235.5561797752805 26.960674157303373
1250.3876404494376 21.567415730337075
1224.7696629213478 24.264044943820238
1222.0730337078646 18.196629213483163
1227.466292134831 19.544943820224717
1257.8033707865163 21.567415730337075
1304.3202247191007 62.01685393258427
1306.342696629213 50.556179775280896
1320.4999999999995 63.36516853932585
1342.7471910112354 49.20786516853934
1356.904494382022 43.814606741573044
1352.1853932584265 37.07303370786519
1346.1179775280893 110.5561797752809
1322.5224719101118 107.85955056179773
1318.477528089887 151.00561797752806
1286.7921348314603 109.20786516853931
1268.589887640449 132.12921348314606
1256.4550561797748 112.57865168539325
1244.9943820224714 108.53370786516854
1218.7022471910107 111.90449438202248
1201.1741573033703 102.46629213483146
1152.6348314606737 166.51123595505615
1133.0842696629209 171.23033707865167
1079.8258426966288 153.02808988764045
1223.4213483146063 141.56741573033707
1226.79213483146 207.63483146067415
1257.8033707865163 206.28651685393254
1303.6460674157297 175.94943820224717
1330.6123595505615 184.0393258426966
1348.1404494382018 183.36516853932582
1420.9494382022467 151.67977528089887
1406.7921348314603 128.08426966292134
1393.9831460674152 135.5
1398.7022471910109 87.63483146067415
1420.2752808988757 45.162921348314626
1410.8370786516848 31.005617977528118
1432.41011235955 89.65730337078651
1462.7471910112354 59.320224719101134
1469.4887640449433 107.85955056179773
1478.5898876404494 62.691011235955045
1463.0842696629213 45.162921348314626
1488.702247191011 95.72471910112358
1457.0168539325844 123.36516853932582
1504.88202247191 128.08426966292134
1501.5112359550562 171.23033707865167
1508.252808988764 148.30898876404493
1562.185393258427 215.72471910112358
1540.6123595505617 247.4101123595505
444.09550561797766 756.2303370786512
438.7022471910112 939.6011235955052
1048.1404494382023 950.3876404494379
1261.174157303371 413.7584269662917
