1484.8425488873904 421.3900876601483
1405.8674983142278 549.5627107215104
1277.6948752528658 376.076534052596
1102.9140256237356 385.1392447741064
1071.8418745785568 399.38064733648
995.4561699258261 435.63149022252185
862.1048550236007 430.4527983816588
906.1237356709373 325.58428860418064
846.5687795010115 307.4588671611598
755.9416722859069 317.8162508428859
823.2646662171273 451.1675657451111
713.2174645987863 439.51550910316917
700.2707349966284 400.6753202966959
566.9194200944032 407.14868509777466
539.7312879298719 478.3556979096426
534.5525960890087 536.6159811193526
550.0886716115981 609.1176668914362
379.1918408631153 436.9261631827376
333.878287255563 487.41840863115294
278.2073499662846 466.70364126770045
133.20397842211736 592.2869184086311
59.40761968981798 490.0077545515845
63.291638570465295 379.9605529332433
116.37322993931224 319.11092380310174
293.74342548887387 377.37120701281174
327.4049224544841 377.37120701281174
317.0475387727579 322.99494268374906
379.1918408631153 262.14531355360737
440.0414699932569 280.27073499662833
486.649696561025 294.512137559002
531.9632501685772 249.19858395144968
560.4460552933243 310.0482130815913
513.8378287255563 348.88840188806466
191.4642616318274 282.8600809170599
229.00977747808497 205.17970330411322
221.24173971679033 234.95718138907614
168.1601483479434 227.1891436277815
143.56136210384358 194.82231962238689
128.02528658125425 201.2956844234659
47.75556304787597 185.75960890087651
41.282198246797066 316.52157788267016
80.12238705327042 290.62811867835467
7.620701281186825 263.4399865138232
30.924814565070847 262.14531355360737
54.22892784895487 245.31456507080225
314.27181208053696 443.8557046979867
255.31879194630878 371.010067114094
3.4999999999999862 337.5588235294116
131.6176470588235 293.0882352941174
