227.15267576075553 340.03830010493175
922.2208814270725 428.68467995802723
900.0592864637986 533.4485834207765
1147.8662119622247 612.0215110178383
1131.748688352571 509.27229800629584
1045.1169989506823 966.6070304302202
1673.7004197271774 1021.0036726128016
1707.9501573976916 900.1222455403987
1585.054039874082 749.020461699895
1492.3782791185731 654.3300104931793
1186.1453305351522 233.25970619097575
859.7654774396643 159.1883525708289
805.368835257083 154.15162644281213
748.957502623295 102.7770199370409
706.6490031479539 85.65215110178377
591.8116474291711 71.54931794333675
478.988982161595 92.70356768100726
383.291185729276 53.41710388247634
316.80640083945434 30.24816369359911
389.3352570828962 29.240818467995723
414.51888772298014 18.16002098635886
395.3793284365163 4.0571878279117755
430.6364113326339 42.33630640083936
429.62906610703044 26.218782791185617
455.82004197271783 49.387722980062904
481.5073452256035 35.52098635886685
489.5661070304303 15.877754459601391
505.68363064008406 28.97324239244503
513.2387198321092 16.381427072403056
541.4443861490033 17.89244491080808
541.948058761805 8.322665267576212
559.0729275970621 6.307974816369494
567.1316894018889 22.42549842602321
579.2198321091291 14.870409233998032
581.7381951731376 25.447534102833288
597.8557187827912 5.804302203567829
614.4769150052466 11.344700944386261
618.0026232948585 28.97324239244503
628.076075550892 19.403462749213134
627.5724029380904 7.315320041972825
634.6238195173138 4.293284365162776
642.178908709339 4.293284365162776
622.0320041972718 1.774921301154393
652.7560335781743 6.307974816369494
666.8588667366213 2.7822665267577236
655.7780692549843 21.41815320041985
642.178908709339 31.995278069255107
639.6605456453306 20.410807974816493
654.770724029381 39.550367261280286
676.9323189926548 18.89979013641147
683.9837355718784 3.7896117523611106
694.0571878279119 17.89244491080808
688.0131164742918 26.958551941238312
718.2334732423925 31.995278069255107
724.7812172088143 17.89244491080808
727.8032528856245 48.11280167890882
729.8179433368311 29.98058761804839
743.4171038824763 10.841028331584596
750.9721930745015 11.344700944386261
755.0015739769151 48.11280167890882
743.4171038824763 41.565057712486976
761.549317943337 27.462224554040006
769.104407135362 55.16421825813234
737.876705141658 72.79275970619108
805.8725078698847 23.936516264428235
799.8284365162646 26.958551941238312
787.2366211962226 28.469569779643336
821.9900314795384 43.07607555089202
856.2397691500526 25.447534102833288
844.655299055614 21.41815320041985
800.8357817418679 57.178908709339055
981.6542497376706 62.21563483735582
1000.2901364113327 62.21563483735582
1018.4223504721931 57.178908709339055
1106.0613850996851 71.28174186778602
1137.792759706191 79.84417628541456
812.4202518363064 54.42444910807967
1270.7623294858342 60.704616998950776
1283.857817418678 69.2670514165793
1263.7109129066107 92.43599160545654
1274.7917103882478 99.48740818468005
1241.549317943337 57.178908709339055
1343.291185729276 74.8074501573978
1326.166316894019 68.76337880377764
1365.9564533053515 74.8074501573978
1357.8976915005246 78.33315844700954
1490.3635886673662 89.91762854144815
1450.5734522560335 88.9102833158448
1515.0435466946485 95.9616998950683
1516.5545645330535 88.9102833158448
1533.6794333683106 139.04144805876172
1553.8263378803777 144.07817418677854
1589.335257082896 105.54721930745023
1533.9312696747115 106.55456453305356
1877.939664218258 177.0687303252886
659.8236714975844 655.6690821256043
707.7463768115941 525.814009661836
781.9492753623186 428.42270531400993
1113.9299516908213 238.42270531400953
663.4951690821256 77.33574879227052
681.6594202898551 59.55797101449275
