704.1547538772758 418.8007417397167
689.9133513149022 559.9200944032366
951.4372892784895 499.070465273095
1065.368509777478 603.938975050573
1119.7447741065407 780.014497639919
1080.9045853000673 880.9989885367498
1256.9801078894134 724.3435603506406
1193.5411328388402 548.2680377612946
1342.4285232636546 585.8135536075523
1212.9612272420768 412.3273769386378
1313.9457181389075 445.98887390424807
1319.1244099797707 363.1298044504382
1304.883007417397 341.12036412677
1320.4190829399865 303.57484828051236
1389.0367498314226 321.7002697235332
199.2322993931221 9.916722859069523
190.49325691166558 50.698921105866525
234.51213755900207 22.863452461227325
225.44942683749161 10.56405933917739
248.4298718813217 44.872892784895555
243.89851652056646 61.703641267700675
267.8499662845584 54.58293998651391
291.8014160485503 41.636210384356104
305.7191503708699 65.91132838840196
294.06709372892794 2.4723533378287925
338.7333108563722 52.96459878624415
360.0954146999326 55.87761294672968
357.82973701955495 22.863452461227325
348.4433580579906 13.153405259608974
375.63149022252196 13.800741739716841
382.4285232636548 52.317262306136286
364.9504383007418 77.8870532703979
380.810182063385 77.23971679029
412.20600134861775 101.19116655428189
390.8438975050574 109.60654079568448
416.413688469319 156.53843560350643
427.0947403910992 138.73668240053948
443.2781523937964 180.81355360755228
466.5822656776804 197.6443020903574
467.22960215778824 145.85738368172628
498.62542144302097 141.32602832097103
523.5478759271747 152.97808496291304
516.4271746459879 110.90121375590024
490.53371544167226 79.50539447066761
441.6598111935267 110.90121375590024
468.5242751180041 64.94032366824013
456.872218476062 52.317262306136286
481.79467296021585 55.87761294672968
446.83850303438976 23.187120701281255
439.71780175320305 78.5343897505058
425.80006743088336 68.17700606877958
411.8823331085638 58.466958867161225
405.4089683074849 28.689480782198302
422.56338503034397 24.481793661497022
322.873567093729 1.8250168577209251
309.6031692515172 146.8283884018881
303.1298044504383 106.0461901550911
247.1351989211059 35.486513823331165
542.9679703304114 145.5337154416723
575.3347943358059 149.09406608226573
564.6537424140257 133.55799055967637
570.4797707349967 105.72252191503713
551.383344571814 93.0994605529333
534.8762643290628 100.54383007417402
530.0212407282536 92.12845583277145
560.1223870532705 75.6213755900203
570.4797707349967 90.83378287255569
603.4939312204991 96.01247471341878
602.5229265003372 113.16689143627787
616.4406608226569 126.11362103843564
625.5033715441673 65.26399190829406
638.4501011463251 110.25387727579235
623.2376938637897 137.76567768037765
635.8607552258935 212.20937289278493
533.905259608901 232.60047201618343
646.8654753877277 173.36918408631155
657.8701955495618 155.89109912339856
673.4062710721512 143.59170600134865
672.4352663519893 121.90593391773436
693.7973701955497 141.9733648010789
704.4784221173298 160.42245448415377
741.7002697235334 190.52360080917063
706.7440997977075 249.43122049898852
778.2747808496292 217.06439649359407
782.1587997302765 180.81355360755228
750.115643964936 139.7076871207013
737.1689143627782 130.96864463924481
723.8985165205665 87.92076871207018
747.2026298044506 89.21544167228598
750.115643964936 115.43256911665549
717.1014834794337 85.97875927174653
692.17902899528 40.98887390424821
675.6719487525288 40.98887390424821
657.2228590694539 44.54922454484159
805.4629130141609 169.83917734322318
823.2646662171279 172.10485502360078
838.8007417397173 196.70364126770062
868.5782198246802 181.16756574511126
862.7521915037092 165.6314902225219
894.1480107889419 143.62204989885362
902.2397167902905 144.9167228590694
899.3267026298049 183.43324342548885
895.1190155091037 213.2107215104518
887.674645987863 244.28287255563052
882.172285906946 268.8816587997303
939.1378961564402 270.82366824005396
912.2734322319627 231.65981119352665
942.3745785569797 228.4231287929872
920.3651382333114 194.437963587323
949.8189480782204 201.23499662845583
969.5627107215109 219.36041807147672
991.2484828051254 223.891773432232
991.8958192852332 194.76163182737693
959.8526635198926 19.980782198246686
1018.1129467296028 158.83445718138904
1034.620026972354 160.12913014160483
1030.4123398516526 214.18172623061366
1005.8135536075529 256.25859743762646
992.5431557653411 240.7225219150371
1039.798718813217 234.24915711395823
1038.1803776129473 287.3307484828052
1098.059002022927 244.93020903573841
1115.5370869858402 272.1183412002698
1082.1992582602838 221.94976399190833
1068.928860418072 189.25927174645986
1229.1446392447751 298.0118004045854
1239.8256911665553 277.2970330411329
1190.3044504383015 272.1183412002698
1164.4109912339861 292.50944032366834
1138.8412002697244 225.8337828725557
1138.1938637896164 190.23027646662177
1193.217464598787 225.8337828725557
1257.951112609576 216.44740391099128
1284.8155765340534 254.6402562373568
1317.182400539448 259.81894807821993
1351.4912339851662 216.12373567093735
1415.2538772757935 308.36918408631163
1345.0178691840872 282.47572488199603
1339.5155091031702 267.2633175994606
1260.2167902899537 190.87761294672964
1080.5809170600144 297.6881321645314
1001.6058664868518 333.93897505057316
967.2970330411337 303.51416048550243
909.6840863115315 333.93897505057316
873.4332434254896 326.1709372892785
1063.7501685772093 452.40155091031704
1127.8364801078903 359.8324342548888
1131.07316250843 326.1709372892785
1213.9322319622397 344.9436952124073
1208.7535401213765 380.54720161834126
1424.316587997304 396.7306136210385
1479.3401888064745 353.3590694538099
1468.9828051247482 238.1331759946055
1495.5236008091717 254.31658799730275
1546.0158462575873 381.1945380984492
1621.1068779501024 397.3779501011464
1627.5802427511812 465.9956169925827
1437.9106540795697 456.9329062710723
1448.2680377612958 423.9187457855699
1481.282198246798 465.9956169925827
1556.0495616992582 603.938975050573
1473.1904922454482 549.5627107215104
1695.8742414025623 487.41840863115294
1811.1001348617667 495.1864463924477
1893.9592043155765 469.2929871881321
1888.780512474713 571.5721510451787
1804.6267700606875 739.8796358732299
1910.7899527983816 818.8546864463924
1480.634861766689 280.5337154416723
1482.9005394470669 293.48044504383006
1444.0603506405932 281.8283884018881
1504.909979770735 279.5627107215105
1506.8519892110587 262.73196223870536
1523.035401213756 272.11834120026975
1453.4467296021578 259.4952798381659
1324.3031018206339 205.1190155091032
1219.4345920431558 170.81018206338507
641.6867835468645 81.77107215104525
665.9619015509104 91.48111935266357
629.7180546726001 295.1598855689763
1371.9285714285713 270.26023976023976
1395.9045954045953 271.21928071928073
