975.3314606741574 682.0730337078649
303.87078651685397 344.99438202247165
249.93820224719107 175.10674157303345
500.7247191011237 191.2865168539323
390.1629213483146 102.29775280898843
638.2528089887641 231.73595505617948
870.1629213483146 156.23033707865147
816.2303370786518 40.27528089887619
58.47752808988764 67.2415730337076
28.81460674157313 264.0955056179773
244.54494382022472 107.69101123595476
266.1179775280899 64.54494382022449
864.0955056179773 83.75842696629206
876.2303370786515 40.61235955056173
849.2640449438202 6.904494382022335
882.9719101123594 13.646067415730158
611.9606741573032 21.735955056179705
531.0617977528088 48.70224719101117
516.2303370786516 20.387640449438095
376.0056179775279 27.129213483145918
324.76966292134813 4.207865168539229
647.0168539325841 46.005617977528004
717.1292134831459 13.646067415730158
745.4438202247189 35.21910112359541
760.2752808988766 17.69101123595499
292.41011235955057 40.61235955056173
1321.1191950464397 1044.7724458204336
696.4752321981427 18.843653250774054
