47.6910112359551 881.6235955056177
80.05056179775283 1054.207865168539
311.9606741573034 547.2415730337076
371.28651685393265 525.6685393258424
239.1516853932585 407.016853932584
314.6573033707865 382.7471910112357
363.1966292134832 344.99438202247165
395.55617977528084 318.02808988764014
538.4775280898876 390.83707865168515
492.6348314606742 293.75842696629184
689.4887640449439 320.72471910112336
775.7808988764044 312.6348314606739
1129.0393258426966 377.3539325842694
1061.6235955056181 363.8707865168536
964.544943820225 293.75842696629184
883.6460674157303 312.6348314606739
1158.7022471910113 242.52247191011202
1121.2865168539329 199.2078651685394
1217.0168539325846 176.28651685393265
1240.6123595505621 205.94943820224722
1256.11797752809 166.17415730337083
1289.8258426966295 199.2078651685394
1337.691011235955 169.54494382022477
1351.848314606742 136.51123595505624
1333.6460674157306 121.00561797752815
1390.9494382022474 147.9719101123596
1403.7584269662925 132.46629213483152
1386.230337078652 215.38764044943827
1170.5000000000002 86.62359550561806
1177.2415730337082 65.05056179775289
1206.230337078652 80.55617977528098
1218.365168539326 74.4887640449439
1239.2640449438204 78.53370786516862
1293.8707865168542 69.09550561797761
1279.7134831460676 65.05056179775289
1289.8258426966295 44.82584269662931
1272.9719101123596 44.82584269662931
1212.9719101123599 48.19662921348322
1225.7808988764048 36.735955056179876
1327.5786516853934 73.8146067415731
1343.7584269662923 63.02808988764053
1318.1404494382025 42.129213483146145
1397.0168539325846 55.61235955056188
1428.0280898876408 34.71348314606752
1399.0393258426968 39.43258426966301
1387.5786516853937 44.151685393258504
1370.050561797753 55.61235955056188
1370.7247191011238 13.81460674157313
1142.859550561798 111.56741573033716
1172.5224719101127 121.67977528089895
1189.3764044943823 168.19662921348322
1042.4101123595508 185.05056179775286
1051.174157303371 105.50000000000009
1041.73595505618 114.93820224719107
1106.4550561797755 74.4887640449439
1097.6910112359553 114.93820224719107
1116.5674157303374 119.6573033707866
1070.7247191011238 65.05056179775289
1045.7808988764048 63.70224719101131
1092.9719101123599 55.61235955056188
1145.5561797752812 60.33146067415737
1138.1404494382025 48.870786516854025
1194.7696629213485 30.6685393258428
1167.803370786517 32.016853932584354
1328.2528089887642 7.07303370786525
1287.1292134831463 19.882022471910204
1300.612359550562 32.016853932584354
1233.8707865168542 19.882022471910204
1212.297752808989 24.601123595505726
1126.679775280899 25.94943820224728
1464.432584269663 30.6685393258428
1476.5674157303374 12.46629213483152
98.252808988764 229.37640449438203
34.882022471910034 168.70224719101122
51.0617977528089 226.67977528089892
14.657303370786394 232.0730337078652
26.7921348314606 322.4101123595506
30.837078651685314 273.87078651685397
153.53370786516848 222.6348314606742
121.17415730337075 166.00561797752812
179.1516853932584 184.88202247191015
469.0393258426967 229.37640449438203
491.96067415730346 223.98314606741576
521.6235955056181 186.2303370786517
549.9382022471912 194.32022471910113
595.7808988764046 245.55617977528095
657.803370786517 207.8033707865169
625.4438202247193 206.45505617977528
727.9157303370789 264.432584269663
761.6235955056181 257.6910112359551
773.7584269662923 253.64606741573039
834.4325842696633 273.87078651685397
888.3651685393261 248.25280898876406
891.0617977528093 267.1292134831461
930.162921348315 260.38764044943827
953.0842696629218 260.38764044943827
950.3876404494385 134.99438202247188
318.0280898876405 279.2640449438203
357.12921348314615 269.82584269662925
339.60112359550567 236.1179775280899
366.5674157303372 234.76966292134836
265.44382022471916 186.2303370786517
280.2752808988764 170.05056179775283
250.61235955056182 125.55617977528084
212.85955056179773 129.6011235955056
226.3426966292135 166.00561797752812
195.33146067415726 168.70224719101122
566.11797752809 105.33146067415726
667.8096831208186 108.48636535790948
651.1451205655856 108.48636535790948
770.4633884610539 96.48788031814172
774.4628834743098 148.4813154904687
761.1312334301233 166.47904305012034
777.7957959853563 165.812460547911
781.1287084964031 179.8106930943067
807.7920085847759 135.1496654462823
831.7889786643113 101.82054033581628
833.7887261709393 55.15976518116389
661.1438580987254 63.82533770988505
617.1494129529103 75.8238227496528
582.4871228380257 119.81826789546793
588.4863653579096 108.48636535790948
580.4873753313977 102.48712283802561
376.5131296553458 142.4820729705848
455.8364474182549 100.48737533139763
474.50075748011585 101.15395783360697
501.16405756848866 97.15446282035103
511.16279510162843 97.15446282035103
488.49899002651154 125.81751041535179
537.8260951900013 230.47096326221504
549.824580229769 221.80539073349388
537.8260951900013 99.15421032697901
651.811703067795 83.82281277616465
641.1463830324458 83.82281277616465
670.4760131296559 71.82432773639687
691.806653200354 81.82306526953667
810.458338593613 56.49293018558251
1378.326032066664 279.13148592349484
1270.3396667087543 291.12997096326256
1025.8932584269664 233.4213483146063
982.7471910112363 248.2528089887636
998.9269662921351 182.18539325842653
970.6123595505621 117.46629213483101
989.488764044944 101.28651685393214
860.0505617977531 124.2078651685389
884.1516853932586 55.35955056179762
875.7247191011237 40.19101123595492
857.5224719101125 56.03370786516841
899.6573033707866 55.35955056179762
940.4438202247193 108.61797752808975
855.1629213483147 37.83146067415717
872.6910112359552 29.741573033707724
13.462668784749837 671.6517077045272
27.18784749801432 624.3760921366162
135.94117647058826 128.26470588235287
169.29411764705887 122.08823529411757
168.58823529411768 115.20588235294109
141.94117647058826 169.02941176470586
324.764705882353 257.79411764705844
295.82352941176475 245.97058823529377
258.9411764705883 226.38235294117612
1121.8823529411766 65.88235294117649
1133.1764705882354 57.05882352941178
1327.470588235294 36.23529411764707
354.07976653696494 139.87743190661482
367.91245136186774 155.11089494163429
369.8385214007782 139.70233463035024
379.29377431906613 114.66342412451365
336.7451361867704 119.7412451361868
330.9669260700389 105.03307392996112
345.5 105.55836575875489
302.6011673151751 115.18871595330742
376.84241245136184 101.70622568093388
351.97859922178986 102.05642023346306
441.4533073929961 128.3210116731518
416.76459143968873 112.56225680933855
281.5894941634241 122.01750972762645
301.90077821011664 147.2315175097276
303.65175097276256 182.9513618677043
363.53501945525295 172.0953307392996
237.46498054474733 225.67509727626458
127.03696498054488 231.27821011673146
366.5700389105064 394.11867704280155
400.18871595330796 431.93968871595325
673.1653696498056 61.43385214007779
706.0836575875488 67.2120622568093
714.8385214007784 66.16147859922177
701.3560311284049 51.103112840466906
1112.4844357976654 276.10311284046674
1148.0291828793772 52.41634241245134
1106.7062256809338 55.74319066147859
1122.464980544747 45.2373540856031
1180.247081712062 28.077821011673137
1171.1420233463034 22.824902723735406
1185.1498054474707 15.295719844357976
1193.7295719844356 5.140077821011658
1215.441634241245 18.447470817120617
1210.0136186770426 7.066147859922182
1333.9824902723733 53.29182879377429
1369.3521400778209 30.52918287937743
1392.815175097276 17.57198443579766
1410.1498054474705 18.972762645914386
1432.212062256809 13.894941634241235
1360.597276264591 24.575875486381307
1347.4649805447468 18.447470817120617
1330.8307392996107 20.198443579766533
1288.6322957198443 6.190661478599225
1261.4922178988325 17.22178988326847
1276.9007782101164 19.49805447470817
1282.8540856031127 32.805447470817114
1309.4688715953305 19.67315175097275
1322.0758754863812 17.22178988326847
1245.2081712062254 22.64980544747081
1555.4805447470812 108.18482490272368
1194.9552529182877 74.82879377431905
1248.5350194552527 46.46303501945525
1296.3365758754862 17.22178988326847
1339.235408560311 14.770428015564192
1344.1381322957195 2.8638132295719743
1354.8190661478598 7.066147859922182
1369.5272373540854 3.038910505836583
1306.4922178988325 8.992217898832678
1315.9474708171203 4.964980544747078
1166.7645914396885 74.91634241245134
1129.293774319066 84.72178988326846
1153.8073929961088 80.16926070038909
