156.03339980059803 81.94566301096717
145.50498504486524 24.51794616151551
189.5329012961115 68.54586241276178
208.67547357926207 45.574775672981104
199.1041874376868 28.34646061814567
184.7472582253239 14.946660019940282
239.30358923230295 62.80309072781665
258.4461615154535 8.246759720837531
316.83100697906264 29.303589232303125
403.9297108673977 12.07527417746769
442.21485543369874 2.5039880358923483
540.7991026919242 44.61764705882359
579.0842472582252 5.37537387836494
567.598703888335 4.418245264207485
621.1979062811564 13.032402791625145
647.0403788634097 32.174975074775716
638.426221335992 5.37537387836494
357.0304087736788 301.128115653041
442.21485543369874 310.6994017946163
832.7233300099701 301.128115653041
916.9506480558325 321.22781655034913
868.1370887337985 29.303589232303125
791.5667996011964 31.217846460618205
1630.4900299102694 17.907776669989744
1278.0232198142414 41.150154798761605
278.8900928792568 8.441176470588289
376.47523219814224 20.825077399380888
472.07894736842087 3.4876160990713174
708.3637770897833 5.469040247678095
758.8900928792569 27.76006191950472
799.5092879256965 4.9736842105264145
394.80243902439025 226.01219512195124
22.509756097561038 168.04634146341465
48.265853658536656 100.61219512195122
35.621951219512255 24.74878048780488
303.95365853658546 38.79756097560977
356.87073170731713 54.25121951219512
421.96341463414643 21.47073170731707
449.1243902439025 28.963414634146346
260.40243902439033 46.290243902439016
456.1487804878049 56.12439024390244
504.85121951219514 9.295121951219471
735.719512195122 96.39756097560976
693.5731707317073 98.2707317073171
733.3780487804879 10.231707317073129
171.27821011673134 21.599221789883273
240.79182879377413 13.194552529182872
227.48443579766507 32.36770428015565
767.134241245136 9.692607003891055
900.7334630350193 20.81128404669255
1869.1381322957197 7.2412451361867625
1889.0992217898834 2.5136186770427855
1917.114785992218 6.365758754863805
