743.4213483146066 780.5000000000001
1015.7808988764044 605.2191011235951
929.4887640449439 435.3314606741569
969.938202247191 435.3314606741569
1285.4438202247193 295.10674157303333
1913.758426966292 564.769662921348
7.915730337078628 174.7696629213483
169.71348314606735 159.938202247191
398.92696629213475 142.41011235955057
435.3314606741572 138.36516853932585
606.567415730337 207.12921348314603
664.5449438202245 106.00561797752812
727.9157303370785 76.34269662921349
850.6123595505615 87.12921348314609
1110.8370786516853 93.87078651685397
1117.5786516853932 64.20786516853934
1700.0505617977526 96.56741573033707
808.908644400786 52.277996070727
801.3644400785856 60.29371316306492
641.0500982318273 51.33497053045198
1301.3322147651006 401.33221476510073
1369.3053691275168 102.33892617449663
311.3724832214766 241.50671140939596
336.5 180.2986577181208
759.5000000000002 125.61764705882351
642.0847750865055 81.80103806228378
1173.9411764705883 100.73529411764702
1172.529411764706 90.67647058823526
1060.7352941176473 95.26470588235287
707.9705882352941 108.49999999999983
792.9411764705883 79.29411764705884
