605.6548451548454 455.1453546453545
496.3241758241759 359.24125874125866
141.47902097902102 432.1283716283715
108.8716283716285 414.86563436563426
41.7387612387613 453.22727272727263
1347.9525474525476 309.3711288711287
1443.8566433566434 318.96153846153834
1096.6838161838164 219.2212787212785
929.8106893106894 230.7297702297701
824.3161838161839 211.5489510489508
1067.9125874125875 132.90759240759223
1125.4550449550452 129.07142857142833
1269.311188811189 102.21828171828156
1317.2632367632368 115.64485514485489
1380.5599400599401 169.35114885114865
1457.2832167832169 171.2692307692306
1495.6448551448552 150.17032967032947
1514.8256743256745 129.07142857142833
1670.1903096903097 88.79170829170812
1874.9455544455545 91.63886113886093
1910.4300699300697 100.2702297702296
1869.1913086913087 24.505994005993784
1844.2562437562437 24.505994005993784
1847.1333666333667 1.4890109890106942
1765.614885114885 4.366133866133623
1597.7827172827174 8.202297702297415
1579.5609390609393 2.4480519480516705
1446.2542457542459 119.45104895104879
1453.9265734265732 83.00749250749232
1417.483016983017 64.7857142857141
1443.377122877123 58.07242757242739
1458.721778221778 9.161338661338391
1425.1553446553446 24.505994005993784
1411.7287712287712 12.03846153846132
1399.2612387612387 29.30119880119861
1385.8346653346653 31.21928071928056
1372.4080919080918 22.587912087911832
1385.8346653346653 8.202297702297415
1396.384115884116 11.079420579420344
1389.6708291708292 74.3761238761237
1378.1623376623374 69.58091908091887
1302.3981018981017 11.079420579420344
1343.6368631368632 84.92557442557421
1303.3571428571427 78.21228771228748
1249.6508491508491 83.00749250749232
1249.6508491508491 60.94955044955026
1240.0604395604396 24.505994005993784
1194.0264735264734 72.45804195804175
1219.9205794205793 51.359140859140666
1193.0674325674324 51.359140859140666
1193.0674325674324 20.66983016982988
1238.1423576423576 7.243256743256438
1199.7807192807193 1.4890109890106942
582.6378621378623 250.83966033966033
647.8526473526475 226.86363636363632
630.5899100899103 127.12337662337654
682.3781218781221 129.0414585414585
698.6818181818185 131.9185814185813
718.8216783216785 122.32817182817178
712.1083916083919 36.014485514485386
724.5759240759244 27.383116883116827
738.9615384615388 40.80969030969021
754.3061938061941 42.72777222777211
768.6918081918085 38.891608391608315
782.1183816183818 37.93256743256734
795.5449550449553 131.9185814185813
880.8996003996008 32.178321678321595
927.8926073926077 51.35914085914078
981.5989010989015 58.0724275724275
966.2542457542461 18.751748251748154
1020.9195804195809 64.78571428571422
1051.6088911088914 68.62187812187801
1045.854645354646 42.72777222777211
1034.3461538461543 8.202297702297528
1083.2572427572431 62.86763236763227
1126.4140859140866 71.49900099900094
1127.3731268731276 9.161338661338505
1148.4720279720286 12.038461538461434
908.7117882117882 24.011488511488494
896.7237762237762 27.368131868131854
921.6588411588411 3.871628371628333
79.620879120879 147.2632367632366
97.8426573426572 183.70679320679307
122.77772227772215 138.63186813186798
157.30319680319667 150.14035964035946
167.85264735264724 95.47502497502478
208.1323676323675 114.65584415584397
195.66483516483504 172.19830169830152
231.14935064935054 146.30419580419561
265.6748251748251 128.0824175824174
266.6338661338661 103.14735264735242
223.47702297702284 263.3071928071926
216.76373626373612 202.88761238761225
303.0774225774225 202.88761238761225
335.684815184815 262.34815184815164
301.15934065934056 130.0004995004993
304.0364635364634 105.06543456543437
370.2102897102896 131.91858141858125
398.02247752247746 240.2902097902096
416.24425574425567 207.68281718281702
434.4660339660339 238.3721278721277
472.82767232767225 219.1913086913085
416.24425574425567 131.91858141858125
394.18631368631355 27.3831168831166
422.9575424575424 12.03846153846132
490.09040959040954 113.69680319680305
516.9435564435564 114.65584415584397
535.1653346653346 131.91858141858125
923.576923076923 34.09640359640338
569.6908091908091 40.8096903096901
279.58091908091933 115.64485514485511
514.5588235294117 66.32352941176464
1339.7352941176468 39.14705882352936
1375.7352941176468 33.49999999999994
