339.16415804327386 740.9891815616181
991.2055503292569 654.29115710254
1179.051269990593 562.1745061147695
1433.7267168391347 549.5310442144873
1849.1547507055507 354.46048918156157
1897.922389463782 246.08795860771397
1894.3099717779874 9.474600188146496
1463.980714957667 4.0841956726246735
1617.508466603951 11.309031044214521
1534.4228598306681 6.793508936970852
1111.7699905926622 7.69661335841954
1011.5253998118532 15.82455315145819
989.8508936970836 19.436970837253057
197.37676387582306 101.61947318908756
235.30714957666973 92.58842897460022
246.1444026340545 79.04186265286926
259.6909689557855 78.13875823142052
271.4313264346189 77.23565380997184
282.2685794920037 84.46048918156168
303.94308560677325 70.01081843838199
321.1020696142991 95.2977422389464
376.1914393226716 95.2977422389464
240.7257761053621 67.30150517403581
478.24223894637817 131.42191909689564
662.4755409219192 109.7474129821261
699.5028222013171 103.42568203198499
664.2817497648166 58.27046095954847
631.7699905926623 52.851834430856115
616.417215428034 52.851834430856115
598.3551269990593 55.5611476952023
585.7116650987771 44.72389463781752
531.5253998118533 72.72013170272817
492.69190968955786 70.01081843838199
427.66839134524935 87.16980244590786
400.57525870178733 76.33254938852309
389.7380056444026 57.367356538099784
374.38523047977424 47.4332079021637
438.50564440263406 70.01081843838199
477.3391345249295 55.5611476952023
491.7888052681092 57.367356538099784
508.94778927563505 49.239416745061135
551.3936970837253 61.882878645343396
531.5253998118533 59.17356538099722
607.3861712135467 38.40216368767642
719.3711194731892 44.72389463781752
744.6580432737536 54.65804327375355
770.8480714957668 60.07666980244596
791.6194731890876 53.754938852304804
512.1086547507056 25.772812793979398
526.1067732831609 18.547977422389575
540.5564440263406 32.0945437441205
595.6458137347131 16.741768579492117
577.5837253057385 5.001411100658572
563.1340545625588 28.933678269049977
621.384289746002 2.7436500470367946
639.4463781749765 3.646754468485483
643.9619002822202 30.288334901223067
653.8960489181562 18.096425211665206
659.7662276575729 32.997648165569245
667.8941674506116 7.259172154280407
691.8264346190028 20.805738476011385
680.5376293508937 40.67403574788344
740.5940733772343 8.162276575729152
754.1406396989652 24.86970837253068
770.3965192850424 35.25540921919108
536.9440263405456 12.22624647224842
803.3598306679212 33.90075258701799
787.5555032925685 26.675917215428143
782.5884289746004 13.129350893697165
826.8405456255882 25.772812793979398
849.4181561618065 19.451081843838296
865.6740357478835 16.741768579492117
885.0907808090312 16.741768579492117
876.059736594544 5.904515522107317
859.3523047977425 9.968485418626585
890.960959548448 5.001411100658572
899.9920037629353 8.613828786453496
898.6373471307622 19.451081843838296
955.0813734713079 23.966603951081964
64.84619002822201 112.92238946378183
82.45672624647226 105.2460018814676
376.1914393226717 63.70319849482607
230.13531669865654 76.53646833013443
372.4769673704415 35.07773512476015
491.78598848368523 33.23512476007684
484.8761996161229 24.943378119002006
491.78598848368523 16.65163147792714
489.943378119002 5.595969289827337
495.9318618042227 2.8320537428023727
504.22360844529754 5.135316698656538
412.5537428023033 59.492322456813895
403.80134357005767 48.89731285988489
571.0182341650673 5.135316698656538
588.5230326295587 23.100767754318696
588.0623800383878 35.99904030710181
758.5038387715932 3.7533589251440276
696.3157389635318 7.438579654510647
697.2370441458735 30.01055662188108
712.8992322456816 27.24664107485611
792.5921305182343 11.584452975048066
768.1775431861806 13.427063339731376
805.9510556621882 3.7533589251440276
842.3426103646834 0.9894433781190628
986.9875239923225 10.202495201535612
