196.00561797752812 692.8595505617975
255.33146067415737 776.4550561797749
794.6573033707865 994.8820224719097
940.2752808988765 1067.6910112359546
1149.6011235955057 278.2528089887641
1213.6460674157302 246.56741573033713
1025.556179775281 197.35393258426973
1082.8595505617977 190.61235955056188
1115.8932584269662 91.51123595505629
1223.758426966292 76.00561797752817
1270.2752808988764 76.67977528089898
1343.0842696629213 100.94943820224728
1287.129213483146 223.6460674157304
1335.6685393258426 208.8146067415731
1386.2303370786517 225.66853932584277
1422.297752808989 20.387640449438095
1797.1292134831463 137.69101123595505
1861.848314606742 125.55617977528084
1892.8595505617982 144.43258426966293
1917.1292134831465 24.43258426966281
1750.205882352941 49.73529411764699
