1741.1593406593406 1038.2422577422578
640.1803196803198 658.4620379620379
390.8296703296704 767.7927072927073
360.14035964035975 825.3351648351648
74.34615384615392 886.7137862137862
105.0354645354646 512.6878121878121
164.4960039960041 476.2442557442556
41.7387612387613 483.9165834165833
60.91958041958048 364.99550449550424
9.13136863136873 338.14235764235747
18.721778221778266 226.8936063936062
7.692807192807067 106.98351648351633
23.996503496503355 102.1883116883115
90.17032967032954 84.92557442557421
99.76073926073913 107.94255744255724
113.18731268731257 109.86063936063914
233.06743256743246 209.6008991008989
28.79170829170818 236.4540459540458
212.92757242757236 202.88761238761225
265.6748251748251 200.01048951048932
281.01948051948045 202.88761238761225
299.24125874125866 203.84665334665314
342.3981018981018 210.5599400599399
331.8486513486513 193.2972027972026
392.26823176823166 186.58391608391588
450.7697302697302 200.9695304695303
434.46603396603393 186.58391608391588
467.07342657342656 180.82967032967014
492.00849150849143 180.82967032967014
544.7557442557442 154.93556443556423
538.0424575424576 155.8946053946052
445.01548451548445 119.45104895104879
436.3841158841159 115.61488511488494
531.329170829171 209.6008991008989
578.3221778221779 209.6008991008989
679.9805194805195 327.56293706293695
542.8376623376624 383.18731268731256
613.8066933066933 417.7127872127871
528.452047952048 468.5419580419579
476.6638361638361 508.8216783216782
394.1863136863136 357.29320679320665
249.37112887112875 329.4810189810188
236.9035964035963 361.12937062937044
617.1633366633367 554.4060939060936
667.9925074925076 504.53596403596373
896.2442557442558 435.4850149850146
974.8856143856145 390.4100899100895
1038.1823176823177 410.54995004994964
1004.6158841158843 272.44805194805156
950.9095904095905 326.1543456543453
929.8106893106894 263.8166833166829
877.0634365634367 303.13736263736223
842.5379620379621 281.0794205794202
797.4630369630371 238.88161838161795
781.1593406593407 229.29120879120836
752.388111888112 189.97052947052902
738.0024975024976 177.50299700299655
714.0264735264735 181.33916083916046
701.5589410589411 170.78971028970983
714.9855144855145 195.72477522477482
755.2652347652348 127.63286713286669
778.2822177822179 127.63286713286669
619.0814185814186 73.92657342657299
633.467032967033 70.09040959040914
851.1693306693307 143.936563436563
900.0804195804196 127.63286713286669
916.384115884116 131.46903096903054
605.6548451548452 84.47602397602355
1007.493006993007 147.77272727272685
1115.8646353646354 215.86463536463492
1127.3731268731271 218.74175824175785
1129.291208791209 229.29120879120836
891.4490509490511 176.54395604395563
898.1623376623378 177.50299700299655
911.5889110889112 154.48601398601357
898.1623376623378 145.8546453546449
1171.4890109890111 253.26723276723237
1182.9975024975029 229.29120879120836
1166.6938061938063 144.89560439560398
1187.7927072927073 142.9775224775221
1209.8506493506493 169.8306693306689
1229.9905094905098 167.91258741258702
1240.53996003996 169.8306693306689
1362.3381618381618 296.4240759240755
1379.6008991008994 225.45504495504457
1613.1273726273726 369.7607392607391
1682.1783216783215 349.62087912087895
1606.4140859140857 273.8566433566432
1548.8716283716285 285.3651348651347
1444.336163836164 223.98651348651333
1477.9025974025976 220.15034965034948
1424.1963036963036 209.6008991008989
1430.9095904095902 193.2972027972026
1389.6708291708292 192.33816183816162
1350.3501498501498 141.5089910089908
1288.0124875124875 116.57392607392586
1276.5039960039958 106.98351648351633
1243.8966033966035 113.69680319680305
1233.3471528471528 111.7787212787211
1181.558941058941 66.703796203796
1314.8656343656344 105.06543456543437
1325.415084915085 107.94255744255724
1335.9645354645354 111.7787212787211
1358.0224775224774 99.31118881118863
1381.9985014985014 93.55694305694288
1376.2442557442557 120.41008991008977
1396.384115884116 116.57392607392586
1424.1963036963036 147.2632367632366
1458.721778221778 135.75474525474505
1473.1073926073927 178.91158841158824
1505.714785214785 185.6248751248749
1498.0424575424577 202.88761238761225
1513.3871128871128 131.91858141858125
1524.8956043956046 78.21228771228748
1550.7897102897105 118.49200799200781
1563.2572427572427 139.5909090909089
1583.3971028971027 152.05844155844142
1580.5199800199798 118.49200799200781
1602.5779220779223 118.49200799200781
1599.7007992007993 125.20529470529453
1626.5539460539462 122.3281718281716
1609.2912087912086 138.63186813186798
1648.6118881118882 145.3451548451547
1610.2502497502496 212.4780219780218
1834.665834165834 240.2902097902096
1881.658841158841 255.63486513486498
1768.492007992008 242.20829170829154
1715.7447552447552 223.02747252747236
1684.0964035964034 212.4780219780218
1690.8096903096903 153.97652347652325
1739.7207792207791 165.4850149850148
1772.328171828172 162.60789210789193
1824.1163836163837 158.77172827172808
1595.6248751248752 73.88161838161841
1615.7647352647352 55.18031968031971
1636.384115884116 88.74675324675326
1645.495004995005 82.99250749250751
1661.7987012987012 72.92257742257743
1699.680819180819 130.46503496503496
1700.63986013986 93.54195804195805
1744.2762237762238 121.35414585414586
1767.2932067932068 116.55894105894106
1764.4160839160838 94.98051948051949
1792.2282717282717 121.83366633366634
1797.9825174825173 138.13736263736263
1853.606893106893 156.35914085914087
1865.1153846153845 145.33016983016984
1850.2502497502496 140.53496503496504
1866.553946053946 96.89860139860141
1875.664835164835 71.96353646353649
1860.3201798201796 76.2792207792208
1854.0864135864135 71.484015984016
1916.4240759240759 131.42407592407594
1902.0384615384614 144.85064935064932
1897.722777222777 193.76173826173826
1913.546953046953 212.94255744255742
1904.9155844155844 261.8536463536463
1883.3371628371629 131.42407592407594
1919.3011988011988 84.91058941058941
1895.3251748251748 223.97152847152844
1704.9555444555444 248.9065934065934
46.38235294117641 619.5588235294116
203.61764705882345 307.9117647058821
143.97058823529406 357.32352941176447
197.97058823529406 419.0882352941174
383.4411764705883 604.0294117647057
-143.8529411764706 809.4411764705881
1002.5000000000002 714.1470588235293
878.9705882352943 570.1470588235293
1674.3235294117646 337.2058823529411
1782.6764705882351 294.49999999999994
1677.1470588235293 264.1470588235294
1546.4705882352941 218.44117647058823
1770.941176470588 85.9117647058823
1721.3529411764705 116.08823529411755
