270.65576323987545 558.4439252336447
1104.051401869159 564.4252336448596
1006.3566978193147 392.96105919003105
902.6806853582556 410.90498442367584
663.4283489096573 428.84890965732075
661.4345794392524 273.3348909657319
579.690031152648 265.35981308411203
729.222741433022 81.93302180685339
806.9797507788163 77.94548286604345
820.9361370716512 75.95171339563842
970.468847352025 115.82710280373806
1004.3629283489098 20.12616822429868
978.4439252336451 12.151090342678799
1098.070093457944 46.04517133956347
1135.9517133956388 52.026479750778435
268.9829721362229 1068.5495356037152
316.53715170278633 600.9334365325078
