169.376404494382 28.308988764044955
188.92696629213484 18.87078651685394
205.1067415730337 26.960674157303373
235.44382022471913 21.567415730337075
261.06179775280896 21.567415730337075
304.88202247191015 41.792134831460686
340.61235955056173 53.926966292134836
357.46629213483146 24.264044943820238
373.64606741573033 4.71348314606746
445.10674157303373 17.52247191011236
478.8146067415731 8.084269662921372
468.0280898876404 61.34269662921349
453.19662921348316 90.33146067415731
382.4101123595506 124.7134831460674
341.2865168539326 147.63483146067415
314.3202247191011 217.07303370786514
401.2865168539326 229.8820224719101
167.01685393258418 8.92696629213492
593.0842696629213 155.89325842696627
620.0505617977526 192.29775280898878
679.3764044943819 159.938202247191
664.5449438202245 127.57865168539325
628.140449438202 77.6910112359551
587.6910112359549 70.94943820224717
709.0393258426964 73.64606741573039
717.1292134831458 49.37640449438203
752.1853932584268 138.36516853932585
758.9269662921347 74.99438202247188
792.6348314606739 80.38764044943821
820.9494382022469 62.85955056179773
845.2191011235952 62.85955056179773
856.0056179775279 145.10674157303367
858.7022471910109 88.47752808988764
913.9831460674154 159.938202247191
827.6910112359549 197.69101123595505
787.2415730337077 181.51123595505618
907.2415730337077 73.64606741573039
938.2528089887637 88.47752808988764
981.3988764044941 64.20786516853934
511.17415730337063 22.24157303370788
489.60112359550544 6.061797752809014
517.9157303370785 8.084269662921372
537.4662921348313 5.387640449438209
573.8707865168537 8.084269662921372
612.2977528089885 6.735955056179819
691.1741573033706 8.758426966292177
708.7022471910111 5.387640449438209
732.9719101123594 8.758426966292177
674.320224719101 4.71348314606746
899.4887640449434 41.11797752808991
894.0955056179771 12.803370786516894
911.6235955056176 12.803370786516894
873.1966292134828 4.71348314606746
852.9719101123592 8.758426966292177
857.0168539325839 70.78089887640448
952.7471910112356 73.47752808988764
1013.4213483146063 115.27528089887639
999.2640449438198 95.72471910112358
1049.8258426966288 79.54494382022472
1022.8595505617974 70.1067415730337
1068.7022471910109 81.56741573033707
1084.8820224719097 93.02808988764045
1036.3426966292132 163.81460674157302
1053.1966292134828 218.4213483146067
1023.5337078651681 242.01685393258424
1117.9157303370782 155.0505617977528
1140.1629213483143 126.06179775280899
1119.9382022471905 91.67977528089887
1163.084269662921 78.19662921348313
1172.522471910112 67.41011235955057
1195.4438202247188 83.58988764044943
1230.4999999999995 76.17415730337078
1198.1404494382018 116.62359550561797
1217.016853932584 116.62359550561797
1238.589887640449 165.1629213483146
1193.4213483146063 12.803370786516894
1202.8595505617973 2.6910112359550453
1153.64606741573 6.061797752809014
1173.8707865168535 5.387640449438209
1262.185393258427 105.83707865168537
1270.9494382022472 57.97191011235955
1300.6123595505617 158.42134831460672
1281.7359550561796 208.3089887640449
1363.9831460674156 206.96067415730334
1419.2640449438202 126.73595505617976
1349.825842696629 88.30898876404495
1406.4550561797753 95.0505617977528
1403.0842696629213 72.12921348314609
1433.4213483146066 39.76966292134833
1466.455056179775 35.72471910112358
1618.8146067415728 204.26404494382018
1646.455056179775 196.17415730337078
1653.196629213483 10.10674157303373
1678.814606741573 10.10674157303373
1690.9494382022472 8.084269662921372
1686.9044943820224 43.814606741573044
1703.758426966292 20.21910112359552
1723.308988764045 51.90449438202248
1738.814606741573 41.792134831460686
1769.825842696629 33.028089887640476
1827.803370786517 37.74719101123594
1858.1404494382023 30.331460674157313
1836.567415730337 101.11797752808988
1813.6460674157304 119.3202247191011
1726.0056179775281 177.29775280898875
1727.0168539325841 303.19662921348265
1798.4775280898873 289.71348314606695
1891.511235955056 253.3089887640445
1611.7359550561796 920.7247191011231
1908.3651685393256 882.9719101123592
1835.5561797752807 567.4662921348311
1862.522471910112 497.3539325842693
