1421.8641133263382 904.1516264428121
873.8683105981113 632.1684155299055
793.2806925498428 481.0666316894018
761.0456453305353 372.2733473242391
736.8693599160547 378.3174186778592
589.7969569779643 513.3016789087093
400.41605456453317 448.8315844700943
474.95960125918157 396.44963273871974
287.59338929695707 485.0960125918152
350.0487932843653 336.0089192025182
372.2103882476391 319.89139559286446
279.5346274921302 283.62696747114364
42.304826862539215 110.83578174186772
65.47376705141644 103.78436516264424
40.2901364113325 42.33630640083936
78.56925498426008 75.57869884575018
84.61332633788024 35.28488982161588
59.42969569779629 26.218782791185617
116.84837355718773 35.28488982161588
144.0466946484784 39.31427072402931
150.09076600209855 88.67418677859382
195.42130115424962 51.40241343126962
230.67838405036716 63.490556138509874
245.78856243441749 68.5272822665267
266.9428121720881 67.51993704092331
258.8840503672611 98.74763903462747
270.97219307450155 86.65949632738716
310.25865687303246 92.70356768100726
325.3688352570829 161.20304302203562
298.17051416579216 156.16631689401885
288.0970619097586 182.35729275970618
354.58184679958026 186.38667366211956
488.55876180482676 161.20304302203562
612.4622245540398 200.4895068205666
605.4108079748163 139.04144805876172
625.5577124868835 168.2544596012591
638.6532004197271 166.23976915005244
646.711962224554 181.3499475341028
658.8001049317943 184.37198321091284
676.9323189926547 170.26915005246587
690.0278069254985 179.33525708289605
758.5272822665268 256.90083945435464
786.7329485834207 274.0257082896117
832.0634837355719 285.10650577124864
783.7109129066107 184.37198321091284
798.8210912906611 191.4233997901364
804.8651626442811 208.54826862539346
843.1442812172088 208.54826862539346
869.3352570828961 215.59968520461695
875.3793284365163 200.4895068205666
891.49685204617 198.47481636935987
925.7465897166842 221.6437565582371
957.9816369359917 230.7098635886673
1125.7046169989508 383.8578174186777
1066.2712486883527 259.9543546694647
1041.0876180482687 269.0204616998949
999.786463798531 257.939664218258
976.6175236096537 249.8809024134311
995.7570828961176 205.55771248688336
1014.8966421825813 229.73399790136398
1036.0508919202518 229.73399790136398
1083.3961175236097 241.82214060860423
1072.3153200419729 234.77072402938074
1084.403462749213 214.6238195173136
1063.2492130115425 219.66054564533033
1203.2701993704093 272.04249737670494
1203.2701993704093 252.90293809024115
1283.857817418678 277.07922350472177
1298.9679958027282 274.05718782791166
1481.297481636936 302.2628541448057
1441.003672612802 283.1232948583419
1429.9228751311648 288.1600209863587
1429.9228751311648 276.0718782791184
1522.5986358866737 320.3950682056662
1496.4076600209864 276.0718782791184
1553.8263378803779 302.2628541448057
1561.8850996852048 340.54197271773324
1595.1274921301156 304.27754459601243
1612.2523609653726 298.2334732423923
1641.46537250787 304.27754459601243
1679.7444910807976 309.3142707240292
1555.8410283315845 471.49685204616986
1482.3048268625394 418.10755508919186
1462.1579223504723 454.37198321091273
1400.7098635886673 436.2397691500523
1378.5482686253936 405.0120671563482
1381.5703043022036 383.8578174186777
1744.2145855194128 575.7570828961175
1820.7728226652678 601.9480587618048
1730.1117523609657 432.71406086044067
1742.7035676810074 316.3656873032528
1758.8210912906611 313.3436516264427
1765.8725078698847 318.3803777544595
1797.1002098635886 325.431794333683
1793.0708289611753 313.3436516264427
1775.9459601259182 309.31427072402926
