6.721335992023739 37.9177467597209
32.563808574276976 36.003489531405876
95.73429710867379 52.2746759720838
111.04835493519425 49.403290129611264
134.01944167497493 29.303589232303125
178.0473579262212 48.446161515453696
183.79012961116632 24.51794616151551
176.13310069790612 8.246759720837531
163.6904287138583 13.032402791625145
139.76221335992005 11.118145563310122
215.37537387836477 17.818045862412873
262.2746759720836 55.14606181455639
263.23180458624114 85.77417746759727
279.5029910269191 21.64656031904292
246.00348953140565 9.2038883349951
319.7023928215352 19.732303090727896
339.80209371884337 14.946660019940282
372.3444666001993 102.04536390827525
349.3733798604186 89.60269192422737
505.3853439680956 61.845962113659084
206.761216350947 227.42921236291136
113.91974077766685 226.47208374875385
230.68943170488518 302.08524426719856
452.74327018943166 197.758225324028
518.785144566301 286.7711864406781
566.6415752741774 163.301595214357
735.0962113659023 326.0134596211367
936.093220338983 237.00049850448664
659.0044865403786 2.5039880358923483
1215.096211365902 179.572781655035
1405.56480558325 250.40029910269203
1359.6226321036888 44.61764705882359
1385.4651046859422 55.14606181455639
1513.720338983051 318.44616151545347
1550.091226321037 190.19092721834477
1574.9765702891327 216.99052841475554
1632.4042871385843 155.73429710867367
1636.2328015952146 48.535892323030566
1450.549850448654 8.336490528414515
502.7910216718267 672.2647058823528
263.5340557275541 43.611455108359195
377.96130030959745 17.357585139318957
221.06585365853653 57.42682926829269
245.41707317073167 102.38292682926829
737.1243902439026 115.49512195121952
641.5926829268294 58.36341463414635
606.0024390243902 80.8414634146341
554.490243902439 83.6512195121951
434.6073170731707 4.978048780487825
406.6673151750972 23.52529182879377
454.11867704280144 64.84824902723734
1001.8229571984436 84.02140077821011
1805.0525291828794 1.9883268482490166
1777.8540856031127 60.20817120622567
