193.308988764045 965.2191011235952
98.92696629213492 566.1179775280896
255.33146067415737 609.26404494382
373.98314606741576 439.3764044943817
767.691011235955 382.7471910112357
948.365168539326 307.2415730337076
1905.6685393258426 520.2752808988761
63.87078651685397 388.1404494382019
26.7921348314606 327.80337078651695
38.92696629213475 206.45505617977528
179.1516853932584 207.8033707865169
467.6910112359552 187.57865168539325
603.8707865168541 191.62359550561797
266.79213483146066 139.0393258426966
249.60112359550573 46.17415730337086
368.2528089887642 96.06179775280907
586.0056179775281 39.43258426966301
424.20786516853934 86.62359550561806
502.41011235955057 78.53370786516862
494.32022471910113 54.264044943820295
561.7359550561798 77.18539325842703
683.0842696629213 25.275280898876474
681.7359550561798 65.05056179775289
736.3426966292135 85.27528089887647
743.0842696629213 54.264044943820295
935.8932584269663 67.74719101123605
945.3314606741573 5.724719101123696
983.0842696629213 50.89325842696638
1070.050561797753 72.46629213483155
1121.2865168539327 69.09550561797761
1218.365168539326 32.016853932584354
1221.73595505618 52.91573033707874
1202.1853932584272 183.70224719101128
1202.1853932584272 183.70224719101128
1278.365168539326 72.46629213483155
1342.4101123595506 50.89325842696638
1401.061797752809 35.387640449438294
1378.8146067415732 130.44382022471916
1355.2191011235957 175.61235955056185
1759.7134831460676 23.252808988764116
1552.747191011236 8.421348314606803
1576.3426966292136 3.7022471910113377
1547.3539325842698 66.39887640449444
1584.432584269663 55.61235955056188
1620.8370786516855 73.8146067415731
1622.185393258427 105.50000000000009
1826.4550561797755 83.25280898876412
