278.2073499662846 462.8196223870532
154.24241402562373 456.2855697909643
82.38806473364795 371.4844908968308
19.596426163182684 272.44200944032366
18.94908968307479 197.99831422791635
146.47437626432904 188.28826702629806
211.85536075522586 153.9794335805799
168.48381658799727 122.25994605529331
179.4885367498314 113.19723533378283
278.53101820633856 118.375927174646
267.5262980445044 122.25994605529331
209.26601483479433 122.25994605529331
251.3428860418071 140.38536749831417
289.5357383681726 122.90728253540118
317.37120701281185 114.49190829399862
365.92144302090367 125.49662845583272
349.09069453809843 127.43863789615642
312.1925151719488 210.94504383007416
228.68610923803098 216.12373567093732
431.3024275118005 268.55799055967634
464.9639244774107 261.4372892784896
494.7414025623737 258.847943358058
461.0799055967634 173.3995279838166
475.96864463924487 152.03742414025623
433.89177343223207 129.38064733648008
525.1662171274445 120.31793661496965
560.7697235333784 124.8492919757249
595.0785569790966 212.88705327039781
668.8749157113959 181.16756574511123
679.8796358732301 231.01247471341873
718.7198246797035 192.8196223870533
734.2559002022928 186.99359406608227
784.1008091706003 184.40424814565074
811.2889413351317 185.05158462575855
839.7717464598788 179.22555630478757
843.0084288604182 206.4136884693189
803.520903573837 208.35569790964254
716.7778152393797 248.49055967633177
732.3138907619691 279.5627107215105
742.0239379635875 318.40289952798383
830.7090357383684 265.3213081591369
883.1432906271075 140.38536749831417
913.5681051921781 111.25522589345917
928.4568442346597 133.91200269723532
928.4568442346597 82.77242076871204
947.8769386378963 38.75354012137552
929.1041807147676 37.45886716115979
894.7953472690494 79.53573836817259
880.5539447066758 84.06709372892783
876.0225893459206 49.758260283209665
956.6159811193526 123.55461901550905
985.0987862440998 117.72859069453807
1067.3105192178018 183.75691166554282
1142.401550910317 108.66587997302759
1206.487862440998 98.30849629130137
1264.748145650708 149.44807821982465
1216.8452461227243 72.41503708698582
1204.5458530006742 61.410316925151676
1182.536412677006 67.88368172623058
1150.8169251517195 50.40559676331759
1118.4501011463249 37.45886716115979
1091.9093054619016 52.34760620364125
1055.6584625758596 41.99022252191497
1033.0016857720834 56.878961564396434
1242.7387053270397 54.28961564396491
1215.5505731625085 19.33344571813882
1198.7198246797034 27.10148347943357
1242.7387053270397 23.217464598786137
1221.3766014834794 37.45886716115979
1264.1008091706 20.628118678354664
1285.4629130141604 16.74409979770735
1310.7090357383681 43.93223196223869
1353.4332434254889 9.623398516520524
1363.7906271072152 27.10148347943357
1341.781186783547 18.038772757923084
1416.872218476062 120.96527309507752
1529.508766014835 104.78186109238027
1446.649696561025 84.7144302090357
1393.5681051921779 66.58900876601479
1458.9490896830748 49.758260283209665
1398.7467970330413 36.164194200943996
1383.2107215104518 20.628118678354664
1417.51955495617 37.45886716115979
1436.9396493594068 18.038772757923084
1431.7609575185434 7.034052596088941
1470.601146325017 23.217464598786137
1520.4460552933244 38.75354012137552
1502.6443020903575 43.93223196223869
1580.972016183412 93.12980445043826
1553.7838840188806 19.33344571813882
1462.5094403236683 4.444706675657358
1507.1756574511128 11.565407956844183
1347.283546864464 30.338165879972962
1396.4811193526634 7.034052596088941
