284.994382022472 922.0730337078649
190.6123595505618 814.207865168539
182.52247191011236 671.2865168539323
34.20786516853934 695.5561797752806
314.6573033707865 506.79213483146043
654.4325842696629 625.4438202247188
1253.0842696629215 911.2865168539322
1277.3539325842698 822.2977528089885
1431.061797752809 603.8707865168536
1560.5 463.64606741573004
1649.4887640449438 439.3764044943817
1633.308988764045 307.2415730337076
1843.6460674157302 299.15168539325816
9.264044943820124 299.4887640449439
106.34269662921344 291.39887640449444
324.7696629213484 329.1516853932585
297.8033707865169 206.45505617977528
188.58988764044943 217.24157303370788
374.6573033707866 194.32022471910113
419.1516853932585 191.62359550561797
513.5337078651687 198.36516853932585
512.5224719101125 168.19662921348322
568.4775280898878 191.79213483146074
624.432584269663 185.72471910112364
609.6011235955058 135.83707865168546
658.8146067415731 146.62359550561806
677.6910112359552 105.50000000000009
561.0617977528092 93.36516853932591
503.7584269662923 87.97191011235964
613.6460674157305 49.5449438202248
662.8595505617978 44.82584269662931
737.6910112359552 48.870786516854025
756.5674157303372 42.129213483146145
821.9606741573035 41.45505617977537
284.82584269662937 83.67415730337078
310.78089887640465 68.84269662921349
350.55617977528107 87.04494382022472
367.7471910112361 70.86516853932584
283.1404494382024 37.15730337078651
294.6011235955058 11.202247191011224
359.6573033707866 10.191011235955045
368.7584269662923 6.820224719101134
333.7022471910114 12.550561797752806
270.66853932584286 3.786516853932568
377.5224719101125 12.887640449438194
383.58988764044955 10.191011235955045
408.5337078651687 3.1123595505617914
426.73595505617993 6.483146067415731
433.8146067415732 9.516853932584269
445.27528089887653 13.224719101123583
450.66853932584286 11.539325842696627
469.88202247191026 30.415730337078642
496.1741573033709 17.606741573033702
235.1067415730339 105.50000000000009
249.93820224719119 78.53370786516862
239.8258426966294 46.17415730337086
238.64606741573056 3.1123595505617914
309.0955056179777 1.7640449438202097
332.01685393258447 3.786516853932568
1276.6797752808989 272.5224719101124
1499.1516853932585 139.0393258426966
1762.0730337078655 101.28651685393254
1523.4213483146068 4.207865168539229
1298.2528089887642 159.26404494382027
1500.1629213483147 5.724719101123696
1315.443820224719 73.8146067415731
1258.814606741573 89.994382022472
978.3651685393259 154.03932584269668
1039.0393258426966 139.88202247191018
1126.005617977528 100.78089887640456
1169.825842696629 86.62359550561806
1146.2303370786517 89.32022471910119
1099.0393258426966 89.994382022472
933.870786516854 96.06179775280907
962.8595505617977 89.994382022472
960.1629213483146 44.151685393258504
1144.8820224719102 12.46629213483152
1150.7808988764043 73.56179775280899
1135.6123595505617 69.51685393258427
1073.9269662921347 10.528089887640448
1150.1067415730336 1.7640449438202097
1115.387640449438 3.449438202247194
638.7584269662921 24.348314606741567
664.3764044943821 11.202247191011224
681.5674157303371 3.1123595505617914
606.3988764044943 1.7640449438202097
538.6460674157304 23.674157303370777
520.1067415730337 20.30337078651685
550.7808988764045 17.2696629213483
533.5898876404494 9.516853932584269
510.33146067415726 1.0056179775281748
487.41011235955057 5.724719101123696
186.25851393188844 75.8250773993808
