41.7387612387613 654.625874125874
1217.522977022977 428.2922077922076
1077.502997002997 297.8626373626372
1150.3901098901101 292.10839160839146
1100.5199800199803 192.3681318681317
1136.9635364635367 125.23526473526454
1060.24025974026 56.18431568431538
1075.584915084915 102.21828171828156
1052.5679320679321 136.74375624375602
968.1723276723278 144.41608391608372
1280.8196803196804 121.39910089910063
1315.345154845155 115.64485514485489
1323.0174825174827 56.18431568431538
1361.379120879121 48.511988011987796
1237.6628371628371 24.505994005993784
1262.597902097902 12.03846153846132
1278.9015984015984 24.505994005993784
1287.532967032967 12.03846153846132
1378.6418581418584 11.079420579420344
1413.1673326673326 31.21928071928056
1491.8086913086913 4.366133866133623
1296.1643356643358 29.331168831168497
203.08823529411762 831.3235294117646
1108.029411764706 455.79411764705867
1332.5000000000002 506.6176470588234
