929.4887640449439 1011.0617977528086
778.4775280898876 315.33146067415703
1096.6797752808989 353.0842696629211
907.9157303370786 140.0505617977526
506.1179775280899 107.69101123595476
1414.8820224719102 533.7584269662918
1547.0168539325841 533.7584269662918
1544.3202247191011 220.94943820224694
1447.241573033708 239.8258426966289
1466.1179775280898 293.75842696629184
1633.308988764045 239.8258426966289
1598.2528089887637 253.30898876404467
1724.9943820224717 229.03932584269637
1800.5 231.73595505617948
1822.0730337078649 88.81460674157279
1803.196629213483 53.758426966291836
1048.1404494382023 42.97191011235918
1085.8932584269664 42.97191011235918
953.7584269662922 48.36516853932562
1474.2078651685392 78.02808988764014
1387.9157303370785 91.5112359550559
1344.7696629213483 34.88202247190975
1682.5224719101127 32.5224719101123
1697.3539325842698 39.26404494382018
1745.8932584269667 48.70224719101117
1762.0730337078655 44.65730337078645
1774.2078651685397 36.56741573033702
1780.9494382022474 12.297752808988662
1767.4662921348317 12.297752808988662
1834.8820224719104 24.43258426966281
1899.601123595506 25.78089887640442
1873.983146067416 29.825842696629138
1852.4101123595508 46.005617977528004
1873.983146067416 46.005617977528004
1911.73595505618 82.41011235955051
1602.9719101123596 14.994382022471882
1574.6573033707868 6.904494382022449
1530.1629213483147 2.8595505617977324
1470.8370786516855 2.8595505617977324
1396.6797752808989 44.65730337078645
1916.455056179775 299.15168539325816
1367.1333666333667 334.3061938061936
596.6176470588236 112.38235294117646
794.9705882352943 144.8529411764706
991.9117647058825 57.323529411764696
1256.4411764705883 17.2647058823529
1301.2647058823532 36.67647058823525
1357.7352941176473 70.20588235294115
1405.3823529411766 79.3823529411764
1361.9705882352941 26.441176470588175
1834.0294117647059 311.08823529411745
1678.735294117647 217.205882352941
