1420.2752808988762 808.8146067415727
1735.7808988764045 927.4662921348311
268.14044943820227 292.747191011236
6.230337078651729 30.6685393258428
34.544943820224745 8.421348314606803
43.98314606741576 21.230337078651758
33.19662921348319 97.41011235955062
70.27528089887645 29.994382022471996
233.42134831460672 100.78089887640456
345.33146067415726 4.376404494382086
431.6235955056179 94.03932584269671
443.0842696629213 172.9157303370787
503.08426966292143 156.73595505617985
534.0955056179777 113.58988764044952
575.2191011235956 15.162921348314683
660.1629213483147 144.60112359550567
709.3764044943821 140.55617977528095
734.3202247191012 121.00561797752815
687.1292134831461 5.724719101123696
718.1404494382024 12.46629213483152
731.623595505618 18.53370786516862
774.7696629213489 50.89325842696621
799.7134831460679 5.724719101123469
1007.3539325842703 146.62359550561794
1084.8820224719107 127.07303370786514
1082.8595505617984 27.297752808988662
1128.3651685393265 269.82584269662937
1142.185393258428 116.96067415730343
1181.2865168539333 41.45505617977537
1238.5898876404503 19.882022471910204
1306.0056179775288 60.33146067415737
1509.2640449438213 23.084269662921315
1759.3764044943823 4.207865168539229
