904.8290627107215 669.9672960215778
1153.406271072151 562.5094403236682
1777.4386378961565 544.3840188806472
1613.0151719487524 444.69420094403233
1623.3725556304787 376.076534052596
1070.5472016183412 245.31456507080225
1831.814902225219 245.31456507080225
781.8351314902225 176.69689817936603
692.5026972353338 154.68745785569786
405.0853000674309 262.14531355360737
144.53236682400538 266.6159811193527
211.208024275118 221.9497639919083
214.44470667565744 190.23027646662172
253.93223196223872 150.74275118004044
288.24106540795685 175.34153742414026
314.78186109238027 139.09069453809843
331.6126095751855 163.68948078219825
362.68476062036416 111.25522589345917
314.78186109238027 97.6611598111935
287.59372892784893 104.1345246122724
342.61732973701953 56.878961564396434
382.7521915037088 65.94167228590692
404.11429534726915 100.25050573162504
490.8573836817264 52.34760620364125
150.35839514497636 115.78658125421441
206.67666891436275 88.59844908968307
154.8897505057316 56.878961564396434
170.42582602832093 56.878961564396434
125.75960890087654 70.4730276466621
103.10283209710042 80.18307484828051
119.28624409979764 102.19251517194868
41.605866486850914 57.52629804450436
31.895819285232562 79.53573836817259
57.14194200944027 61.410316925151676
31.2484828051247 119.02326365475386
48.079231287929815 183.75691166554282
72.67801753202963 183.75691166554282
114.75488873904246 131.9699932569116
97.92414025623731 106.72387053270393
65.55731625084283 116.43391773432234
377.5734996628456 104.78186109238027
17.0070802427511 93.12980445043826
7.297033041132778 122.90728253540118
1906.3546168958742 254.76326129665995
354.8418467583496 79.1542239685659
192.40569744597244 97.45481335952844
44.96485848055221 110.63945445632794
1199.4411764705883 209.44117647058806
1313.0882352941178 221.44117647058806
76.99999999999997 80.97058823529412
75.76470588235287 113.97058823529416
