1048.1404494382023 578.2528089887642
1352.8595505617977 564.769662921348
1684.5449438202245 219.60112359550533
1662.9719101123596 87.46629213483118
1665.6685393258426 141.3988764044941
1352.8595505617977 152.18539325842676
1401.3988764044943 125.21910112359524
1379.825842696629 95.55617977528061
1360.9494382022472 73.98314606741542
1325.8932584269664 82.07303370786485
1244.994382022472 41.623595505617686
1177.5786516853932 79.37640449438175
1166.7921348314608 208.8146067415728
1072.4101123595506 224.99438202247165
921.3988764044944 195.33146067415703
875.5561797752808 152.18539325842676
940.2752808988765 141.3988764044941
1023.8707865168539 114.43258426966258
1083.196629213483 119.82584269662891
1107.4662921348313 76.67977528089864
1040.0505617977528 73.98314606741542
1120.9494382022472 33.53370786516825
1093.9831460674159 28.14044943820204
1058.9269662921347 6.567415730336734
1004.994382022472 36.23033707865147
934.8820224719101 79.37640449438175
897.1292134831461 106.34269662921315
835.1067415730337 73.98314606741542
870.1629213483146 49.71348314606712
783.8707865168539 68.5898876404492
711.061797752809 87.46629213483118
705.6685393258427 60.49999999999977
732.6348314606743 36.23033707865147
1081.174157303371 38.58988764044943
1042.0730337078653 10.275280898876417
978.7022471910115 27.80337078651678
923.4213483146068 6.230337078651701
942.2977528089889 26.455056179775283
824.9943820224721 33.19662921348311
861.3988764044946 17.01685393258424
881.6235955056181 17.01685393258424
816.9044943820227 66.90449438202245
820.9494382022474 48.028089887640476
672.6348314606741 25.106741573033673
628.1404494382023 25.106741573033673
745.4438202247193 7.578651685393197
840.1629213483146 4.039325842696655
862.4101123595506 1.342696629213492
984.4325842696629 14.825842696629252
1000.6123595505618 2.016853932584297
1001.2865168539327 10.10674157303373
767.8595505617978 1.2584269662921201
788.7584269662922 2.2696629213482993
1016.8985594237694 28.05102040816348
