101.62359550561803 808.8146067415727
74.65730337078651 673.9831460674154
177.12921348314615 617.3539325842694
311.9606741573034 496.0056179775278
1317.803370786517 719.8258426966289
1579.3764044943819 539.1516853932582
1762.7471910112358 477.1292134831458
870.1629213483146 657.8033707865166
26.7921348314606 129.6011235955056
106.34269662921344 191.62359550561797
148.1404494382022 163.30898876404495
216.90449438202245 203.75842696629218
442.0730337078653 307.5786516853933
425.89325842696644 269.82584269662925
462.2977528089889 244.20786516853934
521.6235955056181 207.8033707865169
602.5224719101126 223.98314606741576
92.52247191011239 15.162921348314683
161.28651685393257 10.443820224719161
142.4101123595506 60.33146067415737
224.65730337078654 63.02808988764053
257.01685393258424 32.016853932584354
327.12921348314603 56.28651685393265
366.90449438202245 39.43258426966301
416.1179775280899 55.61235955056188
461.9606741573034 55.61235955056188
525.3314606741576 111.56741573033716
584.6573033707867 98.08426966292143
523.3089887640452 15.162921348314683
554.3202247191014 16.511235955056264
594.7696629213486 4.376404494382086
837.4662921348317 38.758426966292234
876.5674157303373 75.83707865168546
879.2640449438205 40.10674157303379
847.5786516853935 39.43258426966301
1747.2415730337082 198.36516853932585
1822.7471910112363 205.10674157303373
1789.0393258426968 59.488764044943764
1066.0056179775281 197.8595505617978
982.4101123595506 83.25280898876412
997.9157303370787 56.28651685393265
1027.5786516853932 78.53370786516862
1049.8258426966293 53.58988764044952
1206.2303370786517 18.53370786516862
1212.9719101123596 58.30898876404501
1344.6545893719806 1.7560386473430754
