735.3314606741573 709.0393258426964
940.2752808988765 633.5337078651683
1490.387640449438 822.2977528089885
1665.6685393258426 854.6573033707862
1652.1853932584268 717.1292134831458
1436.455056179775 566.1179775280896
735.3314606741573 603.8707865168536
640.9494382022473 210.16292134831428
843.1966292134831 183.19662921348288
1145.2191011235955 164.3202247191009
1878.7022471910113 978.7022471910109
833.0842696629212 125.55617977528084
1097.3539325842696 51.39887640449433
1149.938202247191 29.825842696629138
1208.1780185758516 781.2430340557277
