373.99325337331305 1013.3035982008994
454.59295352323846 641.9692653673162
838.8808095952024 633.3335832083956
719.420539730135 392.9737631184405
732.3740629685158 325.3275862068963
690.6349325337333 283.58845577211366
451.7143928035983 253.36356821589186
63.108695652173935 106.5569715142426
53.393553223388324 26.18215892053979
13.813343328335861 18.266116941529276
21.729385307346348 8.191154422788713
154.14317841079463 6.032233883058552
231.1446776611694 52.089205397301384
239.78035982008993 10.350074962518761
215.31259370314842 8.191154422788713
249.13568215892056 8.191154422788713
267.8463268365817 4.592953523238407
282.95877061469264 6.751874062968568
307.4265367316342 6.751874062968568
316.7818590704648 5.312593703148423
323.2586206896552 6.751874062968568
320.380059970015 44.173163418290926
302.38905547226386 45.61244377811102
258.49100449775113 52.80884557721146
377.2316341829085 44.89280359820094
386.58695652173907 36.25712143928041
362.83883058470764 21.144677661169453
436.9617691154422 45.61244377811102
441.27961019490255 7.471514242878584
461.4295352323838 1.7143928035982299
463.58845577211395 49.93028485757128
422.56896551724134 27.621439280359937
500.2901049475262 62.88380809595208
501.72938530734626 42.014242878560765
493.0937031484257 6.032233883058552
557.8613193403298 3.1536731634183752
552.8238380809596 46.33208395802103
564.3380809595203 71.51949025487261
613.9932533733133 6.751874062968568
646.3770614692653 6.032233883058552
624.7878560719639 38.416041979010515
644.2181409295351 47.0517241379311
651.4145427286358 35.53748125937034
685.2376311844077 67.20164917541234
696.7518740629685 16.107196401799115
720.5 22.5839580209896
758.6409295352323 57.12668665667172
757.2016491754123 18.985757121439292
794.6229385307347 60.0052473763119
772.3140929535232 94.54797601199402
841.3995502248877 65.76236881559225
805.4175412293853 21.144677661169453
814.7728635682158 14.667916041979083
839.2406296851575 27.621439280359937
864.4280359820091 26.18215892053979
857.2316341829085 16.107196401799115
858.6709145427287 59.285607196401884
903.2886056971515 35.53748125937034
935.6724137931035 25.462518740629775
875.2226386806597 93.10869565217399
920.5599700149926 106.06221889055473
-29.36506746626685 424.14317841079463
1072.404047976012 235.5974512743627
1016.2721139430284 144.20314842578716
1076.7218890554723 140.6049475262369
1055.852323838081 91.66941529235385
1116.3020989505249 76.55697151424295
1237.9212893553224 150.67991004497753
1251.5944527736133 188.82083958020996
1276.0622188905547 130.5299850074963
1366.0172413793102 118.29610194902557
1401.9992503748126 171.54947526236884
1425.027736131934 135.56746626686663
1397.6814092953523 95.2676161919041
1442.299100449775 121.17466266866575
1497.7113943028485 99.58545727136436
1545.2076461769116 134.1281859070465
1530.0952023988007 89.51049475262374
1826.5869565217392 204.65292353823094
1734.4730134932533 190.26011994003005
1718.6409295352323 172.98875562218893
1695.612443778111 118.29610194902557
1671.1446776611695 106.06221889055473
1683.37856071964 90.94977511244385
1699.9302848575712 88.07121439280365
1591.9842578710645 89.51049475262374
1625.8073463268365 88.79085457271367
1588.386056971514 37.6964017991005
1594.8628185907046 12.508995502248922
1619.330584707646 13.948275862069067
1483.3185907046477 11.06971514242889
1491.2346326836582 52.089205397301384
1455.2526236881558 72.9587706146927
1462.4490254872564 21.86431784107947
1418.5509745127436 57.84632683658174
1386.8868065967017 75.1176911544228
1396.9617691154422 67.92128935532241
1365.2976011994003 65.76236881559225
1353.7833583208396 55.687406296851634
1327.156671664168 59.285607196401884
1273.9032983508246 54.248125937031546
1407.756371814093 13.948275862069067
1457.411544227886 11.789355322338906
1446.6169415292354 16.826836581709244
1389.7653673163418 32.65892053973016
1373.9332833583208 3.1536731634183752
1384.7278860569716 3.1536731634183752
1361.6994002998501 3.1536731634183752
1314.9227886056972 6.751874062968568
1291.1746626686656 2.4340329835083594
1264.547976011994 47.0517241379311
1209.8553223388305 52.80884557721146
1198.3410794602698 42.014242878560765
1133.5734632683657 63.60344827586209
1131.4145427286358 47.77136431784112
1132.8538230884558 34.09820089955031
1149.4055472263867 26.901799100449807
1197.62143928036 13.948275862069067
1178.1911544227887 13.228635682158938
1083.1986506746628 29.06071964017997
1056.571964017991 24.742878560719646
1061.6094452773614 36.97676161919048
1063.0487256371814 57.84632683658174
1043.6184407796102 25.462518740629775
1023.468515742129 31.939280359820145
968.0562218890555 3.873313343328391
936.3920539730134 6.032233883058552
288.715892053973 414.78785607196403
283.6784107946027 412.6289355322339
