35.7210724365005 386.9722483537158
1043.5856067732834 76.30432737535273
1088.7408278457199 72.69190968955775
1132.089840075259 22.118062088428815
1386.7652869238009 43.79256820319824
1419.277046095955 31.149106302916152
1576.417215428034 38.373941674505886
18.11053621825016 86.26669802445912
112.93650047036684 68.2046095954845
146.35136406396984 67.30150517403581
181.57243650047033 86.26669802445912
242.08043273753526 86.26669802445912
188.79727187206018 63.68908748824083
141.83584195672623 45.62699905926626
129.19238005644397 38.40216368767642
162.60724365004697 44.72389463781752
179.7662276575729 44.72389463781752
197.82831608654746 51.045625587958625
204.15004703668856 41.1114769520226
199.63452492944495 34.7897460018815
244.7897460018815 41.1114769520226
264.6580432737535 35.692850423330235
311.61947318908756 41.1114769520226
280.9139228598307 17.630761994355566
332.3908748824083 78.13875823142052
365.80573847601136 63.68908748824083
380.25540921919105 19.436970837253057
355.87158984007533 4.0841956726246735
432.63546566321736 55.5611476952023
403.73612417685797 44.72389463781752
436.24788334901234 4.987300094073362
415.4764816556915 6.793508936970852
469.6627469426153 14.0183443085607
551.8452492944498 57.367356538099784
516.6241768579492 7.69661335841954
550.0390404515523 23.049388523048037
584.357008466604 52.851834430856115
617.7718720602071 38.40216368767642
556.3607714016935 4.0841956726246735
679.1829727187207 19.436970837253057
708.9854186265288 22.146284101599235
1569.4827255278315 6.142994241842189
759.1948176583495 30.960652591170685
283.1103646833013 8.820537428023101
