85.68444666001983 58.10717846460591
183.3115653040876 90.64955134596175
189.05433698903278 69.59272183449616
179.48305084745755 38.96460618145534
198.62562313060812 25.564805583249836
183.3115653040876 8.336490528414515
267.5388833499501 15.993519441674605
344.10917248255225 69.59272183449616
432.1650049850448 48.535892323030566
430.25074775672977 2.5937188434693326
535.5348953140577 4.507976071784242
652.3045862412762 42.793120638085384
713.5608175473578 165.30558325024901
751.845962113659 151.90578265204363
1037.0702891326023 23.650548354934926
1008.3564307078764 17.907776669989744
1090.6694915254238 65.76420737786611
1262.9526420737786 2.5937188434693326
1488.8349950149552 82.99252243270166
1561.5767696909274 84.90677966101669
1862.1151545363912 29.39332003988011
1898.4860418743772 8.336490528414515
1913.8000997008974 58.10717846460591
-61.71335992023944 733.8399800598205
-92.34147557328032 806.5817547357926
1902.9148606811145 43.611455108359195
1561.6145510835913 10.91795665634686
1269.1068111455108 322.51238390092885
1113.069659442724 65.90247678018582
1091.7693498452008 10.422600619195123
869.3544891640864 162.49690402476784
915.9179566563465 77.295665634675
479.01393188854445 27.76006191950472
453.25541795665595 8.441176470588289
236.04179566563468 39.153250773993875
256.35139318885444 3.4876160990713174
396.2073170731707 83.6512195121951
369.98292682926825 46.18780487804878
340.01219512195115 15.280487804878021
139.58292682926822 61.17317073170727
90.88048780487793 94.89024390243901
915.5439024390244 113.6219512195122
1054.158536585366 113.6219512195122
989.5341463414634 93.95365853658535
872.4609756097561 21.836585365853693
1329.9829268292683 52.743902439024396
1623.1341463414635 85.52439024390242
1819.8170731707319 98.63658536585365
1872.2658536585366 159.51463414634145
