438.1323987538941 373.0233644859811
731.2165109034269 249.40965732087204
667.4158878504674 143.73987538940796
487.97663551401877 125.79595015576308
456.076323987539 191.5903426791275
436.1386292834892 171.65264797507768
384.3006230529596 123.80218068535805
426.1697819314643 46.04517133956347
511.9018691588786 83.9267912772583
541.8084112149535 63.989096573208485
242.7429906542056 67.13551401869142
586.1697819314643 61.73052959501558
582.1822429906543 27.836448598130858
588.1635514018693 16.372274143302207
614.0825545171341 48.77102803738319
634.0202492211839 50.76479750778816
650.9672897196264 23.84890965732089
681.3722741433023 11.88629283489098
693.8333333333335 63.225856697819324
701.8084112149534 52.75856697819316
640.0015576323989 82.66510903426791
916.1386292834892 29.830218068535828
953.0233644859816 66.21651090342681
947.0420560747666 17.86760124610595
964.9859813084115 8.895638629283496
931.0919003115267 1.9174454828660714
985.4221183800626 35.31308411214954
1173.3348909657325 47.774143302180676
1137.4470404984427 86.15420560747663
1138.4439252336451 55.250778816199386
1213.7087227414331 71.69937694704049
1220.6869158878508 144.97040498442365
1195.266355140187 166.9018691588785
1289.970404984424 93.63084112149534
1332.33800623053 61.73052959501558
1384.6744548286608 128.52180685358255
1415.0794392523367 125.03271028037383
1447.4781931464177 219.23831775700933
1480.8738317757013 221.2320872274143
1504.30062305296 115.0638629283489
1490.344236760125 111.07632398753893
1537.197819314642 62.727414330218096
1585.0482866043617 41.79283489096577
1571.0919003115268 194.81464174454825
1610.9672897196265 190.32866043613706
1917.0109034267914 30.250778816199386
1907.0420560747664 279.47196261682245
675.1749226006193 31.722910216718333
