205.02599388379224 487.65596330275207
126.7385321100919 323.2522935779814
109.1238532110093 286.06574923547373
275.48470948012243 282.1513761467888
273.52752293578 211.6926605504584
246.1269113149848 211.6926605504584
353.77217125382276 182.33486238532078
153.64984709480123 113.92507645259917
139.9495412844037 105.11773700305794
220.19418960244653 102.18195718654414
282.82415902140684 96.31039755351662
617.5030581039757 64.01681957186526
626.310397553517 66.95259938837899
735.9128440366974 60.102446483180245
419.8272171253822 164.81192660550442
468.7568807339449 181.4480122324157
483.43577981651373 160.8975535168194
520.6223241590214 132.518348623853
520.6223241590214 201.99847094801208
546.0657492354741 170.68348623853188
558.7874617737003 204.9342507645258
586.1880733944954 185.3623853211007
637.0749235474007 173.61926605504567
663.4969418960245 185.3623853211007
674.2614678899083 163.83333333333312
700.6834862385322 162.85474006116186
740.8058103975536 174.5978593272169
587.1666666666667 121.75382262996919
617.5030581039756 126.64678899082548
635.1177370030581 146.2186544342506
687.9617737003059 132.518348623853
691.8761467889909 111.96788990825672
668.3899082568807 132.518348623853
766.2492354740061 143.2828746177368
746.6773700305811 110.01070336391415
762.3348623853212 95.33180428134534
802.4571865443427 130.5611620795105
823.9862385321101 115.88226299694173
845.5152905198777 141.3256880733943
876.8302752293578 110.01070336391415
910.1024464831805 102.18195718654414
944.3532110091744 109.03211009174294
827.9006116207952 91.41743119266033
795.6070336391438 98.26758409785913
769.1850152905199 71.84556574923528
782.8853211009175 22.91590214067253
551.9373088685016 160.40825688073377
617.5030581039757 165.30122324159007
753.5275229357801 139.36850152905183
833.2828746177372 82.61009174311911
864.5978593272173 110.98929663608547
861.6620795107035 98.26758409785916
856.2798165137617 87.99235474006102
869.4908256880735 82.61009174311911
860.1941896024466 69.88837920489277
897.87003058104 81.14220183486222
898.3593272171256 69.88837920489277
903.2522935779818 62.54892966360836
896.8914373088687 60.59174311926586
920.3776758409788 72.33486238532095
577.8700305810399 170.68348623853194
944.3532110091745 88.03822629969417
930.652905198777 95.37767584097858
933.5886850152907 74.82721712538225
939.949541284404 68.46636085626909
954.1391437308871 62.10550458715596
967.8394495412847 57.70183486238531
973.7110091743122 56.23394495412845
977.1360856269116 75.8058103975535
998.6651376146791 80.20948012232415
1000.133027522936 69.93425076452598
1039.7660550458718 82.16666666666666
1026.5550458715597 69.93425076452598
1043.680428134557 67.97706422018348
1032.915902140673 112.99235474006116
1041.7232415902142 127.18195718654434
1047.5948012232418 101.24923547400613
1063.7415902140676 104.18501529051986
1076.4633027522939 88.52752293577981
1082.3348623853212 132.0749235474006
1106.7996941896026 134.0321100917431
1102.8853211009177 89.01681957186543
1113.1605504587158 70.91284403669724
1073.0382262996945 71.40214067278288
1059.337920489297 63.57339449541283
1123.9250764525996 62.10550458715596
1118.053516819572 49.87308868501526
1103.3746177370033 42.53363914373088
1207.1055045871562 83.63455657492352
1189.001529051988 84.12385321100916
1168.9403669724772 76.78440366972475
1157.1972477064223 76.78440366972475
1161.1116207951072 50.85168195718654
1184.1085626911317 45.95871559633025
1209.0626911314987 45.95871559633025
1219.8272171253825 41.06574923547399
1218.8486238532114 64.55198776758408
1243.8027522935781 62.10550458715596
1249.6743119266057 42.53363914373088
1281.9678899082571 54.27675840978591
1299.093272171254 53.78746177370027
1322.5795107033641 43.02293577981649
1321.1116207951072 25.897553516819556
1343.619266055046 25.408256880733916
1234.995412844037 3.8792048929663565
1121.9678899082571 23.45107033639141
1101.4174311926608 26.87614678899081
1087.2278287461777 33.72629969418958
1079.3990825688077 28.833333333333314
1070.1024464831808 23.45107033639141
1074.0168195718657 39.59785932721712
1065.2094801223243 45.95871559633025
1111.2033639143733 35.68348623853211
1122.4571865443427 6.325688073394474
1147.9006116207954 3.8792048929663565
1104.3532110091746 4.857798165137581
1097.0137614678902 8.28287461773698
1089.6743119266057 3.3899082568807444
1077.9311926605508 2.9006116207950754
1055.9128440366974 44.001529051987745
1048.5733944954131 51.83027522935777
1039.7660550458718 47.915902140672756
1024.5978593272173 49.87308868501526
1018.7262996941898 42.53363914373088
1019.2155963302755 30.301223241590208
1000.133027522936 32.25840978593271
982.5183486238534 43.02293577981649
969.3073394495415 35.68348623853211
959.521406727829 35.68348623853211
942.3960244648321 44.001529051987745
932.1207951070339 36.662079510703336
937.9923547400614 30.301223241590208
996.218654434251 53.78746177370027
1008.9403669724772 51.340978593272155
1004.5366972477067 43.51223241590213
968.3287461773702 145.77522935779817
1394.9954128440372 19.047400611620787
1401.3562691131503 18.558103975535147
1412.1207951070342 13.175840978593271
1454.200305810398 4.857798165137581
1492.8547400611624 23.94036697247705
861.6620795107036 56.23394495412845
853.3440366972479 54.76605504587155
824.9648318042816 11.707951070336378
793.6498470948014 21.004587155963293
815.6681957186547 6.814984709480086
803.435779816514 8.28287461773698
912.5489296636089 32.747706422018325
891.0198776758413 37.15137614678898
905.2094801223244 20.02599388379204
918.4204892966363 28.833333333333314
984.4755351681958 54.27675840978591
65.81400966183568 336.58695652173907
19.437198067632778 256.9734299516907
794.7028985507247 164.99275362318826
882.8188405797104 224.50966183574866
