751.5112359550561 377.3539325842694
781.1741573033709 336.9044943820222
856.679775280899 334.207865168539
991.5112359550561 396.23033707865136
808.1404494382024 576.9044943820222
945.6685393258427 773.7584269662918
1077.803370786517 363.8707865168536
1147.9157303370785 277.57865168539297
1244.994382022472 307.2415730337076
1280.0505617977528 229.03932584269637
1638.7022471910113 288.3651685393255
1905.6685393258426 320.72471910112336
185.21910112359558 388.1404494382019
311.9606741573034 312.6348314606739
15.33146067415737 183.19662921348288
699.6011235955057 153.87078651685403
673.9831460674156 125.55617977528095
605.2191011235955 124.20786516853946
571.5112359550561 106.67977528089898
545.8932584269662 112.07303370786525
494.6573033707864 187.57865168539337
428.58988764044926 156.5674157303372
762.9719101123596 116.11797752808997
748.1404494382023 87.8033707865169
807.4662921348315 101.28651685393265
842.5224719101125 121.51123595505624
874.8820224719102 106.67977528089898
892.4101123595506 93.19662921348322
924.7696629213483 91.84831460674161
922.0730337078653 129.60112359550573
976.0056179775282 112.07303370786525
967.9157303370788 151.17415730337092
985.4438202247192 191.62359550561808
1029.938202247191 214.54494382022483
1009.7134831460675 156.5674157303372
1009.7134831460675 125.55617977528095
1027.241573033708 105.33146067415737
1019.1516853932586 78.36516853932591
1025.8932584269664 68.92696629213492
1062.2977528089891 89.1516853932585
1086.5674157303374 98.58988764044955
826.3426966292136 238.8146067415732
783.1966292134832 232.0730337078653
1121.6235955056181 91.84831460674161
1127.0168539325846 77.01685393258435
1168.8146067415732 77.01685393258435
1284.7696629213488 93.19662921348322
1315.780898876405 91.84831460674161
123.53370786516855 58.98314606741582
62.18539325842699 52.91573033707874
29.825842696629252 10.443820224719161
146.4550561797753 34.03932584269671
146.4550561797753 21.230337078651758
146.4550561797753 21.230337078651758
172.74719101123597 32.016853932584354
232.74719101123597 25.275280898876474
288.7022471910112 112.91573033707871
277.2415730337078 141.23033707865176
341.28651685393254 130.44382022471916
414.09550561797755 152.69101123595513
243.53370786516854 174.93820224719107
174.09550561797752 159.43258426966298
205.1067415730337 141.23033707865176
248.25280898876403 135.16292134831468
259.0393258426966 116.28651685393265
180.1629213483146 108.870786516854
99.93820224719101 34.03932584269671
116.11797752808988 3.028089887640533
277.9157303370787 3.7022471910113377
317.691011235955 2.353932584269728
472.0730337078652 21.904494382022563
480.8370786516855 29.994382022471996
499.71348314606746 22.578651685393368
491.623595505618 7.747191011236055
693.1966292134832 44.151685393258504
718.1404494382023 46.17415730337086
672.9719101123595 5.724719101123696
559.0393258426967 63.70224719101131
541.5112359550562 15.162921348314683
488.9269662921349 88.64606741573041
492.2977528089888 117.63483146067423
460.6123595505619 136.51123595505624
434.994382022472 24.601123595505726
1143.533707865169 41.45505617977537
1095.668539325843 39.43258426966301
1090.9494382022476 7.747191011236055
1270.9494382022476 50.89325842696638
1289.8258426966295 11.792134831460771
1322.1853932584272 39.43258426966301
1314.0955056179778 60.33146067415737
1368.0280898876408 50.89325842696638
1338.365168539326 8.421348314606803
1315.4438202247193 17.859550561797846
1041.0617977528093 22.578651685393368
779.4887640449437 41.45505617977537
812.5224719101121 58.98314606741582
835.4438202247189 63.02808988764053
891.3988764044942 32.016853932584354
904.2078651685391 16.511235955056264
931.8483146067414 44.151685393258504
836.1179775280897 5.724719101123696
863.0842696629212 8.421348314606803
792.9719101123594 22.578651685393368
893.4213483146066 118.30898876404501
1410.3235294117649 36.67647058823525
1514.0882352941178 85.02941176470583
1124.352941176471 42.764705882352956
1165.1176470588239 11.882352941176492
1213.8235294117649 6.0588235294117965
1241.8823529411768 21.588235294117666
1133.8823529411768 56.176470588235304
1248.058823529412 91.29411764705884
406.47058823529414 126.32352941176462
374.0 126.85294117647051
458.17647058823525 79.2058823529411
420.05882352941177 112.91176470588228
282.5882352941177 55.117647058823536
200.88235294117644 9.941176470588232
160.29411764705878 16.647058823529406
482.42607003891027 3.5642023346303233
411.6867704280153 10.217898832684796
544.9357976653695 6.015564202334588
535.1303501945523 7.066147859922154
561.5700389105057 6.715953307392966
578.2042801556419 16.521400778210094
622.8540856031125 19.67315175097276
623.3793774319063 99.51750972762645
639.1381322957195 93.38910505836576
1346.4143968871592 49.00194552529183
1355.519455252918 37.445525291828794
1253.2626459143967 6.715953307392994
1264.4688715953305 3.389105058365743
1282.328793774319 4.264591439688701
1080.0914396887158 18.622568093385212
1151.0058365758753 4.439688715953309
1001.6478599221788 3.739299610894932
1018.282101167315 3.5642023346303517
1189.0019455252916 18.447470817120617
