560.7649006622515 670.0364238410597
974.0099337748343 66.06291390728484
945.4006622516554 42.221854304635826
1058.2483443708607 31.09602649006615
1066.1953642384103 42.221854304635826
1088.4470198675494 64.47350993377484
1125.0033112582778 2.4867549668874744
1091.6258278145692 5.665562913907252
1204.4735099337745 21.559602649006592
1310.9635761589402 169.37417218543055
1361.824503311258 75.5993377483444
1414.2748344370857 102.6192052980133
1422.2218543046354 124.87086092715231
1401.5596026490064 266.3278145695365
1527.122516556291 220.23509933774835
1614.5397350993373 193.21523178807956
1090.4017681728878 92.35658153241656
1054.566797642436 14.085461689587532
1071.5412573673868 17.386051080550203
1062.1110019646364 12.670923379174951
987.1404715127701 12.670923379174951
1107.8477406679763 32.474459724950975
1126.7082514734773 45.67681728880166
868.5550098231824 246.4528487229863
1204.2721021611 151.2072691552063
1266.5117878192534 95.5687622789784
1011.6591355599213 62.65127701375255
1261.5609037328093 7.484282907662191
