432.27343223196226 461.52494942683745
506.06979096426164 44.64025623735665
531.9632501685772 17.4521240728252
657.5465273095077 114.5525960890086
691.208024275118 80.89109912339836
736.5215778826703 82.18577208361421
759.8256911665542 23.925488873904214
1052.4217801753202 194.82231962238689
1022.6443020903574 162.4554956169925
696.3867161159811 531.4372892784895
1127.5128118678354 295.8068105192177
1187.0677680377612 23.925488873904214
1241.4440323668239 51.11362103843544
1266.0428186109236 45.93492919757227
1506.8519892110585 51.11362103843544
1543.1028320971004 92.54315576534043
1698.4635873229938 140.4460552933242
1728.2410654079567 171.51820633850298
1782.6173297370194 176.69689817936603
1835.6989211058665 126.20465273095067
1818.8681726230614 89.95380984490885
1886.1911665542818 132.67801753202957
1849.94032366824 198.7063385030342
1899.1378961564394 326.8789615643964
1914.6739716790287 255.67194875252858
1642.7926500337153 452.46223870532697
1710.1156439649358 628.5377612946729
1421.4035738368173 522.374578556979
1312.6510451786917 778.7198246797033
1222.0239379635873 851.2215104517869
1254.3907619689817 310.0482130815913
1163.4530201342282 400.0436241610739
1695.9630872483222 309.80201342281885
