158.25280898876406 703.64606741573
222.97191011235964 614.6573033707864
268.814606741573 458.2528089887637
613.9831460674158 412.4101123595502
889.0393258426967 428.5898876404492
1301.6235955056181 647.016853932584
1557.8033707865166 617.3539325842694
1908.3651685393256 1054.207865168539
17.016853932584297 244.3764044943821
76.34269662921352 207.29775280898883
126.23033707865173 35.387640449438294
325.1067415730337 32.016853932584354
341.9606741573034 5.724719101123696
365.55617977528095 4.376404494382086
447.8033707865169 2.353932584269728
338.58988764044943 183.70224719101128
371.623595505618 158.7584269662922
467.3539325842696 201.23033707865176
484.8820224719101 161.45505617977534
580.6123595505618 117.63483146067423
628.4775280898875 93.36516853932591
702.634831460674 141.23033707865176
476.4550561797753 276.56741573033713
1072.4101123595508 269.82584269662925
838.1404494382024 10.443820224719161
888.0280898876406 41.45505617977537
896.7921348314608 16.511235955056264
943.9831460674159 22.578651685393368
1003.9831460674159 48.870786516854025
1006.0056179775282 17.859550561797846
1028.926966292135 18.53370786516862
1195.4438202247193 48.870786516854025
1184.994382022472 264.432584269663
1253.7584269662925 241.51123595505624
1822.7471910112363 21.735955056179705
1886.1179775280903 352.07303370786525
1917.1292134831465 335.8932584269664
