873.8683105981113 346.08237145855185
904.0886673662121 247.36253934942283
922.2208814270725 229.2303252885623
966.5440713536202 255.4213011542497
686.5020986358868 269.52413431269656
595.8410283315845 261.4653725078698
456.82738719832116 215.12749213011534
22.15792235047209 170.26915005246587
14.09916054564522 100.76232948583413
91.66474291710378 151.12959076600202
146.0613850996851 123.93126967471142
213.55351521511008 131.9900314795383
241.75918153200405 140.0487932843651
275.001573976915 172.28384050367254
309.25131164742913 151.12959076600202
341.4863588667365 92.70356768100726
376.7434417628541 151.12959076600202
337.4569779643231 193.43809024134305
379.7654774396642 186.38667366211956
442.2208814270723 81.6227701993704
479.49265477439656 68.5272822665267
416.029905561385 28.233473242392392
441.21353620146897 29.240818467995723
463.3751311647428 32.26285414480583
477.4779643231899 25.211437565582287
484.5293809024134 36.292235047219265
516.7644281217208 29.240818467995723
561.0876180482686 26.218782791185617
558.0655823714585 110.83578174186772
533.8892969569779 149.11490031479536
588.2859391395592 149.11490031479536
593.322665267576 110.83578174186772
634.6238195173137 72.55666316894013
636.6385099685205 116.87985309548787
664.8441762854145 135.01206715634828
741.4024134312697 138.03410283315839
801.8431269674711 158.18100734522557
781.696222455404 130.9826862539349
740.3950682056663 116.87985309548787
760.5419727177334 70.54197271773342
975.6101783840503 187.39401888772306
1047.1316894018887 175.3058761804828
1017.9186778593913 135.0120671563485
986.6909758656873 110.83578174186789
868.8315844700944 102.77701993704102
908.1180482686253 116.87985309548799
944.3824763903463 103.78436516264435
830.5524658971667 74.57135362014697
882.9344176285414 59.46117523609661
919.1988457502623 56.43913955928656
946.3971668415529 56.43913955928656
926.2502623294857 10.1012591815321
940.3530954879328 12.115949632738761
912.1474291710388 15.137985309548867
865.8095487932843 21.182056663168964
855.7360965372507 24.20409233997907
846.6699895068205 29.240818467995837
849.6920251836306 51.402413431269736
788.2439664218257 37.29958027282271
665.347848898216 30.248163693599224
665.347848898216 21.182056663168964
675.4213011542496 17.15267576075553
701.612277019937 15.137985309548867
712.6930745015738 11.10860440713543
734.8546694648478 30.248163693599224
733.8473242392444 15.137985309548867
761.0456453305351 12.115949632738761
772.126442812172 9.093913955928656
749.9648478488981 14.130640083945536
841.6332633788037 11.10860440713543
999.7864637985309 58.45383001049322
979.6395592864637 15.137985309548867
1037.0582371458552 81.6227701993705
1038.0655823714585 64.49790136411343
1043.1023084994754 40.321615949632815
1091.4548793284366 19.167366211962303
1136.7854144805876 29.240818467995837
1119.6605456453306 38.3069254984261
1222.4097586568732 11.10860440713543
1244.571353620147 7.079223504721995
1230.4685204616999 61.475865687303326
1244.571353620147 56.43913955928656
1177.079223504722 60.468520461699995
1268.7476390346276 54.424449108079834
1271.7696747114376 132.99737670514173
1336.2397691500526 99.75498426023091
1300.982686253935 222.65110178384066
1266.7329485834207 279.0624344176287
1375.5262329485836 208.54826862539363
1431.9375655823715 158.18100734522568
1366.4601259181534 17.15267576075553
1528.139034627492 219.62906610703038
1664.1306400839453 142.06348373557182
1699.3877229800628 175.30587618048264
1734.6448058761805 247.83473242392444
1810.1956977964323 245.82004197271772
1782.9973767051417 173.29118572927592
1854.51888772298 170.26915005246587
1895.8200419727177 173.29118572927592
1766.879853095488 70.54197271773342
1684.2775445960126 30.24816369359911
1471.7277019937042 14.130640083945421
1457.624868835257 14.130640083945421
1907.1253869969044 6.4752321981424075
1405.825077399381 3.5030959752320996
999.6331269349844 105.03560371517034
777.2182662538697 65.90247678018576
794.0603715170276 10.42260061919501
686.568111455108 16.366873065015454
699.4473684210524 8.441176470588232
782.1718266253868 7.1950464396284985
722.2337461300307 2.2414860681114703
1184.0 16.823529411764724
1110.5882352941176 75.05882352941178
1144.4705882352941 70.64705882352942
1084.6470588235293 83.00000000000003
