1234.970667565745 948.3219824679703
1176.710384356035 592.2869184086311
1092.5566419420095 526.2585974376263
537.1419420094403 622.064396493594
617.4116655428186 642.7791638570465
455.5775455158463 772.2464598786244
93.06911665542822 712.6915037086985
74.9436952124073 557.330748482805
165.5708024275118 531.4372892784895
102.13182737693865 386.4339177343222
116.37322993931224 286.74409979770724
134.49865138233315 332.05765340525954
174.6335131490223 382.5498988536749
221.24173971679033 440.8101820633849
216.06304787592717 391.6126095751854
1328.1871207012812 540.4999999999999
1408.4568442346595 580.634861766689
1795.5640593391774 544.3840188806472
1286.7575859743763 487.41840863115294
1039.4750505731624 382.5498988536749
915.1864463924478 307.4588671611598
859.5155091031693 294.512137559002
723.5748482805125 339.8256911665542
622.5903573836817 367.0138233310855
521.6058664868509 403.26466621712734
477.58698583951445 416.2113958192851
407.6746459878624 377.37120701281174
393.43324342548885 354.06709372892783
328.69959541469996 304.8695212407281
263.96594740391106 280.27073499662833
279.50202292650033 253.08260283209697
3.7366824005395074 824.0333782872555
732.637559002023 391.6126095751854
785.7191503708698 398.0859743762642
1111.976736345246 303.57484828051236
1135.28084962913 255.67194875252858
1258.274780849629 367.0138233310855
1641.4979770734994 225.89447066756566
1515.914699932569 158.57147673634518
1473.1904922454482 141.74072825354006
1207.7825354012136 101.6058664868508
1536.6294672960214 135.26736345246115
1616.8991908293997 140.4460552933242
1646.1911665542818 142.62070128118683
1693.4467296021578 136.4710047201619
1705.7461227242077 147.475724881996
1721.9295347269049 137.44200944032372
1735.8472690492245 143.26803776129472
1740.3786244099797 159.77511800404588
1767.890424814565 168.19049224544844
1796.6968981793661 118.34558327714097
1867.58024275118 90.51011463250174
1890.237019554956 124.49527983816591
1890.8843560350642 192.78927848954825
1831.976736345246 197.32063385030347
1814.4986513823333 188.257923128793
1792.165542818611 254.28624409979773
1764.006405933918 251.37322993931224
1910.466284558328 131.3226567768038
1004.0913312693499 338.89009287925677
