297.62135465663226 777.1133584195672
431.28080903104427 739.1829727187207
39.33349012229542 215.3824082784571
196.47365945437448 318.33631232361233
209.1171213546567 269.5686735653809
223.11523988711193 241.60065851364072
258.33631232361245 168.44920037629356
279.1077140169332 181.9957666980245
268.2704609595485 213.60442144873008
359.4840075258702 159.41815616180628
392.89887111947326 152.19332079021646
477.79068673565394 196.4454374412042
516.6241768579492 210.8951081843839
503.0776105362184 187.41439322671695
522.9459078080904 158.51505174035753
496.7558795860771 139.54985888993417
560.8762935089371 137.74365004703674
588.8725305738477 133.22812793979313
613.2563499529634 125.10018814675448
604.2253057384761 153.99952963311387
671.9581373471309 135.03433678269056
716.2102539981187 143.16227657572915
735.175446848542 116.06914393226725
693.6326434619004 114.26293508936976
815.551740357479 184.7050799623707
860.7069614299155 196.4454374412042
885.9938852304799 197.34854186265295
902.2497648165572 146.77469426152402
887.8000940733775 72.72013170272817
933.8584195672627 73.62323612417687
951.9205079962373 77.23565380997184
949.211194731891 169.3523047977423
953.7267168391347 197.34854186265295
995.269520225776 96.20084666039514
1030.4905926622764 70.01081843838199
1044.0371589840074 78.13875823142052
1046.7464722483537 128.71260583254946
1097.3203198494825 142.25917215428035
1132.541392285983 153.99952963311387
1193.049388523048 191.92991533396054
1258.9760112888052 95.2977422389464
1575.9656632173096 197.34854186265295
1614.799153339605 156.70884289746004
1582.2873941674507 101.61947318908756
1683.4350893697085 131.42191909689564
1712.334430856068 116.06914393226725
1756.5865475070557 117.87535277516469
1800.8386641580435 120.58466603951086
1735.815145813735 78.13875823142052
1474.817968015052 51.94873000940737
1491.9769520225777 57.367356538099784
1530.8104421448732 79.94496707431801
1549.7756349952965 85.36359360301037
1529.9073377234245 42.014581373471344
1529.9073377234245 26.661806208842904
1567.8377234242712 19.436970837253057
1566.9346190028223 44.72389463781752
1592.221542803387 61.882878645343396
1614.799153339605 64.59219190968957
1591.318438381938 17.630761994355566
1612.9929444967074 23.952492944496726
1626.5395108184384 11.309031044214521
1620.2177798682974 7.69661335841954
1645.5047036688618 35.692850423330235
1642.7953904045157 4.987300094073362
1655.4388523047978 7.69661335841954
1669.8885230479775 35.692850423330235
1681.628880526811 51.045625587958625
1687.0475070555035 29.371119473189083
1722.268579492004 29.371119473189083
1743.0399811853247 16.727657572906878
1788.1952022577611 17.630761994355566
1825.2224835371592 20.340075258701745
1604.865004703669 15.82455315145819
1768.326904985889 3.1810912511759852
1828.1391554702495 4.2140115163148835
1684.415547024952 9.281190019193959
1668.292706333973 5.135316698656538
1426.735294117647 71.44117647058823
1416.1470588235295 155.44117647058823
