550.4905926622768 526.0503292568203
613.7079021636879 874.6486359360305
301.23377234242713 159.38993414863592
678.7314205079964 358.07290686735644
776.2666980244593 356.26669802445906
1061.647695202258 368.91015992474127
1430.11429915334 421.2902163687676
1556.548918156162 386.9722483537158
1381.3466603951085 287.63076199435557
56.71825023518344 55.575258701787476
123.54797742238945 56.47836312323622
256.3043273753527 64.60630291627479
337.13217309501414 56.47836312323622
383.64205079962375 61.445437441204234
395.83396048918155 58.28457196613368
442.34383819379116 87.63546566321739
524.3005644402637 96.21495766698033
531.0738476011292 45.189557855127106
544.1688617121357 35.25540921919108
550.4905926622769 35.25540921919108
566.7464722483539 44.73800564440273
577.5837253057388 33.44920037629362
579.8414863593606 45.64111006585145
589.7756349952966 41.57714016933218
606.4830667920982 51.51128880526821
618.6749764816559 39.77093132643472
640.3494825964256 85.82925682031993
641.7041392285986 40.67403574788344
664.7333019755412 39.77093132643472
680.0860771401697 35.706961429915424
736.5301034807152 46.99576669802454
721.6288805268111 51.96284101599255
763.1716839134529 51.059736594543836
774.0089369708376 35.706961429915424
784.8461900282223 108.85841956726253
788.4586077140173 43.83490122295402
739.2394167450615 16.290216368767744
786.2008466603954 22.611947318908847
817.8095014111009 42.48024459078093
827.7436500470369 61.445437441204234
838.5809031044217 182.91298212605835
904.0559736594546 165.30244590780813
886.4454374412044 43.83490122295402
821.8734713076203 5.452963311382973
906.7652869238009 25.772812793979398
942.4379115710257 38.41627469426163
966.8217309501414 113.37394167450617
978.5620884289749 35.25540921919108
872.4473189087491 2.2920978363123936
850.3212605832553 2.7436500470367946
995.721072436501 105.2460018814676
999.7850423330202 25.772812793979398
982.17450611477 6.8076199435560625
960.5000000000005 6.8076199435560625
1014.2347130761999 13.129350893697165
1028.6843838193795 23.966603951081964
1042.2309501411105 36.61006585136417
1028.2328316086553 86.73236124176864
1061.6476952022583 29.836782690498694
1053.9713076199441 11.323142050799731
1078.806679209784 65.96095954844787
1084.2253057384764 11.323142050799731
1106.8029162746948 13.129350893697165
1188.9854186265293 50.15663217309512
1165.9562558795865 28.030573847601232
1194.8555973659459 3.646754468485483
1215.1754468485424 7.259172154280407
1237.3015051740363 16.290216368767744
1236.8499529633118 35.25540921919108
1244.9778927563505 31.191439322671783
1271.619473189088 45.64111006585145
1286.9722483537164 60.54233301975549
1385.410630291628 135.04844778927568
1317.226246472249 38.867826904986
1278.8443085606777 16.290216368767744
1254.0089369708378 5.452963311382973
1370.0578551269996 36.1585136406398
1368.2516462841022 19.451081843838296
1402.5696142991537 32.5460959548449
1193.9524929444972 30.288334901223067
1445.0155221072437 38.40216368767642
1435.9844778927563 7.69661335841954
1453.1434619002823 6.793508936970852
1352.8988711194734 3.1810912511759852
1328.5150517403576 3.1810912511759852
1482.0428033866417 23.952492944496726
1494.686265286924 38.41627469426163
1513.199905926623 25.772812793979398
1522.2309501411103 16.290216368767744
1547.0663217309504 24.41815616180631
1548.4209783631236 14.484007525870254
1516.3607714016935 89.44167450611485
1579.5780809031046 17.644873000940834
1592.6730950141114 8.162276575729152
1631.5065851364066 43.83490122295402
1666.2761053621828 35.706961429915424
1676.6618062088432 27.127469426152487
1664.4698965192852 22.611947318908847
1650.0202257761057 51.059736594543836
1733.1058325493887 70.02492944496717
1783.6796801505175 73.62323612417687
1862.2497648165572 64.59219190968957
1823.4162746942618 7.69661335841954
1758.3927563499533 10.405926622765719
1777.3579492003764 4.0841956726246735
1736.7182502351836 9.50282220131703
1847.8000940733775 9.50282220131703
1186.2761053621828 108.81608654750698
1035.5863723608447 7.006717850287714
1168.2543186180424 3.321497120921208
1151.6708253358927 7.928023032629426
1119.425143953935 9.770633397312736
672.1314779270635 22.726487523991864
