51.44629156010234 821.6253196930945
143.51790281329926 508.5818414322248
82.13682864450129 517.1751918158566
188.9398976982098 426.3312020460355
24.438618925831236 245.87084398976947
333.79923273657295 391.9578005115086
411.13938618925846 486.48465473145757
509.3491048593351 793.3900255754475
574.413043478261 556.4590792838873
483.56905370844004 542.9552429667516
348.53069053708447 472.980818414322
282.2391304347827 223.77365728900213
257.6867007672635 199.22122762148297
395.18030690537097 312.16240409207126
364.48976982097196 341.6253196930943
390.2698209718671 366.17774936061346
497.07289002557553 363.7225063938615
578.0959079283889 326.8938618925828
490.9347826086958 259.374680306905
602.6483375959081 432.46930946291536
726.6381074168798 474.208439897698
854.3107416879798 460.70460358056243
952.5204603580564 707.4565217391303
993.031969309463 625.205882352941
1075.2826086956522 599.4258312020459
1128.0703324808187 512.2647058823527
1298.7097186700769 887.9168797953963
1172.2647058823532 509.80946291560076
1178.402813299233 443.517902813299
1074.0549872122765 422.6483375959076
1126.8427109974427 396.8682864450125
1008.9910485933505 452.11125319693065
930.4232736572892 452.11125319693065
946.3823529411766 409.14450127877217
988.1214833759593 368.6329923273654
995.4872122762149 331.80434782608666
1067.9168797953967 324.43861892583095
1045.8196930946294 315.84526854219916
1051.957800511509 280.2442455242963
1112.111253196931 272.87851662404057
1228.7352941176473 314.6176470588232
1220.1419437340155 391.9578005115086
1301.1649616368288 237.2774936061378
1287.6611253196934 275.3337595907925
1285.2058823529414 288.83759590792806
1281.5230179028135 309.7071611253193
1128.3772378516624 245.25703324808143
1130.2186700767265 167.91687979539597
1055.9475703324808 202.90409207161082
1022.80179028133 196.76598465473103
977.9936061381075 224.38746803069006
997.0217391304349 260.60230179028093
998.8631713554987 234.82225063938574
1074.3618925831202 267.96803069053664
903.722506393862 221.3184143222502
893.9015345268542 254.46419437340109
869.962915601023 283.9271099744242
899.4258312020461 306.0242966751914
887.1496163682865 342.85294117647015
851.5485933503836 370.47442455242924
803.0575447570333 251.39514066496116
827.6099744245524 251.39514066496116
863.8248081841432 206.58695652173873
888.3772378516625 152.57161125319652
949.7583120204604 155.6406649616364
939.9373401534527 114.51534526854175
964.4897698209719 109.60485933503787
1019.7327365728901 169.75831202045993
868.7352941176471 142.75063938618882
822.0856777493607 169.75831202045993
838.0447570332481 142.75063938618882
800.6023017902813 119.42583120204552
888.2237851662405 93.14705882352939
827.7634271099745 94.37468030690536
840.653452685422 77.80179028132991
826.8427109974425 67.06010230179027
831.4462915601023 110.33375959079282
785.10358056266 67.36700767263426
764.5409207161126 101.74040920716112
763.3132992327367 83.9398976982097
712.9808184143224 87.0089514066496
726.4846547314579 122.6099744245524
669.4002557544758 107.87851662404091
622.1368286445014 70.74296675191815
627.0473145780052 54.1700767263427
605.5639386189259 71.3567774936061
433.0274725274726 1043.9965034965035
662.7177822177822 81.07442557442559
889.5309690309689 108.4070929070929
873.2272727272725 99.77572427572429
867.9525474525474 83.95154845154846
