174.43258426966293 652.4101123595502
371.28651685393265 682.0730337078649
640.9494382022473 908.5898876404492
754.2078651685393 841.1741573033705
57.80337078651678 250.94943820224722
256.0056179775281 242.8595505617978
470.3876404494383 191.62359550561797
101.28651685393268 36.735955056179876
118.8146067415731 67.74719101123605
188.9269662921349 51.56741573033716
234.76966292134838 58.30898876404501
248.2528089887641 50.89325842696638
256.3426966292135 35.387640449438294
261.7359550561798 18.53370786516862
306.2303370786517 50.89325842696638
359.4887640449439 65.05056179775289
383.08426966292143 49.5449438202248
377.01685393258435 3.7022471910113377
401.9606741573034 3.028089887640533
449.1516853932585 55.61235955056188
441.7359550561798 4.376404494382086
469.3764044943821 3.7022471910113377
585.3314606741576 4.376404494382086
643.983146067416 15.162921348314683
685.106741573034 13.81460674157313
746.4550561797755 32.016853932584354
767.35393258427 3.7022471910113377
875.8932584269666 7.747191011236055
890.7247191011238 6.398876404494445
865.7808988764048 29.994382022471996
823.3089887640452 185.05056179775286
848.9269662921351 236.9606741573034
775.7808988764049 267.1292134831461
1061.9606741573039 44.82584269662931
1196.7921348314612 15.162921348314683
1299.2640449438209 3.028089887640533
1608.365168539326 241.51123595505624
1666.3426966292136 244.20786516853934
1651.5112359550562 78.3651685393258
1816.0056179775283 51.39887640449433
1806.5674157303374 17.69101123595499
