225.6685393258424 71.28651685393254
249.93820224719104 17.353932584269387
398.25280898876406 41.623595505617686
484.54494382022483 73.98314606741542
481.8483146067416 136.00561797752766
427.91573033707857 122.52247191011202
344.32022471910113 270.83707865168503
438.7022471910112 357.1292134831457
489.93820224719104 313.9831460674153
352.41011235955057 454.207865168539
508.81460674157313 532.4101123595502
665.2191011235956 793.9831460674153
878.2528089887641 33.53370786516825
824.3202247191012 14.657303370786167
972.6348314606743 9.264044943819954
953.7584269662922 49.71348314606712
1018.4775280898876 30.837078651685033
1528.8146067415728 4.882022471910091
1632.634831460674 8.92696629213492
1664.9943820224717 53.421348314606746
1799.825842696629 22.410112359550567
1770.1629213483143 12.971910112359637
1795.7808988764043 3.5337078651685943
1882.0730337078649 115.4438202247191
1736.455056179775 6.230337078651701
1283.4213483146066 100.61235955056179
1245.6685393258426 6.230337078651701
1300.9494382022472 96.56741573033707
1215.3314606741574 273.53370786516825
1282.7471910112358 367.91573033707823
1350.1629213483147 497.3539325842693
1484.9943820224717 704.9943820224715
1592.8595505617977 645.6685393258423
1832.8595505617977 448.8146067415727
-184.7899126290707 99.76926131850644
220.20469798657723 204.17785234899338
1279.748322147651 8.916107382550422
