480.9795204795206 1030.56993006993
417.6828171828173 213.46703296703254
350.5499500499501 146.33416583416545
308.35214785214794 146.33416583416545
398.5019980019981 119.48101898101856
620.9995004995005 142.49800199800166
668.9515484515487 186.61388611388577
693.8866133866136 226.89360639360598
814.7257742257743 188.5319680319676
1106.274225774226 309.3711288711286
1062.7609757874493 240.40401207184433
1111.9681123072733 210.26464095345216
1075.0627599174054 198.57794602999402
1087.3645440473613 138.91429299970756
1066.451511026436 66.33376663296735
1082.4438303953789 47.266001231535604
883.1549274900922 1.749399950698546
845.0193966872288 1.749399950698546
39.323529411764696 556.0294117647057
1044.3235294117646 150.32352941176464
