1502.4517313746067 118.42235047219299
1446.0403987408185 144.61332633788027
1361.4233997901365 90.21668415529894
1053.1757607555091 170.80430220356754
556.5545645330536 4.0571878279117755
594.8336831059812 11.108604407135317
642.178908709339 21.18205666316885
672.3992654774398 56.43913955928639
740.8987408184681 52.40975865687295
889.9858342077652 79.60807974816362
931.2869884575028 86.65949632738716
947.4045120671565 71.54931794333675
1111.601783840504 105.79905561385095
1137.7927597061912 68.5272822665267
1192.1894018887724 74.57135362014685
948.4118572927599 21.18205666316885
915.1694648478491 12.115949632738648
1160.693236714976 351.12801932367177
1100.0169082125608 134.8478260869565
1030.4516908212563 38.229468599033794
1838.9541062801932 251.56280193236705
