17.136085626911495 890.8363914373087
24.964831804281516 718.603975535168
99.33792048929672 657.9311926605503
379.2155963302754 704.9036697247705
545.5764525993884 695.117737003058
772.6100917431195 650.1024464831803
905.6987767584098 640.3165137614677
972.2431192660551 867.3501529051987
1077.9311926605506 834.077981651376
1236.4633027522937 685.3318042813453
1436.0963302752295 505.2706422018347
1606.3715596330278 626.6162079510701
1706.1880733944956 771.4480122324157
1760.9892966360856 677.5030581039754
1800.133027522936 845.8211009174311
1899.9495412844037 654.0168195718653
1786.4327217125385 436.7691131498468
1753.1605504587158 346.73853211009146
1866.677370030581 243.0076452599386
1837.3195718654435 225.392966360856
21.050458715596505 581.6009174311924
40.62232415902156 446.5550458715595
48.45107033639158 354.5672782874615
189.36850152905208 356.52446483180404
312.6712538226301 305.6376146788989
345.94342507645274 270.4082568807337
371.38685015290537 432.8547400611619
400.7446483180429 397.6253822629967
434.01681957186554 348.695718654434
506.43272171253824 346.73853211009146
267.6559633027524 477.8700305810396
191.32568807339464 470.0412844036696
201.11162079510711 428.9403669724768
551.448012232416 415.2400611620793
614.0779816513764 378.05351681957166
723.6804281345567 395.66819571865426
700.1941896024466 325.20948012232395
815.6681957186545 305.6376146788989
831.3256880733945 272.36544342507614
721.7232415902142 252.7935779816512
696.2798165137615 237.13608562691115
621.9067278287464 250.83639143730863
569.0626911314987 268.45107033639124
1132.7324159021407 330.10244648318
1084.7813455657492 308.57339449541246
1054.4449541284405 302.70183486238494
961.4785932721713 246.92201834862345
987.9006116207952 239.09327217125343
1029.001529051988 235.17889908256842
1060.316513761468 204.84250764525956
1073.0382262996943 230.28593272171213
1062.2737003058105 222.4571865443421
1130.7752293577983 245.94342507645223
1213.955657492355 185.27064220183445
1263.8639143730888 172.54892966360813
1302.0290519877676 194.07798165137575
1334.3226299694193 208.75688073394457
1345.0871559633028 196.03516819571826
1360.744648318043 178.4204892966357
1361.7232415902142 205.82110091743078
1390.1024464831808 219.52140672782838
1384.2308868501532 239.09327217125343
1332.3654434250766 266.4938837920485
1378.3593272171256 280.1941896024461
1520.2553516819576 220.4999999999996
1529.0626911314985 222.4571865443421
1576.035168195719 230.28593272171213
1517.3195718654438 298.78746177369993
1519.276758409786 321.29510703363877
1560.377675840979 374.1391437308865
1442.9464831804285 350.65290519877635
1446.8608562691134 322.27370030581
1384.2308868501532 388.81804281345535
1323.5581039755352 388.81804281345535
1477.1972477064223 472.97706422018314
1262.8853211009177 332.0596330275225
1197.3195718654435 314.44495412844
1187.533639143731 290.9587155963299
1255.0565749235475 240.07186544342466
1090.6529051987768 280.1941896024461
953.6498470948013 196.03516819571826
948.7568807339451 139.27675840978554
1089.6743119266057 184.29204892966322
861.6620795107034 221.47859327217083
853.8333333333334 195.05657492354698
761.8455657492356 163.7415902140669
783.3746177370031 144.16972477064178
731.5091743119267 147.10550458715556
718.7874617737003 132.42660550458675
711.9373088685015 140.25535168195677
694.322629969419 140.25535168195677
665.9434250764526 136.34097859327176
325.88226299694196 141.3256880733943
435.4847094801224 177.53363914373068
464.84250764526 201.99847094801208
476.58562691131505 153.06880733944934
500.07186544342517 180.46941896024447
544.1085626911316 222.54892966360836
549.9801223241592 270.49999999999983
549.9801223241592 167.74770642201815
513.7721712538228 155.02599388379184
544.1085626911316 147.19724770642182
570.5305810397555 132.518348623853
583.2522935779818 130.5611620795105
606.7385321100919 116.86085626911296
635.1177370030582 162.85474006116186
584.2308868501531 171.66207951070317
784.8425076452601 105.11773700305794
809.3073394495415 106.09633027522915
508.8792048929665 84.56727828746159
484.41437308868507 107.07492354740037
451.1422018348624 133.49694189602428
457.9923547400612 118.81804281345546
439.3990825688074 98.26758409785913
442.3348623853212 88.4816513761466
460.928134556575 98.26758409785913
558.7874617737004 112.94648318042795
525.5152905198778 96.31039755351662
534.3226299694192 110.01070336391415
581.2951070336393 121.75382262996919
461.9067278287462 108.05351681957166
475.6070336391438 86.5244648318041
1625.9434250764527 227.35015290519846
1635.7293577981652 250.83639143730863
1669.001529051988 313.466360856269
468.26758409785947 171.66207951070317
645.3929663608565 135.4541284403668
522.0570469798657 173.85570469798665
65.89597315436237 362.63422818791946
69.1174496644295 438.01677852348996
