42.97191011235958 259.71348314606723
136.00561797752806 213.8707865168539
167.01685393258418 159.938202247191
262.7471910112359 145.10674157303367
326.11797752808974 182.85955056179773
349.03932584269654 111.39887640449439
199.37640449438192 89.82584269662925
264.0955056179775 88.47752808988764
266.7921348314606 49.37640449438203
284.3202247191011 72.29775280898878
301.84831460674144 99.26404494382024
327.46629213483135 83.08426966292137
338.252808988764 57.46629213483152
357.129213483146 64.20786516853934
371.96067415730323 93.87078651685397
365.2191011235954 81.73595505617982
423.19662921348305 76.34269662921349
415.1067415730336 38.58988764044943
458.2528089887639 52.07303370786519
502.7471910112359 38.58988764044943
506.7921348314606 114.09550561797755
440.7247191011235 165.3314606741573
474.43258426966275 146.45505617977528
613.3089887640449 23.758426966292177
703.6460674157302 34.54494382022472
784.5449438202245 8.92696629213492
837.1292134831458 3.5337078651685943
652.4101123595503 239.48876404494382
632.1853932584268 194.99438202247188
601.1741573033707 364.8820224719101
572.8595505617975 441.7359550561797
730.6123595505617 389.1516853932584
901.8483146067413 395.89325842696627
834.4325842696626 199.0393258426966
814.207865168539 165.3314606741573
913.9831460674154 221.96067415730334
918.0280898876401 165.3314606741573
139.3764044943821 731.960674157303
77.35393258426973 893.7584269662918
870.1629213483146 572.8595505617974
1034.6573033707864 421.84831460674116
1379.825842696629 440.72471910112324
1379.825842696629 359.8258426966288
1743.870786516854 483.8707865168535
1792.4101123595506 427.2415730337075
1800.5 861.3988764044941
1908.3651685393256 718.4775280898873
979.0393258426966 176.79213483146066
1103.758426966292 146.45505617977528
1107.803370786517 116.79213483146066
1206.2303370786517 156.56741573033707
1309.0393258426966 119.48876404494382
1251.0617977528088 123.53370786516854
1331.9606741573032 73.64606741573039
1429.0393258426966 146.45505617977528
1433.0842696629213 49.37640449438203
1492.4101123595503 73.64606741573039
1511.2865168539324 50.72471910112358
1547.6910112359549 11.623595505618027
1602.9719101123594 8.92696629213492
1524.769662921348 65.55617977528095
1602.9719101123594 50.72471910112358
1624.5449438202245 50.72471910112358
1735.1067415730336 19.71348314606746
1758.0280898876401 27.803370786516894
1851.0617977528088 88.47752808988764
1598.9269662921347 395.89325842696627
1900.2752808988762 3.8707865168535136
