400.5752587017875 849.3617121354658
680.5376293508938 757.2450611476952
308.458607714017 424.90263405456255
398.76904985889 368.91015992474127
566.7464722483538 148.5526810912511
658.8631232361244 135.90921919096888
1430.11429915334 114.23471307619934
1515.0061147695205 43.79256820319824
1529.4557855127002 14.893226716838853
1729.9449670743184 45.59877704609585
1825.6740357478839 9.474600188146496
1899.7285983066795 159.38993414863592
116.3231420507996 95.31185324553158
131.67591721542803 90.79633113828794
213.85841956726247 90.79633113828794
319.97318908748827 135.50000000000006
325.843367826905 93.05409219190977
321.32784571966135 57.381467544684966
279.3334901222954 54.22060206961439
295.1378174976482 51.059736594543836
301.4595484477893 46.544214487300195
286.10677328316086 44.73800564440273
313.65145813734716 45.189557855127106
321.7793979303857 39.31937911571035
338.4868297271872 51.51128880526821
350.6787394167451 51.059736594543836
371.90169332079023 68.67027281279408
380.0296331138288 50.15663217309512
443.6984948259643 42.028692380056526
458.59971777986834 62.80009407337732
409.60630291627484 21.70884289746013
433.99012229539056 5.452963311382973
468.3080903104423 39.31937911571035
478.6937911571027 38.41627469426163
488.17638758231436 7.259172154280407
510.75399811853265 5.001411100658572
517.527281279398 32.997648165569245
554.554562558796 23.06349952963322
576.2290686735655 19.451081843838296
557.2638758231421 65.05785512699916
478.6937911571027 84.92615239887121
508.4962370649108 65.5094073377235
620.0296331138289 65.05785512699916
659.3146754468487 59.63922859830677
622.7389463781751 8.162276575729152
652.5413922859832 9.968485418626585
679.6345249294452 28.933678269049977
700.405926622766 31.191439322671783
746.4642521166511 11.323142050799731
761.3654750705552 25.772812793979398
786.2008466603953 31.191439322671783
781.6853245531516 11.774694261524076
821.8734713076201 19.451081843838296
844.4510818438384 16.290216368767744
533.2536231884059 20.52415458937199
419.9241842610366 30.931861804222734
425.4520153550865 16.65163147792714
446.6420345489444 21.258157389635386
517.1218809980808 2.8320537428023727
520.3464491362765 73.77255278310946
