524.994382022472 420.4999999999998
1331.2865168539324 331.5112359550559
221.28651685393257 214.54494382022443
277.2415730337078 139.03932584269634
382.41011235955057 209.8258426966289
452.52247191011236 73.64606741573007
465.33146067415726 55.44382022471882
346.67977528089887 283.9831460674154
289.71348314606746 292.747191011236
559.3764044943822 63.53370786516848
652.4101123595508 91.8483146067415
703.6460674157306 68.92696629213481
683.4213483146069 17.69101123595499
715.7808988764048 8.252808988763945
779.1516853932587 91.8483146067415
800.7247191011238 114.7696629213483
866.792134831461 82.41011235955051
1721.6235955056181 59.488764044943764
1127.0168539325841 77.01685393258424
1256.4550561797753 83.75842696629206
962.5224719101125 64.8820224719102
804.7696629213483 10.949438202247165
422.52247191011236 1070.3876404494379
