644.0164835164837 673.8066933066932
59.00149850149853 708.3321678321677
51.32917082917095 551.0494505494503
162.57792207792215 336.22427572427546
5.2952047952048815 307.4530469530466
39.3972066894145 134.16759115010862
123.84071522882712 134.832500666167
230.2262377981659 116.87994373259109
250.1735232799169 110.2308485720074
602.5755667908516 162.09379082456005
628.5070379171278 126.85358647346659
657.0981471076376 77.6502822851474
8.811368950729616 9.829511647193954
81.28650620109164 3.845326002668628
30.753382980655743 34.431163741353544
690.6914069946038 63.310655877589
698.936668226878 92.48619562255932
757.2877477168186 56.968147237378105
794.7085486940632 105.17121290298121
773.144019317346 3.056823795585103
841.643112631624 68.38466278975778
859.4021368242147 102.63420944689682
912.6792094019866 137.518006968057
957.7110207474842 91.85194475853825
1017.9648528294882 72.19016797388434
986.8865604924546 51.89414032520932
945.0260034670624 58.23664896542027
929.169731866535 21.450098852196845
909.5079550818812 16.37609194002806
