972.0084915084917 1015.2252747252746
830.0704295704297 614.3461538461536
417.6828171828173 604.755744255744
246.9735264735266 646.9535464535462
431.10939060939074 317.04345654345616
530.8496503496505 278.6818181818178
1296.1643356643358 320.87962037962006
1244.376123876124 284.43606393606365
1202.1783216783217 265.25524475524435
1094.7657342657344 317.04345654345616
1906.663367102428 36.85241880996131
1883.9912939208643 4.177960401237158
1377.5860508123246 37.016250981785504
1306.1897148805242 42.56929933203668
1283.9775214795195 37.016250981785504
700.4820559061319 196.7999238523714
797.8769287655402 212.41284240235288
703.4559451537474 166.3175590643123
779.2901209679432 144.7568620190998
921.2933325415845 188.6217284214287
980.7711174938947 155.16547438575412
1034.3011239509742 155.90894669765794
573.3482905705683 58.51407383824966
622.4174631562245 107.58324642390573
676.6909419252077 68.92268620490398
800.1073457012518 76.35740932394276
858.0981860297545 61.48796308586515
930.215000284431 74.87046470013502
910.8847201749301 31.749070609709918
939.8801403391814 13.905735124016815
692.3038604751891 16.13615205972843
747.3208115560764 11.675318188305141
764.4206747298656 24.31434749067114
822.4115150583683 5.727539693074107
831.5412573673871 10.784872298624862
