1065.9945054945056 936.5839160839159
527.0134865134867 480.0804195804193
1581.9585414585417 330.4700299700296
1292.328171828172 397.6028971028968
1223.277222777223 384.17632367632336
354.386113886114 370.7497502497499
3.3955393590758263 108.25025839960904
53.19881633518003 115.19955286139111
108.79317202943582 126.7817102976944
131.95748690204238 88.56059075789346
149.33072305649733 102.4591796814575
191.0264898271892 112.88312137413038
202.60864726349243 111.72490563050009
255.88657147048764 119.83241583591234
284.8419650612459 112.88312137413038
343.9109679863926 118.67420009228204
323.06308460104674 156.89531963208293
126.16640818389072 107.09204265597873
186.39362685266786 154.57888814482226
97.21101459313252 209.01502809544775
45.091306129767695 264.6093837897036
32.35093294983409 285.45726717504954
131.95748690204238 346.842701587457
230.40582511062038 295.8812088677225
348.54383096091397 257.6600893279216
424.98607004051576 131.41457327221565
492.16258317107486 168.47747706838624
532.7001341981363 167.31926132475584
547.7569388653307 175.42677153016825
562.8137435325249 176.58498727379856
597.5602158414348 167.31926132475584
640.414198355757 110.56668988686977
628.8320409194537 199.74930214640517
674.0024549210365 269.2422467642249
713.3817902044677 257.6600893279216
699.4832012809038 153.42067240119195
832.9178518783914 218.12062113710476
791.2527437597369 102.38420969639765
770.4201897004095 94.28266089554813
779.6791026156661 59.56173746333593
790.0953796453298 41.04391163282287
800.5116566749934 29.470270488752135
829.4457595351702 32.942362831973355
832.9178518783914 111.64312261165423
925.5069810309571 111.64312261165423
868.7961394250107 2.850895857389446
1387.2952626793788 134.7904048997956
1307.4371387852907 184.55706181929972
1121.101516365752 126.68885609894606
1160.4518962555926 94.28266089554813
1109.5278752216814 69.97801449299959
1081.7511364759116 69.97801449299959
1011.5974340344969 11.241007244503663
1050.16026980013 12.246994264476712
1073.9686292728252 1.8517950580886975
1145.7290366975683 21.300877444234033
1112.1961360318003 37.39666976380258
1085.3698154991862 39.408643803748646
1469.3148215420943 114.04826991190627
1522.3772835556051 123.92035586790831
1556.3125790293623 105.41019470040447
1577.9077670581166 105.41019470040447
1270.022086305303 19.02944258538662
1277.4261507723045 7.923345884884327
1072.1176131560749 12.765556621200972
