37.39817936614975 162.4554956169925
90.47977073499663 475.766351989211
139.67734322319626 553.4467296021577
273.02865812542143 548.2680377612946
323.5209035738368 348.88840188806466
456.872218476062 417.506068779501
428.38941335131494 598.76028320971
653.6625084288604 408.4433580579905
1405.8674983142278 487.41840863115294
1624.6672285906943 633.716453135536
1758.0185434929197 940.5539447066756
1912.0846257585974 400.6753202966959
112.16554281861087 174.69420094403233
127.05428186109235 147.506068779501
204.08732299393122 155.27410654079566
288.8884018880648 165.6314902225219
316.0765340525961 128.0859743762643
261.0529332434255 88.59844908968307
433.89177343223207 122.25994605529331
408.6456507080244 77.59372892784893
479.20532703978427 84.06709372892783
529.0502360080918 75.00438300741736
562.711732973702 36.164194200943996
623.5613621038436 22.570128118678326
692.17902899528 156.56877950101148
841.7137559002025 140.38536749831417
870.8438975050575 150.74275118004044
905.1527309507755 135.85401213755898
782.1587997302767 7.034052596088941
1067.9578556979095 216.12373567093732
965.678691840863 138.4433580579905
1005.8135536075522 100.89784221173295
1036.238368172623 111.90256237356711
1056.3057990559676 88.59844908968307
1075.0785569790964 100.89784221173295
1133.9861766689144 97.6611598111935
1183.183749157114 84.06709372892783
1242.73870532704 75.00438300741736
1308.1196898179367 34.22218476062034
1393.568105192178 30.338165879972962
1369.6166554281863 31.632838840188754
1462.8331085637224 104.1345246122724
1478.3691840863116 13.507417397167842
1528.861429534727 23.864801078894065
1575.469656102495 46.521577882670215
1706.8789615643966 34.22218476062034
1797.1174496644294 42.419463087248346
