381.2392607392609 570.2302697302697
231.6288711288712 512.6878121878121
74.34615384615392 614.3461538461538
532.7677322677324 499.2612387612387
494.40609390609404 403.35714285714283
411.92857142857156 363.07742257742257
367.81268731268744 372.6678321678321
394.6658341658342 263.33716283716274
388.91158841158847 196.20429570429565
360.14035964035975 148.25224775224763
500.1603396603398 249.9105894105893
703.4770229770231 276.7637362637362
728.412087912088 294.0264735264734
858.8416583416586 309.3711288711288
816.6438561438563 420.6198801198801
772.527972027972 458.9815184815185
1023.7967032967035 783.1373626373627
1428.5119880119883 813.8266733266735
1896.523976023976 689.1513486513487
1378.6418581418584 271.00949050949043
1163.8166833166836 77.28321678321663
1100.5199800199803 63.85664335664319
1002.6978021978023 123.31718281718268
803.2172827172828 244.15634365634355
718.8216783216785 198.1223776223776
736.0844155844156 169.35114885114876
816.6438561438563 129.07142857142844
590.31018981019 213.46703296703288
582.6378621378622 165.51498501498486
580.7197802197804 142.49800199800188
616.2042957042958 118.49200799200781
646.8936063936065 62.86763236763221
645.9345654345656 47.52297702297682
681.419080919081 56.15434565434549
673.7467532467534 34.096403596403434
704.436063936064 35.055444555444346
727.453046953047 36.01448551448533
758.1423576423578 41.768731268731074
896.2442557442558 7.243256743256552
940.3601398601398 25.46503496503476
968.1723276723277 8.202297702297415
795.5449550449551 25.46503496503476
368.7514734774064 98.3978388998035
628.083497053045 64.44891944990172
746.9047151277013 36.15815324165021
764.8222003929272 31.443025540275016
844.0363457760313 29.55697445972487
1796.4921414538312 2.2092337917484883
684.0973154362415 330.45973154362423
287.2114093959732 272.47315436241627
845.493288590604 89.45302013422821
797.1711409395973 42.419463087248346
860.3120805369128 5.050335570469883
748.8489932885907 51.43959731543629
755.6176470588235 113.26470588235287
785.6176470588235 110.44117647058815
800.970588235294 187.20588235294122
832.735294117647 177.32352941176478
