1170.0278069254987 156.70146904512058
1240.5419727177336 239.30377754459596
1415.820041972718 176.84837355718764
1794.5818467995807 400.4790136411332
1895.3163693599165 340.03830010493175
892.0005246589717 37.83473242392438
835.5891920251838 23.731899265477296
750.9721930745018 35.82004197271772
686.5020986358868 7.614375655823551
638.1495278069256 7.614375655823551
18.128541448058655 17.152675760755415
30.216684155298907 7.079223504721881
179.30377754459587 100.76232948583413
211.53882476390336 109.82843651626433
267.95015739769144 46.3656873032528
225.6416579223504 7.079223504721881
331.412906610703 7.079223504721881
395.88300104931784 4.0571878279117755
420.05928646379846 4.0571878279117755
1437.9816369359917 3.7896117523611106
1424.3824763903463 2.2785939139560583
1454.0991605456452 2.2785939139560583
1546.7749213011543 11.344700944386261
1653.55351521511 5.804302203567829
1667.1526757607553 36.52833158447021
1705.9354669464847 55.16421825813234
1749.7549842602307 50.12749213011554
1788.53777544596 6.307974816369494
1822.7875131164742 11.344700944386261
1848.9784889821615 31.995278069255107
1864.5923399790136 26.218782791185617
539.2439613526569 374.31642512077315
802.0458937198067 615.4758454106284
1160.693236714976 460.88647342995193
1015.3792270531399 324.84782608695684
887.0700483091786 326.39371980676356
169.38888888888886 33.59178743961337
