458.16689143627787 513.3118678354685
1367.0273095077546 925.0178691840863
1680.3381658799728 624.6537424140256
1866.771072151045 878.4096426163183
1695.8742414025623 236.25185434929188
1746.3664868509777 245.31456507080225
1887.4858395144977 241.43054619015493
1084.7886041807146 149.50876601483472
1190.9517869184085 145.62474713418737
1278.9895482130814 89.95380984490885
1175.4157113958192 9.684086311530564
732.637559002023 74.41773432231957
645.8944706675658 51.11362103843544
739.1109238031017 40.75623735670933
785.7191503708698 26.514834794335684
772.772420768712 8.389413351314715
1479.3235294117649 805.9117647058822
