201.39887640449444 547.2415730337076
333.5337078651686 541.8483146067413
67.24157303370777 286.0056179775281
270.8370786516854 295.44382022471916
233.08426966292132 194.32022471910113
322.0730337078652 184.88202247191015
138.70224719101122 163.30898876404495
192.63483146067415 160.6123595505618
126.23033707865173 107.52247191011244
114.76966292134836 71.11797752808997
201.06179775280899 48.19662921348322
201.06179775280899 27.971910112359637
190.27528089887645 17.859550561797846
167.3539325842697 37.41011235955065
172.74719101123597 22.578651685393368
219.93820224719101 11.117977528089966
201.06179775280899 4.376404494382086
223.98314606741573 5.724719101123696
271.17415730337075 44.82584269662931
249.60112359550564 46.17415730337086
283.98314606741576 69.09550561797761
257.01685393258424 84.6011235955057
290.7247191011236 48.870786516854025
312.9719101123595 44.151685393258504
318.36516853932585 34.71348314606752
285.33146067415726 4.376404494382086
300.1629213483146 8.421348314606803
307.5786516853933 7.747191011236055
315.66853932584274 7.07303370786525
328.47752808988764 4.376404494382086
336.5674157303371 7.747191011236055
346.67977528089887 10.443820224719161
342.63483146067415 27.297752808988832
373.6460674157303 17.18539325842704
420.8370786516854 21.904494382022563
454.5449438202247 27.297752808988832
470.05056179775283 58.98314606741582
424.8820224719101 156.06179775280904
523.9831460674159 15.837078651685488
559.7134831460676 12.46629213483152
499.7134831460676 6.398876404494445
577.241573033708 11.792134831460771
527.3539325842698 182.35393258426973
681.0617977528092 236.9606741573034
709.3764044943822 168.19662921348322
759.2640449438204 161.45505617977534
779.488764044944 233.5898876404495
599.488764044944 67.74719101123605
588.0280898876406 57.634831460674235
612.9719101123598 60.33146067415737
646.0056179775282 40.10674157303379
659.488764044944 39.43258426966301
666.9044943820227 58.30898876404501
799.7134831460676 61.005617977528175
872.5224719101129 3.0280898876403626
881.2865168539331 49.54494382022466
896.7921348314612 52.91573033707857
836.7921348314612 46.17415730337069
826.0056179775286 46.17415730337069
821.2865168539331 63.70224719101117
854.3202247191017 122.35393258426961
893.4213483146073 129.0955056179775
918.3651685393264 108.1966292134831
1046.455056179776 93.3651685393258
1100.3876404494388 3.0280898876403626
1206.9044943820234 56.28651685393251
1225.1067415730345 21.230337078651587
1238.5898876404503 21.904494382022392
1210.949438202248 21.904494382022392
1201.5112359550571 21.230337078651587
1182.634831460675 18.533707865168452
1411.8483146067424 43.477528089887585
1428.0280898876413 40.10674157303362
1420.6123595505628 102.12921348314603
1452.9719101123605 54.26404494382015
1578.3651685393259 156.06179775280904
1547.3539325842696 110.21910112359558
1596.5674157303372 110.21910112359558
1719.938202247191 29.994382022471996
1781.2865168539324 15.837078651685488
1810.2752808988764 19.882022471910204
1779.938202247191 75.16292134831468
1823.0842696629213 81.90449438202256
1896.567415730337 10.443820224719161
1912.0730337078653 16.511235955056264
