23.421348314606803 860.0505617977526
77.35393258426973 749.4887640449435
241.8483146067416 808.8146067415727
387.4662921348314 690.1629213483143
929.4887640449439 684.7696629213481
1053.5337078651687 614.6573033707864
1293.5337078651687 641.6235955056178
1048.1404494382023 458.2528089887637
662.5224719101124 458.2528089887637
1579.3764044943819 833.0842696629211
1689.938202247191 757.578651685393
1681.8483146067415 636.2303370786514
1805.893258426966 614.6573033707864
1604.3202247191014 573.5337078651685
1602.9719101123596 534.4325842696628
1565.2191011235957 527.6910112359549
1528.8146067415732 500.72471910112347
1590.8370786516857 341.62359550561774
1673.0842696629215 236.45505617977506
1566.5674157303374 189.26404494381995
1511.2865168539329 355.1067415730335
1435.7808988764045 357.80337078651667
1404.7696629213483 338.92696629213464
1371.061797752809 332.18539325842676
1424.994382022472 279.6011235955054
1461.3988764044946 264.7696629213481
1345.4438202247193 245.89325842696604
1352.1853932584272 294.4325842696627
1260.5 251.2865168539323
1190.387640449438 274.2078651685391
1174.2078651685392 375.3314606741571
1220.0505617977528 279.6011235955054
1015.1067415730336 232.41011235955028
1071.7359550561796 222.9719101123593
1081.1741573033707 190.6123595505615
1131.061797752809 158.25280898876372
1055.5561797752807 171.73595505617948
993.5337078651685 205.44382022471882
997.5786516853932 174.43258426966258
1189.0393258426966 196.00561797752778
642.9719101123594 317.35393258426933
589.0393258426966 403.64606741573004
895.1067415730336 231.06179775280862
881.6235955056179 138.02808988764008
912.6348314606741 156.9044943820221
965.2191011235955 124.54494382022438
984.0955056179776 133.98314606741536
969.2640449438202 143.4213483146064
1081.511235955056 123.0280898876405
1099.7134831460673 141.23033707865176
1128.0280898876404 50.89325842696638
1035.6685393258426 100.78089887640456
1024.88202247191 89.32022471910119
979.7134831460673 49.5449438202248
905.5561797752808 65.05056179775289
1081.511235955056 36.735955056179876
1183.9831460674156 55.61235955056188
1175.2191011235955 32.016853932584354
1190.7247191011234 32.016853932584354
1155.6685393258426 43.47752808988773
1165.1067415730336 40.10674157303379
1220.387640449438 116.96067415730343
1259.4887640449438 147.9719101123596
1254.0955056179773 129.0955056179776
1294.5449438202245 144.60112359550567
1103.758426966292 27.297752808988832
1048.4775280898875 50.89325842696638
1055.8932584269662 44.151685393258504
1295.8932584269662 127.07303370786525
1202.8595505617977 86.62359550561806
1219.0393258426966 83.92696629213492
1175.2191011235955 100.78089887640456
1156.3426966292134 106.84831460674164
1254.0955056179773 15.162921348314683
1359.6011235955057 95.89325842696627
1315.1067415730338 116.11797752808985
1344.432584269663 20.55617977528098
1359.938202247191 21.230337078651758
1336.3426966292136 18.53370786516862
1380.8370786516855 25.275280898876474
811.8931888544894 266.0417956656347
1051.6455108359137 143.19349845201236
1634.184210526316 259.10681114551085
1314.6795665634677 279.1687306501548
1312.2027863777091 257.37306501547994
1371.6455108359137 25.778637770897916
1174.7414860681117 49.05263157894737
1202.9767801857588 39.64086687306502
1192.0789473684213 78.5263157894737
1254.4938080495358 75.05882352941177
1450.407120743034 122.63622291021682
1212.6362229102167 101.56811145510841
1214.6176470588236 60.948916408668794
1195.7941176470588 54.01393188854496
1075.422600619195 15.376160990712151
1061.0572755417957 13.890092879257052
760.8715170278638 42.620743034055806
785.1439628482972 38.657894736842195
