255.33146067415737 967.9157303370785
446.79213483146066 768.3651685393255
179.82584269662925 388.1404494382019
580.9494382022472 408.70224719101145
431.2865168539325 157.91573033707874
450.16292134831457 144.43258426966304
513.5337078651685 178.14044943820238
651.0617977528091 159.26404494382035
673.9831460674159 125.55617977528095
706.3426966292135 159.26404494382035
261.3988764044943 175.44382022471922
113.42134831460675 78.53370786516845
52.073033707865136 40.10674157303362
27.80337078651681 52.91573033707857
19.0393258426966 44.15168539325833
4.882022471910062 60.3314606741572
93.19662921348313 34.03932584269654
170.05056179775283 12.466292134831349
213.19662921348322 4.376404494381916
244.88202247191015 3.0280898876403626
323.08426966292143 3.7022471910111108
370.9494382022473 11.792134831460544
386.4550561797754 15.162921348314512
413.4213483146069 17.859550561797647
399.26404494382024 2.353932584269728
434.9943820224719 5.724719101123696
490.94943820224717 6.398876404494445
534.0955056179776 5.724719101123696
521.9606741573034 52.91573033707874
591.3988764044943 48.870786516854025
569.1516853932584 3.028089887640533
682.4101123595505 15.162921348314683
728.2528089887641 27.297752808988832
714.0955056179776 25.275280898876474
738.3651685393259 10.443820224719161
755.2191011235955 6.398876404494445
816.5674157303371 22.578651685393368
1120.9494382022474 288.53370786516865
1050.1629213483147 172.5786516853934
1135.106741573034 51.90449438202262
1092.6348314606744 107.8595505617979
1095.3314606741576 11.792134831460771
1356.230337078652 237.6348314606742
1417.5786516853939 197.8595505617978
1439.1516853932592 152.69101123595513
1436.455056179776 27.297752808988832
1617.8033707865175 62.35393258426973
1604.9943820224726 81.90449438202256
1719.6011235955061 56.28651685393265
