37.97883349012221 415.87158984007533
233.04938852304795 558.5620884289747
199.63452492944495 417.6777986829728
314.32878645343374 415.87158984007533
414.5733772342428 449.28645343367833
609.6439322671685 376.1349952963312
720.7257761053623 396.0032925682033
751.4313264346191 388.77845719661343
780.3306679209785 454.70507996237075
818.2610536218251 426.7088428974601
876.0597365945439 470.05785512699913
954.6298212605834 439.3523047977423
1114.0277516462843 652.4849482596426
1215.1754468485422 583.8490122295391
1128.477422389464 461.0268109125117
1220.5940733772345 470.057855126999
917.1509877704611 339.1077140169332
966.8217309501414 328.2704609595485
988.4962370649108 323.75493885230475
1050.8104421448734 331.8828786453434
1061.647695202258 330.076669802446
1095.0625587958612 331.8828786453434
1181.760583254939 311.1114769520226
1244.9778927563502 340.9139228598307
1262.136876763876 330.076669802446
1307.2920978363127 424.90263405456267
1334.3852304797747 357.16980244590786
1349.738005644403 418.5809031044215
1454.4981185324557 510.697554092192
1456.304327375353 432.12746942615246
1403.9242709313266 366.20084666039514
1359.6721542803389 293.9524929444967
1277.4896519285046 259.634524929445
1270.2648165569149 266.8593603010348
1440.9515522107247 255.1190028222013
1500.5564440263408 402.3250235183444
1550.2271872060212 393.29397930385704
1600.3494825964253 504.3758231420509
1594.930856067733 401.4219190968956
1713.2375352775166 381.5536218250235
1757.4896519285044 382.4567262464723
1647.3109125117594 319.23941674506113
1540.2930385700847 305.26952022577626
1559.258231420508 301.65710253998134
1558.3551269990594 278.62793979303876
1574.6110065851365 271.85465663217326
1593.1246472248354 289.01364063969913
1604.4134524929445 252.88946378174992
1620.2177798682974 253.3410159924743
1581.384289746002 251.9863593603012
1591.7699905926622 251.9863593603012
1589.5122295390404 235.73047977422408
1652.2779868297273 239.342897460019
1641.8922859830668 254.244120413923
1698.787864534337 323.7831608654752
1715.9468485418627 339.1359360301036
1719.1077140169332 321.07384760112905
1727.687206020696 305.7210724365006
1773.2939793038572 332.8142050799625
1668.9854186265288 236.18203198494842
1679.371119473189 235.73047977422408
1688.4021636876764 235.73047977422408
1661.3090310442144 256.5018814675449
1680.7257761053622 253.79256820319867
1673.049388523048 263.7267168391347
1699.2394167450611 261.4689557855129
1766.0691439322673 269.5968955785514
1758.8443085606773 294.8838193791159
1785.9374412041393 293.98071495766715
1794.5169332079022 265.9844778927565
1822.9647224835371 294.8838193791159
1821.6100658513642 305.26952022577626
1727.2356538099718 262.3720602069616
1701.497177798683 295.33537158984024
1743.9430856067734 260.56585136406414
1748.0070555032926 240.24600188146772
1762.4567262464723 237.98824082784589
1771.4877704609596 237.53668861712154
1847.574317968015 332.36265286923816
1858.4115710253998 292.626058325494
1874.6674506114769 278.6279397930387
1851.6382878645345 263.72671683913467
1836.285512699906 268.24223894637834
1823.1904985888993 241.6006585136408
1830.415333960489 233.47271872060222
1889.1171213546568 265.08137347130776
1885.0531514581373 304.3664158043275
1911.694731890875 288.56208842897473
1897.2450611476952 290.36829727187217
1713.0117591721544 239.79444967074335
1887.7624647224834 244.309971777987
1869.2488240827847 246.11618062088445
1850.7351834430856 241.6006585136408
1840.8010348071496 244.76152398871136
1871.5065851364066 236.6335841956728
1910.3400752587017 235.2789275634997
1698.787864534337 246.11618062088445
1737.6213546566323 237.98824082784586
1839.6721542803389 282.2403574788337
1803.5479774223897 263.2751646284103
1795.8934740882921 235.54798464491313
1806.0278310940503 243.37907869481714
1780.6919385796548 242.9184261036463
