667.0334665334667 819.5809190809189
5.2952047952048815 441.7187812187809
60.91958041958048 437.8826173826171
354.386113886114 428.2922077922076
365.8946053946055 405.2752247752245
534.6858141858143 424.4560439560437
283.417082917083 364.9955044955042
264.2362637362638 378.4220779220776
231.6288711288712 169.35114885114854
239.3011988011989 198.12237762237726
243.13736263736268 13.986513486513104
636.3441558441559 29.331168831168497
756.6333771123981 334.50864869396355
827.7231265238258 358.65233717331637
857.2320791097015 259.3949512026436
825.7111524838798 274.14942749558145
962.5253872002124 222.508760470299
1024.8965824385405 317.7421983610796
1085.926461650238 327.80206856080997
1083.2438295969764 293.5985098817268
1107.3875180763293 114.53282032652656
998.0702619059263 119.22742641973412
1055.746851051047 73.62268151428987
998.0702619059263 80.32926164744345
789.4956197648505 98.43702800695804
827.7231265238258 101.79031807353486
1063.1240891975158 34.05385872868385
1126.1659424491595 53.502941114829184
1129.5192325157361 14.604776342538512
1093.303699796707 14.604776342538512
1774.921223132512 220.20654719905468
1416.494754496253 249.93777501220055
1516.4247146459934 148.3560799839521
1338.037347767118 108.7144428997575
1365.290973262502 25.30183153509813
1307.4802525147181 3.8292781144928085
1493.3004263468802 7.132747871508968
1490.5309597523224 697.5278637770896
1600.9953560371519 286.84674922600624
1867.4969040247681 246.2275541795666
