898.6931464174455 813.6464174454827
372.3380062305297 327.1666666666665
938.5685358255452 125.79595015576308
968.4750778816201 125.79595015576308
964.48753894081 271.341121495327
1106.0451713395641 265.35981308411203
1177.8208722741435 257.38473520249204
1082.1199376947043 767.7897196261681
1496.823987538941 713.9579439252336
1732.088785046729 634.2071651090341
1544.6744548286606 470.7180685358254
1592.5249221183801 446.79283489096554
1568.5996884735205 379.0046728971961
894.7056074766357 586.3566978193146
948.5373831775702 442.8052959501556
900.6869158878504 530.531152647975
1090.0950155763242 620.2507788161993
1034.2694704049845 586.3566978193146
1165.8582554517136 532.5249221183799
1321.3722741433023 498.6308411214952
1486.855140186916 432.8364485981307
1213.7087227414331 363.0545171339562
1189.7834890965735 291.2788161993768
1285.4844236760127 297.2601246105918
1327.3535825545173 301.24766355140173
1317.3847352024925 386.9797507788161
1363.241433021807 347.10436137071633
1425.0482866043615 359.06697819314627
330.468847352025 -97.50623052959531
1547.2406825114922 185.88439391439613
1388.3685183567707 166.0253733950559
1323.3753602934753 255.39096573208684
1352.2612083216065 228.31048320571387
1280.0465882512785 205.74341443373635
1233.1070852055652 211.15951093901094
1565.2943375290743 -56.93726607208191
1477.7341106938015 86.58929131769503
1464.193869430615 146.1663528757157
1503.9119104692954 92.00538782296962
1579.7372615431398 66.73027079835481
1606.8177440695129 59.50880879132205
1631.1901783432486 94.71343607560698
1699.7940674100603 142.55562187219925
1607.720426820392 23.40149875615805
1588.7640890519308 16.18003674912518
1688.059191648632 14.374671247367019
1274.6304917460038 148.87440112835299
1312.543167282926 151.58244938099028
-315.02941176470597 781.9117647058822
