785.2418972852067 55.896254550239064
798.6939388623305 10.682448138239607
859.9754616025612 11.429783781413136
838.3027279505284 11.429783781413136
830.8293715187929 41.696877329941685
860.7227972457347 46.928226832156525
891.7372264374368 14.419126354107334
909.6732818736019 24.508157536950165
930.5986798824612 26.376496644884043
896.2212402964781 46.928226832156525
934.7090259199156 35.34452436296658
988.5171922284109 63.36961098197452
979.1754966887415 52.15957633437134
995.6168808385595 8.81410903030573
1029.246984781369 23.387154072189844
1062.129753081005 16.661133283627947
1078.9448050524097 67.10628919784222
1130.5109644313843 73.83230998640414
1176.4721064865573 73.08497434323058
1114.443248103153 8.81410903030573
1107.3435594930045 28.618503574404656
1090.1548397000129 6.198434279198324
1300.776522959519 31.618700934169514
1278.2301434147623 37.255295820358754
1310.64056401035 108.65216437875529
1421.963313012587 4.375158984255052
1424.7816104556814 39.134160782421816
1416.3267181263977 54.63479671944208
1464.237774659006 79.9994737072935
1477.3898293934474 51.34678303583171
1465.6469233805533 16.118064997149247
1501.3453576597515 18.466646199728075
1506.9819525459407 41.482741985000644
1529.9980483312133 49.46791807376866
1563.8176176483485 69.19600017543087
1565.6964826104115 111.94017806236565
1602.804065611157 139.1837200122801
1630.5173238015873 33.02784965571681
1598.1069032059995 24.572957326433023
1642.7299460549973 24.103241085917265
1652.1242708653126 24.103241085917265
1654.9425683084073 37.255295820358754
1671.3826367264592 15.178632516117716
1683.125542739353 16.118064997149247
1691.1107188281212 38.194728301390285
1733.3851804745402 14.70891627560195
1761.0984386649704 44.770755668611
1782.23566948818 25.042673566948793
1799.6151703872633 87.51493355554578
1730.0971667909298 136.3654225691855
1700.5050436384365 140.12315249331164
1138.7288638438365 3.337739340466939
1232.8525327546054 15.453929782910066
20.838581641156097 257.1453225735714
84.26737862374456 218.53648962764794
72.54684005087496 178.5487697907987
79.44127450550415 2.0512477522915447
120.80788123327925 23.42399456164202
385.55416429103985 59.96449717117673
437.9518661462216 8.945682206920765
486.90235077408886 12.392899434235346
517.9273058199201 26.18176834349373
539.3000526292706 38.59175036182626
545.5050436384369 18.59789044340158
599.2816323845445 53.07006271654751
555.8466953203806 62.03282750756546
656.5054383579667 268.17641770097805
750.2697469409236 166.13878777246612
735.1019911407394 37.90230691636333
711.6609139950002 41.34952414367791
684.0831761764834 49.62284548923293
53.745033112582746 698.6456953642385
741.956953642384 271.09602649006627
1156.7913907284765 288.5794701986756
1842.0984015984016 59.49600399600405
1913.546953046953 51.34415584415589
1676.705882352941 29.176470588235304
1737.5882352941176 42.23529411764707
1450.8235294117646 15.764705882352956
1408.2941176470588 13.11764705882355
1436.0 28.470588235294144
1513.9999999999998 17.882352941176492
1301.3529411764705 110.00000000000001
