247.6523178807946 172.55298013245033
252.4205298013244 137.58609271523187
354.1423841059602 69.24172185430463
319.17549668874165 66.06291390728484
552.8178807947019 42.221854304635826
600.4999999999999 244.07615894039736
581.4271523178807 164.60596026490066
711.7582781456952 271.09602649006627
816.6589403973508 275.86423841059604
850.0364238410593 244.07615894039736
900.8973509933774 286.9900662251656
910.4337748344369 426.8576158940398
988.3145695364237 298.11589403973517
1055.0695364238409 317.1887417218543
1047.1225165562912 388.7119205298013
1142.4867549668872 282.2218543046358
1233.0827814569534 248.84437086092723
1318.9105960264899 259.9701986754967
1341.1622516556288 472.9503311258279
1271.2284768211919 495.2019867549669
1595.4668874172182 992.6854304635763
1722.619205298013 488.84437086092726
1504.870860927152 426.8576158940398
1854.5397350993376 539.705298013245
1876.7913907284765 676.3940397350995
1824.3410596026488 449.1092715231789
1644.7384105960261 279.04304635761594
1678.1158940397347 325.13576158940396
1822.751655629139 231.3609271523179
1817.9834437086088 186.85761589403978
1784.6059602649002 190.03642384105967
1860.8973509933771 217.05629139072857
1886.3278145695358 247.25496688741725
1902.2218543046351 344.2086092715233
627.5198675496687 27.917218543046374
637.6141616595762 70.01800359633336
548.0391430200428 80.92278847418959
715.5054822156922 80.92278847418959
715.5054822156922 102.73235822990205
741.9885312047716 94.16431296872929
689.0224332266127 131.55214683566498
616.5835051094249 186.0760712249462
839.3526818999164 111.3004034910748
935.9379193895003 10.820599973685262
893.0976930836365 137.78345248015427
752.1144028770666 19.38864523485796
722.5157010657425 4.589294329195923
544.9234901977982 7.704947151440592
956.1896627340903 113.63714310775833
971.7679268453136 78.58604885750611
989.6829305732202 82.48061488531192
1063.6796851015304 75.4703960352615
1104.9620849962719 94.16431296872929
1136.118613218718 94.94322617429049
1178.179926319021 92.60648655760701
1224.1358054471293 113.63714310775833
1246.724288408403 143.2358449190824
1264.6392921363095 158.81410903030553
1333.1836542256915 132.33106004122612
1362.0034428314545 131.55214683566498
1384.591925792728 131.55214683566498
1347.9830051313536 190.74955045831314
1177.4010131134596 179.0658523748957
1217.90449980264 196.20194289724122
1121.3192623130562 124.5419279856145
1096.394039735099 136.22562606903193
1073.8055567738256 116.75279593000295
1094.0573001184157 120.64736195780876
1073.8055567738256 187.63389763606847
1025.5129380290336 196.20194289724122
986.5672777509756 219.56933906407602
1549.391934564273 248.97265470812687
1293.3807947019864 111.75827814569536
499.37417218543055 211.89072847682107
690.1026490066226 174.14238410596016
