398.25280898876406 652.4101123595502
1236.9044943820227 258.7022471910109
10.275280898876446 46.84831460674167
91.84831460674161 53.58988764044952
108.70224719101125 34.03932584269671
137.01685393258427 209.3202247191012
144.43258426966295 75.83707865168546
139.71348314606743 57.634831460674235
112.74719101123597 80.55617977528098
129.60112359550564 4.376404494382086
255.66853932584274 69.09550561797761
237.46629213483143 126.39887640449444
291.39887640449433 34.71348314606752
360.1629213483146 55.61235955056188
341.28651685393254 126.39887640449444
390.5 17.18539325842704
449.82584269662925 17.18539325842704
476.7921348314607 5.724719101123696
486.9044943820225 29.32022471910119
542.8595505617977 42.129213483146145
589.3764044943821 46.17415730337086
693.1966292134831 3.028089887640533
707.3539325842697 30.6685393258428
670.9494382022472 43.47752808988773
803.0842696629218 18.53370786516862
821.9606741573037 19.882022471910204
787.5786516853937 30.6685393258428
760.6123595505621 32.016853932584354
809.8258426966296 173.5898876404495
878.5898876404498 178.308988764045
931.1741573033711 3.7022471910113377
1264.8820224719107 160.78089887640456
1315.4438202247197 7.747191011236055
1320.837078651686 12.46629213483152
1361.286516853933 24.601123595505726
1453.646067415731 3.028089887640533
1585.7808988764045 17.859550561797846
1620.8370786516855 53.58988764044952
1678.1404494382023 6.398876404494445
1689.6011235955057 25.275280898876474
1709.8258426966293 3.7022471910113377
1721.9606741573034 4.376404494382086
1779.938202247191 10.443820224719161
1798.1404494382023 39.43258426966301
1879.0393258426966 39.43258426966301
1852.7471910112358 40.10674157303379
1915.089371980676 637.118357487923
785.427536231884 17.359903381642425
