697.4536423841058 264.7384105960266
549.639072847682 455.4668874172187
389.1092715231787 399.837748344371
309.6390728476821 488.84437086092726
845.2682119205297 250.43377483443714
1024.870860927152 175.73178807947022
1172.6854304635758 328.31456953642396
1328.4470198675494 299.70529801324506
1361.824503311258 237.71854304635758
1461.9569536423837 228.18211920529805
1544.6059602649004 93.08278145695363
1647.917218543046 35.864238410596045
1846.5927152317877 24.738410596026597
1550.96357615894 27.917218543046374
1509.6390728476817 39.04304635761582
1414.2748344370857 2.4867549668874744
1388.8443708609268 8.844370860927256
1318.9105960264899 15.20198675496681
1164.7384105960261 75.5993377483444
1048.711920529801 121.69205298013253
1013.7450331125825 80.36754966887418
815.0695364238409 86.72516556291396
797.5860927152316 75.5993377483444
838.9105960264899 66.06291390728484
892.9503311258277 75.5993377483444
872.2880794701985 86.72516556291396
916.7913907284767 72.4205298013245
854.7197710626725 52.962501644664705
927.2718521117494 44.6970746897066
961.7111310907414 54.3400728038244
972.7317003640189 42.401122757773805
951.1497522038505 25.411078461470993
1028.7529275031795 51.125740099118445
1043.4470198675494 28.625411166176946
1065.4881584141044 38.72759966668133
1085.2333450287267 36.89083812113506
1102.2233893250295 31.839743870882838
1090.7436296653655 21.278364983991935
1072.376014209903 7.961843778781656
1146.3056664181395 17.604841892899458
1031.5080698214988 7.502653392395075
947.0618860510808 69.25245579567789
793.8202357563853 119.23280943025546
836.2563850687625 120.1758349705305
838.6139489194501 91.88506876227905
970.637524557957 19.27210216110029
937.63163064833 57.46463654223979
942.8182711198428 49.9204322200394
