27.698321091290723 926.313221406086
382.28384050367265 1045.1799580272823
460.8567681007346 847.7402938090241
309.7549842602309 648.2859391395592
352.06348373557194 434.72875131164733
694.5608604407137 444.802203567681
817.4569779643234 535.4632738719831
1601.1715634837358 571.727701993704
418.5482686253936 72.08447009443853
416.5335781741868 13.658447009443762
464.88614900314803 21.717208814270634
515.2534102833159 148.6427072402937
668.3698845750264 255.4213011542497
646.2082896117524 132.52518363063996
686.5020986358868 47.90818467995791
797.3100734522561 227.21563483735554
855.7360965372509 122.45173137460642
988.7056663168943 219.15687303252867
478.9889821615949 5.064533053515107
507.19464847848894 3.049842602308445
595.8410283315844 17.152675760755415
594.8336831059811 3.049842602308445
869.8389296956979 5.064533053515107
904.088667366212 14.130640083945421
995.7570828961176 43.34365162644275
1012.8819517313746 36.292235047219265
1030.0068205666316 37.299580272822595
1070.300629590766 35.28488982161588
1098.5062959076602 45.35834207764947
1113.6164742917103 29.240818467995723
1137.792759706191 12.115949632738648
1135.7780692549843 70.54197271773342
1165.9984260230851 7.079223504721881
1136.7854144805876 120.90923399790131
1149.8809024134314 187.39401888772295
1209.817943336831 127.96065057712485
1248.0970619097586 102.7770199370409
1211.8326337880376 31.25550891920244
1240.0383001049317 33.27019937040916
1339.7654774396642 113.85781741867777
1391.1400839454354 10.101259181531987
1423.375131164743 28.233473242392392
1478.7791185729275 19.16736621196219
1500.9407135362014 15.137985309548753
1508.9994753410283 22.18940188877218
1220.898740818468 7.079223504721881
1231.9795383001049 2.042497376705114
1566.4181532004197 28.233473242392392
1521.0876180482687 107.81374606505767
1498.9260230849948 95.72560335781736
1669.1673662119622 238.76862539349418
1758.8210912906611 200.4895068205666
1860.5629590766002 124.93861490031475
1876.680482686254 74.57135362014685
1853.5115424973767 49.387722980062904
240.88647342995165 85.23429951690844
1383.3019323671497 185.7173913043481
