-73.77109974424553 1054.873401534527
428.3260869565218 728.3260869565215
332.571611253197 979.9884910485932
88.27493606138108 653.4411764705881
6.024296675191806 844.9501278772377
7.251918158567776 577.3286445012785
21.983375959079297 297.43094629155985
71.08823529411768 215.18030690537046
87.04731457800517 112.06010230178981
127.55882352941182 108.37723785166202
193.8503836317136 194.3107416879792
188.9398976982098 121.88107416879757
193.8503836317136 105.92199488491008
212.26470588235298 60.499999999999545
112.8273657289003 58.044757033247606
2.3414322250639543 45.76854219948814
306.79156010230184 283.9271099744242
276.10102301790283 245.87084398976947
309.2468030690538 35.94757033248038
332.571611253197 31.037084398976504
349.75831202046044 44.54092071611217
393.952685421995 45.76854219948814
381.6764705882354 86.28005115089468
348.53069053708447 116.97058823529369
371.85549872122766 139.06777493606103
389.0421994884911 147.6611253196927
416.356777493606 160.62787723785158
430.4744245524295 115.20588235294116
508.428388746803 161.85549872122755
508.428388746803 115.20588235294116
510.8836317135549 65.48721227621479
544.6432225063938 65.48721227621479
540.346547314578 99.86061381074165
559.3746803069054 148.96547314577998
655.7429667519182 118.88874680306895
647.1496163682864 120.73017902813291
849.0933503836317 127.48209718670074
870.576726342711 136.07544757033241
834.9757033248081 196.2289002557544
804.2851662404091 184.5664961636828
796.3056265984654 181.49744245524295
842.9552429667519 223.2365728900255
853.3900255754476 236.12659846547308
777.277493606138 227.53324808184135
749.656010230179 214.02941176470583
738.6074168797953 256.9961636828644
730.0140664961637 239.809462915601
741.6764705882352 310.39769820971867
797.5332480818414 314.69437340153445
754.5664961636828 347.2263427109974
799.9884910485933 393.8759590792839
766.8427109974424 406.7659846547315
819.0166240409206 415.97314578005114
784.0294117647059 292.5971867007672
882.2391304347826 387.1240409207161
914.1572890025576 423.9526854219949
911.7020460358057 467.53324808184146
629.3491048593351 412.9040920716113
599.886189258312 315.9219948849104
645.3081841432224 272.3414322250639
633.6457800511508 239.195652173913
682.1368286445013 212.1879795396419
604.7966751918158 173.51790281329914
595.5895140664961 214.02941176470583
583.3132992327365 151.42071611253192
575.9475703324808 253.31329923273654
510.2698209718668 266.2033248081841
514.5664961636828 297.50767263427116
474.0549872122761 259.45140664961633
461.16496163682854 273.5690537084398
476.51023017902804 365.6406649616369
463.0063938618925 443.5946291560102
383.82480818414314 396.9450127877237
334.71994884910475 438.6841432225064
319.37468030690525 384.66879795396414
210.73017902813288 360.116368286445
291.7531969309462 473.67135549872125
591.5997442455243 914.9245524296674
748.7352941176471 841.2672634271098
741.3695652173915 662.0345268542197
817.4820971867009 599.4258312020459
909.553708439898 628.8887468030689
742.5971867007675 530.6790281329921
641.9322250639389 547.8657289002555
589.1445012787726 486.48465473145757
1080.1930946291561 312.16240409207126
1074.0549872122765 340.3976982097183
1056.868286445013 360.0396419437337
1088.786445012788 215.18030690537046
1132.9808184143224 185.71739130434742
1137.8913043478262 223.77365728900213
1117.021739130435 159.93734015345228
1361.3184143222509 301.11381074168764
1307.3030690537087 525.7685421994883
1215.2314578005116 487.71227621483354
1188.2237851662405 529.4514066496162
1185.7685421994886 558.9143222506391
1085.10358056266 455.7941176470586
1022.4948849104859 492.6227621483373
1005.3081841432227 431.2416879795394
1109.6560102301792 756.5613810741686
1010.2186700767267 768.8375959079283
1226.2800511508954 860.9092071611252
1260.6534526854223 648.5306905370842
1329.400255754476 631.3439897698207
1368.6841432225067 625.205882352941
1373.5946291560106 540.4999999999998
1533.1854219948852 608.0191815856775
1468.1214833759593 693.9526854219947
1632.6227621483379 777.43094629156
1660.858056265985 664.4897698209717
1543.0063938618928 810.5767263427109
1574.9245524296678 900.1930946291559
1757.8401534526859 868.2749360613809
1772.571611253197 954.2084398976981
1817.993606138108 1054.873401534527
1905.1547314578008 705.0012787723783
1666.3541458541458 727.5129870129867
-143.17785234899324 669.3590604026847
1061.6543624161072 594.6208053691277
1372.2046979865772 574.0033557046982
971.1308724832215 214.44630872483225
681.1979865771813 128.1107382550336
317.81543624161077 88.1644295302014
276.58053691275177 75.27852348993294
319.74832214765104 106.20469798657723
301.0637583892618 92.03020134228194
259.8288590604028 103.6275167785235
257.2516778523491 146.79530201342288
158.67449664429537 68.1912751677853
179.93624161073834 56.59395973154369
120.01677852348999 164.1912751677853
49.788590604026865 556.6073825503357
