495.71240728253537 957.3846931894807
785.7191503708698 969.0367498314226
434.86277815239384 550.8573836817261
916.4811193526634 636.3057990559677
1109.3873904248146 572.8668240053944
784.4244774106539 523.6692515171948
595.4022252191504 458.93560350640587
538.4366149696561 391.6126095751854
192.7589345920432 361.83513149022247
64.90997977073494 192.8196223870533
98.5714767363452 156.56877950101148
155.53708698583947 183.75691166554282
188.55124747134184 141.0327039784221
251.3428860418071 157.21611598111934
281.76770060687795 165.6314902225219
298.5984490896831 126.79130141604855
338.7333108563722 145.56405933917733
356.8587322993932 129.38064733648008
352.97471341874575 88.59844908968307
399.5829399865139 102.19251517194868
429.36041807147683 153.9794335805799
393.75691166554293 140.38536749831417
396.9935940660823 263.37929871881323
481.1473364801079 224.53910991233988
543.9389750505733 205.11901550910318
591.841874578557 238.13317599460555
610.6146325016858 220.00775455158464
693.4737019554957 254.31658799730275
690.8843560350642 193.4669588671612
635.8607552258936 134.5593391773432
613.2039784221174 141.68004045853002
657.222859069454 120.96527309507752
657.222859069454 73.06237356709369
534.2289278489549 141.68004045853002
466.9059339177344 115.78658125421441
437.12845583277146 58.82097100472015
480.5000000000001 57.52629804450436
538.1129467296023 41.342886041807105
616.4406608226569 61.410316925151676
579.5424814565072 7.034052596088941
640.3921105866488 3.150033715441623
644.923465947404 25.15947403910991
598.315239379636 12.212744436952107
661.1068779501013 14.154753877275766
683.1163182737695 5.739379635873206
670.8169251517196 52.34760620364125
683.7636547538774 75.65171948752527
697.3577208361431 60.11564396493588
712.2464598786246 63.99966284558326
707.0677680377614 84.7144302090357
734.9032366824007 93.12980445043826
766.6227242076873 91.1877950101146
802.2262306136212 58.82097100472015
821.6463250168579 58.82097100472015
777.6274443695214 12.212744436952107
752.3813216453137 34.22218476062034
731.0192178017534 18.038772757923084
712.8937963587324 11.565407956844183
754.3233310856374 9.623398516520524
836.5350640593393 4.444706675657358
852.0711395819287 27.10148347943357
835.2403910991236 16.74409979770735
721.309170600135 52.34760620364125
734.2559002022928 59.46830748482802
992.8668240053944 335.23364801078895
1271.2215104517868 372.77916385704657
1345.6652056641942 297.6881321645314
1486.1372218476063 302.2194875252866
1399.394133513149 129.38064733648008
1271.2215104517868 75.65171948752527
1235.618004045853 82.77242076871204
1150.8169251517193 29.6908293998651
1204.5458530006742 43.284895482130764
1225.9079568442346 7.034052596088941
1291.9362778152395 27.74881995954138
1455.0650708024275 14.802090357383577
1552.8128792987188 59.46830748482802
1578.0590020229265 32.927511800404545
1614.3098449089684 36.81153068105186
1639.5559676331761 52.994942683749116
1143.6962238705328 14.802090357383577
1893.4737019554957 119.9639244774107
1839.097437626433 57.17228590694543
1871.1405933917736 53.93560350640598
1878.2612946729603 17.361092380310254
1817.5734996628455 448.57821982467965
1192.7186904005089 2.760012714558229
1186.9208518753976 108.3417037507947
67.37306501547971 764.8962848297213
229.84984520123834 636.1037151702785
678.6424148606815 182.31114551083593
667.2492260061922 22.806501547987693
1174.4938080495358 860.4999999999999
