47.38741721854302 190.03642384105967
155.46688741721852 253.61258278145692
201.55960264900654 204.341059602649
144.34105960264895 170.96357615894044
236.52649006622505 180.5
290.56622516556286 186.85761589403978
336.6589403973509 177.32119205298022
576.6589403973509 139.17549668874176
505.1357615894038 153.4801324503312
600.4999999999999 113.74503311258286
703.8112582781455 121.69205298013253
740.3675496688741 120.10264900662253
673.6125827814568 35.864238410596045
784.8708609271521 4.076158940397363
951.7582781456952 415.73178807947033
1113.8774834437083 492.02317880794703
1581.1622516556288 277.45364238410593
1528.711920529801 205.930463576159
865.1923380553483 59.39412745055034
993.3972413490634 16.12497258892148
949.5938993903774 93.04791456515056
1006.2177316784349 67.94112100346467
1057.4996929959211 83.43254681812198
1055.8971317047494 5.441230647778525
1115.72608657515 37.49245647120733
1093.8244155958068 88.24023069163627
1133.8884478750929 125.09914038857939
1168.6106091838076 135.24869523266517
1198.5250866190077 29.47965001535016
1299.4864479628086 46.03945002412171
1484.488860137713 72.32908644357693
1522.6450813560805 39.13317398359709
1593.997215034428 46.38285601508696
1637.495307223367 59.73753344151564
1687.098394807245 57.44816016841358
1738.2277312398578 58.97440901714825
1777.1470768825925 30.357243103372554
1718.7680584184902 35.699114073944
1798.5145607648785 13.18694355510712
1840.486404105083 12.042256918556092
1789.3570676724703 48.29066707600532
