1420.2752808988762 522.9719101123593
1560.5 552.6348314606739
1115.5561797752807 374.6573033707863
743.4213483146067 420.4999999999998
376.67977528089887 466.3426966292131
608.5898876404495 358.4775280898874
9.264044943820124 156.56741573033707
258.7022471910112 323.7584269662922
366.5674157303372 329.1516853932585
481.17415730337086 241.51123595505624
525.6685393258429 229.37640449438203
684.7696629213485 188.92696629213486
771.0617977528093 170.05056179775283
904.544943820225 151.1741573033708
362.5224719101125 125.55617977528084
54.09550561797752 25.27528089887636
130.94943820224722 73.81460674157302
166.00561797752812 48.19662921348311
194.32022471910113 44.15168539325839
201.061797752809 65.72471910112358
259.03932584269666 36.73595505617973
298.14044943820227 34.713483146067375
337.24157303370794 46.17415730337075
347.3539325842697 22.578651685393197
376.3426966292135 46.17415730337075
395.2191011235956 32.01685393258424
404.65730337078674 20.55617977528098
496.3426966292137 27.297752808988832
600.1629213483149 10.443820224719161
573.1966292134833 3.028089887640533
645.3314606741575 32.69101123595516
674.9943820224721 29.994382022471996
747.803370786517 21.230337078651758
846.904494382023 3.028089887640533
844.8820224719107 38.758426966292234
906.2303370786523 40.10674157303379
950.0505617977534 30.6685393258428
1004.6573033707871 62.35393258426973
956.1179775280905 143.25280898876412
1030.275280898877 111.56741573033716
1122.6348314606748 89.994382022472
1262.8595505617986 41.45505617977537
1252.073033707866 66.39887640449444
1316.1179775280907 130.44382022471916
1362.634831460675 174.93820224719107
1444.2078651685401 183.0280898876405
1464.432584269664 3.028089887640533
1479.9382022471918 9.095505617977608
1704.432584269663 24.601123595505726
1827.129213483146 66.39887640449444
1845.3314606741574 81.90449438202256
