433.30898876404467 634.8820224719102
554.6573033707865 1042.0730337078649
711.061797752809 982.7471910112356
1355.5561797752807 839.8258426966288
400.9494382022473 340.9494382022468
546.5674157303371 367.91573033707823
441.39887640449444 278.92696629213447
368.58988764044943 243.8707865168535
31.511235955056236 308.5898876404491
1270.9494382022472 39.09550561797755
1295.8932584269664 42.46629213483146
1285.1067415730338 41.792134831460686
1271.6235955056181 73.47752808988764
1316.11797752809 81.56741573033707
1326.2303370786517 49.88202247191012
1358.5898876404494 18.196629213483163
1349.8258426966293 6.061797752809014
1362.6348314606741 55.27528089887642
1400.3876404494383 14.825842696629223
1394.9943820224719 2.6910112359550453
1401.7359550561798 56.62359550561797
1418.5898876404494 39.76966292134833
1422.6348314606741 28.308988764044955
1438.1404494382023 42.46629213483146
1436.11797752809 25.61235955056179
1465.1067415730338 7.410112359550567
1470.5 43.14044943820227
1450.9494382022472 25.61235955056179
1502.185393258427 42.46629213483146
1501.5112359550562 22.24157303370788
1504.8820224719102 66.73595505617976
1527.803370786517 60.66853932584269
1550.0505617977528 29.657303370786508
1558.1404494382023 18.87078651685394
1530.5 14.825842696629223
1522.4101123595506 7.410112359550567
1562.185393258427 4.71348314606746
1555.4438202247193 71.45505617977528
1570.2752808988764 49.88202247191012
1579.0393258426966 55.27528089887642
1583.0842696629215 69.43258426966293
1593.1966292134832 44.48876404494382
1583.758426966292 41.792134831460686
1619.4887640449438 41.11797752808991
1623.5337078651687 18.196629213483163
1614.7696629213483 10.10674157303373
1594.5449438202247 10.780898876404535
1653.870786516854 46.51123595505618
1649.8258426966293 68.08426966292134
1648.4775280898875 78.87078651685394
1642.4101123595506 90.33146067415731
1616.7921348314608 68.75842696629212
1650.5 6.735955056179819
1661.9606741573034 6.735955056179819
1670.7247191011236 8.758426966292177
1554.0955056179776 115.27528089887639
1537.241573033708 126.06179775280899
1489.376404494382 116.62359550561797
1432.747191011236 97.74719101123594
1419.2640449438202 62.691011235955045
1373.4213483146068 117.29775280898875
1368.0280898876406 189.4325842696629
1266.9044943820224 159.7696629213483
1545.3314606741574 171.90449438202245
1599.938202247191 153.70224719101122
1598.5898876404494 120.66853932584269
1594.5449438202247 190.10674157303367
1639.7134831460676 198.8707865168539
1302.2977528089887 240.83707865168537
1487.0168539325841 254.32022471910108
1676.7921348314608 95.0505617977528
1675.443820224719 70.78089887640448
1690.9494382022472 55.27528089887642
1707.803370786517 66.73595505617976
1705.7808988764045 41.792134831460686
1682.8595505617977 43.814606741573044
1719.938202247191 15.5
1728.0280898876404 21.567415730337075
1713.870786516854 10.780898876404535
1690.2752808988764 14.151685393258447
1690.9494382022472 31.005617977528118
904.2078651685393 158.42134831460672
962.185393258427 91.67977528089887
1047.8033707865168 65.38764044943821
1045.1067415730336 44.48876404494382
1068.0280898876404 42.46629213483146
1090.2752808988764 21.567415730337075
1076.1179775280898 84.26404494382021
1107.129213483146 87.63483146067415
1162.4101123595506 100.4438202247191
1190.7247191011236 93.02808988764045
1154.9943820224719 59.320224719101134
1188.7022471910113 49.20786516853934
1198.814606741573 29.657303370786508
1211.623595505618 130.78089887640448
675.331460674157 25.106741573033673
517.578651685393 73.64606741573044
487.9157303370784 99.2640449438203
522.9719101123592 49.376404494382086
