63.291638570465295 848.6321645313552
227.71510451786924 926.312542144302
86.59575185434932 357.95111260957515
64.58631153068109 303.57484828051236
39.987525286581274 321.7002697235332
251.01921780175326 255.67194875252858
209.58968307484832 321.7002697235332
318.34221173297374 304.8695212407281
361.06641942009446 267.32400539447053
424.5053944706675 286.74409979770724
381.7811867835469 342.41503708698576
418.0320296695887 313.9322319622386
420.6213755900202 258.26129467296005
428.38941335131494 205.17970330411322
661.430546190155 298.3961564396493
693.7973701955495 434.3368172623061
678.2612946729602 495.1864463924477
698.9760620364126 544.3840188806472
900.9450438300742 445.98887390424807
889.2929871881322 379.9605529332433
954.026635198921 513.3118678354685
812.9072825354012 176.69689817936603
1496.4946055293324 773.5411328388401
1798.1534052596087 866.7575859743762
1347.6072151045178 361.83513149022247
1223.3186109238031 396.79130141604844
1051.1271072151044 271.20802427511785
992.8668240053944 109.37390424814555
1469.306473364801 246.6092380310181
3.4130141604854316 170.1628455832771
191.7879298718813 132.61732973701953
190.4932569116655 122.25994605529331
222.21274443695214 120.31793661496965
458.4905596763318 69.17835468644637
457.1958867161161 58.82097100472015
519.3401888064734 63.352326365475335
507.04079568442353 64.64699932569113
510.27747808496304 52.34760620364125
545.8809844908969 52.994942683749116
616.4406608226569 34.22218476062034
626.1507080242752 40.69554956169918
626.1507080242752 29.6908293998651
649.4548213081592 25.15947403910991
633.9187457855699 14.802090357383577
660.4595414699934 27.10148347943357
699.2997302764668 45.87424140256235
703.831085637222 29.6908293998651
709.0097774780851 20.628118678354664
727.135198921106 11.565407956844183
712.8937963587324 9.623398516520524
768.5647336480109 2.5026972353336987
795.7528658125423 2.5026972353336987
494.0940660822657 54.28961564396491
13.123061362103783 165.6314902225219
1136.5755225893458 66.58900876601479
1199.367161159811 57.52629804450436
1299.0569790964262 27.10148347943357
1326.8924477410656 30.338165879972962
1343.0758597437625 31.632838840188754
1374.1480107889415 40.69554956169918
1381.9160485502362 27.10148347943357
1393.5681051921779 188.93560350640593
1361.2012811867835 174.69420094403233
1409.1041807147674 23.864801078894065
1521.0933917734324 25.15947403910991
1456.3597437626433 182.46223870532702
1492.610586648685 186.3462575859744
1618.1938637896158 159.80546190155087
1637.6139581928524 127.43863789615642
1688.7535401213756 152.03742414025623
1721.767700606878 231.65981119352665
1736.6564396493595 140.38536749831417
1788.4433580579907 133.91200269723532
1829.8728927848956 265.3213081591369
1683.5748482805125 12.212744436952107
1844.1142953472693 70.4730276466621
182.83557046979865 1041.761744966443
