59.9333683105981 140.58394543546683
144.55036726128026 196.99527806925494
192.90293809024138 154.6867785939138
219.09391395592866 100.29013641133247
305.7256033578175 122.45173137460642
319.82843651626445 88.20199370409227
392.3572927597063 104.3195173137459
541.4443861490033 128.49580272822652
597.8557187827912 144.61332633788027
560.583945435467 39.31427072402931
593.8263378803778 35.28488982161588
597.8557187827912 71.54931794333675
635.1274921301155 79.60807974816362
659.3037775445961 58.45383001049311
700.6049317943338 102.7770199370409
678.4433368310598 10.101259181531987
765.0750262329486 82.63011542497372
798.3174186778595 92.70356768100726
815.4422875131165 102.7770199370409
848.6846799580273 91.69622245540394
819.4716684155301 31.25550891920244
790.2586568730326 28.233473242392392
766.082371458552 28.233473242392392
949.4192025183631 53.653200419727284
976.6175236096537 48.11280167890882
996.7644281217208 41.06138509968531
909.6290661070304 45.090766002098746
878.4013641133263 36.52833158447021
886.9637985309548 24.943861490031594
901.5703043022036 8.826337880377878
924.2355718782792 21.41815320041985
935.316369359916 15.374081846799697
929.7759706190975 4.7969569779644425
951.9375655823715 3.7896117523611106
965.5367261280167 5.300629590766107
981.6542497376704 3.7896117523611106
937.8347324239244 1.774921301154393
1024.466421825813 28.469569779643336
990.7203567681007 4.293284365162776
1044.1096537250787 18.89979013641147
1078.8630640083945 43.07607555089202
1037.0582371458552 50.12749213011554
1088.4328436516264 10.841028331584596
1170.0278069254982 16.381427072403056
1181.612277019937 27.462224554040006
1203.270199370409 13.35939139559298
1226.4391395592863 14.366736621196367
1237.0162644281215 30.98793284365175
1261.1925498426021 14.870409233998032
1284.865162644281 15.877754459601391
1300.4790136411332 12.352046169989649
1313.070828961175 9.330010493179543
1323.1442812172086 19.9071353620148
1338.2544596012592 16.381427072403056
1351.8536201469044 4.293284365162776
1370.4895068205665 19.9071353620148
1363.9417628541448 5.804302203567829
1432.4412381951731 26.45487932843662
1513.5325288562433 9.833683105981208
1530.6573976915004 36.02465897166854
1569.9438614900314 4.293284365162776
1572.9658971668414 31.995278069255107
1543.2492130115425 19.9071353620148
1554.833683105981 7.818992654774547
1632.9029380902412 17.89244491080808
1853.7633788037774 3.7896117523611106
1879.450682056663 15.374081846799697
1863.3331584470093 5.300629590766107
