260.72471910112336 740.050561797753
55.780898876404535 1028.589887640449
670.6123595505618 812.8595505617973
228.36516853932585 589.0393258426963
430.6123595505618 351.73595505617936
247.24157303370794 243.8707865168535
109.71348314606746 270.83707865168503
578.9269662921348 313.9831460674153
764.994382022472 416.45505617977494
1129.0393258426966 127.91573033707823
5.219101123595465 30.5
44.32022471910108 15.668539325842744
144.0955056179775 25.106741573033787
680.7247191011234 112.74719101123594
703.6460674157302 62.85955056179773
785.893258426966 107.35393258426967
768.3651685393256 30.5
806.1179775280896 17.016853932584354
849.26404494382 2.185393258426984
1784.9943820224717 142.41011235955057
1810.6123595505615 33.19662921348316
1763.4213483146066 37.24157303370788
1447.9157303370785 64.20786516853934
1647.4662921348313 23.758426966292177
1697.3539325842694 7.578651685393311
1252.4101123595506 126.2303370786517
1191.7359550561796 116.79213483146066
1661.010067114094 21.13758389261747
