1853.0078698845753 444.802203567681
1572.9658971668416 297.7298006295907
1540.7308499475344 219.15687303252867
-197.94700944386148 706.711962224554
1286.879853095488 95.72560335781736
1182.1159496327386 95.72560335781736
1075.3373557187829 66.51259181531998
960.5 74.57135362014685
849.6920251836306 210.56295907660018
606.9218258132213 130.9826862539349
601.8850996852045 99.7549842602308
659.303777544596 98.74763903462747
849.6920251836306 85.65215110178377
897.0372507869885 78.60073452256029
884.9491080797482 74.57135362014685
900.0592864637986 43.34365162644275
908.1180482686253 36.292235047219265
862.7875131164743 49.387722980062904
854.7287513116474 66.51259181531998
479.99632738719833 39.04669464847859
493.59548793284364 22.42549842602321
494.602833158447 36.52833158447021
501.6542497376705 28.469569779643336
474.95960125918157 0.7675760755510055
512.7350472193075 25.447534102833288
520.7938090241344 22.929171038824876
545.9774396642183 28.469569779643336
550.5104931794333 7.315320041972825
558.5692549842602 7.818992654774547
569.1463798530955 11.848373557187927
602.3887722980063 36.02465897166854
623.0393494228751 55.16421825813234
605.9144805876181 68.76337880377764
650.7413431269674 26.958551941238312
619.5136411332634 21.921825813221517
625.0540398740818 2.2785939139560583
635.631164742917 2.7822665267577236
586.7749213011542 2.7822665267577236
651.7486883525708 1.774921301154393
683.9837355718782 3.7896117523611106
676.9323189926547 2.7822665267577236
687.50944386149 29.476915005246724
701.612277019937 14.366736621196367
709.6710388247639 10.841028331584596
715.7151101783841 13.35939139559298
729.3142707240293 13.35939139559298
737.3730325288561 14.366736621196367
753.9942287513115 50.12749213011554
764.5713536201469 14.870409233998032
794.2880377754459 46.6017838405038
798.3174186778592 22.929171038824876
846.6699895068205 21.41815320041985
854.7287513116473 16.88509968520475
858.7581322140607 10.841028331584596
1896.827387198321 4.0571878279117755
1912.9449108079748 3.049842602308445
1663.123294858342 29.240818467995723
1640.9616998950683 16.145330535152084
1405.2429171038825 17.152675760755415
1344.8022035676809 9.093913955928542
1290.4055613850996 11.108604407135317
1273.2806925498426 17.89244491080808
1266.229275970619 1.774921301154393
1224.4244491080797 10.841028331584596
1214.8546694648476 3.7896117523611106
1161.4653725078697 3.7896117523611106
1142.325813221406 3.7896117523611106
1055.6941238195172 1.2712486883526708
1258.4710144927535 290.21014492753613
1358.9541062801932 248.4710144927535
1005.7173913043476 105.47584541062787
1004.1714975845409 64.5096618357486
515.0893719806763 154.6304347826087
771.3212560386473 201.39371980676327
655.7657004830917 78.49516908212559
703.3019323671497 100.13768115942028
750.451690821256 84.67874396135267
726.1038647342995 59.55797101449275
703.6884057971014 46.80434782608697
719.5338164251207 43.32608695652175
750.0652173913043 56.85265700483092
