1080.5 892.4101123595503
1671.061797752809 727.9157303370783
330.8370786516854 514.8820224719099
994.2078651685393 315.33146067415703
1239.6011235955057 320.72471910112336
1199.1516853932585 269.48876404494354
951.061797752809 261.3988764044941
150.83707865168537 151.1741573033708
177.80337078651684 178.14044943820227
361.17415730337086 157.91573033707863
313.98314606741576 91.8483146067415
288.36516853932585 83.75842696629206
673.983146067416 78.3651685393258
714.432584269663 14.994382022471882
804.7696629213485 44.65730337078645
787.2415730337082 35.219101123595465
882.9719101123599 157.91573033707863
1875.3314606741576 222.6348314606742
1158.0280898876404 23.084269662921315
1070.387640449438 184.88202247191015
963.8707865168539 137.69101123595505
1315.7808988764045 8.252808988763945
1844.3202247191014 102.63483146067415
372.97191011235964 2.353932584269728
932.5224719101127 7.747191011235884
962.8595505617981 5.724719101123469
290.28328173374604 24.308049535603686
179.32352941176458 20.34520123839002
269.47832817337456 6.4752321981424075
336.8467492260061 41.15015479876155
967.4349845201239 218.4876160990712
1616.351393188855 197.68266253869967
1649.0448916408673 106.53715170278633
1700.5619195046445 91.67647058823525
1617.3421052631584 62.945820433436495
1634.1842105263163 61.95510835913308
1547.496904024768 50.05108359133135
1458.8281733746132 49.55572755417961
1354.8034055727558 75.31424148606817
1376.5990712074306 51.04179566563474
1383.5340557275545 27.76006191950472
1410.778637770898 22.806501547987693
1383.0386996904028 13.890092879257052
1358.7662538699692 30.236842105263236
1361.7383900928796 12.899380804953637
1350.840557275542 12.404024767801957
1327.0634674922603 2.4969040247679004
1308.2399380804957 3.4876160990712606
1234.9272445820436 22.311145510835985
1241.8622291021675 8.441176470588289
1580.438080495356 24.7879256965945
1595.7941176470588 22.311145510835985
1604.7105263157894 27.76006191950472
1563.1006191950464 22.806501547987693
1648.3018575851393 62.9303405572756
