27.77816550348936 147.03040877367903
89.99152542372866 98.21684945164513
127.31954137587223 97.25972083748763
170.39032901296093 130.75922233300105
230.68943170488518 119.27367896311074
249.83200398803572 95.34546360917255
273.76021934197394 118.31655034895323
320.6595214356928 105.87387836490535
291.94566301096694 76.20289132602204
291.94566301096694 61.845962113659084
278.54586241276155 61.845962113659084
268.01744765702875 62.80309072781665
382.8728813559321 75.24576271186447
367.5588235294116 65.67447657028919
346.501994017946 61.845962113659084
381.91575274177455 61.845962113659084
402.0154536390827 61.845962113659084
414.4581256231305 58.01744765702898
424.02941176470574 82.90279162512468
431.68644067796595 55.14606181455639
441.2577268195413 59.93170488534406
406.8010967098703 36.003489531405876
411.5867397806579 37.9177467597209
396.2726819541375 42.70338983050851
472.8429710867397 109.70239282153545
447.9576271186439 102.04536390827525
479.5428713858423 84.81704885343976
489.11415752741766 41.746261216351
491.0284147557327 35.04636091724831
537.9277168494516 64.71734795613168
601.0982053838484 75.24576271186447
567.598703888335 45.574775672981104
547.4990029910268 -0.367397806580243
792.5239282153539 133.63060817547364
855.6944167497506 111.61665004985053
743.71036889332 80.03140578265209
706.3823529411765 117.35942173479566
637.4690927218344 61.845962113659084
628.8549351944167 39.83200398803592
613.5408773678962 41.746261216351
641.2976071784645 28.34646061814567
646.0832502492522 18.775174476570328
632.6834496510468 11.118145563310122
626.9406779661016 14.946660019940282
797.3095712861415 44.61764705882359
812.623629112662 28.34646061814567
824.1091724825524 24.51794616151551
844.2088733798603 22.603688933200488
878.6655034895314 11.118145563310122
920.7791625124626 64.71734795613168
946.6216350947159 68.54586241276178
943.7502492522433 19.732303090727896
929.3933200398803 31.217846460618205
921.73629112662 9.2038883349951
962.4142572283149 65.67447657028919
980.5997008973079 32.174975074775716
959.5428713858423 14.946660019940282
1057.1699900299102 5.37537387836494
1096.4122632103688 17.818045862412873
1253.3813559322034 13.032402791625145
1336.651545363908 12.07527417746769
1368.2367896311066 37.9177467597209
1386.4222333000998 53.23180458624131
1568.2766699900299 89.60269192422737
1548.1769690927217 26.432203389830534
1542.4341974077765 31.217846460618205
1526.1630109670987 32.174975074775716
1518.5059820538386 9.2038883349951
1570.190927218345 17.818045862412873
1584.5478564307077 24.51794616151551
1594.1191425722832 28.34646061814567
1630.4900299102692 45.574775672981104
1632.404287138584 64.71734795613168
1646.761216350947 72.37437686939188
1687.9177467597208 25.47507477567308
1697.4890329012962 2.5039880358923483
1655.3753738783648 4.418245264207485
1724.288634097707 4.418245264207485
1746.30259222333 31.217846460618205
1730.031405782652 84.81704885343976
1755.8738783649053 75.24576271186447
1745.3454636091726 111.61665004985053
1807.5588235294117 111.61665004985053
1592.2048853439683 302.08524426719856
1446.7213359920238 281.0284147557329
1296.452143569292 317.399302093719
1380.6794616151547 237.00049850448664
1524.2487537387838 443.7402791625126
1617.090229312064 413.1121635094717
1328.994516450648 130.75922233300105
1090.6694915254236 108.74526420737794
1023.6704885343968 167.1301096709872
1913.8000997008974 155.73429710867367
1879.3434695912267 218.90478564307057
1829.572781655035 243.79012961116632
1885.086241276172 44.70737786640052
1446.6919504643963 35.68575851393197
1808.3018575851393 3.4876160990713174
1846.4442724458204 11.90866873065022
1870.221362229102 23.301857585139402
1878.6424148606811 33.20897832817346
1270.0975232198139 17.852941176470665
1325.082043343653 15.376160990712151
1191.3359133126933 4.9736842105264145
1283.47213622291 34.695046439628555
1165.5773993808048 15.87151702786386
1067.0015479876158 7.450464396284929
1135.360681114551 15.87151702786386
1131.893188854489 29.24613003095982
1153.1934984520121 41.63003095975239
1154.1842105263156 22.806501547987693
1140.3142414860679 31.227554179566653
1180.4380804953557 32.71362229102175
1170.530959752322 18.84365325077408
1014.9891640866871 5.9643962848298315
977.8374613003094 6.955108359133192
914.4318885448915 14.385448916408732
895.6083591331268 38.657894736842195
783.6578947368417 18.84365325077397
793.5650154798758 29.741486068111442
848.5495356037148 42.12538699690401
836.660990712074 42.12538699690401
855.4845201238387 33.70433436532505
904.0294117647055 34.69504643962848
760.3761609907117 16.366873065015454
746.5061919504641 28.255417956656313
735.6083591331266 27.760061919504608
727.6826625386993 24.292569659442705
717.7755417956653 13.89009287925694
707.3730650154796 3.982972136222884
689.0448916408666 32.713622291021636
693.5030959752319 21.320433436532483
690.5309597523217 10.422600619195011
682.6052631578943 10.422600619195011
672.6981424148603 8.441176470588232
548.8591331269345 2.0015479876161066
555.7941176470583 14.385448916408677
561.243034055727 15.376160990712094
588.4876160990707 11.908668730650163
614.7414860681109 10.422600619195066
382.1585365853659 156.70487804878053
315.6609756097561 140.78292682926826
707.6219512195123 68.66585365853655
572.7536585365855 93.95365853658535
771.3097560975611 32.709756097560984
1109.417073170732 39.73414634146343
1082.2560975609758 38.79756097560977
1034.4902439024393 21.47073170731707
531.0756097560976 121.68536585365851
584.9163424124515 50.840466926070036
520.6556420233464 21.249027237354085
537.8151750972764 36.307392996108945
660.0330739299612 39.1964980544747
754.2354085603115 12.931906614785987
659.8579766536966 9.254863813229576
