1705.935466946485 549.5661070304302
1530.6573976915008 346.08237145855185
1530.6573976915008 265.49475341028324
1423.8788037775448 368.2439664218257
1294.9386149003149 362.1998950682056
1270.7623294858345 485.0960125918152
1145.851521511018 414.58184679958026
871.8536201469046 311.8326337880377
1391.6437565582373 184.90713536201451
1280.835781741868 205.0540398740818
1153.910283315845 156.70146904512058
788.2439664218258 81.6227701993704
922.2208814270724 95.72560335781736
990.7203567681007 159.1883525708289
1042.094963273872 163.21773347324233
1107.5724029380904 138.03410283315839
1064.2565582371458 123.93126967471142
1121.6752360965372 85.65215110178377
1023.9627492130115 85.65215110178377
865.8095487932843 68.5272822665267
838.6112277019937 74.57135362014685
842.6406086044071 47.373032528856186
860.7728226652675 25.211437565582287
905.0960125918153 37.299580272822595
881.927072402938 40.3216159496327
936.3237145855194 18.16002098635886
944.3824763903463 35.28488982161588
965.5367261280168 15.137985309548753
942.3677859391396 4.0571878279117755
1000.7938090241342 50.395068205666234
1057.2051416579225 11.108604407135317
1233.4905561385099 10.101259181531987
1264.718258132214 4.0571878279117755
1340.2691500524659 16.145330535152084
1372.5041972717734 23.196747114375626
1420.8567681007346 28.233473242392392
1408.7686253934942 28.233473242392392
1498.9260230849948 75.57869884575018
1551.3079748163693 63.490556138509874
1603.6899265477439 7.079223504721881
1590.5944386149004 4.0571878279117755
1628.8735571878278 7.079223504721881
1734.6448058761805 15.137985309548753
997.5137524557958 4.18369351669952
1088.5157170923378 4.18369351669952
1065.520134228188 425.81543624161077
-170.238255033557 791.775167785235
1027.023489932886 25.647651006711413
982.5671140939597 9.218120805369153
