117.12921348314603 207.12921348314603
185.8932584269662 163.9831460674157
210.16292134831457 87.12921348314609
281.62359550561786 142.41011235955057
332.8595505617977 174.7696629213483
493.30898876404484 258.3651685393258
652.4101123595503 258.3651685393258
448.81460674157296 165.3314606741573
494.65730337078634 155.89325842696627
274.88202247191003 87.12921348314609
280.27528089887636 50.72471910112358
300.49999999999994 68.25280898876406
316.6797752808988 92.52247191011236
340.9494382022471 84.43258426966293
353.08426966292126 107.35393258426967
398.92696629213475 103.30898876404495
376.00561797752795 83.08426966292137
373.30898876404484 64.20786516853934
350.38764044943815 54.7696629213483
431.2865168539325 39.93820224719104
438.0280898876403 74.99438202247188
469.03932584269654 50.72471910112358
508.1404494382021 41.286516853932596
541.8483146067415 79.03932584269666
629.4887640449438 27.803370786516894
718.4775280898875 39.93820224719104
792.6348314606739 14.320224719101134
851.9606741573032 7.578651685393311
841.1741573033705 201.73595505617976
830.3876404494379 165.3314606741573
931.511235955056 169.37640449438203
619.376404494382 597.1292134831457
727.2415730337078 742.7471910112356
1147.9157303370785 799.3764044943816
1870.6123595505615 858.7022471910109
1681.8483146067415 446.11797752808957
1727.691011235955 411.0617977528086
1609.0393258426966 389.4887640449434
956.4550561797754 462.29775280898843
999.6011235955056 386.7921348314603
980.7247191011237 224.99438202247154
991.5112359550561 179.15168539325805
1104.7696629213483 152.18539325842653
1120.9494382022472 122.52247191011202
1199.1516853932585 152.18539325842653
1269.2640449438204 136.00561797752766
1328.5898876404494 141.398876404494
1215.3314606741574 322.07303370786485
1093.9831460674159 305.8932584269659
1069.7134831460676 281.6235955056177
1353.5337078651685 92.52247191011236
1446.567415730337 66.90449438202245
1504.5449438202245 89.82584269662925
1543.6460674157302 30.5
1540.949438202247 70.94943820224717
1612.4101123595503 37.24157303370788
1611.0617977528088 74.99438202247188
1648.8146067415728 73.64606741573039
1492.4101123595503 4.882022471910091
1429.0393258426966 19.71348314606746
1329.2640449438202 6.230337078651701
1772.8595505617975 23.758426966292177
1836.2303370786515 8.92696629213492
1915.7808988764043 29.151685393258447
1900.949438202247 22.410112359550567
1801.1741573033705 27.803370786516894
1817.3539325842694 154.54494382022472
1321.94966442953 347.2114093959733
70.4060402684564 249.8825503355705
1829.6543624161072 285.3590604026847
