1391.3724832214766 888.4194630872482
1425.1979865771814 690.2986577181207
798.6208053691275 493.7885906040267
959.6946308724835 239.29194630872462
811.5067114093961 153.92281879194604
405.6006711409396 41.17114093959708
362.1107382550336 29.895973154362082
228.4194630872483 20.23154362416085
163.98993288590606 161.97651006711385
1275.3993288590605 239.29194630872462
1235.1308724832215 97.54697986577162
1180.3657718120808 124.929530201342
1133.6543624161075 165.19798657718093
1096.6073825503356 102.37919463087223
1148.1510067114095 74.99664429530173
1175.53355704698 86.27181208053662
920.6342281879197 88.48657718120785
985.8691275167787 75.60067114093937
1010.030201342282 94.92953020134206
1088.1510067114095 85.26510067114071
1035.802013422819 49.023489932885695
1078.4865771812083 17.61409395973135
1066.4060402684565 7.949664429530003
1029.3590604026847 10.365771812080311
983.4530201342284 3.9228187919460424
1047.4941060903732 17.386051080550203
1082.8575638506877 8.427308447937264
1126.0838926174497 428.3926174496646
1235.6140939597317 450.2986577181209
1383.8020134228186 445.1442953020136
718.8892617449663 257.0100671140941
961.029411764706 108.32352941176464
997.7352941176472 127.0294117647058
1052.4411764705883 87.49999999999991
1356.1470588235295 294.5
1240.9117647058824 125.26470588235287
1283.9705882352941 145.0294117647058
945.852941176471 69.49999999999994
