171.73595505617948 130.6123595505618
39.60112359550567 162.97191011235918
253.30898876404473 139.71348314606746
371.96067415730306 114.09550561797761
428.58988764044915 104.65730337078656
521.6235955056177 83.08426966292143
553.9831460674154 85.78089887640459
567.4662921348311 85.78089887640459
582.2977528089884 103.30898876404501
610.6123595505615 80.38764044943827
602.522471910112 95.21910112359558
328.8146067415728 351.39887640449444
331.5112359550559 297.4662921348315
527.0168539325839 271.8483146067416
498.70224719101094 244.88202247191015
586.3426966292132 305.55617977528095
622.7471910112356 247.5786516853933
659.151685393258 254.32022471910113
633.5337078651683 328.47752808988764
749.4887640449435 227.35393258426973
777.8033707865166 200.38764044943827
829.0393258426963 130.27528089887647
923.4213483146063 69.60112359550573
904.5449438202243 79.03932584269671
966.5674157303367 81.73595505617988
1059.6011235955052 122.18539325842704
998.9269662921345 162.6348314606742
958.4775280898873 200.38764044943827
899.151685393258 200.38764044943827
851.960674157303 213.87078651685397
926.1179775280896 267.8033707865169
888.3651685393254 352.74719101123605
1043.4213483146063 433.6460674157304
36.90449438202245 300.5000000000001
287.6910112359549 556.679775280899
284.99438202247177 764.3202247191012
398.25280898876395 545.8932584269663
853.9831460674154 589.0393258426967
1404.0955056179769 632.185393258427
1668.3651685393254 518.9269662921349
1880.7247191011234 34.54494382022472
1909.0393258426964 57.46629213483152
1859.1516853932583 2.185393258426984
1795.7808988764043 22.410112359550567
1787.6910112359549 54.7696629213483
1805.2191011235952 61.511235955056236
1863.196629213483 92.52247191011236
1805.2191011235952 128.9269662921348
1790.3876404494379 95.21910112359552
1748.5898876404492 50.72471910112358
1704.0955056179773 48.028089887640476
1709.4887640449435 23.758426966292177
1669.0393258426964 54.7696629213483
1655.5561797752807 53.421348314606746
1628.5898876404492 43.98314606741576
1619.1516853932583 58.814606741573016
1592.1853932584268 54.7696629213483
1566.567415730337 48.028089887640476
1515.3314606741571 39.93820224719104
1511.2865168539324 23.758426966292177
1523.4213483146066 17.016853932584354
1554.4325842696628 124.88202247191009
1597.5786516853932 120.83707865168537
1573.308988764045 162.63483146067415
1547.6910112359549 161.2865168539326
1710.8370786516853 126.2303370786517
1635.3314606741571 74.99438202247188
1878.0280898876401 162.63483146067415
1879.3764044943819 110.05056179775283
1917.1292134831458 263.7584269662921
1461.3988764044943 74.99438202247188
1460.0505617977526 52.07303370786519
1456.005617977528 38.58988764044943
1477.5786516853932 39.93820224719104
1478.9269662921347 56.11797752808991
1333.308988764045 38.58988764044943
1303.6460674157302 41.286516853932596
1418.252808988764 35.89325842696633
1410.1629213483145 88.47752808988764
1403.4213483146066 61.511235955056236
1372.4101123595503 80.38764044943821
1372.4101123595503 68.25280898876406
1337.3539325842696 73.64606741573039
1291.511235955056 99.26404494382024
1269.938202247191 116.79213483146066
1225.443820224719 141.06179775280896
1195.7808988764043 126.2303370786517
1197.129213483146 104.65730337078651
1164.7696629213483 100.61235955056179
1155.3314606741571 132.97191011235952
1094.6573033707864 155.89325842696627
1807.4261744966443 19.869127516778576
1915.989932885906 568.8489932885908
