309.65254237288127 553.8998005982053
694.4182452642074 149.9915254237285
483.8499501495514 96.39232303090695
120.14107676969081 163.391326021934
104.8270189431704 146.16301096709844
391.9656031904286 96.39232303090695
794.9167497507476 59.93170488534406
800.6595214356928 31.217846460618205
786.3025922233298 41.746261216351
815.0164506480558 29.303589232303125
828.4162512462611 33.132103688933285
880.1011964107676 21.64656031904292
938.4860418743768 14.946660019940282
938.4860418743768 6.332502492522508
981.5568295114655 32.174975074775716
955.7143569292123 44.61764705882359
1024.6276171485542 24.51794616151551
971.0284147557327 19.732303090727896
1051.427218344965 24.51794616151551
1214.1390827517448 44.61764705882359
1257.2098703888335 11.118145563310122
1327.080259222333 21.64656031904292
1333.7801595214357 1.5468594217348937
1491.227816550349 99.17397806580266
1632.882851445663 73.33150548354945
1594.5977068793618 122.14506480558333
1683.610667996012 8.246759720837531
1751.5667996011964 48.446161515453696
1773.5807577268195 202.54386839481566
1752.5239282153539 1.5468594217348937
455.1360917248254 471.5867397806579
633.1620139581255 328.0174476570287
1188.3637770897833 51.04179566563474
1150.2213622291022 3.4876160990713174
1082.3575851393189 26.769349845201305
1109.1068111455108 8.441176470588289
1118.5185758513933 11.90866873065022
1169.0448916408668 3.9829721362229975
1000.128482972136 10.422600619195123
989.7260061919503 4.9736842105264145
920.3761609907119 44.1068111455109
812.8839009287924 41.63003095975239
832.2027863777089 41.63003095975239
860.4380804953558 46.58359133126942
870.3452012383899 32.71362229102175
879.2616099071206 33.70433436532517
896.5990712074301 29.24613003095982
905.0201238390091 11.90866873065022
469.1068111455109 120.40712074303406
144.2658536585365 135.1634146341463
567.6024390243904 87.39756097560974
574.1585365853659 77.09512195121954
613.4951219512195 63.98292682926831
616.3048780487804 83.6512195121951
764.7536585365856 60.33902439024391
955.8170731707319 34.11463414634147
1146.8804878048784 72.04634146341462
1495.7585365853658 205.40731707317076
1473.280487804878 173.56341463414634
1803.8951219512196 57.42682926829269
1775.79756097561 12.4707317073171
1822.6268292682928 8.724390243902462
1829.6512195121954 174.29512195121924
1445.6512195121952 550.8024390243901
1538.204280155642 41.99805447470817
1581.6284046692606 41.647859922178974
1541.0058365758755 21.686770428015564
1357.8540856031125 3.9143968871595405
1395.1498054474705 15.996108949416337
1288.5155642023344 23.700389105058363
1229.3326848249026 19.67315175097276
836.7645914396883 58.7198443579767
835.7140077821008 28.603112840466935
1037.0758754863816 10.217898832684824
