118.96257585974377 947.0273095077545
436.1574511126096 844.748145650708
843.9794335805798 676.4406608226566
1065.368509777478 636.3057990559677
1119.7447741065407 558.6254214430209
1246.622724207687 517.1958867161159
1100.3246797033041 382.5498988536749
1184.4784221173297 368.30849629130125
934.6065407956844 273.79737019554943
948.847943358058 240.1358732299392
833.6220498988537 326.8789615643964
807.7285906945381 321.7002697235332
781.8351314902225 216.83175994605517
779.245785569791 171.51820633850298
744.2896156439649 185.75960890087651
645.8944706675658 117.14194200944019
1669.9807821982467 649.2525286581254
1512.0306810519216 530.1426163182737
1407.1621712744436 462.8196223870532
1326.8924477410653 444.69420094403233
1266.0428186109236 412.3273769386378
1316.535064059339 290.62811867835467
1293.230950775455 203.88503034389737
1207.7825354012136 174.10755225893445
1133.9861766689144 244.01989211058662
1139.1648685097773 168.9288604180714
1149.5222521915036 140.4460552933242
1139.1648685097773 135.26736345246115
1100.3246797033041 131.38334457181372
1189.657113958193 145.62474713418737
1200.014497639919 128.79399865138225
1210.3718813216453 100.31119352663507
1250.5067430883344 153.392784895482
1291.9362778152392 135.26736345246115
1321.7137559002022 155.9821308159136
1374.7953472690492 154.68745785569786
1369.616655428186 180.58091706001335
1418.8142279163856 200.00101146325008
1400.6888064733648 277.68138907619687
1483.5478759271746 225.89447066756566
1545.692178017532 126.20465273095067
1561.2282535401214 330.7629804450437
1499.0839514497638 359.2457855697909
1442.1183412002697 378.6658799730276
1637.6139581928521 390.31793661496954
1669.9807821982467 418.8007417397167
1817.5734996628455 357.95111260957515
1808.510788941335 435.63149022252185
1891.3698583951448 514.6065407956844
1910.7899527983816 566.3934592043155
1790.385367498314 263.4399865138232
1150.8169251517195 95.13250168577201
1185.7730950775453 87.36446392447726
829.7380310182064 155.9821308159136
793.4871881321644 108.07923128792982
740.4055967633176 132.67801753202957
367.53978422117325 48.463587322993874
346.8250168577208 36.81153068105186
362.3610923803102 21.275455158462478
376.60249494268373 38.75354012137552
407.6746459878624 39.400876601483446
427.742076871207 34.22218476062034
426.4474039109913 69.17835468644637
410.9113283884019 71.12036412677003
458.8142279163858 70.4730276466621
474.997639919083 68.53101820633844
466.5822656776804 40.69554956169918
493.77039784221176 27.10148347943357
512.5431557653405 11.565407956844183
534.5525960890088 11.565407956844183
553.3253540121376 49.758260283209665
562.3880647336481 34.22218476062034
553.9726904922455 20.628118678354664
620.6483479433581 27.10148347943357
643.9524612272422 34.22218476062034
560.4460552933244 77.59372892784893
583.7501685772085 79.53573836817259
594.7548887390426 52.34760620364125
644.59979770735 54.936952124072775
665.9619015509104 76.946392447741
663.3725556304788 57.52629804450436
747.5262980445045 109.96055293324343
758.5310182063387 88.59844908968307
774.067093728928 88.59844908968307
782.4824679703305 70.4730276466621
711.2754551584627 49.758260283209665
686.029332434255 43.284895482130764
675.0246122724209 13.507417397167842
719.0434929197573 8.9760620364126
713.8648010788943 25.15947403910991
748.8209710047203 34.22218476062034
788.9558327714094 49.758260283209665
792.1925151719489 38.75354012137552
814.849291975725 27.10148347943357
838.800741739717 16.096763317599425
829.7380310182065 47.81625084288601
814.2019554956171 41.99022252191497
805.7865812542145 54.28961564396491
844.6267700606879 58.82097100472015
850.4527983816589 46.521577882670215
894.4716790289955 79.53573836817259
857.5734996628457 75.00438300741736
845.9214430209037 108.66587997302759
827.7960215778828 95.07181389076197
796.7238705327042 84.06709372892783
872.4622387053272 124.8492919757249
889.9403236682402 116.43391773432234
898.3556979096428 99.60316925151716
922.3071476736346 86.00910316925149
941.0799055967635 100.89784221173295
907.4184086311533 54.936952124072775
913.2444369521243 45.22690492245442
925.5438300741741 52.994942683749116
937.1958867161161 49.758260283209665
942.3745785569793 30.338165879972962
958.5579905596765 50.40559676331759
1008.4028995279839 69.17835468644637
995.4561699258263 67.88368172623058
984.4514497639921 76.946392447741
991.5721510451788 93.77714093054612
1003.224207687121 133.91200269723532
972.7993931220501 122.90728253540118
942.3745785569793 136.50134861766685
973.446729602158 100.89784221173295
955.968644639245 84.06709372892783
1033.6490222521916 61.410316925151676
1047.8904248145652 57.52629804450436
1056.3057990559678 52.34760620364125
1078.3152393796358 27.10148347943357
1066.015846257586 67.88368172623058
1068.6051921780177 90.54045853000673
1097.0879973027647 99.60316925151716
1323.6557653405262 70.4730276466621
1327.5397842211735 59.46830748482802
1342.4285232636548 52.34760620364125
1351.4912339851653 72.41503708698582
1182.5364126770062 67.88368172623058
1196.130478759272 56.878961564396434
1181.8890761968983 49.758260283209665
1177.357720836143 39.400876601483446
1167.6476736345248 57.52629804450436
1135.2808496291302 63.99966284558326
1114.5660822656778 84.06709372892783
1124.2761294672962 86.00910316925149
1135.2808496291302 49.758260283209665
1144.3435603506407 52.34760620364125
1100.972016183412 49.758260283209665
1084.141267700607 52.34760620364125
1068.6051921780177 41.99022252191497
1101.61935266352 65.94167228590692
1113.9187457855699 63.352326365475335
1113.271409305462 52.994942683749116
1114.5660822656778 43.284895482130764
1200.6618341200272 41.342886041807105
1201.309170600135 56.878961564396434
1208.4298718813218 65.94167228590692
1482.9005394470669 93.12980445043826
1496.4946055293326 99.60316925151716
1511.3833445718142 108.66587997302759
508.5737444373808 41.637952956134654
410.315638906548 24.549586776859428
919.9151303242213 64.82930705657964
1034.110738255034 87.17785234899327
1310.8355704697988 60.11744966442956
