1142.5224719101125 1040.7247191011234
1387.9157303370785 579.6011235955053
1757.3539325842694 563.4213483146065
1274.6573033707864 490.61235955056156
1191.061797752809 382.7471910112357
700.2752808988765 185.89325842696599
827.0168539325842 61.84831460674127
1010.3876404494381 86.11797752808957
1050.8370786516853 67.2415730337076
1247.691011235955 288.3651685393255
1315.1067415730336 293.75842696629184
1258.4775280898875 234.43258426966258
1331.2865168539324 204.76966292134807
1468.1404494382027 300.83707865168543
1338.7022471910116 120.16292134831463
1299.601123595506 112.07303370786514
1170.1629213483147 102.63483146067415
1144.544943820225 110.72471910112358
982.747191011236 21.735955056179705
1076.11797752809 3.7022471910113377
1192.0730337078653 11.792134831460771
1204.2078651685392 48.870786516854025
1022.8595505617978 3.7022471910113377
462.9719101123595 355.78089887640425
1406.3204334365328 416.6609907120742
742.5433436532508 128.33281733746128
766.3204334365325 140.22136222910217
936.7229102167182 179.8498452012384
961.4907120743035 152.10990712074306
853.5030959752321 257.12538699690407
889.1687306501549 143.19349845201236
