349.4143627781524 1005.2875927174646
1431.7609575185434 1055.77983816588
1272.5161834120026 1066.1372218476063
1038.1803776129466 312.63755900202284
1110.6820633850302 264.73465947403906
988.9828051247472 231.07316250842882
972.1520566419421 149.50876601483472
14.094066082265726 448.57821982467965
366.2451112609575 345.00438300741735
288.5647336480108 272.5026972353337
307.9848280512475 192.23297370195542
406.37997302764666 246.6092380310181
442.6308159136885 155.9821308159136
398.611935266352 123.61530681051909
328.69959541469996 78.85805799055973
213.15003371544174 78.5343897505058
196.31928523263662 96.6598111935267
231.92279163857052 34.191840863115374
484.38401888064743 50.40559676331759
475.96864463924487 99.60316925151716
512.8668240053945 36.164194200943996
545.233648010789 86.00910316925149
647.5128118678356 127.43863789615642
689.5896830748484 138.4433580579905
624.2086985839516 40.69554956169918
755.6180040458531 166.27882670262977
735.5505731625086 99.60316925151716
738.1399190829401 47.81625084288601
868.2545515846259 91.83513149022247
1679.0434929197572 58.45178691840867
1766.7575859743763 37.737019554956206
1245.4898853674983 58.93728927848959
1020.054956169926 10.270734996628448
1054.363789615644 -20.801416048550323
