7.620701281186825 355.36176668914345
86.59575185434932 268.6186783546864
285.97538772757923 669.9672960215778
806.4339177343222 149.50876601483472
856.9261631827376 180.58091706001335
916.4811193526634 553.4467296021577
1461.5384356035063 408.4433580579905
1549.5761968981792 198.7063385030342
1566.4069453809843 108.07923128792982
1390.3314227916385 145.62474713418737
1271.2215104517868 22.630815913688366
1216.8452461227241 20.041469993256896
1466.7171274443695 69.2390424814564
1438.2343223196224 60.176331759945924
1664.8020903573836 117.14194200944019
1701.0529332434253 86.06979096426153
1690.6955495616992 5.800067430883246
1622.0778826702629 13.568105192177882
196.0294117647059 575.7941176470587
