83.93656343656346 846.4340659340658
457.9625374625375 781.2192807192805
950.9095904095905 721.7587412587411
1025.7147852147853 631.6088911088909
1136.9635364635367 551.0494505494503
1296.1643356643358 520.3601398601396
1748.8316683316684 658.4620379620377
1913.7867132867136 94.54595404595364
1735.4050949050952 130.98951048951017
1850.49000999001 161.67882117882084
1687.4530469530473 236.48401598401563
1585.7947052947056 121.39910089910052
1604.9755244755247 90.70979020978984
1549.351148851149 129.0714285714282
12.967532467532521 317.04345654345616
275.7447552447553 253.74675324675286
302.5979020979022 255.66483516483478
459.88061938061946 196.20429570429542
824.3161838161839 334.3061938061935
1027.6328671328672 215.3851148851145
1211.7687312687315 223.0574425574422
1230.9495504495505 169.35114885114854
1152.3081918081919 177.02347652347612
1338.362137862138 161.67882117882084
1303.8366633366634 142.49800199800166
1259.7207792207794 129.0714285714282
1476.4640359640362 157.84265734265705
1426.5939060939063 102.21828171828133
1631.8286713286716 4.396103896103568
1507.1533466533467 4.396103896103568
1491.8086913086916 8.232267732267246
1470.7097902097903 13.986513486513104
1353.7067932067935 75.36513486513445
1359.461038961039 54.26623376623343
1330.6898101898103 17.82267732267701
1223.277222777223 84.9555444555441
1240.53996003996 88.79170829170789
1257.8026973026974 63.85664335664296
1225.195304695305 8.232267732267246
1213.6868131868134 48.51198801198757
1230.9495504495505 35.08541458541413
1194.5059940059941 13.986513486513104
1064.0764235764236 111.80869130869087
1010.3701298701301 148.2522477522474
975.8446553446555 163.59690309690268
665.1153846153848 182.77772227772198
718.8216783216785 182.77772227772198
943.2372627372629 117.56293706293673
910.6298701298701 107.97252747252708
1048.8735644974408 4.870534560344822
1016.2221000777446 10.312445296960846
938.946967617797 40.78714542201061
987.3799731736797 19.563693549208097
994.9986482049421 17.931120328223244
1004.7940875308509 16.842738180900028
885.6162423989599 65.27574373678272
887.2488156199447 78.8805205783228
849.1554404636324 109.89941177703417
861.1276440841878 121.32742432392783
913.3699871557017 26.09398643314728
955.8168909013067 20.652075696531256
55.6012623739897 178.5573073280367
65.2893964177681 162.81408950689683
72.55549695060188 145.85985493028465
83.4546477498526 128.90562035367236
113.73006663666008 110.74036902158787
90.72074828268637 109.52935226611565
97.9868488155202 110.74036902158787
96.7758320600479 167.65815652878598
107.67498285929861 159.1810392404799
100.40888232646478 147.07087168575686
137.95040174610608 174.92425706161976
151.27158605630137 170.0801900397306
146.42751903441217 136.17172088650614
200.9232730306657 154.33697221859074
211.82242382991637 126.48358684272785
234.83174218389013 136.17172088650614
244.51987622766856 141.0157879083954
255.41902702691914 149.49290519670149
268.7402113371145 124.06155333178322
320.81393182242334 92.57511768950336
674.430824420335 87.73105066761423
659.8986233546674 81.67596689025277
648.9994725554167 98.63020146686495
627.2011709569152 98.63020146686495
605.4028693584139 102.26325173328178
578.7605007380232 107.10731875517104
508.52152892062986 82.88698364572497
716.8164108618654 109.52935226611565
303.85969724581116 189.45645812728745
303.85969724581116 143.43782141934003
303.85969724581116 121.63951982083859
292.96054644656044 130.11663710914468
320.81393182242334 137.38273764197857
328.08003235525723 128.90562035367236
375.3096858186768 127.69460359820005
391.0529036398168 132.5386706200893
160.34282907662075 137.06188605108053
567.7298624754421 88.02455795677798
628.0834970530452 72.93614931237715
1339.360510805501 17.386051080550203
62.26817288801559 110.65717092337911
300.5882352941178 110.97058823529413
347.17647058823536 141.85294117647052
333.0588235294119 121.02941176470583
358.6470588235295 116.08823529411758
372.2352941176472 116.79411764705875
511.38235294117635 200.97058823529397
584.4411764705882 187.9117647058822
463.82352941176464 95.26470588235287
481.82352941176464 107.61764705882345
523.1176470588234 85.2058823529411
532.2941176470588 87.49999999999991
565.1176470588234 62.61764705882345
605.1764705882352 75.49999999999993
661.1176470588234 62.79411764705877
667.1176470588234 60.32352941176465
674.1764705882351 49.02941176470583
1024.6470588235297 24.941176470588232
1140.2352941176475 24.058823529411782
1158.7647058823536 26.000000000000014
1272.0588235294124 6.941176470588232
1785.8529411764707 93.50000000000006
