525.2036688617122 796.9816556914393
978.5620884289748 600.1048918156162
1162.7953904045157 562.1745061147695
895.4764816556916 143.13405456255873
913.5385700846663 121.45954844778919
1368.7031984948262 126.87817497648155
1475.2695202257764 70.88570084666026
1527.6495766698026 69.07949200376277
1670.3400752587022 177.45202257761048
1863.6044214487301 381.55362182502347
1719.1077140169336 25.730479774223795
1749.8132643461904 25.730479774223795
1776.9063969896524 22.118062088428815
1800.3871119473192 32.95531514581353
1874.4416745061149 22.118062088428815
1894.3099717779874 31.149106302916152
15.401222953903954 55.5611476952023
37.075729068673496 47.4332079021637
103.00235183443081 44.72389463781752
150.8668861712135 39.30526810912511
174.34760112888048 32.98353715898406
197.82831608654746 19.436970837253057
214.98730009407333 22.146284101599235
231.24317968015052 25.758701787394216
250.20837253057383 13.115239887112011
267.36735653809967 16.727657572906878
278.2046095954845 22.146284101599235
292.6542803386642 25.758701787394216
306.2008466603951 35.692850423330235
336.0032925682033 38.40216368767642
372.1274694261524 22.146284101599235
414.5733772342428 22.146284101599235
432.63546566321736 20.340075258701745
452.5037629350894 22.146284101599235
439.8603010348072 86.26669802445912
484.112417685795 15.82455315145819
497.65898400752604 6.793508936970852
528.3645343367828 6.793508936970852
545.5235183443086 36.59595484477893
603.3222013170274 6.793508936970852
634.0277516462842 38.40216368767642
626.8029162746943 16.727657572906878
698.1481655691441 32.08043273753532
726.1444026340547 52.851834430856115
731.5630291627471 28.468015051740394
751.4313264346191 35.692850423330235
764.9778927563501 22.146284101599235
208.66556914393223 13.115239887112011
1661.6132437619965 13.5134357005752
299.4635316698656 20.82629558541248
