5.556179775280896 62.01685393258427
19.039325842696655 18.196629213483163
60.162921348314626 8.084269662921372
76.34269662921352 55.27528089887642
60.83707865168543 66.73595505617976
111.39887640449442 78.19662921348313
103.98314606741573 51.2303370786517
84.43258426966295 96.39887640449439
162.63483146067418 47.185393258426984
119.48876404494385 4.039325842696655
143.75842696629215 2.6910112359550453
196.34269662921346 2.6910112359550453
174.09550561797752 14.151685393258447
213.87078651685394 42.46629213483146
226.6797752808989 31.679775280898866
197.69101123595507 82.91573033707866
259.0393258426966 57.97191011235955
260.3876404494382 32.35393258426967
292.0730337078652 36.39887640449439
352.0730337078652 49.88202247191012
376.3426966292135 78.87078651685394
384.4325842696629 55.27528089887642
407.3539325842696 82.91573033707866
413.4213483146067 22.24157303370788
380.3876404494382 14.825842696629223
348.0280898876405 8.084269662921372
184.2078651685393 201.56741573033705
161.28651685393257 230.5561797752809
60.83707865168543 193.4775280898876
358.14044943820227 217.74719101123594
59.15168539325839 389.1516853932584
212.85955056179768 364.8820224719101
319.3764044943819 308.252808988764
401.62359550561786 277.2415730337078
489.2640449438201 292.07303370786514
630.8370786516853 327.12921348314603
673.9831460674156 341.96067415730334
779.1516853932583 381.06179775280896
741.3988764044941 262.41011235955057
814.207865168539 234.0955056179775
892.4101123595503 240.83707865168537
932.8595505617975 327.12921348314603
472.91573033707857 26.87640449438203
454.3764044943819 13.05617977528091
523.4775280898875 36.65168539325845
506.9606741573033 40.02247191011237
548.4213483146066 37.32584269662922
592.9157303370786 14.067415730337089
628.6460674157302 4.6292134831460885
550.7808988764044 18.112359550561806
513.7022471910111 8.000000000000014
538.6460674157303 13.7303370786517
486.0617977528089 24.516853932584283
666.567415730337 124.03932584269663
679.376404494382 153.70224719101122
640.949438202247 100.4438202247191
691.5112359550561 95.0505617977528
686.1179775280898 44.48876404494382
707.691011235955 34.37640449438203
678.0280898876404 13.477528089887642
710.3876404494381 3.3651685393258504
413.0842696629213 6.735955056179819
774.0955056179776 104.48876404494382
769.376404494382 65.38764044943821
800.3876404494382 112.57865168539325
813.870786516854 68.75842696629212
822.6348314606741 26.286516853932596
882.6348314606741 107.18539325842696
907.5786516853933 39.09550561797755
901.5112359550561 7.410112359550567
865.1067415730337 3.3651685393258504
915.6685393258427 13.477528089887642
939.2640449438202 28.98314606741576
951.3988764044943 22.24157303370788
951.3988764044943 4.039325842696655
964.8820224719101 9.432584269662925
1006.6797752808989 39.09550561797755
1061.9606741573032 29.657303370786508
1158.3651685393256 108.53370786516854
1107.8033707865166 204.26404494382018
1172.522471910112 178.64606741573033
1241.2865168539324 90.33146067415731
1314.0955056179773 62.01685393258427
1668.3651685393256 63.196629213482765
1905.6685393258426 55.10674157303333
1711.5112359550562 230.38764044943787
1093.9831460674159 354.4325842696626
1762.7471910112358 28.140449438201813
376.67977528089887 880.275280898876
543.8707865168539 613.3089887640446
748.8146067415731 559.3764044943816
336.2303370786517 -211.8595505617982
