743.4213483146066 289.71348314606746
978.0280898876405 384.0955056179772
1242.2977528089887 295.10674157303333
1350.1629213483147 257.3539325842693
1433.758426966292 370.61235955056145
171.0617977528089 108.70224719101122
216.9044943820224 65.55617977528095
296.4550561797752 91.1741573033708
311.2865168539325 45.33146067415731
354.43258426966287 56.11797752808991
367.9157303370785 56.11797752808991
462.2977528089886 48.028089887640476
660.4999999999998 57.46629213483152
-137.70224719101125 467.3539325842696
965.2191011235955 80.38764044943821
1040.7247191011234 56.11797752808991
1004.3202247191009 31.84831460674161
1031.2865168539324 50.72471910112358
1106.7921348314605 68.25280898876406
1114.88202247191 62.85955056179773
1152.634831460674 69.60112359550567
1175.5561797752807 56.11797752808991
1234.88202247191 97.91573033707868
1280.7247191011234 95.21910112359552
1488.3651685393256 83.08426966292137
1034.9943820224717 17.52247191011236
1041.0617977528088 13.477528089887642
1049.1516853932583 15.5
1053.196629213483 12.129213483146088
1068.702247191011 14.151685393258447
1166.455056179775 35.72471910112358
1149.6011235955054 37.07303370786519
1186.6797752808986 43.14044943820227
1196.7921348314603 43.814606741573044
1205.5561797752807 41.792134831460686
1176.567415730337 41.792134831460686
1261.511235955056 83.58988764044943
1277.6910112359549 78.19662921348313
1290.4999999999998 76.17415730337078
1235.2191011235955 77.52247191011236
708.7022471910113 36.39887640449439
821.9606741573035 76.84831460674161
1546.0056179775281 59.32022471910108
1558.814606741573 66.7359550561797
1538.5898876404494 67.41011235955051
1819.7134831460673 93.70224719101117
1511.623595505618 80.21910112359544
1523.0842696629213 70.10674157303364
936.7229102167182 50.54643962848303
797.0325077399381 3.4876160990713174
863.4102167182663 8.936532507740026
988.7352941176471 32.71362229102175
981.8003095975232 34.695046439628555
740.5619195046439 31.227554179566653
