719.1516853932584 1056.9044943820222
58.47752808988764 803.4213483146063
55.780898876404535 506.79213483146043
1590.1629213483143 752.1853932584266
444.09550561797766 401.6235955056177
533.0842696629214 371.96067415730306
926.7921348314607 288.3651685393255
450.16292134831474 250.94943820224722
448.81460674157313 172.7471910112359
491.96067415730346 163.30898876404495
429.93820224719116 101.28651685393254
758.9269662921351 156.56741573033707
508.47752808988776 156.06179775280904
492.97191011235964 141.90449438202253
524.6573033707866 110.21910112359558
585.3314606741574 67.74719101123605
475.4438202247193 65.05056179775289
493.6460674157305 57.634831460674235
520.6123595505619 42.129213483146145
627.8033707865169 36.735955056179876
568.4775280898878 11.117977528089966
544.2078651685395 18.53370786516862
608.9269662921349 13.140449438202324
640.6123595505619 20.55617977528098
627.8033707865169 19.882022471910204
679.0393258426967 51.56741573033716
712.0730337078653 36.735955056179876
674.3202247191012 3.7022471910113377
946.0056179775283 135.83707865168546
898.8146067415734 129.0955056179776
875.8932584269667 114.93820224719106
862.4101123595508 112.24157303370794
880.6123595505621 106.84831460674164
940.6123595505621 98.7584269662922
966.2303370786519 83.25280898876412
991.174157303371 70.44382022471916
911.6235955056183 116.96067415730343
911.6235955056183 116.96067415730343
761.2865168539329 41.45505617977537
771.3988764044947 6.398876404494445
850.9494382022475 27.97191011235961
885.3314606741576 36.73595505617985
859.7134831460678 13.814606741573073
867.1292134831464 20.55617977528098
874.544943820225 25.94943820224725
809.1516853932587 17.18539325842704
824.6573033707868 15.162921348314683
1271.2865168539329 191.6235955056179
791.6235955056183 2.353932584269728
480.00464396284826 38.16253869969046
476.0417956656346 46.08823529411771
522.6052631578948 17.357585139318957
596.4133126934985 14.385448916408732
586.0108359133126 15.376160990712151
810.9024767801859 29.741486068111527
847.0634674922603 16.36687306501554
838.6424148606814 16.36687306501554
