1271.819898250077 326.7445726064646
1437.894193237139 476.0590763563002
1527.7876189640808 342.74255515108985
1568.9252883645456 316.0792509100478
1581.114227446165 264.27625981316606
1433.3233410815317 265.0380685057673
1390.6620542958644 178.19187754923024
1363.9987500548223 205.61699048287346
1312.9575676505417 176.66826016402786
1220.016907153195 172.8592167010218
1159.072211745099 156.09942546379534
1207.0661593789746 113.4381386781281
1229.1586114644097 114.96175606333043
1204.780733301171 52.49344327003189
1152.9777422042894 44.113547651418685
1230.6822288496119 21.25928687338262
1240.5857418534276 28.11556510679344
1278.6761764834878 31.162799877198267
1364.7605587474236 52.49344327003189
1352.5716196658043 85.2512170518836
1325.9083154247623 112.67632998552688
1371.6168369808343 112.67632998552688
1289.3414981799046 92.10749528529442
1301.5304372615237 127.15069514494974
1447.0358975483534 105.82005175211606
1428.7524889259246 52.49344327003189
1359.4278978992152 28.87737379939466
1295.4359677207142 31.162799877198267
1472.9373930967943 57.82610411824032
1518.6459146528664 73.82408666286557
1534.6438971974917 79.91855620367517
1548.3564536643132 176.66826016402786
1562.830818823736 125.6270777597473
1578.8288013683614 93.6311126704968
1555.212731897724 57.82610411824032
1620.7282794614275 50.20801719222828
1642.8207315468624 70.01504319985952
1633.679027235648 97.4401561335028
1660.3423314766899 155.33761677119418
1710.6217051883693 210.9496513310819
1808.1332178413231 280.2742423577913
1786.8025744484896 232.28029472391557
1727.3814964255957 134.76878207096172
1730.4287311960006 107.34366913731844
1693.1001052585416 73.82408666286557
1665.6749923248983 25.830139028989834
1694.623722643744 17.45024341037663
1869.8397219420206 123.34165168194369
1891.1703653348543 121.8180342967413
364.12484101574495 442.72994605499764
504.2976404543661 361.97822463927025
571.3368054032719 269.03756414192367
422.0223016534364 243.13606859348283
422.0223016534364 168.47881671856499
411.3569799570195 55.73113021358711
589.6202140257008 144.10093855532648
620.0925617297489 147.14817332573125
696.273430989869 171.52605148896976
699.3206657602739 214.1873382746371
751.1236568571555 287.32097276435246
810.5447348800492 168.47881671856499
758.7417437831675 203.52201657822025
866.9185781325382 115.15220823648087
796.8321784132277 61.82559975439676
729.7930134643218 61.82559975439676
900.4381606069912 46.58942590237268
932.4341256962416 200.47478180781548
946.1466821630634 334.553111705627
1290.4842112188066 553.9540151747731
1558.6408710144296 601.1861541160475
1720.1443138458844 691.0795798429895
1753.6638963203372 564.61933687119
108.1571203017412 218.75819043024433
216.33395465111187 119.72306039208809
1744.515984015984 293.0674325674323
1706.154345654346 435.00549450549426
34.06643356643366 353.4870129870127
53.24725274725279 961.5189810189809
53.24725274725279 961.5189810189809
