21.2714016933208 520.631702728128
97.1321730950141 536.887582314205
483.66086547507064 786.1444026340546
312.07102539981196 394.1970837253057
387.9317968015053 311.1114769520226
191.05503292568213 202.7389463781749
241.62888052681097 172.033396048918
219.9543744120414 126.87817497648155
256.0785512699906 135.90921919096888
1094.1594543744122 361.6853245531514
1164.6015992474133 336.398400752587
324.7144873000941 117.87535277516469
359.93555973659466 109.7474129821261
449.342897460019 155.80573847601136
553.1999059266229 217.216839134525
578.4868297271873 206.37958607714023
534.2347130761996 150.387111947319
471.92050799623723 116.97224835371594
463.7925682031986 98.91015992474138
523.3974600188149 92.58842897460022
534.2347130761996 118.77845719661343
555.0061147695204 89.87911571025404
581.1961429915335 83.55738476011288
647.1227657572908 96.20084666039514
687.7624647224837 104.32878645343374
694.9873000940736 172.06161806208848
706.7276575729071 200.05785512699913
677.8283160865477 153.09642521166518
659.7662276575732 72.72013170272817
679.6345249294452 80.8480714957667
695.8904045155223 86.26669802445912
710.340075258702 101.61947318908756
714.8555973659456 61.882878645343396
731.1114769520228 98.00705550329258
776.2666980244593 139.54985888993417
837.6777986829729 121.48777046095961
854.8367826904988 153.99952963311387
856.6429915333963 28.468015051740394
906.3137347130764 35.692850423330235
922.5696142991535 23.049388523048037
964.1124176857952 52.851834430856115
972.2403574788339 23.952492944496726
989.3993414863596 32.98353715898406
1039.0700846660397 82.6542803386642
986.6900282220136 148.5809031044215
1071.581843838194 101.61947318908756
1058.035277516463 140.45296331138292
1095.9656632173096 120.58466603951086
1127.5743179680153 98.91015992474138
1204.3381937911572 51.94873000940737
1299.164158043274 127.80950141110071
1388.5714957666983 39.30526810912511
1392.1839134524932 28.468015051740394
1405.7304797742242 14.0183443085607
1451.7888052681096 7.69661335841954
1504.1688617121358 76.33254938852309
1557.452022577611 152.19332079021646
1561.0644402634057 63.68908748824083
1635.1190028222018 79.94496707431801
1542.0992474129825 38.40216368767642
1584.5451552210727 22.146284101599235
1720.236594543744 36.61006585136417
1756.8123236124177 38.867826904986
1801.0644402634055 37.513170272812914
1794.29115710254 72.282690498589
1794.29115710254 72.282690498589
1779.389934148636 5.452963311382973
1656.1161806208843 5.001411100658572
1598.3174976481655 11.323142050799731
