1021.1741573033707 168.36516853932585
1174.8820224719102 168.36516853932562
1307.0168539325841 141.3988764044941
1768.1404494382023 57.80337078651655
1307.0168539325841 55.10674157303333
1266.567415730337 52.41011235955034
1120.9494382022472 68.5898876404492
964.5449438202248 49.71348314606712
905.2191011235956 47.0168539325839
821.623595505618 90.16292134831428
1245.6685393258424 22.410112359550567
1279.3764044943819 17.016853932584354
1210.6123595505617 -0.5112359550561223
954.4325842696628 25.106741573033787
1094.6573033707864 3.5337078651685943
812.6910112359549 27.550561797752806
803.2528089887638 1.5955056179775227
1087.8235294117646 19.29411764705884
1110.764705882353 35.5294117647059
1176.4117647058824 53.35294117647061
1219.8235294117646 20.35294117647061
1207.1176470588234 2.176470588235304
