128.4328436516265 233.25970619097575
72.0215110178384 170.80430220356754
297.6668415529906 239.30377754459596
430.6364113326339 184.90713536201451
196.428646379853 67.51993704092331
280.03830010493175 64.49790136411326
313.28069254984257 59.461175236096494
337.4569779643231 63.490556138509874
429.12539349422866 21.18205666316885
442.2208814270723 7.079223504721881
473.44858342077646 28.233473242392392
696.0718782791186 4.0571878279117755
734.3509968520461 54.42444910807967
747.4464847848898 85.65215110178377
936.827387198321 135.01206715634828
919.702518363064 50.395068205666234
915.6731374606507 5.064533053515107
984.6762854144807 81.6227701993704
1098.5062959076602 103.78436516264424
1056.1977964323191 68.5272822665267
1103.543022035677 37.299580272822595
1041.0876180482687 14.130640083945421
966.5440713536202 10.101259181531987
1319.1149003147957 48.11280167890882
1367.4674711437567 41.565057712486976
1337.7507869884578 5.804302203567829
1284.8651626442816 5.300629590766107
1253.6374606505774 26.45487932843662
1226.4391395592866 6.307974816369494
1161.4653725078701 7.315320041972825
1507.4884575026235 9.833683105981208
1017.9186778593916 3.049842602308445
1558.8630640083948 11.108604407135317
1703.9207764952782 24.204092339978956
1863.081322140609 17.687827911857084
10.873280943025406 1026.1581532416503
