605.8932584269663 595.7808988764042
902.5224719101124 504.0955056179772
1096.6797752808989 579.6011235955053
1582.0730337078649 326.11797752808957
1743.870786516854 253.30898876404467
1263.870786516854 156.23033707865147
1223.4213483146068 202.07303370786485
1.84831460674161 172.41011235955034
90.83707865168549 202.07303370786485
233.75842696629218 69.9382022471907
222.97191011235964 16.00561797752789
204.09550561797755 40.27528089887619
459.6011235955058 48.70224719101117
481.17415730337086 93.1966292134831
412.4101123595507 68.92696629213481
452.85955056179785 63.53370786516848
370.6123595505619 91.8483146067415
354.43258426966304 39.26404494382018
154.8820224719101 24.43258426966281
127.91573033707863 24.43258426966281
589.0393258426968 36.56741573033702
609.2640449438204 36.56741573033702
710.3876404494383 32.5224719101123
757.5786516853934 39.26404494382018
806.1179775280903 13.646067415730272
872.1853932584272 36.56741573033702
885.6685393258431 10.949438202247165
930.162921348315 58.14044943820221
-102.6460674157305 484.20786516853946
1156.6797752808989 63.53370786516848
1145.8932584269662 46.005617977528004
1205.2191011235955 50.05056179775272
980.0505617977526 59.488764044943764
1284.7696629213483 10.949438202247165
1752.6348314606744 8.252808988763945
1113.5337078651687 -2.5337078651685943
1113.5337078651687 5.556179775280839
1482.2391304347825 65.13768115942048
451.51449275362324 86.92512077294668
679.5338164251209 26.635265700482933
674.1231884057972 8.084541062801804
650.1618357487923 2.6739130434781373
489.3888888888889 42.867149758453934
1598.5676328502418 35.13768115942014
916.0555555555555 32.81884057971001
914.5096618357487 11.949275362318645
