45.83053515215113 98.27544596012581
41.80115424973769 358.1705141657921
178.8001049317944 513.3016789087093
319.82843651626445 551.5807974816369
261.4024134312697 293.7004197271772
396.38667366211973 315.86201469045113
738.8840503672614 523.3751311647428
732.8399790136411 182.89244491080788
1133.7633788037776 446.81689401888764
1246.5860440713539 305.7885624344176
1131.748688352571 196.99527806925494
1367.4674711437567 184.90713536201451
374.2250786988458 29.240818467995723
387.32056663168953 21.18205666316885
395.3793284365164 35.28488982161588
438.69517313746076 14.130640083945421
490.069779643232 63.490556138509874
533.3856243441764 85.65215110178377
549.5031479538301 42.33630640083936
591.8116474291712 56.43913955928639
590.8043022035678 25.211437565582287
648.2229800629592 52.40975865687295
657.2890870933894 21.18205666316885
607.9291710388248 21.18205666316885
633.1128016789089 22.929171038824876
678.4433368310599 23.43284365162657
703.1232948583422 12.855718782791314
722.2628541448059 8.322665267576212
741.9060860440715 4.7969569779644425
743.4171038824765 20.410807974816493
732.3363064008395 14.366736621196367
774.1411332633788 55.16421825813234
804.3614900314797 58.68992654774408
820.9826862539351 54.15687303252895
818.9679958027283 34.009968520461825
788.2439664218259 21.41815320041985
791.2660020986359 8.826337880377878
828.0341028331585 10.841028331584596
862.2838405036728 23.936516264428235
878.905036726128 26.45487932843662
872.860965372508 14.366736621196367
885.9564533053515 12.352046169989649
921.7172088142709 19.403462749213134
973.5954879328438 28.233473242392392
1012.8819517313748 44.35099685204614
1025.9774396642183 42.33630640083936
95.19045120671561 397.92917103882473
997.7717733473244 30.24816369359911
1091.4548793284366 32.26285414480583
1124.6972717733474 33.27019937040916
1136.7854144805876 18.16002098635886
1051.1610703043025 11.344700944386261
1218.8840503672614 39.04669464847859
1236.51259181532 71.28174186778602
1313.0708289611753 86.39192025183641
1510.5104931794335 54.42444910807967
1521.5912906610706 37.299580272822595
1465.1799580272825 14.130640083945421
1867.1107030430223 59.99632738719822
1905.3898216159498 33.80535152151083
1075.0776031434184 206.84577603143418
1026.0402750491157 344.5275049115914
1079.5569744597246 7.484282907662191
