468.36516853932596 1008.3651685393256
93.5337078651686 563.4213483146065
311.9606741573034 420.4999999999998
460.27528089887653 393.53370786516825
481.8483146067416 344.99438202247165
1323.196629213483 463.64606741573004
1220.7247191011238 388.1404494382019
983.4213483146067 482.522471910112
924.0955056179774 390.83707865168515
840.5000000000001 377.3539325842694
15.33146067415737 504.0955056179772
20.050561797752778 200.0505617977525
111.73595505617976 175.7808988764042
567.4662921348316 328.140449438202
510.8370786516856 322.74719101123566
607.9157303370789 318.70224719101094
496.0056179775283 185.21910112359518
640.2752808988766 190.61235955056145
684.7696629213485 287.69101123595476
678.0280898876407 256.6797752808985
769.7134831460677 256.6797752808985
730.612359550562 228.36516853932548
653.7584269662924 235.1067415730334
776.4550561797756 221.6235955056177
773.7584269662924 185.21910112359518
872.1853932584273 240.49999999999972
814.2078651685396 209.48876404494348
808.8146067415734 190.61235955056145
798.0280898876407 162.29775280898843
806.1179775280901 147.46629213483106
818.2528089887643 142.07303370786485
792.6348314606745 133.98314606741536
864.0955056179779 166.34269662921315
895.1067415730341 196.00561797752778
904.5449438202251 144.76966292134796
1516.3426966292136 119.6573033707866
1436.7921348314608 102.12921348314615
1376.11797752809 123.0280898876405
1488.7022471910113 121.00561797752815
1457.0168539325844 127.74719101123603
1152.297752808989 305.05056179775283
1178.2528089887642 261.7359550561798
1141.8483146067415 260.38764044943827
1027.2415730337077 354.7696629213484
1004.320224719101 338.58988764044955
1017.8033707865168 295.44382022471916
965.2191011235955 279.2640449438203
1136.4550561797753 222.6348314606742
1114.8820224719102 233.42134831460675
958.1404494382023 204.09550561797764
1059.2640449438202 204.09550561797764
896.1179775280899 178.47752808988776
859.7134831460675 123.19662921348328
838.1404494382023 162.97191011235967
937.9157303370787 138.02808988764056
955.443820224719 114.43258426966304
984.4325842696629 119.15168539325856
1004.6573033707865 121.17415730337092
980.3876404494382 95.55617977528101
933.870786516854 100.94943820224731
950.7247191011236 99.60112359550573
902.185393258427 100.27528089887653
1014.7696629213483 147.46629213483158
1047.129213483146 144.7696629213484
1123.9831460674156 181.84831460674167
1113.196629213483 175.7808988764046
1017.4662921348314 106.3426966292136
1041.061797752809 127.91573033707877
1011.3988764044943 87.46629213483158
910.9494382022472 121.17415730337092
773.4213483146067 118.30898876404501
655.443820224719 127.74719101123603
747.8033707865168 127.74719101123603
561.061797752809 180.33146067415737
768.7022471910112 85.27528089887647
788.252808988764 85.27528089887647
757.2415730337078 75.83707865168546
838.1404494382022 119.6573033707866
864.4325842696628 136.51123595505624
842.1853932584269 139.88202247191018
633.8707865168539 141.90449438202253
645.6685393258426 116.1179775280898
836.7921348314604 78.53370786516862
994.5449438202245 83.25280898876412
1012.7471910112357 77.18539325842703
1003.9831460674154 73.8146067415731
1019.4887640449435 78.53370786516862
1027.578651685393 69.76966292134838
1034.9943820224717 77.18539325842703
1010.0505617977525 57.634831460674235
1014.0955056179772 63.02808988764053
1002.6348314606739 62.35393258426973
1062.634831460674 83.25280898876412
1057.2415730337075 75.83707865168546
1043.7584269662918 86.62359550561806
1706.1179775280898 1002.9719101123593
677.156346749226 1056.6609907120744
1136.8467492260063 951.6455108359135
1057.5897832817338 642.5433436532508
112.94582043343638 288.828173374613
5.948916408668538 174.89628482972137
99.07585139318871 223.44117647058823
140.68575851393177 212.54334365325076
836.1656346749228 354.2151702786378
691.5216718266256 350.2523219814242
1539.0758513931894 133.2863777089783
1170.0356037151705 208.82817337461302
1007.5588235294119 111.2430340557276
779.6950464396284 94.13777089783287
745.5154798761608 83.23993808049539
665.267801857585 106.02631578947373
587.9922600619193 270.9953560371517
1059.5712074303406 71.97058823529419
1077.6517027863777 73.70433436532514
1033.8126934984518 87.57430340557283
1035.7941176470588 103.0541795665635
1044.7105263157894 94.13777089783287
1035.298761609907 140.20588235294122
936.7229102167181 69.36996904024772
884.7105263157894 108.00773993808052
106.50619195046431 900.1284829721363
593.9365325077399 293.81269349845195
