560.050561797753 709.0393258426964
716.4550561797754 425.893258426966
665.2191011235956 363.8707865168536
894.4325842696629 420.4999999999998
937.5786516853933 407.016853932584
913.308988764045 698.2528089887637
1112.8595505617977 614.6573033707864
1234.2078651685392 514.8820224719099
1309.7134831460676 520.2752808988761
1498.4775280898875 514.8820224719099
1584.7696629213483 571.5112359550559
1652.1853932584268 822.2977528089885
1646.7921348314608 1005.6685393258424
1870.6123595505615 757.578651685393
864.7696629213484 315.33146067415703
980.7247191011237 274.88202247190986
791.9606741573033 242.52247191011202
738.0280898876405 204.76966292134807
605.8932584269663 156.23033707865147
463.30898876404467 65.7247191011237
470.72471910112336 43.47752808988773
547.578651685393 69.09550561797761
574.5449438202245 61.005617977528175
563.0842696629211 46.84831460674167
511.1741573033705 42.129213483146145
690.4999999999998 96.06179775280907
683.758426966292 121.67977528089895
645.331460674157 112.91573033707871
744.4325842696627 172.9157303370787
747.1292134831458 98.08426966292143
715.4438202247188 74.4887640449439
774.7696629213481 93.36516853932591
786.2303370786515 119.6573033707866
763.9831460674154 55.61235955056188
716.1179775280897 34.71348314606752
650.0505617977525 38.758426966292234
619.0393258426964 29.994382022471996
562.4101123595503 15.837078651685488
598.140449438202 15.837078651685488
548.2528089887638 5.724719101123696
656.7921348314604 25.275280898876474
684.4325842696627 15.837078651685488
695.8932584269661 29.32022471910119
753.8707865168536 36.735955056179876
752.5224719101121 49.5449438202248
778.8146067415728 34.71348314606752
751.1741573033705 27.297752808988832
738.3651685393256 15.837078651685488
711.3988764044941 11.117977528089966
700.6123595505616 15.162921348314683
697.9157303370785 3.028089887640533
676.3426966292133 6.398876404494445
646.6797752808986 7.747191011236055
657.4662921348312 4.376404494382086
629.8258426966289 7.07303370786525
616.3426966292133 6.398876404494445
633.8707865168536 27.971910112359637
800.3876404494381 65.7247191011237
827.3539325842695 88.64606741573041
811.8483146067415 88.64606741573041
817.2415730337077 124.37640449438209
835.4438202247189 187.747191011236
865.1067415730336 139.88202247191018
862.4101123595505 97.41011235955062
844.2078651685392 93.36516853932591
871.1741573033706 87.97191011235964
877.2415730337077 116.96067415730343
896.1179775280898 121.00561797752815
892.0730337078651 103.47752808988773
994.5449438202246 97.41011235955062
996.567415730337 150.66853932584277
974.320224719101 234.93820224719104
1020.8370786516853 179.65730337078656
912.9719101123594 116.96067415730343
1096.679775280899 210.5
1119.6011235955057 106.67977528089887
1143.8707865168542 102.63483146067415
1292.1853932584272 130.94943820224717
1330.612359550562 137.69101123595505
1682.5224719101127 250.94943820224722
1732.4101123595508 257.6910112359551
1849.7134831460678 295.44382022471916
1892.8595505617982 299.4887640449439
1801.174157303371 286.0056179775281
1787.6910112359553 267.1292134831461
1915.7808988764048 302.18539325842704
1827.4662921348313 269.48876404494354
1681.7383900928796 923.905572755418
568.1780185758514 31.227554179566624
431.4597523219814 118.42569659442722
1136.3513931888544 277.93034055727554
1417.7136222910217 202.6362229102167
743.0386996904026 83.23993808049539
