813.5337078651686 571.5112359550559
1339.3764044943819 771.0617977528087
1859.825842696629 145.44382022471882
1730.387640449438 118.4775280898873
1646.7921348314608 110.38764044943787
1452.634831460674 78.02808988764014
1498.4775280898875 61.84831460674127
1325.8932584269664 40.27528089887619
1263.870786516854 312.6348314606739
1236.9044943820227 239.8258426966289
1158.7022471910113 269.48876404494354
1026.567415730337 202.07303370786485
1185.6685393258426 110.38764044943787
996.9044943820226 78.02808988764014
500.7247191011237 220.94943820224694
271.51123595505624 212.8595505617975
171.73595505617982 40.27528089887619
125.89325842696633 21.398876404494104
50.38764044943821 96.90449438202222
400.9494382022473 13.30898876404467
622.0730337078652 48.36516853932562
762.2977528089888 32.18539325842676
654.4325842696629 5.219101123595237
102.54334365325064 977.404024767802
294.7414860681114 537.5278637770898
1465.763157894737 686.1346749226007
1774.8653250773998 583.1006191950464
1287.434984520124 523.6578947368421
