652.0436241610739 361.7080536912749
1481.573825503356 819.1577181208053
1843.9899328859065 621.0369127516777
1307.6140939597317 300.4999999999998
1096.6073825503356 482.5134228187918
1025.7348993288592 345.6006711409394
954.8624161073826 313.3859060402683
1070.8355704697988 142.64765100671116
830.8355704697988 128.15100671140908
813.1174496644296 79.82885906040246
524.7953020134228 63.72147651006685
941.9765100671143 34.728187919462925
951.6409395973155 46.0033557046977
969.3590604026846 113.65436241610712
909.7617449664431 63.72147651006685
738.6208053691278 69.96308724832193
750.7013422818793 49.828859060402465
661.305369127517 26.473154362415926
724.1241610738257 49.023489932885695
726.540268456376 28.889261744966234
658.0245579567782 16.44302554027516
1304.6176470588234 808.7352941176468
812.6176470588235 877.9117647058822
690.6764705882354 20.441176470588175
761.9705882352941 22.20588235294113
