1436.1843156843158 1040.1603396603398
1560.8596403596405 863.6968031968032
1008.452047952048 472.4080919080918
789.7907092907094 372.6678321678321
736.0844155844156 372.6678321678321
1096.6838161838164 320.8796203796203
1054.486013986014 249.91058941058918
1200.26023976024 269.0914085914085
1708.5519480519483 232.64785214785195
1555.1053946053948 200.04045954045935
1413.1673326673329 182.7777222777221
1069.8306693306695 217.2732267732266
1136.9635364635365 159.73076923076906
1060.2402597402597 145.3451548451547
1022.8376623376623 166.44405594405578
975.8446553446553 84.92557442557421
951.8686313686313 99.31118881118863
999.8206793206793 51.359140859140666
1009.4110889110889 24.505994005993784
1029.5509490509492 52.31818181818164
1025.7147852147853 12.03846153846132
1038.1823176823177 14.915584415584135
1052.5679320679321 13.956543456543159
1077.502997002997 7.243256743256438
1165.7347652347653 69.58091908091887
1318.2222777222778 162.60789210789193
1346.0344655344657 166.44405594405578
1314.386113886114 206.72377622377604
1385.3551448551448 68.62187812187796
1193.067432567433 43.671828171828196
1203.6168831168834 35.04045954045958
1255.8846153846157 15.859640359640395
1267.8726273726277 17.77772227772232
1263.5569430569433 49.42607392607397
1283.6968031968036 49.90559440559443
1465.4350649350652 5.789710289710342
1215.6048951048954 12.03846153846132
1493.7267732267737 5.325174825174599
1332.6078921078924 18.257242757242807
1355.145354645355 3.8716283716283897
1396.3841158841162 60.93456543456546
1844.9755244755245 58.057442557442585
1873.2672327672326 40.315184815184836
1824.3561438561437 9.146353646353703
1866.553946053946 2.9125874125874702
1887.652847152847 0.5149850149850295
1917.8626373626373 34.0814185814186
1812.128371628372 276.76373626373595
1859.088235294118 803.0882352941176
1056.058823529412 5.5294117647059124
1209.2352941176473 13.647058823529434
1261.294117647059 79.11764705882355
1298.529411764706 66.23529411764707
1300.6470588235295 35.35294117647061
1172.0000000000002 3.4117647058823763
1665.5 322.38235294117624
1618.9117647058822 204.49999999999977
