597.32119205298 345.7980132450332
656.1291390728476 320.3675496688743
972.4205298013244 139.17549668874176
1055.0695364238409 159.83774834437088
1117.0562913907281 161.42715231788085
1097.983443708609 75.5993377483444
1446.0629139072844 250.43377483443714
1474.6721854304633 223.41390728476824
1571.6258278145692 255.20198675496695
1609.7715231788077 377.58609271523187
1671.758278145695 253.61258278145692
1751.2284768211916 108.97682119205297
1474.6721854304633 72.4205298013245
1441.2947019867547 93.08278145695363
1399.9701986754965 86.72516556291396
1365.0033112582778 105.79801324503319
1341.1622516556288 58.11589403973517
1287.1225165562912 64.47350993377484
1271.2284768211919 156.658940397351
1220.3675496688738 91.49337748344374
1121.824503311258 66.06291390728484
1063.0165562913905 64.47350993377484
1078.9105960264899 69.24172185430463
1085.2682119205297 19.970198675496704
1118.6456953642382 8.844370860927256
1093.2152317880793 48.57947019867561
1118.6456953642382 42.221854304635826
1075.7317880794699 46.99006622516549
1182.2218543046356 4.076158940397363
1332.7593320235753 37.661100196463735
1212.0520628683694 6.06974459724961
