975.3314606741574 756.2303370786518
945.6685393258427 478.4775280898873
1021.1741573033709 305.8932584269659
1226.1179775280898 330.1629213483143
1387.9157303370785 338.2528089887637
1506.567415730337 292.4101123595501
1892.1853932584268 227.69101123595465
1323.196629213483 146.79213483146032
1374.432584269663 165.6685393258424
1177.5786516853932 95.5561797752805
1250.387640449438 98.25280898876372
1104.7696629213483 79.37640449438163
1031.9606741573034 117.12921348314569
967.2415730337078 119.8258426966288
897.1292134831461 144.0955056179771
899.8258426966291 111.73595505617936
859.376404494382 125.21910112359512
840.5000000000001 176.45505617977483
535.7808988764044 241.1741573033704
632.8595505617978 109.03932584269626
681.3988764044944 152.18539325842653
681.3988764044944 117.12921348314569
789.2640449438203 95.5561797752805
773.0842696629214 82.07303370786485
373.98314606741576 82.07303370786485
403.6460674157303 68.58988764044909
527.691011235955 17.353932584269387
600.5000000000001 6.567415730336734
972.6348314606743 22.7471910112356
1128.3651685393256 34.54494382022472
1094.6573033707862 23.758426966292177
1000.2752808988762 8.92696629213492
1137.8033707865166 19.71348314606746
1189.0393258426964 4.882022471910091
1211.960674157303 0.8370786516853741
1244.3202247191007 30.5
1291.5112359550558 41.286516853932596
1348.1404494382018 38.58988764044943
1375.1067415730333 8.92696629213492
1395.331460674157 14.320224719101134
1412.8595505617973 18.36516853932585
1462.7471910112356 46.679775280898866
1482.9719101123592 61.511235955056236
1404.7696629213478 116.79213483146066
1396.6797752808984 81.73595505617982
1511.2865168539322 61.511235955056236
1535.5561797752805 60.162921348314626
1554.4325842696624 39.93820224719104
1597.5786516853927 29.151685393258447
1532.8595505617973 23.758426966292177
1516.6797752808984 17.016853932584354
1546.342696629213 10.275280898876417
