35.48721227621485 43.3132992327362
133.69693094629162 104.69437340153411
569.5025575447571 116.97058823529369
602.6483375959081 120.6534526854216
676.3056265984656 286.3823529411761
813.799232736573 240.96035805626568
801.5230179028135 280.2442455242963
882.5460358056268 461.9322250639384
1048.2749360613811 472.980818414322
1053.185421994885 612.9296675191814
961.1138107416883 243.41560102301753
845.717391304348 151.3439897698206
849.4002557544759 54.3618925831197
803.9782608695652 31.037084398976504
715.5895140664963 11.395140664961218
748.7352941176471 5.25703324808137
720.5 86.28005115089468
1061.7787723785168 142.75063938618882
946.3823529411766 129.24680306905339
956.2033248081843 101.01150895140631
1004.0805626598468 69.09335038363133
972.1624040920716 70.3209718670073
1229.9629156010233 247.0984654731454
1318.3516624040924 368.6329923273654
1306.0754475703327 240.96035805626568
1371.1393861892586 225.0012787723781
1425.1547314578008 292.52046035805597
1439.8861892583122 215.18030690537046
1585.9731457800515 247.0984654731454
1616.6636828644505 245.87084398976947
1670.6790281329927 260.602301790281
1695.2314578005119 194.3107416879792
1649.8094629156012 223.77365728900213
1624.029411764706 186.94501278772339
1573.6969309462918 134.15728900255715
1880.602301790282 329.3491048593347
1833.952685421995 484.0294117647056
1851.1393861892586 438.6074168797951
1779.9373401534529 605.5639386189256
1654.719948849105 477.8913043478258
1752.929667519182 422.6483375959076
1773.799232736573 387.04731457800483
1795.8964194373405 333.0319693094626
1800.8069053708443 277.78900255754445
1779.9373401534529 249.55370843989738
1744.3363171355502 249.55370843989738
1694.003836317136 267.9680306905368
1718.556265984655 331.80434782608666
1733.2877237851665 301.11381074168764
1663.3132992327369 363.7225063938615
1351.804347826087 179.042199488491
1332.7762148337597 131.77877237851658
1377.5843989769824 117.66112531969304
1286.7404092071613 138.53069053708435
1270.7813299232737 101.70204603580555
1256.0498721227623 103.54347826086952
1264.643222506394 84.51534526854215
1245.6150895140665 85.12915601023013
1229.6560102301792 94.95012787723778
1206.945012787724 82.06010230179021
1201.420716112532 63.64578005115084
1216.1521739130435 119.50255754475694
1189.7583120204604 140.3721227621483
1260.9603580562662 188.86317135549865
1173.185421994885 63.03196930946285
1150.4744245524298 77.76342710997437
1168.8887468030691 82.6739130434782
1179.3235294117649 97.40537084398972
1130.8324808184145 54.43861892583112
1141.881074168798 63.03196930946285
1127.7634271099746 76.5358056265984
1165.8196930946292 14.540920716112396
1142.494884910486 13.313299232736426
1125.3081841432227 2.878516624040799
1093.3900255754477 54.43861892583112
1108.7352941176473 60.57672634271097
1103.2109974424552 93.10869565217382
1095.2314578005116 77.76342710997437
1098.9143222506395 69.17007672634264
1073.7480818414324 64.8734015345268
1057.1751918158568 77.76342710997437
1054.719948849105 43.39002557544751
1024.6432225063938 98.01918158567771
1030.7813299232737 47.6867007672634
1030.1675191815857 20.06521739130426
1012.3670076726344 5.947570332480723
988.4283887468032 28.65856777493599
968.7864450127878 43.39002557544751
993.9526854219949 46.459079283887434
944.2340153452686 51.98337595907924
956.5102301790282 34.79667519181578
948.5306905370845 13.927109974424411
882.8529411764706 10.244245524296616
811.0370843989771 2.878516624040799
818.5619380619382 340.06043956043925
889.305369127517 218.35234899328867
1601.251677852349 429.036912751678
1893.1174496644296 334.3255033557049
1784.8758389261745 260.87583892617465
1490.5939597315437 205.4664429530203
1532.1510067114095 193.8691275167787
1507.6677852348994 181.94966442953037
1524.4194630872485 167.77516778523508
1551.4798657718122 153.27852348993306
1504.768456375839 157.78859060402704
1430.996644295302 193.8691275167787
1357.2248322147652 165.84228187919484
1327.5872483221478 213.19798657718138
1336.285234899329 105.6006711409398
1265.7348993288592 137.1711409395975
801.5201342281881 82.02348993288592
837.6006711409398 56.57382550335569
930.3235294117646 68.08823529411765
917.6176470588235 50.08823529411765
904.0294117647057 14.794117647058783
930.1470588235293 28.20588235294113
932.970588235294 12.323529411764639
1079.441176470588 23.61764705882348
929.4411764705882 204.6764705882352
971.0882352941176 210.67647058823522
1257.3235294117649 323.0882352941175
1634.794117647059 266.9705882352939
1325.794117647059 274.38235294117624
1232.4411764705885 267.32352941176435
1319.088235294118 182.61764705882325
