43.65684315684325 988.372127872128
57.08341658341669 483.9165834165833
463.71678321678337 533.7867132867132
500.1603396603398 412.9475524475523
638.2622377622379 537.6228771228771
644.0164835164837 426.37412587412575
565.375124875125 378.42207792207773
479.06143856143865 263.3371628371626
415.76473526473535 215.38511488511472
339.0414585414586 155.9245754245752
522.0151681485348 33.23463798938309
585.1547458535471 32.473920185708266
672.6372932761544 28.67033116733404
742.6233312142404 9.652386075462857
717.5196436929705 46.927558455530345
671.1158576688048 68.98837476210093
637.6442743071115 83.44201303192295
609.4977155711422 131.3672346634383
630.037096270363 161.03522900675733
643.7300167365103 142.77800171856103
709.9124656562219 164.83881802513162
688.6123671533262 94.85278008704569
742.6233312142404 94.09206228337081
765.4448653244857 69.74909256577575
805.7629089192526 89.52775546132176
832.3880320478722 150.38517975530948
856.7310017654673 185.37819872435247
913.024119237406 194.50681236845065
859.0131551764919 142.77800171856103
983.7708749791668 238.6284449815917
1029.4139431996575 161.7959468104322
1053.7569129172527 103.22067592746902
996.7030776416391 105.50282933849354
867.3810510169151 30.952484578358565
906.9383768080072 18.020281915886187
881.8346892867373 21.823870934260412
