284.99438202247165 634.8820224719102
20.724719101123696 489.26404494381984
18.028089887640476 424.5449438202244
104.32022471910113 402.9719101123592
15.33146067415737 316.6797752808985
4.5449438202247165 181.84831460674127
66.56741573033707 195.33146067415692
63.87078651685397 114.43258426966258
115.10674157303379 82.07303370786485
190.6123595505618 173.75842696629184
150.16292134831463 127.91573033707823
196.00561797752812 146.79213483146032
228.36516853932585 168.3651685393254
284.994382022472 349.03932584269626
479.1516853932584 505.4438202247187
498.0280898876405 440.72471910112324
425.2191011235956 305.8932584269659
678.7022471910112 451.5112359550558
751.5112359550561 446.11797752808957
1188.365168539326 710.3876404494379
1460.7247191011234 656.4550561797749
1541.6235955056177 718.4775280898873
1223.4213483146068 486.56741573033673
1083.196629213483 359.8258426966288
940.2752808988765 340.9494382022468
2.859550561797789 62.691011235955045
4.207865168539371 50.556179775280896
14.994382022471939 43.814606741573044
43.98314606741576 51.90449438202248
64.88202247191015 64.03932584269663
66.9044943820225 51.90449438202248
73.64606741573036 40.443820224719104
98.58988764044946 64.03932584269663
123.53370786516857 49.88202247191012
143.08426966292134 53.926966292134836
143.75842696629215 45.8370786516854
137.69101123595507 16.84831460674158
126.23033707865173 14.825842696629223
118.81460674157304 11.455056179775283
145.7808988764045 12.129213483146088
151.84831460674158 11.455056179775283
178.81460674157304 43.14044943820227
194.9943820224719 36.39887640449439
209.15168539325842 41.792134831460686
228.70224719101125 41.11797752808991
211.17415730337078 14.825842696629223
223.98314606741573 10.780898876404535
235.44382022471908 20.893258426966298
239.4887640449438 52.578651685393254
263.7584269662922 47.85955056179776
272.52247191011236 18.196629213483163
312.9719101123595 15.5
325.7808988764044 28.98314606741576
319.71348314606735 37.74719101123594
348.0280898876405 26.286516853932596
358.14044943820227 24.264044943820238
329.82584269662914 8.758426966292177
281.9606741573034 15.5
372.9719101123595 37.74719101123594
388.47752808988764 33.028089887640476
390.5 16.174157303370805
402.63483146067415 13.477528089887642
411.39887640449433 8.758426966292177
432.9719101123595 8.084269662921372
436.3426966292135 24.938202247191015
451.8483146067416 28.98314606741576
368.9269662921348 88.30898876404495
344.6573033707865 91.00561797752809
328.47752808988764 102.46629213483146
240.1629213483146 84.93820224719101
288.7022471910112 143.58988764044943
290.7247191011236 171.90449438202245
325.1067415730337 126.06179775280899
374.9943820224719 241.34269662921344
412.0730337078652 153.02808988764045
436.3426966292135 116.62359550561797
411.39887640449433 98.42134831460675
478.47752808988747 139.7134831460674
476.1179775280899 18.196629213483135
492.2977528089888 18.87078651685391
492.2977528089888 35.72471910112358
531.3988764044943 28.308988764044955
546.2303370786517 55.949438202247194
532.0730337078652 71.45505617977528
521.9606741573034 52.578651685393254
540.8370786516855 91.00561797752809
1296.2303370786517 330.1629213483143
553.6460674157305 2.6910112359550453
529.3764044943822 9.432584269662925
546.2303370786519 19.544943820224717
581.2865168539328 60.66853932584269
574.544943820225 80.8932584269663
573.8707865168541 94.37640449438203
551.6235955056181 82.24157303370785
594.7696629213485 117.97191011235955
635.8932584269664 97.74719101123594
583.9831460674159 22.24157303370788
605.5561797752811 19.544943820224717
621.7359550561799 20.893258426966298
638.5898876404497 22.915730337078656
648.7022471910115 14.151685393258447
662.859550561798 13.477528089887642
677.0168539325845 7.410112359550567
734.9943820224721 103.81460674157302
745.7808988764046 51.2303370786517
759.9382022471912 47.85955056179776
769.3764044943822 109.20786516853931
751.8483146067417 204.938202247191
852.9719101123598 217.07303370786514
735.6685393258429 1.342696629213492
701.9606741573035 1.342696629213492
779.488764044944 3.3651685393258504
809.8258426966294 5.387640449438209
822.6348314606744 15.5
875.8932584269664 10.780898876404535
886.679775280899 12.129213483146088
835.4438202247193 8.084269662921372
926.4550561797756 83.58988764044943
962.8595505617981 54.60112359550561
950.0505617977532 10.780898876404535
932.5224719101127 6.061797752809014
919.0393258426969 7.410112359550567
979.0393258426969 7.410112359550567
995.2191011235958 51.90449438202248
1044.4325842696633 12.803370786516894
1070.050561797753 10.780898876404535
1099.0393258426968 6.735955056179819
1113.1966292134834 28.98314606741576
1170.5000000000002 24.938202247191015
1186.679775280899 24.938202247191015
1200.1629213483147 21.567415730337075
1219.7134831460676 60.66853932584269
1243.3089887640454 40.443820224719104
1256.792134831461 24.264044943820238
1274.994382022472 33.028089887640476
1321.5112359550565 26.960674157303373
1282.4101123595508 73.47752808988764
1295.219101123596 57.297752808988776
1178.5898876404497 182.69101123595505
1098.365168539326 202.24157303370785
1259.4887640449442 257.5224719101123
1377.803370786517 110.05056179775283
1349.488764044944 54.7696629213483
1340.0505617977528 26.455056179775283
1377.803370786517 15.668539325842744
1426.3426966292134 14.320224719101134
1445.2191011235955 15.668539325842744
1474.88202247191 18.36516853932585
1499.1516853932583 11.623595505618027
1524.769662921348 23.758426966292177
1497.8033707865168 68.25280898876406
1627.2415730337077 92.52247191011236
1642.073033707865 73.64606741573039
1585.443820224719 6.230337078651701
1778.2528089887637 132.97191011235952
1813.3089887640447 134.32022471910113
1652.8595505617975 283.9831460674157
1596.2303370786515 258.3651685393258
1886.7921348314608 300.49999999999966
1911.061797752809 343.64606741572993
366.567415730337 26.455056179775283
462.9719101123595 411.0617977528086
-157.3395552025417 95.19420174741833
