226.4204315576534 262.14531355360737
253.60856372218473 244.01989211058662
370.12913014160483 308.7535401213754
472.4082939986514 237.5465273095076
594.1075522589346 153.392784895482
516.4271746459879 167.63418745785566
640.7157788267026 162.4554956169925
732.637559002023 286.74409979770724
704.1547538772758 354.06709372892783
491.8283884018881 -65.40694538098455
531.9632501685772 568.9828051247471
753.3523263654754 412.3273769386378
873.7569116655427 558.6254214430209
1099.0300067430883 726.9329062710719
1601.3631153068104 939.2592717464598
1805.9214430209033 939.2592717464598
237.1014834794336 172.75219150370867
307.66115981119356 138.4433580579905
343.26466621712746 102.83985165205661
413.82434254888744 127.43863789615642
167.18914362778148 133.91200269723532
171.07316250842885 114.49190829399862
105.69217801753197 135.85401213755898
112.8128792987188 93.77714093054612
198.90863115306806 86.00910316925149
234.512137559002 102.19251517194868
265.58428860418076 70.4730276466621
312.8398516520566 79.53573836817259
286.9463924477411 113.84457181389075
388.57821982467976 22.570128118678326
442.95448415374244 22.570128118678326
306.3664868509777 45.87424140256235
696.0630478759273 87.30377612946728
738.787255563048 138.4433580579905
788.6321645313556 163.04214430209038
881.2012811867837 131.3226567768038
943.345583277141 113.19723533378283
945.6112609575184 231.65981119352665
1030.412339851652 86.00910316925149
1029.1176668914363 174.69420094403233
1099.6773432231962 154.62677006068782
1192.2464598786244 145.56405933917733
1254.3907619689817 200.58766014834794
1267.9848280512474 152.6847606203641
1181.8890761968983 73.70971004720161
1182.536412677006 29.6908293998651
1238.2073499662847 37.45886716115979
1228.497302764666 81.47774780849625
1348.9018880647336 166.9261631827377
1339.1918408631154 88.59844908968307
1298.4096426163183 63.352326365475335
1259.569453809845 14.802090357383577
1342.4285232636548 25.80681051921772
1385.8000674308832 63.352326365475335
1416.224881995954 41.99022252191497
1392.2734322319623 133.91200269723532
1489.3739042481457 131.3226567768038
1494.5525960890088 63.352326365475335
1534.687457855698 152.03742414025623
1634.377275792313 66.58900876601479
1607.1891436277815 7.034052596088941
1699.110923803102 25.15947403910991
1690.0482130815915 131.3226567768038
1831.3293998651384 128.37929871881326
1785.0448415374242 7.003708698584035
1900.5944032366824 40.34153742414031
1750.736008091706 -11.769049224544744
1461.5384356035063 10.978759271746412
