1367.1333666333667 971.1093906093906
312.1883116883117 240.32017982017965
454.1263736263737 278.681818181818
567.293206793207 359.24125874125866
672.7877122877123 351.56893106893085
718.8216783216785 322.79770229770213
772.527972027972 318.96153846153834
983.5169830169833 318.96153846153834
845.4150849150851 286.3541458541457
780.2002997002999 259.50099900099883
-217.20229770229764 825.3351648351648
546.8515505473549 202.87105551790867
654.9232989787437 213.60158373095436
691.7136814234718 152.28427965640753
709.342406344904 159.18247636479407
804.3842276604516 189.07466210113563
848.8392731144982 222.03271304120454
887.9290544620217 229.69737605052293
816.6476884753611 94.79930708651989
881.7973240545671 94.79930708651989
910.1565771890448 102.46397009583825
958.4439541477504 138.48788623963446
1107.9048828294585 238.1285053607731
1068.8151014819348 176.04473498529444
902.4919141797266 44.978997525950604
931.6176336151364 54.17659313713261
962.2762856524098 93.26637448465624
991.4020050878194 61.07478984551915
997.5337354952742 41.14666602129142
1023.5935897269565 116.26036351261132
1046.5875787549116 123.1585602209978
1102.5396187229355 143.08668404522552
1141.6294000704593 144.61961664708917
1196.8149737375513 154.583678559203
1174.5874510105282 114.72743091074761
1190.6832433300967 89.43404297999706
1134.7312033620726 106.29630160049743
1140.8629337695274 122.39209392006599
1110.9707480331858 114.72743091074761
1086.443826403367 87.13464407720153
1056.5516406670254 89.43404297999706
1023.5935897269565 73.33825066042851
1035.8570505418659 60.308323544587324
1051.1863765605026 2.0568846737677973
1114.0366132369131 51.87719423433714
1153.1263945844366 71.80531805856481
1092.5755568108218 14.320345488677164
1078.012697093117 16.619744391472693
1047.3540450558435 41.14666602129142
1088.7432253061625 3.5898172756315034
1103.3060850238674 5.889216178426977
1133.9647370611408 6.655682479358802
1124.000675149027 14.320345488677164
1192.9826422328922 18.152676993336343
1196.8149737375513 9.721547683086158
1180.7191814179828 30.41613780824571
1262.235746770712 173.15737259743256
1255.7054538867728 97.2427178216389
1232.033142182493 41.32708500290917
1069.655206286837 30.735756385068868
1103.1326129666013 17.85756385068774
1148.0000000000002 8.352941176470608
1115.0882352941178 67.73529411764699
974.9705882352944 68.79411764705875
