289.1979510905486 823.4874421678786
408.4841374752149 836.1774619960346
541.7293456708527 931.3526107072045
702.8925974884337 865.3645076007934
95.04064771976203 669.9382022471912
67.12260409781891 459.2838730998018
144.5317250495704 313.348645076008
172.44976867151354 326.03866490416397
293.00495703899537 196.60046265697292
218.13384005287514 300.658625247852
247.32088565763388 287.968605419696
347.5720423000661 402.17878387309986
565.840383344349 322.23165895571725
549.3433575677462 303.1966292134832
568.3783873099802 276.5475875743556
558.2263714474554 148.3783873099801
480.81725049570395 205.48347653668213
441.4781890284204 169.9514210178454
414.82914738929287 210.55948446794446
440.20918704560484 98.88730998017184
664.8225380039656 196.60046265697292
721.9276272306677 152.18539325842698
728.2726371447455 205.48347653668213
787.9157303370788 169.9514210178454
819.6407799074688 166.14441506939852
933.8509583608726 149.64738929279576
921.1609385327163 132.17878387309986
858.9798413747519 281.62359550561786
883.0908790482483 242.2845340383344
919.8919365499007 211.82848645076
1006.1840713813612 228.32551222736288
1016.3360872438861 27.823198942498266
1131.8152676801055 103.96331791143416
1092.4762062128218 161.06840713813608
1159.7333113020486 175.02742894910773
1199.072372769332 265.12656972901516
1378.0016523463314 294.3136153337739
1395.7676801057498 251.1675479180435
1626.7260409781886 125.53635161929935
1513.7848645076003 45.58922670191669
1766.3162590879042 6.250165234633187
1405.9196959682745 50.665234633179125
1402.1126900198278 16.402181097157836
1339.9315928618635 87.4662921348314
1292.9785194976864 69.70026437541298
1291.7095175148706 92.54230006609384
1280.2884996695304 100.15631196298739
1246.0254461335091 157.2614011896893
509.68704560475885 61.74917382683407
514.1285525446135 36.3691341705221
384.69035029742236 8.451090548578918
292.6877065432915 5.2785855915399225
246.3691341705221 9.720092531394585
156.90449438202248 3.3750826173165933
294.2461300309597 197.68266253869967
721.2430340557278 182.8219814241486
1445.948916408669 92.66718266253866
194.44117647058826 34.91176470588229
404.0882352941177 2.088235294117567
468.8529411764707 51.14705882352939
391.9117647058825 102.3235294117647
310.02941176470597 151.38235294117646
316.3823529411766 180.6764705882353
263.4411764705883 107.44117647058815
169.55882352941185 125.79411764705874
140.9705882352942 245.08823529411754
1059.1470588235293 117.14705882352935
920.4411764705883 115.02941176470583
875.6176470588235 134.79411764705875
882.6764705882352 159.14705882352933
776.9705882352941 136.38235294117646
1131.3235294117649 258.5
1468.0294117647059 218.26470588235293
