129.09813084112156 795.702492211838
707.291277258567 903.3660436137072
1301.4345794392525 582.3691588785045
1131.964174454829 201.55919003115253
1070.1573208722743 245.42211838006224
1004.3629283489098 173.6464174454827
1060.1884735202493 161.68380062305278
1225.671339563863 167.66510903426774
1171.8395638629286 143.73987538940796
1313.3971962616824 257.38473520249204
1367.228971962617 241.43457943925216
1353.272585669782 129.78348909657302
1329.3473520249222 50.03271028037352
1417.0732087227416 115.82710280373806
1464.9236760124613 105.85825545171326
1556.6370716510905 147.7274143302178
1257.5716510903428 6.169781931463831
1329.3473520249222 18.132398753893767
558.2708978328174 822.8529411764706
