1090.410447761194 841.3955223880595
920.3805970149253 482.23134328358174
1029.276119402985 463.12686567164144
1185.9328358208954 447.84328358208916
1810.6492537313432 444.02238805970114
1441.9328358208954 212.85820895522352
1373.1567164179103 245.33582089552192
1174.4701492537313 239.60447761193996
1071.3059701492537 279.7238805970145
928.0223880597014 285.4552238805966
807.6641791044776 138.35074626865628
557.3955223880596 337.0373134328354
259.36567164179104 354.23134328358174
144.73880597014926 396.26119402985034
1768.6194029850747 44.73880597014886
792.3805970149253 75.3059701492532
780.9179104477612 44.73880597014886
903.186567164179 31.36567164179064
773.2761194029849 8.440298507462103
589.8731343283582 31.36567164179064
612.7985074626865 14.171641791044294
566.9477611940297 6.5298507462682664
289.9328358208955 254.88805970149212
397.51375245579555 352.83791748526505
447.0225933202356 135.17583497053045
582.8182711198427 64.44891944990172
688.4371316306483 5.038310412573651
