440.6998001998003 725.594905094905
947.0734265734268 796.563936063936
1670.1903096903097 827.2532467532468
1334.5259740259742 577.9025974025973
1551.269230769231 503.0974025974025
1697.0434565434566 453.22727272727263
1789.111388611389 1057.423076923077
1021.8786213786217 391.8486513486512
1140.7997002997004 420.61988011988
1194.5059940059941 338.14235764235747
1370.9695304695306 364.99550449550424
492.4880119880121 311.28921078921064
528.9315684315685 217.30319680319667
571.1293706293707 244.15634365634355
864.5959040959042 271.0094905094903
924.0564435564436 278.681818181818
1108.1923076923078 276.76373626373606
1042.9775224775226 295.9445554445554
1117.7827172827174 236.48401598401574
762.9375624375625 224.97552447552425
787.8726273726274 188.53196803196784
830.0704295704297 246.0744255744254
941.3191808191809 236.48401598401574
1050.6498501498502 182.7777222777221
1023.7967032967035 192.3681318681317
1046.8136863136865 148.2522477522475
1112.0284715284718 196.20429570429553
1129.2912087912089 196.20429570429553
1351.7887112887115 198.12237762237737
1428.5119880119883 159.760739260739
815.8179887046024 133.47950800448308
878.2236749264724 130.7662172991844
975.9021403172256 108.15546142169524
990.3730240788187 45.749775199825194
1116.0888267576584 87.35356601440526
1145.0305942808445 124.4352056534874
630.4097905091913 67.45610084221477
643.9762440356848 58.41179849121909
662.0648487376761 26.756740262734297
754.3167327178319 59.316228726318684
769.6920467145245 23.139019322336026
738.0369884860397 19.521298381937754
714.521802373451 35.801042613729976
703.6686395522562 35.801042613729976
891.790128452966 44.845344964725655
852.8996283436846 21.330158852136947
823.0534305853989 14.999147206439943
820.3401398801002 2.3371239150460497
885.459116807269 6.859275090543861
654.6943171713403 14.0002859278585
709.8990524959557 5.01346854943273
685.5062624688001 3.087721968341441
876.797089523863 3.087721968341441
805.5444660234871 1.8038909142806574
1055.2740667976423 408.9479371316307
767.8870333988211 1.3546168958744147
695.6176470588235 122.79411764705884
