157.0562913907284 493.61258278145704
432.0231788079469 677.9834437086093
810.301324503311 884.6059602649008
360.4999999999999 8.844370860927256
242.88410596026483 131.2284768211921
203.14900662251648 242.48675496688747
115.73178807947016 88.31456953642385
95.06953642384104 13.612582781456922
9.241721854304615 75.5993377483444
811.8907284768211 255.20198675496695
708.5794701986754 83.54635761589407
894.5397350993376 13.612582781456922
1086.8576158940396 2.4867549668874744
1215.5993377483442 13.612582781456922
1283.9437086092712 5.665562913907252
1426.9900662251653 108.97682119205297
1298.2483443708607 143.94370860927154
1214.0099337748343 142.35430463576165
1714.6721854304633 147.12251655629143
1762.3543046357613 120.10264900662253
1722.619205298013 19.970198675496704
