1543.186567164179 495.60447761193996
1590.94776119403 442.1119402985071
1736.141791044776 455.4850746268653
1675.007462686567 209.0373134328354
1696.0223880597016 193.7537313432831
1535.544776119403 195.66417910447717
1361.6940298507461 312.2014925373131
1359.783582089552 249.15671641791005
1313.9328358208954 252.97761194029817
1269.9925373134329 235.78358208955183
1329.2164179104477 178.47014925373094
1346.410447761194 178.47014925373094
1407.544776119403 167.00746268656667
1312.0223880597014 132.6194029850742
1185.9328358208954 111.60447761193983
1061.7537313432836 132.6194029850742
916.5597014925372 151.7238805970145
882.1716417910447 140.26119402985023
807.6641791044776 145.9925373134324
780.9179104477612 151.7238805970145
784.7388059701491 98.23134328358162
807.6641791044776 79.12686567164133
878.3507462686566 79.12686567164133
899.3656716417909 79.12686567164133
696.8582089552237 113.51492537313379
123.2462686567163 134.38059701492523
120.38059701492526 56.05223880596998
44.917910447761045 22.61940298507443
70.70895522388045 16.888059701492352
470.9477611940298 59.87313432835805
463.30597014925365 53.186567164179
523.4850746268656 46.499999999999886
487.18656716417905 19.753731343283448
343.9029850746268 42.67910447761176
206.3507462686566 35.992537313432706
519.6641791044775 110.49999999999989
535.9029850746268 73.24626865671627
562.6492537313433 57.00746268656701
713.5746268656716 39.81343283582078
830.1119402985075 148.70895522388048
595.1268656716418 83.75373134328345
597.0373134328357 33.12686567164167
733.7023575638507 49.36051080550095
615.8241650294696 57.84774066797638
637.5137524557957 84.25245579567775
388.5550098231827 11.639489194498992
834.6060903732812 115.37229862475442
91.50196463654211 40.87328094302552
564.900785854617 97.45481335952844
1374.0166994106091 310.87328094302546
377.7348993288591 34.68791946308727
578.0882352941176 83.97058823529406
