7.652317880794669 204.341059602649
141.16225165562906 388.7119205298013
368.44701986754956 379.17549668874176
341.42715231788065 299.70529801324506
249.24172185430461 220.23509933774835
398.64569536423835 93.08278145695363
532.1556291390727 135.99668874172187
606.8576158940396 139.17549668874176
637.0562913907283 135.99668874172187
780.1026490066224 108.97682119205297
764.2086092715231 264.7384105960266
637.0562913907283 46.99006622516549
923.1490066225163 302.88410596026495
996.2615894039732 321.9569536423842
1314.14238410596 574.6721854304636
1533.4801324503308 654.1423841059603
1074.14238410596 153.4801324503312
1150.433774834437 53.347682119205274
1206.0629139072846 108.97682119205297
1148.8443708609268 244.07615894039736
1247.3874172185429 35.864238410596045
1307.7847682119202 2.4867549668874744
1374.5397350993373 53.347682119205274
1558.9105960264897 10.433774834437145
1290.3231827111983 5.1267190569745935
1578.4174852652259 14.085461689587532
