15.178899082568932 834.077981651376
83.68042813455668 814.506116207951
118.90978593272189 659.8883792048928
111.08103975535187 681.4174311926604
373.3440366972478 642.2737003058103
439.8883792048931 622.7018348623852
494.68960244648326 712.7324159021405
248.0840978593274 728.3899082568806
612.1207951070337 548.3287461773697
588.6345565749236 671.6314984709478
721.7232415902142 530.7140672782873
686.493883792049 577.6865443425074
743.2522935779818 423.06880733944934
850.8975535168197 417.1972477064219
837.1972477064221 428.9403669724768
848.9403669724772 562.0290519877674
762.8241590214068 640.3165137614677
737.3807339449543 700.9892966360854
702.1513761467891 1031.7538226299694
1040.744648318043 937.808868501529
1340.1941896024466 822.3348623853209
1749.2461773700309 560.0718654434248
1835.3623853211009 348.695718654434
1578.9709480122326 323.2522935779814
1528.0840978593271 274.3226299694187
1436.0963302752295 254.75076452599365
1363.6804281345567 293.89449541284375
1326.493883792049 321.29510703363894
1279.521406727829 305.6376146788989
1287.350152905199 370.22477064220163
1299.0932721712538 270.4082568807337
882.2125382262999 257.68654434250726
848.9403669724772 274.32262996941853
874.3837920489299 301.72324159021366
914.5061162079513 264.536697247706
914.5061162079513 243.98623853210967
894.9342507645263 241.05045871559594
953.6498470948015 233.22171253822594
986.9220183486242 230.28593272171216
977.1360856269116 247.90061162079468
965.3929663608566 267.4724770642198
976.1574923547403 305.6376146788987
1007.4724770642205 273.3440366972473
1019.2155963302755 289.00152905198735
1034.8730886850155 258.6651376146785
1059.337920489297 271.3868501529048
1067.166666666667 258.6651376146785
1067.166666666667 337.9311926605501
1124.9036697247711 287.04434250764484
1162.0902140672788 273.3440366972473
1161.1116207951072 250.83639143730846
1172.8547400611624 309.5519877675837
1261.9067278287466 213.6498470948008
1300.0718654434254 177.44189602446443
1373.4663608562696 192.1207951070332
1378.3593272171258 170.59174311926563
1385.2094801223245 213.6498470948008
1329.429663608563 240.07186544342466
1321.600917431193 222.4571865443421
1099.4602446483184 179.39908256880688
1144.475535168196 158.84862385321054
1146.4327217125385 172.54892966360808
1120.0107033639147 199.94954128440327
1111.2033639143733 190.16360856269068
1122.9464831804285 210.71406727828702
1108.2675840978595 210.71406727828702
1085.7599388379208 202.885321100917
1065.2094801223245 219.52140672782832
1026.0657492354744 227.3501529051983
1026.0657492354744 178.42048929663565
1002.5795107033642 184.29204892966317
945.8211009174314 223.43577981651333
927.2278287461776 226.37155963302712
913.5275229357801 183.3134556574919
926.2492354740064 210.71406727828702
950.7140672782878 202.885321100917
954.6284403669728 216.58562691131453
976.1574923547403 220.49999999999955
1550.1024464831805 153.06880733944934
1526.6162079510705 156.00458715596312
1531.509174311927 187.31957186544327
1487.4724770642204 195.1483180428133
1478.665137614679 201.99847094801208
1596.0963302752295 101.20336391437291
1657.7477064220184 101.20336391437291
1698.8486238532112 88.4816513761466
1666.5550458715597 153.06880733944934
1805.515290519878 43.46636085626892
1814.3226299694193 77.7171253822628
1841.7232415902145 60.102446483180245
1887.717125382263 81.6314984709478
1859.3379204892967 128.603975535168
1895.5458715596333 192.2125382262995
1729.18501529052 192.2125382262995
1814.3226299694193 57.16666666666646
899.1213786213788 211.75874125874122
1253.9665334665337 234.535964035964
1583.5335570469797 540.5000000000001
954.7013422818792 504.41946308724846
370.6476510067114 720.2986577181208
-100.33221476510067 1030.8489932885905
208.60738255033561 889.7080536912754
