666.1671664167914 605.9872563718139
720.8598200899551 492.28410794602667
746.7668665667168 464.93778110944504
857.5914542728638 462.05922038980486
520.7998500749626 523.9482758620687
371.1146926536732 328.20614692653646
434.4430284857572 289.345577211394
34.32308845577217 187.15667166416767
124.63793103448279 187.38155922038982
136.8718140929535 139.16566716641682
174.29310344827587 146.36206896551732
231.1446776611694 157.87631184407803
280.08020989505246 121.17466266866575
126.79685157421291 86.63193403298357
53.393553223388324 67.92128935532241
253.45352323838077 68.64092953523243
239.0607196401799 61.44452773613199
300.2301349325337 66.48200899550227
280.79985007496254 54.96776611694156
327.5764617691154 58.56596701649181
364.2781109445278 40.574962518740676
314.62293853073464 19.70539730134942
277.92128935532236 10.350074962518761
239.78035982008993 3.873313343328391
227.5464767616192 6.751874062968568
220.35007496251876 3.873313343328391
210.99475262368816 22.5839580209896
201.63943028485755 25.462518740629775
193.7233883058471 26.18215892053979
194.4430284857571 14.667916041979083
174.29310344827587 8.191154422788713
165.65742128935534 8.91079460269873
158.4610194902549 9.630434782608745
143.34857571214394 9.630434782608745
349.16566716641677 7.471514242878584
357.0817091454273 1.7143928035982299
380.1101949025487 6.751874062968568
390.9047976011994 1.7143928035982299
416.811844077961 6.032233883058552
439.8403298350824 24.742878560719646
469.3455772113943 3.873313343328391
436.9617691154422 107.50149925037488
490.21514242878555 141.32458770614699
505.32758620689657 143.48350824587715
534.1131934032983 133.40854572713647
575.1326836581709 136.28710644677665
789.5854572713642 278.0562218890555
693.1536731634183 139.16566716641682
649.2556221889056 105.34257871064472
513.243628185907 82.3140929535233
519.0007496251874 54.96776611694156
521.8793103448277 16.107196401799115
562.8988005997 5.312593703148423
577.291604197901 15.387556221889099
601.7593703148425 23.303598200899614
630.5449775112443 18.985757121439292
689.5554722638681 77.27661169415296
763.6784107946028 123.33358320839585
803.2586206896551 113.97826086956525
868.7458770614692 103.18365817091455
888.8958020989505 62.88380809595208
857.9512743628186 47.77136431784112
832.0442278860569 47.0517241379311
839.9602698650674 49.93028485757128
1026.3470764617691 160.17016491754094
1082.4790104947526 158.73088455772097
1128.5359820089955 132.82383808095938
1226.4070464767615 155.8523238380808
1289.7353823088456 145.0577211394301
1324.9977511244379 140.7398800599699
1294.7728635682158 60.85982008995484
1237.2016491754123 76.69190404797587
1198.3410794602698 45.74737631184394
1422.8688155922039 327.84632683658157
1520.73988005997 258.7608695652172
1664.667916041979 221.3395802098949
1825.867316341829 140.7398800599699
1831.6244377811095 120.5899550224886
1918.700899550225 90.36506746626674
1678.3410794602698 85.3275862068964
1829.4655172413793 11.789355322338906
1466.0472263868069 3.873313343328391
1601.3395802098953 3.873313343328391
1622.2091454272866 3.1536731634183752
1611.4145427286358 37.6964017991005
1411.3545727136434 31.21964017991013
1378.9707646176914 16.107196401799115
1294.0532233883062 25.462518740629775
1279.6604197901052 26.18215892053979
1252.3140929535234 30.500000000000057
1136.4520239880062 6.751874062968568
1049.3755622188908 29.780359820089984
1232.1641679160423 38.416041979010515
