1484.994382022472 349.0393258426967
1301.6235955056181 376.0056179775278
1768.1404494382023 171.06179775280862
1676.455056179775 179.15168539325805
1627.9157303370785 222.29775280898843
1484.9943820224717 114.43258426966258
1455.3314606741574 114.43258426966258
1377.129213483146 144.0955056179772
1382.5224719101125 98.25280898876372
1333.9831460674159 52.41011235955034
1832.8595505617977 1.1741573033705208
1886.7921348314608 1.1741573033705208
1207.241573033708 179.15168539325805
1261.174157303371 125.21910112359524
1180.2752808988762 103.64606741573004
1120.9494382022472 65.89325842696599
1139.825842696629 192.63483146067392
1048.1404494382023 195.33146067415703
1013.0842696629214 125.21910112359524
964.5449438202248 149.48876404494354
940.2752808988765 222.29775280898843
870.1629213483146 117.1292134831458
821.623595505618 109.03932584269637
775.7808988764044 138.70224719101088
724.5449438202248 92.8595505617975
705.6685393258427 49.71348314606712
649.0393258426967 55.10674157303333
662.5224719101124 152.18539325842676
775.7808988764044 68.5898876404492
921.3988764044944 82.07303370786485
843.1966292134831 47.0168539325839
832.4101123595507 25.44382022471882
856.679775280899 22.7471910112356
1080.5 36.23033707865147
873.5337078651683 96.56741573033707
877.578651685393 46.679775280898866
900.4999999999998 37.24157303370788
924.7696629213481 35.89325842696627
576.9044943820222 22.410112359550453
586.3426966292133 12.971910112359524
605.2191011235952 14.32022471910102
641.6235955056177 12.971910112359524
633.5337078651683 17.01685393258424
661.8483146067413 10.275280898876304
698.2528089887637 6.230337078651587
711.7359550561796 4.882022471910091
1059.6011235955052 34.54494382022472
1044.7696629213478 33.19662921348316
1020.4999999999997 14.32022471910102
1001.6235955056177 21.061797752808957
1007.0168539325839 8.926966292134807
974.6573033707862 3.5337078651684806
971.9606741573031 35.89325842696627
954.4325842696626 11.623595505617914
939.6011235955052 8.926966292134807
897.8033707865166 3.5337078651684806
877.578651685393 14.32022471910102
893.7584269662918 19.713483146067347
958.4775280898873 27.80337078651678
731.9606741573032 14.32022471910102
752.1853932584268 10.275280898876304
800.7247191011234 3.5337078651684806
847.9157303370782 11.623595505617914
862.7471910112356 7.578651685393197
902.8595505617974 61.34269662921349
641.2865168539322 2.691011235955102
914.9943820224715 2.016853932584297
784.8820224719097 12.129213483146088
767.3539325842693 2.016853932584297
836.6235955056177 22.49438202247191
919.8820224719097 17.101123595505612
