154.13914373088699 836.0351681957185
1788.3899082568807 31.631498470947687
95.42354740061171 209.73547400611596
32.79357798165154 246.92201834862362
283.31345565749245 151.0198776758407
424.23088685015307 141.23394495412822
512.3042813455659 133.4051987767582
514.2614678899083 237.13608562691115
739.3379204892967 9.215596330274932
754.9954128440368 10.194189602446272
786.310397553517 91.41743119266033
816.6467889908258 86.5244648318041
789.2461773700308 132.518348623853
842.0902140672783 121.75382262996919
870.4694189602449 157.96177370030563
912.5489296636088 166.76911314984687
903.7415902140674 85.54587155963281
925.270642201835 88.4816513761466
1260.928134556575 153.06880733944934
1188.5122324159024 72.8241590214065
1131.7538226299698 64.01681957186526
1138.6039755351685 6.814984709480086
