671.3951406649619 885.4616368286444
641.9322250639389 1057.3286445012786
870.2698209718671 997.1751918158568
887.4565217391305 663.2621483375957
683.6713554987214 596.9705882352939
591.5997442455243 622.750639386189
643.1598465473148 719.7327365728898
562.1368286445015 551.5485933503834
312.9296675191817 625.205882352941
82.13682864450129 646.0754475703322
479.8861892583122 333.0319693094626
583.0063938618928 314.6176470588232
672.6227621483376 263.05754475703293
753.645780051151 324.43861892583095
775.7429667519182 221.3184143222503
867.8145780051152 331.80434782608666
900.9603580562662 368.6329923273654
871.4974424552431 240.96035805626568
867.8145780051152 194.3107416879792
881.3184143222509 168.53069053708396
981.9833759590795 168.53069053708396
963.5690537084402 125.56393861892548
997.942455242967 125.56393861892548
964.7966751918161 94.87340153452647
945.1547314578006 92.41815856777453
930.4232736572892 77.686700767263
907.098465473146 96.10102301790243
1002.8529411764706 94.87340153452647
1028.6329923273659 104.69437340153411
1076.5102301790282 120.6534526854216
1086.331202046036 156.2544757033245
1107.2007672634272 151.3439897698206
1155.0780051150898 134.15728900255715
1175.947570332481 148.88874680306867
1136.6636828644503 155.02685421994852
1207.865728900256 137.84015345268506
1227.5076726342713 185.71739130434742
1191.9066496163684 245.87084398976947
1225.0524296675194 254.46419437340114
1220.1419437340155 303.5690537084396
1185.7685421994886 326.8938618925828
1082.648337595908 275.3337595907925
1048.2749360613811 331.80434782608666
1053.185421994885 410.37212276214814
1053.185421994885 200.44884910485894
1034.7710997442457 163.6202046035802
1021.26726342711 151.3439897698206
1283.9782608695655 331.80434782608666
1388.326086956522 195.53836317135517
1351.4974424552431 194.3107416879792
1423.9271099744249 271.65089514066466
1454.6176470588239 258.14705882352905
1454.6176470588239 374.77109974424525
1519.6815856777496 371.08823529411734
1572.4693094629158 258.14705882352905
1589.6560102301794 340.3976982097183
1665.7685421994888 294.9757033248079
1750.47442455243 302.3414322250636
1870.7813299232741 286.3823529411761
1858.5051150895144 396.8682864450125
1728.3772378516628 362.49488491048555
1686.63810741688 514.7199488491046
1703.8248081841434 747.9680306905369
1864.6432225063943 1013.1342710997442
1913.7480818414326 944.3874680306905
1376.0498721227623 999.6304347826087
1177.175191815857 740.6023017902812
1223.8248081841434 605.5639386189256
463.9271099744247 258.14705882352905
411.13938618925846 277.78900255754445
335.0268542199489 228.684143222506
311.7020460358057 249.55370843989738
234.36189258312032 242.18797953964167
222.08567774936063 191.85549872122726
218.40281329923283 139.06777493606103
114.05498721227627 237.2774936061378
75.9987212276215 271.65089514066466
15.845268542199506 276.5613810741685
10.934782608695684 237.2774936061378
58.8120204603581 155.02685421994852
112.8273657289003 126.79156010230145
110.37212276214836 99.78388746803034
137.37979539641947 94.87340153452647
107.91687979539648 37.17519181585635
104.23401534526857 15.078005115089125
130.0140664961637 22.443734015344948
112.8273657289003 0.3465473145774922
77.22634271099747 26.126598465472625
57.58439897698213 56.81713554987175
37.94245524296679 39.63043478260829
19.528132992327357 27.354219948848595
41.62531969309464 22.443734015344948
180.34654731457806 39.63043478260829
191.39514066496167 65.41048593350342
150.88363171355502 74.0038363171351
158.24936061381078 27.354219948848595
136.1521739130435 34.71994884910441
261.3695652173914 116.97058823529369
182.80179028133 105.92199488491008
249.09335038363176 86.28005115089468
376.76598465473154 146.43350383631673
349.75831202046044 130.47442455242924
323.9782608695653 99.78388746803034
341.16496163682876 83.82480818414285
296.9705882352942 96.10102301790243
282.2391304347827 66.6381074168794
301.8810741687981 15.078005115089125
326.43350383631724 15.078005115089125
289.6048593350384 32.26470588235247
393.952685421995 27.354219948848595
389.0421994884911 13.850383631713157
373.08312020460363 5.25703324808137
446.74040920716124 17.533248081841066
416.0498721227622 2.8017902813294313
440.6023017902814 39.63043478260829
433.2365728900257 58.044757033247606
486.02429667519186 97.3286445012784
460.2442455242968 121.88107416879757
520.3976982097188 161.16496163682825
535.1291560102304 202.90409207161088
465.15473145780066 207.81457800511475
583.0063938618928 191.85549872122726
691.0370843989772 228.684143222506
709.4514066496165 152.57161125319658
691.0370843989772 120.6534526854216
718.0447570332483 120.6534526854216
770.8324808184145 159.93734015345228
842.0345268542201 56.81713554987175
808.8887468030691 77.686700767263
821.1649616368288 80.14194373401494
762.2391304347827 56.81713554987175
778.1982097186701 37.17519181585635
756.1010230179029 19.988491048593005
805.2058823529412 2.8017902813294313
824.8478260869567 2.8017902813294313
716.8171355498723 13.850383631713157
732.7762148337597 32.26470588235247
724.1828644501279 0.3465473145774922
713.1342710997444 65.41048593350342
684.8989769820973 65.41048593350342
689.8094629156012 48.22378516624008
672.6227621483376 54.3618925831197
340.8580562659847 20.06521739130426
200.29539641943742 32.95524296675188
215.0268542199489 20.06521739130426
113.74808184143227 4.719948849104753
257.99360613810745 24.36189258312004
489.40025575447584 39.70716112531966
490.0140664961638 13.313299232736426
510.8836317135551 55.05242966751911
580.2442455242968 78.37723785166236
590.0652173913045 64.8734015345268
593.7480818414324 123.79923273657283
569.8094629156012 131.77877237851658
531.7531969309464 54.43861892583112
541.5741687979541 36.02429667519175
566.7404092071613 54.43861892583112
559.3746803069055 33.56905370843987
516.407928388747 13.313299232736426
551.3951406649617 5.333759590792737
575.333759590793 13.313299232736426
608.4795396419439 21.906649616368213
637.328644501279 28.65856777493599
642.8529411764707 58.735294117647015
666.7915601023019 24.36189258312004
670.4744245524298 11.471867007672474
689.5025575447572 7.789002557544677
663.1086956521741 117.66112531969304
620.1419437340155 82.06010230179021
580.8580562659848 265.5895140664961
