1206.0144855144856 581.7387612387612
1664.4360639360639 733.2672327672327
1908.0324675324678 698.7417582417582
1716.2242757242757 480.0804195804195
1756.5039960039962 453.22727272727263
574.9655344655346 426.37412587412575
1785.275224775225 215.38511488511472
1727.7327672327674 196.20429570429553
1700.8796203796205 205.79470529470518
1629.9105894105896 364.99550449550424
1589.630869130869 338.14235764235747
1551.269230769231 297.8626373626372
1593.467032967033 249.91058941058918
1470.7097902097903 213.46703296703274
1361.379120879121 196.20429570429553
1305.7547452547453 165.51498501498486
1898.9215784215785 173.15734265734244
1808.771728271728 153.97652347652325
1903.7167832167834 85.88461538461519
1758.9015984015982 81.08941058941042
1708.0724275724274 96.43406593406576
1666.8336663336663 92.59790209790191
1636.1443556443555 194.25624375624358
1617.9225774225774 173.15734265734244
1442.418081918082 72.45804195804175
1461.598901098901 75.33516483516468
1450.0904095904095 56.15434565434549
1465.435064935065 56.15434565434549
1555.5849150849149 91.63886113886093
1599.7007992007993 80.13036963036944
1585.3151848151847 76.2942057942056
1545.0354645354646 34.09640359640338
1557.5029970029968 59.99050949050928
1577.6428571428573 31.21928071928056
1380.0804195804194 64.7857142857141
1347.473026973027 71.49900099900083
1298.561938061938 75.33516483516468
1308.1523476523475 54.23626373626354
1300.48001998002 44.645854145853946
1287.0534465534465 38.8916083916082
1277.4630369630368 71.49900099900083
1248.6918081918081 74.3761238761237
1223.7567432567432 105.06543456543437
1479.8206793206791 52.31818181818164
1030.50999000999 138.63186813186798
1042.9775224775226 114.65584415584397
1132.1683316683316 76.2942057942056
1150.3901098901101 37.932567432567225
1123.5369630369632 14.915584415584135
1110.1103896103896 37.932567432567225
1082.2982017982017 31.21928071928056
1064.0764235764236 25.46503496503476
1042.9775224775226 24.505994005993784
1032.4280719280719 11.079420579420344
1046.8136863136865 2.4480519480516705
1016.1243756243757 35.055444555444346
1016.1243756243757 21.628871128870856
995.9845154845156 11.079420579420344
976.8036963036964 13.956543456543159
953.7867132867134 5.325174825174599
952.8276723276724 37.932567432567225
939.401098901099 27.3831168831166
978.7217782217783 85.88461538461519
965.2952047952049 116.57392607392586
993.1073926073926 131.91858141858125
1043.9365634365636 84.92557442557421
1130.25024975025 58.07242757242739
896.2442557442558 87.80269730269714
934.6058941058942 106.98351648351633
886.6538461538462 21.628871128870856
827.1933066933067 111.7787212787211
776.3641358641358 101.22927072927058
716.9035964035965 111.7787212787211
741.8386613386614 116.57392607392586
649.7707292707292 45.60489510489492
591.2692307692307 34.09640359640338
779.2412587412588 35.055444555444346
1010.37012987013 127.12337662337643
266.6338661338661 127.12337662337643
157.3031968031967 140.54995004994987
309.7907092907092 103.14735264735242
256.0844155844155 31.21928071928056
64.27622377622362 81.08941058941042
15.365134865134737 62.86763236763221
8.651848151848016 51.359140859140666
545.7147852147851 2.4480519480516705
39.341158841158695 1.4890109890106942
2.8976023976022707 2.4480519480516705
1089.4910089910093 10.58491508491511
1094.7657342657344 21.61388611388614
1106.6176470588236 801.6764705882352
65.61764705882351 104.0882352941176
28.558823529411757 26.794117647058755
348.32352941176464 93.85294117647052
277.1176470588235 5.705882352941188
409.5588235294119 422.9705882352941
814.7352941176471 101.26470588235287
788.2647058823529 105.85294117647052
701.7941176470589 62.088235294117595
910.2058823529413 82.91176470588229
862.2058823529413 68.0882352941176
797.1764705882355 43.64705882352942
856.7352941176472 55.38235294117641
1149.5882352941176 27.764705882352956
1174.2941176470586 85.29411764705884
1021.0294117647059 2.176470588235304
888.676470588235 6.764705882352956
