5.536726128016824 239.30377754459596
902.0739769150055 358.1705141657921
547.4884575026233 196.99527806925494
515.2534102833159 118.42235047219299
1381.5703043022038 499.1988457502622
1433.9522560335784 442.7875131164742
1534.6867785939141 372.2733473242391
1566.9218258132216 303.7738719832108
1750.2586568730328 432.71406086044067
1873.1547743966423 225.20094438614888
1786.5230849947536 255.4213011542497
1804.655299055614 213.11280167890868
1722.0529905561386 142.5986358866735
1651.5388247639037 134.53987408184662
1621.3184679958028 150.65739769150036
1617.2890870933895 205.0540398740818
1518.5692549842604 207.06873032528847
1560.8777544596016 164.76023084994745
1572.9658971668416 142.5986358866735
1548.7896117523612 132.52518363063996
1510.5104931794335 158.71615949632724
1500.4370409234 112.37827911857278
1460.1432318992656 235.2743966421824
1435.966946484785 164.76023084994745
1399.7025183630642 192.9658971668414
1385.5996852046171 229.2303252885623
1353.3646379853096 215.12749213011534
1302.9973767051417 190.95120671563473
1361.4233997901365 142.5986358866735
1208.3069254984262 227.21563483735554
1141.8221406086045 243.33315844700928
1236.51259181532 192.9658971668414
1125.7046169989508 211.0981112277019
1085.4108079748164 205.0540398740818
1109.587093389297 176.84837355718764
1020.9407135362018 211.0981112277019
988.7056663168943 182.89244491080788
906.1033578174188 170.80430220356754
865.8095487932844 148.6427072402937
448.7686253934942 45.35834207764947
474.95960125918145 45.35834207764947
469.9228751311647 28.233473242392392
491.0771248688352 5.064533053515107
498.12854144805874 40.3216159496327
542.9554039874081 90.42130115424982
525.830535152151 31.995278069255107
532.3782791185729 26.958551941238312
560.0802728226652 28.97324239244503
563.1023084994753 15.877754459601391
582.2418677859391 50.12749213011554
589.7969569779643 46.6017838405038
581.2345225603358 73.80010493179444
624.0466946484785 78.33315844700954
632.609129066107 92.43599160545654
635.1274921301153 74.8074501573978
608.9365162644281 11.848373557187927
633.1128016789087 3.7896117523611106
671.8955928646378 39.04669464847859
680.9616998950681 18.396117523609774
669.8809024134312 85.38457502623305
682.9763903462749 108.55351521511028
734.8546694648478 111.07187827911866
723.270199370409 94.45068205666325
735.8620146904511 89.91762854144815
713.7004197271772 53.653200419727284
727.2995802728226 39.04669464847859
713.1967471143755 33.50629590766013
730.3216159496326 14.870409233998032
718.7371458551941 4.293284365162776
706.145330535152 1.2712486883526708
756.5125918153199 58.68992654774408
766.5860440713534 69.2670514165793
758.5272822665265 95.9616998950683
763.0603357817417 130.21143756558246
808.3908709338929 117.8871983210912
824.5083945435466 95.72560335781736
814.4349422875131 71.54931794333675
811.412906610703 49.387722980062904
799.3247639034627 35.28488982161588
785.2219307450157 26.218782791185617
879.9123819517314 128.96799580272818
901.066631689402 119.63431269674709
947.4045120671565 136.7591815320042
980.6469045120673 126.6857292759706
995.2534102833159 118.62696747114373
964.0257082896119 94.45068205666314
923.2282266526759 85.38457502623294
940.8567681007346 77.32581322140607
914.6657922350473 64.23032528856243
875.8830010493181 57.68258132214058
843.1442812172089 48.11280167890868
877.3940188877231 41.0613850996852
923.2282266526759 33.002623294858324
930.2796432318994 53.65320041972717
954.45592864638 60.704616998950655
946.9008394543548 46.09811122770197
954.45592864638 30.484260230849912
968.558761804827 50.1274921301154
986.6909758656874 51.63850996852045
985.6836306400841 80.34784889821611
1018.4223504721932 15.374081846799555
972.0844700944388 9.33001049317943
957.47796432319 4.293284365162606
1010.867261280168 67.75603357817414
1021.4443861490033 62.21563483735571
1024.4664218258133 43.076075550891886
1027.4884575026235 91.42864637985309
1000.2901364113328 90.9249737670514
1053.1757607555091 104.52413431269673
1028.4958027282269 128.70041972717732
1075.3373557187829 111.07187827911855
1056.7014690451208 124.16736621196222
1091.4548793284366 132.22612801678906
1078.8630640083948 93.94700944386148
1066.2712486883527 64.23032528856243
1091.4548793284366 61.20828961175232
1118.1495278069256 52.14218258132212
1105.5577124868837 85.38457502623294
1120.6678908709341 97.97639034627491
1135.7780692549845 105.53147953830009
1135.7780692549845 82.86621196222453
1157.9396642182583 76.82214060860451
1190.1747114375657 95.9616998950683
1188.160020986359 112.58289611752369
1218.38037775446 110.0645330535153
1231.979538300105 98.4800629590767
1183.1232948583422 158.92077649527815
1152.39926547744 136.2555089192026
1253.1337880377755 139.27754459601266
1252.1264428121722 94.45068205666325
1307.0267576075553 137.26285414480594
1318.6112277019938 121.64900314795392
1315.5891920251838 163.95750262329494
1377.0372507869886 124.1673662119623
1398.6951731374606 120.64165792235056
1415.8200419727177 95.9616998950683
1523.6059811122773 51.638509968520566
1592.1054564533056 42.57240293809036
1579.0099685204618 36.52833158447021
1607.7193074501577 34.51364113326349
1632.39926547744 42.57240293809036
1687.2995802728228 43.579748163693694
1684.7812172088145 58.68992654774408
1693.8473242392447 54.15687303252895
1711.4758656873034 62.21563483735582
1707.9501573976918 48.61647429171052
1805.6626442812174 51.638509968520566
1823.7948583420778 56.67523609653736
1864.5923399790138 63.726652675760874
1881.7172088142709 72.79275970619108
1908.9155299055615 66.74868835257092
1913.9522560335784 81.85886673662128
1028.1328502415458 364.4130434782608
1287.842995169082 301.03140096618347
1380.5966183574878 281.7077294685989
1685.1376811594205 192.04589371980666
645.7173913043476 23.6159420289855
805.3309178743959 21.683574879227052
825.8140096618356 17.818840579710155
857.8913043478258 18.97826086956522
840.4999999999998 25.934782608695656
