166.3426966292135 1027.2415730337075
287.6910112359551 870.837078651685
1271.9606741573034 496.0056179775278
1676.455056179775 622.7471910112357
1908.3651685393256 552.6348314606739
263.4213483146068 514.8820224719099
44.32022471910102 346.679775280899
24.095505617977437 213.19662921348316
229.0393258426966 267.1292134831461
334.20786516853934 288.7022471910113
450.16292134831474 253.64606741573039
528.365168539326 210.5
676.6797752808991 226.67977528089892
748.1404494382025 300.83707865168543
736.0056179775283 203.75842696629218
796.6797752808991 188.92696629213486
740.0505617977531 175.4438202247191
73.64606741573036 46.84831460674167
178.14044943820224 36.735955056179876
170.7247191011236 21.904494382022563
237.46629213483143 25.275280898876474
248.92696629213484 48.19662921348322
246.23033707865167 69.09550561797761
222.63483146067418 58.98314606741582
210.50000000000003 79.88202247191018
207.80337078651687 97.41011235955062
172.07303370786516 86.62359550561806
279.2640449438202 75.83707865168546
318.36516853932585 51.56741573033716
387.12921348314603 20.55617977528098
404.6573033707865 32.016853932584354
451.17415730337075 29.994382022471996
458.58988764044943 5.724719101123696
509.1516853932586 25.275280898876474
509.8258426966295 3.7022471910113377
537.4662921348316 11.792134831460771
628.4775280898879 121.00561797752815
713.4213483146069 60.33146067415737
759.9382022471912 54.264044943820295
854.320224719101 12.46629213483152
872.5224719101122 17.859550561797846
1179.6011235955057 250.94943820224722
1133.758426966292 206.45505617977528
1183.6460674157302 29.825842696629138
1365.6685393258426 12.297752808988662
1590.5000000000002 19.882022471910204
1615.4438202247193 112.91573033707871
1659.9382022471912 34.03932584269671
1692.297752808989 97.41011235955062
1712.5224719101125 49.5449438202248
1732.0730337078653 96.06179775280907
1680.8370786516855 185.05056179775286
1812.9719101123596 78.53370786516862
