152.28807947019862 759.0430463576159
25.135761589403955 658.9105960264901
225.4006622516556 215.46688741721857
172.95033112582774 131.2284768211921
155.46688741721852 142.35430463576165
80.76490066225159 190.03642384105967
75.99668874172181 69.24172185430463
39.44039735099335 72.4205298013245
31.49337748344368 4.076158940397363
122.08940397350989 13.612582781456922
368.44701986754956 226.59271523178813
468.5794701986754 217.05629139072857
476.52649006622505 116.92384105960264
397.05629139072835 75.5993377483444
376.3940397350992 72.4205298013245
503.5463576158939 58.11589403973517
533.7450331125826 113.74503311258286
508.3145695364237 121.69205298013253
548.0496688741721 61.294701986754944
621.162251655629 115.33443708609275
648.1821192052979 148.71192052980132
743.5463576158938 81.95695364238418
770.5662251655626 108.97682119205297
813.480132450331 110.56622516556297
837.32119205298 345.7980132450332
975.5993377483442 360.10264900662264
1072.55298013245 348.97682119205297
1093.2152317880793 320.3675496688743
1228.3145695364235 355.33443708609275
1442.8841059602646 409.37417218543055
1360.2350993377481 194.80463576158948
1411.096026490066 180.5
1458.778145695364 209.1092715231789
1509.6390728476817 191.62582781456956
870.6986754966886 93.08278145695363
896.1291390728475 120.10264900662253
845.2682119205297 186.85761589403978
805.5331125827813 175.73178807947022
905.7741107846144 92.43971755624756
912.7751195123018 124.97381693785363
922.24707249682 86.67418095697559
972.077781676242 93.675189684663
969.1950133766061 129.09205736590502
994.3162799877196 103.55896671198633
982.3733827463705 70.20121924477002
1008.3182974430943 53.728257532564385
1018.2020744704178 55.37555370378496
1025.203083198105 53.728257532564385
1012.8483619139508 127.85658523748961
1064.3263672645935 129.09205736590502
1075.8574404631372 102.73531862637606
1058.1490066225163 86.67418095697559
1037.9696285250643 63.20021051708261
1054.0307661944648 50.43366519012329
1068.8564317354499 48.78636901890272
1079.1520328055785 71.84851541599056
1097.6841147318096 75.14310775843168
1114.1570764440153 79.67317222928824
1131.8655102846365 111.79544756808914
1168.5178500942939 106.85355905442748
1275.5921012236302 101.08802245515551
1323.3636901890263 127.03293715187934
1092.330402175343 37.25529582035881
1079.1520328055785 32.72523134950225
1123.6290294285336 60.317442217446626
1112.9216043155998 53.728257532564385
1092.330402175343 51.6691373185387
1124.8645015569489 34.78435156352796
1115.3925485724308 37.66711986316395
1128.5709179421951 40.5498881627999
1137.6310468839083 69.78939520196485
1163.164137537827 71.02486733038029
1191.5799964913817 73.083987544406
1164.8114337090476 56.61102583220037
1161.9286654094117 26.13604666462001
1192.403644576992 27.37151879303542
1197.7573571334588 53.728257532564385
1173.0479145651502 31.489759221086842
1153.2803605105037 24.07692645059433
1161.9286654094117 8.839436866804135
1184.5789877636944 5.956668567168151
1080.3875049339938 42.19718433402048
1242.646177799219 75.14310775843168
1186.63810797772 43.02083241963075
1166.0469058374629 32.72523134950225
1517.1683478794791 169.60870137274668
1574.2105828691724 254.6339195649312
1588.7402087627738 211.04504188412773
1568.8292399456166 174.99004429630267
1633.943489320644 181.98579009692543
1854.0404148940836 193.8247445287486
1896.0148896978203 165.84176132625748
1913.773321345555 175.52817858865825
1845.9684005087497 134.0918380772772
1793.231239857901 61.443708609271425
1767.4007938248324 59.829305732204666
1801.8413885355906 142.70198675496678
1815.8328801368361 137.3206438314108
1813.6803429674137 182.52392438928104
1802.9176571203018 172.29937283452466
1745.337287838253 129.78676373843243
1697.4433358186045 126.01982369194322
1707.6678873733608 72.2063944563834
1722.7356475593176 124.40542081487644
1637.1722950747776 133.5537037849216
1612.41811762642 135.1681066619884
1577.439388623306 128.17236086136563
1486.49469321521 155.61720977150114
1625.3333406429542 100.18937765887449
1603.8079689487304 110.41392921363087
1582.2825972545065 105.0325862900749
1537.0793166966364 116.87154072189806
1519.8590193412572 101.2656462435857
1504.7912591553004 99.65124336651888
1496.1811104776107 108.7995263365641
1480.5752159992985 106.10885487478606
1457.9735757203634 107.72325775185288
1442.367681242051 97.49870619709652
1483.2658874610765 57.676768562782286
1497.7955133546775 52.295425639226266
1601.655431779308 92.11736327354055
1587.125805885707 91.57922898118494
1572.0580456997502 86.19788605762898
1565.0622998991273 86.19788605762898
1555.3758826367266 84.04534888820655
1546.2275996666815 81.35467742642857
1539.2318538660586 92.11736327354055
1483.2658874610765 91.57922898118494
1491.876036138766 78.66400596465058
1511.2488706635675 61.98184290162703
1540.8462567431254 61.443708609271425
1885.7903381430638 154.54094118678992
