662.5224719101124 506.79213483146043
1441.8483146067415 913.9831460674154
1727.691011235955 684.7696629213481
37.5786516853932 312.97191011235964
415.1067415730338 404.6573033707866
626.7921348314609 219.93820224719104
885.6685393258431 203.75842696629218
336.90449438202256 147.12921348314603
59.48876404494385 8.421348314606803
69.60112359550564 129.0955056179776
138.36516853932588 100.78089887640456
184.88202247191012 111.56741573033716
156.5674157303371 18.53370786516862
235.44382022471908 67.74719101123605
250.2752808988764 108.870786516854
326.4550561797753 130.44382022471916
375.66853932584274 131.11797752808997
387.8033707865169 50.89325842696638
437.691011235955 146.62359550561806
500.38764044943844 54.264044943820295
549.6011235955059 36.735955056179876
528.7022471910115 77.18539325842703
561.0617977528092 106.84831460674164
614.9943820224721 81.90449438202256
610.2752808988766 44.82584269662931
728.2528089887643 37.41011235955065
787.5786516853935 39.43258426966301
865.7808988764046 29.32022471910119
839.4887640449444 15.162921348314683
974.3202247191017 163.4775280898877
1028.9269662921354 35.387640449438294
1189.3764044943825 3.7022471910113377
1219.039325842697 80.55617977528098
1352.1853932584277 63.53370786516848
1066.342696629214 327.80337078651695
1516.6797752808998 317.0168539325844
1684.5449438202245 239.8258426966289
1801.174157303371 12.297752808988662
