421.91604855023604 790.3718813216452
575.9821308159137 778.7198246797033
793.4871881321644 869.3469318948078
891.8823331085637 913.3658125421442
790.897842211733 988.4568442346595
1047.243088334457 991.0461901550909
1457.654416722859 914.6604855023601
1423.9929197572487 610.412339851652
1211.666554281861 649.2525286581254
1313.9457181389075 363.1298044504382
1284.1682400539446 185.75960890087651
1324.3031018206339 180.58091706001335
178.19386378961562 347.5330411328389
203.4399865138233 357.8904248145651
290.83041132838844 270.5
314.78186109238027 284.7414025623736
451.369858395145 241.369858395145
591.1945380984492 309.9875252865813
675.9956169925828 269.85266351989213
658.5175320296697 366.95313553607554
698.6523937963589 500.3044504383008
844.303101820634 329.407619689818
787.3374915711397 189.5829399865138
696.0630478759273 183.75691166554282
604.7886041807149 177.28354686446391
567.2430883344573 179.22555630478757
557.5330411328389 199.2929871881322
657.222859069454 135.85401213755898
707.7151045178693 117.72859069453807
719.3671611598113 141.0327039784221
780.216790289953 137.14868509777477
754.3233310856374 86.00910316925149
780.8641267700608 84.06709372892783
861.1338503034392 126.79130141604855
917.4521240728257 161.10013486176666
890.9113283884021 46.521577882670215
858.5445043830076 31.632838840188754
940.1089008766016 36.164194200943996
944.3165879973027 162.6881321645314
955.9686446392448 63.645650708024334
974.7414025623735 68.17700606877958
972.7993931220499 40.34153742414031
985.4224544841537 26.747471341874643
1012.934254888739 27.39480782198254
1022.3206338503034 29.66048550236016
1039.1513823331086 16.066419420094462
1043.6827376938638 44.54922454484159
1053.716453135536 54.58293998651391
1074.1075522589344 36.457518543492995
1084.7886041807146 9.593054619015561
1070.5472016183412 12.829737019555012
1058.5714767363452 25.129130141604918
1110.0347269049223 60.732636547538846
1101.9430209035738 29.013149022252264
1108.7400539447067 17.361092380310254
1123.952461227242 36.457518543492995
1151.1405933917733 44.872892784895555
1183.8310856372218 49.40424814565077
1155.0246122724207 83.06574511126101
1151.4642616318274 18.655765340526045
1134.3098449089682 18.655765340526045
1167.3240053944705 16.713755900202358
1218.4635873229938 40.34153742414031
1232.7049898853675 18.655765340526045
1189.657113958193 70.44268374915717
1001.9295347269049 404.5593391773432
1617.7083614295348 166.5721510451787
1711.2484828051247 179.19521240728255
1750.088671611598 166.24848280512478
1779.218813216453 168.83782872555634
1816.4406608226568 176.28219824679707
1809.643627781524 137.76567768037765
1647.8095077545515 40.01786918408638
1710.601146325017 58.466958867161225
1634.215441672286 95.68880647336485
1524.8155765340525 72.70836142953479
1530.6416048550236 18.332097100472083
1547.148685097775 21.2451112609576
1581.781186783547 4.738031018206414
1627.4184086311532 33.220836142953544
1615.766351989211 21.892447741065496
1602.4959541469993 3.767026298044584
1639.394133513149 9.593054619015561
1645.22016183412 21.2451112609576
1759.7987188132165 45.52022926500342
1779.866149696561 45.52022926500342
1816.4406608226568 26.42380310182071
1831.976736345246 24.481793661497022
1855.28084962913 25.129130141604918
1892.1790289952799 16.713755900202358
1879.555967633176 58.14329062710726
1791.5182063385032 6.032703978422205
1799.2862440997978 10.56405933917739
1765.9484153742414 7.003708698584035
1717.3981793661496 1.501348617666963
1214.3842975206614 16.796884933248634
1220.7924348378897 6.726954863318554
