775.3344370860925 177.32119205298022
783.2814569536422 35.864238410596045
832.5529801324501 27.917218543046374
838.9105960264899 8.844370860927256
856.3940397350991 15.20198675496681
854.8046357615892 8.844370860927256
880.2350993377481 4.076158940397363
808.7119205298011 16.791390728476927
791.2284768211919 8.844370860927256
764.2086092715231 27.917218543046374
648.1821192052979 46.99006622516549
981.956953642384 161.42715231788085
1061.4271523178807 31.09602649006615
1118.6456953642382 31.09602649006615
1077.32119205298 175.73178807947022
1140.8973509933771 283.8112582781457
1787.78476821192 514.2748344370862
1496.9238410596024 153.4801324503312
1393.6125827814567 197.98344370860934
1376.1291390728475 231.3609271523179
1256.9238410596024 213.87748344370868
674.0559921414537 19.27210216110029
707.5333988212178 6.06974459724961
758.928290766208 9.37033398821228
801.8359528487229 37.18958742632623
831.0697445972494 39.07563850687632
