47.6910112359551 727.9157303370783
163.64606741573039 638.9269662921346
333.5337078651686 444.7696629213481
1776.2303370786517 703.64606741573
1630.9494382022472 116.28651685393265
1709.1516853932585 151.34269662921355
1794.7696629213483 108.19662921348322
1866.2303370786517 193.81460674157307
1914.0955056179776 127.07303370786525
1768.4775280898875 39.43258426966301
1591.8483146067415 16.511235955056264
1527.8033707865168 27.297752808988832
1107.8033707865168 97.41011235955062
1074.0955056179776 75.16292134831468
1066.6797752808989 39.43258426966301
995.8932584269662 43.47752808988773
1383.8707865168542 55.44382022471905
638.5898876404493 216.73595505617982
672.9719101123594 127.74719101123603
734.320224719101 70.4438202247192
759.2640449438201 69.09550561797761
796.3426966292133 54.264044943820295
768.7022471910111 34.71348314606752
748.4775280898875 36.735955056179876
674.9943820224718 46.84831460674167
562.4101123595505 46.17415730337086
14.657303370786394 404.6573033707866
231.73595505617982 357.4662921348316
216.90449438202245 312.97191011235964
292.41011235955057 283.308988764045
206.1179775280899 257.6910112359551
169.7134831460674 78.3651685393258
167.3539325842697 191.79213483146074
101.96067415730337 5.724719101123696
246.90449438202248 72.46629213483155
241.51123595505618 41.45505617977537
238.14044943820224 7.747191011236055
270.5 32.016853932584354
325.7808988764044 29.32022471910119
408.0280898876405 27.971910112359637
385.1067415730337 4.376404494382086
449.1516853932584 34.71348314606752
