29.713011542497384 420.62591815320036
120.37408184679964 386.3761804826861
253.3436516264428 333.9942287513116
378.2544596012592 360.1852046169988
1313.0708289611755 400.4790136411332
197.43599160545634 114.86516264428116
266.9428121720881 89.68153200419721
313.28069254984257 79.60807974816362
348.53777544596005 72.55666316894013
342.49370409233995 95.72560335781736
354.58184679958026 114.86516264428116
392.86096537250785 106.80640083945434
416.029905561385 121.91657922350464
407.97114375655815 84.64480587618038
496.61752360965363 114.86516264428116
515.7570828961175 110.83578174186772
507.69832109129067 61.47586568730321
561.0876180482686 79.60807974816362
587.2785939139559 70.54197271773342
585.2639034627492 103.78436516264424
603.3961175236096 88.67418677859382
624.5503672612801 71.54931794333675
645.7046169989507 66.51259181531998
662.8294858342077 79.60807974816362
639.6605456453306 109.82843651626433
629.5870933892969 95.72560335781736
650.7413431269674 91.69622245540394
680.9616998950681 110.83578174186772
684.9910807974816 100.76232948583413
691.0351521511018 81.6227701993704
722.2628541448058 68.5272822665267
770.6154249737671 120.90923399790131
773.637460650577 82.63011542497372
761.5493179433369 67.51993704092331
771.6227701993704 63.490556138509874
849.188352570829 75.57869884575018
871.3499475341027 99.7549842602308
892.5041972717734 81.6227701993704
901.5703043022036 106.80640083945434
930.7833158447008 93.71091290661064
952.9449108079748 77.5933892969569
738.8840503672614 39.550367261280286
759.0309548793284 36.52833158447021
760.0383001049317 26.45487932843662
773.1337880377755 37.53567681007357
766.082371458552 26.45487932843662
780.185204616999 21.41815320041985
787.7402938090241 25.447534102833288
831.5598111227703 48.11280167890882
841.6332633788038 36.02465897166854
853.721406086044 51.638509968520566
858.2544596012592 36.02465897166854
820.982686253935 22.42549842602321
814.9386149003149 24.943861490031594
799.8284365162644 7.818992654774547
812.4202518363064 5.300629590766107
832.0634837355719 14.366736621196367
852.7140608604407 21.921825813221517
883.4380902413432 31.995278069255107
882.9344176285415 41.06138509968531
907.6143756558237 39.550367261280286
916.1768100734522 14.366736621196367
878.4013641133263 14.366736621196367
893.5115424973767 18.89979013641147
999.2827911857291 89.91762854144815
991.727701993704 92.43599160545654
1018.4223504721931 62.71930745015749
1010.3635886673662 55.16421825813234
1005.830535152151 46.6017838405038
1001.2974816369359 11.344700944386261
980.1432318992654 23.43284365162657
1040.5839454354668 60.704616998950776
1049.1463798530954 76.31846799580285
1055.6941238195172 86.89559286463809
1039.5766002098635 52.14218258132223
1026.9847848898216 48.11280167890882
1089.4401888772297 86.89559286463809
1097.4989506820566 68.76337880377764
1132.2523609653726 146.09286463798526
1177.5828961175237 63.490556138509874
1187.6563483735572 40.3216159496327
1194.7077649527807 35.28488982161588
1163.4800629590766 35.28488982161588
1124.1935991605455 25.211437565582287
1257.1631689401888 60.468520461699825
1305.51573976915 74.57135362014685
1366.9637985309548 67.51993704092331
1417.3310598111227 121.91657922350464
1477.7717733473241 116.87985309548787
1913.9522560335781 71.54931794333675
1918.988982161595 144.07817418677854
1844.4454354669465 93.71091290661064
1826.313221406086 74.57135362014685
1772.923924449108 42.33630640083936
1779.9753410283315 47.373032528856186
1713.4905561385099 32.26285414480583
1692.3363064008395 31.25550891920244
1631.8955928646378 88.67418677859382
1578.50629590766 99.7549842602308
1612.756033578174 59.461175236096494
1633.9102833158447 59.461175236096494
1643.9837355718782 35.28488982161588
1625.8515215110178 35.28488982161588
1346.816894018888 10.841028331584596
1374.5188877229803 5.804302203567829
1419.3457502623296 17.89244491080808
1423.375131164743 8.322665267576212
1431.9375655823715 40.05403987408196
1437.9816369359917 55.16421825813234
1479.786463798531 25.95120671563495
1498.422350472193 25.447534102833288
1493.3856243441764 19.403462749213134
1502.4517313746067 48.61647429171052
1517.5619097586568 49.62381951731385
1548.2859391395593 41.06138509968531
1556.8483735571879 52.14218258132223
1570.4475341028333 22.929171038824876
1579.5136411332635 32.49895068205677
742.8968565815326 62.17976424361501
1070.5982318271122 69.72396856581543
1048.4371316306485 11.25638506876237
908.6335952848723 12.670923379174951
1033.1129666011789 9.841846758349845
