1768.3908709338932 583.8158447009444
1619.3037775445962 255.4213011542497
1478.275445960126 255.4213011542497
1242.5566631689403 321.90608604407123
1204.2775445960128 303.7738719832108
1659.5975865687303 120.43704092339965
1913.448583420777 128.49580272822652
1915.4632738719836 70.06977964323175
1742.1998950682057 41.8641133263377
1593.1128016789091 35.82004197271772
1526.6280167890873 19.702518363063973
1438.9889821615952 2.042497376705114
1305.0120671563486 14.130640083945421
1179.0939139559287 7.079223504721881
1133.7633788037779 47.373032528856186
1053.1757607555091 18.16002098635886
1017.9186778593916 12.115949632738648
1033.028856243442 53.41710388247634
973.5954879328438 50.395068205666234
1369.388888888889 242.91545893719828
1576.538647342995 139.3405797101451
1259.243961352657 11.949275362318645
1803.785024154589 41.949275362318986
