279.50202292650033 280.27073499662856
297.6274443695213 180.58091706001358
113.78388401888066 250.49325691166564
87.89042481456511 285.44942683749167
12.799393122049935 473.1770060687795
581.1608226567768 417.5060687795011
521.6058664868509 146.91942009440334
617.4116655428186 162.4554956169926
831.032703978422 223.30512474713422
873.7569116655427 241.43054619015516
890.5876601483478 241.43054619015516
1025.2336480107888 207.76904922454491
1055.0111260957517 237.54652730950784
1073.1365475387727 303.5748482805126
1145.6382333108563 212.94774106540808
1241.4440323668239 258.2612946729603
1304.883007417397 263.43998651382344
1434.350303438975 249.1985839514498
1576.7643290627107 167.63418745785577
1326.8924477410653 176.69689817936626
1254.3907619689817 153.39278489548224
1319.7717464598786 47.81625084288601
1390.3314227916385 49.758260283209665
1133.3388401888064 77.59372892784893
1083.493931220499 75.0043830074174
905.1527309507755 33.22083614295343
939.1378961564396 27.71847606203636
752.0576534052595 83.06574511126095
1251.1540795684427 26.42380310182068
1337.2498314227919 22.863452461227297
1378.6793661496968 24.15812542144306
1421.7272420768713 26.42380310182068
1036.0765340525963 17.50775455158464
1103.8850303438978 17.993256911665554
1752.6780175320296 60.408968307484855
1344.6764705882354 100.2058823529411
