44.65730337078648 51.90449438202248
57.46629213483149 45.8370786516854
23.758426966292177 28.98314606741576
121.51123595505621 58.64606741573033
155.2191011235955 33.028089887640476
173.42134831460677 28.308988764044955
124.88202247191012 2.016853932584297
81.73595505617979 3.3651685393258504
281.9606741573034 14.825842696629223
289.376404494382 6.735955056179819
374.32022471910113 37.74719101123594
411.39887640449433 5.387640449438209
476.79213483146066 194.8258426966292
360.8370786516854 52.578651685393254
591.7359550561796 192.29775280898878
563.4213483146066 54.7696629213483
578.252808988764 39.93820224719104
533.7584269662921 29.151685393258447
493.30898876404484 23.758426966292177
664.5449438202245 27.803370786516894
711.7359550561796 30.5
659.1516853932583 132.97191011235952
733.3089887640447 150.5
761.6235955056177 88.47752808988764
812.8595505617975 76.34269662921349
808.8146067415728 56.11797752808991
799.3764044943819 27.803370786516894
870.837078651685 25.106741573033787
850.6123595505615 149.1516853932584
788.5898876404492 4.882022471910091
516.2303370786515 414.7696629213483
504.0955056179774 363.5337078651685
865.4438202247188 479.48876404494376
956.7921348314607 24.938202247191015
976.3426966292135 24.938202247191015
958.1404494382023 72.80337078651684
943.9831460674158 117.97191011235955
987.8033707865169 52.578651685393254
1026.2303370786517 18.87078651685394
1005.3314606741574 8.084269662921372
1002.6348314606741 33.702247191011224
985.7808988764045 9.432584269662925
1041.7359550561798 18.196629213483163
1037.691011235955 33.702247191011224
1050.5 33.702247191011224
1103.0842696629215 25.61235955056179
1115.8932584269664 22.915730337078656
1086.2303370786517 7.410112359550567
1097.0168539325844 74.15168539325845
1076.1179775280898 126.06179775280899
1043.758426966292 130.78089887640448
1163.0842696629215 91.00561797752809
1132.0730337078653 107.18539325842696
1173.1966292134832 136.17415730337078
1197.4662921348315 95.0505617977528
1196.1179775280898 91.00561797752809
1180.612359550562 65.38764044943821
1156.3426966292136 51.90449438202248
1159.7134831460676 27.63483146067415
1179.938202247191 29.657303370786508
1187.3539325842698 48.53370786516854
1235.8932584269662 88.98314606741573
1232.5224719101122 71.45505617977528
1239.938202247191 54.60112359550561
1211.623595505618 50.556179775280896
1199.4887640449438 53.926966292134836
1221.0617977528088 12.129213483146088
1186.6797752808989 9.432584269662925
1261.5112359550562 24.938202247191015
1297.2415730337077 25.61235955056179
1310.7247191011234 10.780898876404535
1289.825842696629 96.39887640449439
1301.2865168539324 126.73595505617976
1363.308988764045 129.4325842696629
1365.3314606741574 91.67977528089887
1378.1404494382023 84.26404494382021
1398.3651685393256 97.74719101123594
1427.3539325842694 91.67977528089887
1438.1404494382023 84.93820224719101
1440.1629213483145 21.567415730337075
1458.3651685393256 20.21910112359552
1438.1404494382023 124.03932584269663
1314.7696629213483 78.87078651685394
1523.0842696629209 172.07303370786516
662.5224719101124 907.2415730337075
1298.9269662921347 502.7471910112356
1182.9719101123596 327.46629213483106
1102.0730337078653 308.5898876404491
