8.915374241402617 958.6793661496965
240.66183412002704 824.0333782872555
424.5053944706675 903.008428860418
761.12036412677 871.9362778152394
970.8573836817261 734.7009440323668
1165.058327714093 521.0799055967632
1316.535064059339 653.1365475387727
1755.429197572488 628.5377612946729
1688.1062036412675 735.9956169925825
1817.5734996628455 395.4966284558327
1840.8776129467294 313.9322319622386
1869.3604180714767 253.08260283209697
1756.7238705327038 44.64025623735665
1691.990222521915 4.505394470667397
1458.9490896830748 13.568105192177882
1575.4696561024948 286.74409979770724
1495.1999325691165 289.3334457181388
1421.4035738368173 223.30512474713407
1321.7137559002022 281.5654079568442
1236.2653405259607 282.8600809170599
1285.4629130141604 180.58091706001335
1196.1304787592717 210.35839514497627
1155.9956169925824 250.49325691166544
1051.1271072151044 212.94774106540785
1140.4595414699932 110.66857720836128
1165.058327714093 108.07923128792982
1209.0772083614295 89.95380984490885
1117.1554281861092 87.36446392447726
994.1614969656102 60.176331759945924
999.3401888064733 228.48381658799713
943.6692515171949 207.7690492245447
902.23971679029 228.48381658799713
833.6220498988537 203.88503034389737
742.9949426837491 268.6186783546864
733.9322319622386 225.89447066756566
735.2269049224544 180.58091706001335
740.4055967633176 99.01652056641933
616.1169925826028 159.8661496965609
550.0886716115981 280.27073499662833
122.52292650033709 261.4372892784896
44.19521240728247 229.07046527309507
28.011800404585244 188.28826702629806
51.96325016857716 179.22555630478757
94.04012137558996 179.8728927848955
63.61530681051917 177.93088334457184
106.33951449763987 174.69420094403233
122.52292650033709 172.75219150370867
162.01045178691837 184.40424814565074
192.4352663519892 165.6314902225219
220.91807147673634 144.9167228590694
203.4399865138233 130.02798381658795
224.1547538772758 127.43863789615642
261.7002697235333 136.50134861766685
284.35704652730954 140.38536749831417
329.0232636547539 120.96527309507752
363.3320971004721 111.25522589345917
373.0421443020904 105.42919757248819
431.3024275118005 170.810182063385
392.4622387053271 193.4669588671612
271.41031692515173 238.13317599460555
278.53101820633856 340.41233985165206
608.6726230613622 138.4433580579905
642.9814565070803 84.7144302090357
649.4548213081592 67.88368172623058
600.9045853000675 49.758260283209665
571.7744436952125 63.99966284558326
565.3010788941336 93.12980445043826
500.5674308833446 72.41503708698582
525.8135536075523 31.632838840188754
466.25859743762646 81.47774780849625
668.8749157113959 52.994942683749116
628.0927174645989 67.88368172623058
718.0724881995956 58.82097100472015
704.4784221173298 45.22690492245442
714.1884693189483 32.28017532029662
744.613283884019 48.463587322993874
769.8594066082267 13.507417397167842
783.4534726904924 14.154753877275766
855.3078219824681 25.80681051921772
879.2592717464602 14.802090357383577
906.4474039109914 7.034052596088941
751.7339851652058 34.22218476062034
736.7684563758389 25.647651006711413
