330.2859327217127 792.9770642201834
545.5764525993884 785.1483180428133
974.2003058103975 403.4969418960243
1318.665137614679 366.3103975535166
1684.659021406728 37.50305810397526
300.92813455657506 419.1544342507643
196.7079510703364 277.2584097859323
181.05045871559636 225.39296636085584
247.59480122324163 227.3501529051984
326.8608562691132 220.4999999999996
265.20948012232424 124.59785932721672
325.88226299694196 123.61926605504544
332.73241590214076 167.6559633027519
459.9495412844038 110.89755351681919
469.73547400611625 150.0412844036693
519.6437308868503 108.94036697247662
619.4602446483182 115.79051987767542
724.1697247706423 115.79051987767542
777.9923547400614 130.46941896024424
645.3929663608566 46.93730886850153
659.5825688073397 49.38379204892965
749.1238532110094 20.515290519877652
766.738532110092 47.915902140672756
762.3348623853215 69.93425076452598
792.1819571865447 61.12691131498468
824.4755351681961 7.304281345565755
832.7935779816517 11.707951070336378
970.7752293577985 62.10550458715596
1012.8547400611624 93.90978593272172
1060.3165137614683 66.50917431192659
1061.7844036697252 28.833333333333314
1031.937308868502 21.983180428134546
1299.5825688073396 54.27675840978591
1058.3593272171256 6.325688073394474
1039.7660550458718 3.3899082568807444
1271.2033639143733 2.9006116207950754
923.3134556574928 1.9220183486238511
