360.5 976.0056179775279
276.90449438202256 876.2303370786515
409.0393258426967 730.6123595505615
724.5449438202248 776.4550561797749
880.9494382022473 741.3988764044941
1735.7808988764045 496.0056179775278
144.0955056179775 498.02808988764036
224.99438202247188 467.0168539325841
296.4550561797753 515.5561797752807
346.3426966292135 498.02808988764036
539.1516853932586 461.6235955056178
626.7921348314609 491.2865168539324
680.7247191011238 373.98314606741553
613.3089887640451 383.4213483146066
307.24157303370794 289.03932584269637
390.8370786516855 268.8146067415728
359.82584269662925 252.63483146067392
335.55617977528095 200.0505617977525
140.05056179775278 111.06179775280867
129.26404494382018 138.02808988764014
9.264044943820124 294.4325842696627
444.7696629213484 147.46629213483118
363.87078651685397 158.25280898876372
529.7134831460676 152.85955056179745
629.488764044944 190.6123595505615
698.2528089887643 190.6123595505615
624.0955056179777 120.49999999999966
625.4438202247193 97.57865168539297
672.6348314606744 88.14044943820193
764.3202247191014 235.10674157303345
853.3089887640451 171.73595505617948
885.6685393258431 228.36516853932557
909.9382022471914 167.69101123595476
872.1853932584272 105.6685393258424
922.0730337078655 104.32022471910079
789.9382022471914 78.70224719101088
947.6910112359553 259.3764044943818
1069.0393258426966 242.8595505617978
1021.8483146067415 137.69101123595505
1321.174157303371 222.6348314606742
1141.8483146067415 151.1741573033708
1156.6797752808989 97.24157303370782
1049.1516853932585 77.18539325842703
1081.5112359550562 72.46629213483155
1096.3426966292134 41.45505617977537
1161.0617977528088 41.45505617977537
1205.556179775281 94.71348314606749
1384.2078651685392 81.90449438202256
1352.5224719101125 127.07303370786525
1415.2191011235955 113.58988764044952
976.3426966292135 23.252808988764116
938.9269662921348 48.70224719101117
922.7471910112359 12.297752808988662
849.9382022471909 8.252808988763945
1536.230337078652 54.09550561797744
1591.5112359550565 82.41011235955051
