557.3539325842697 444.7696629213481
1021.174157303371 609.26404494382
1131.7359550561796 641.6235955056178
1069.7134831460676 193.98314606741542
996.9044943820226 185.89325842696599
934.8820224719101 167.016853932584
497.35393258426956 25.78089887640442
553.9831460674156 87.80337078651678
609.2640449438202 106.67977528089881
669.9382022471909 105.3314606741572
714.4325842696628 82.41011235955051
807.4662921348314 58.140449438202154
793.9831460674156 67.57865168539314
791.2865168539325 130.9494382022471
927.4662921348315 70.27528089887636
939.6011235955057 50.05056179775272
920.7247191011236 48.70224719101117
873.5337078651685 68.92696629213475
994.8820224719102 59.48876404494371
1011.0617977528091 63.533707865168424
1136.4550561797753 51.398876404494274
1198.4775280898875 35.21910112359541
1178.252808988764 126.90449438202239
1226.7921348314605 134.99438202247183
1029.6011235955054 36.735955056179876
893.4213483146066 60.33146067415737
746.4550561797752 144.60112359550567
1169.5709290709292 236.48401598401574
1826.6176470588239 760.735294117647
746.794117647059 56.794117647058755
853.3823529411766 53.2647058823529
799.3823529411766 91.3823529411764
851.7941176470588 185.08823529411768
1074.941176470588 8.705882352941202
1251.941176470588 37.823529411764724
1273.9999999999998 37.64705882352942
1247.8823529411764 80.88235294117648
1176.3235294117644 42.32352941176467
1311.2352941176466 28.64705882352942
1316.5294117647054 20.35294117647061
1701.4999999999998 208.38235294117646
