1077.3520461699898 813.4905561385099
1107.5724029380904 696.6385099685205
1292.9239244491082 142.5986358866735
1204.2775445960128 84.17261280167872
998.7791185729277 90.21668415529894
954.45592864638 102.30482686253924
545.4737670514165 28.233473242392392
564.6133263378803 17.152675760755415
609.9438614900314 22.18940188877218
628.0760755508919 71.54931794333675
665.3478488982162 79.60807974816362
1058.2124868835258 26.218782791185617
995.7570828961175 26.218782791185617
956.4706190975866 8.086568730325212
899.0519412381951 36.292235047219265
608.9365162644281 5.300629590766107
690.5314795383001 14.366736621196367
649.2303252885624 24.943861490031594
652.7560335781741 2.7822665267577236
740.898740818468 18.396117523609774
740.898740818468 5.300629590766107
756.0089192025183 6.307974816369494
762.0529905561384 8.826337880377878
788.2439664218257 16.88509968520475
830.5524658971667 9.330010493179543
866.3132214060859 7.315320041972825
1744.718258132214 7.079223504721881
1872.6511017838404 9.093913955928542
1885.7465897166842 14.130640083945421
1824.2985309548794 16.145330535152084
1911.9375655823715 7.079223504721881
982.915458937198 471.70772946859927
1275.0893719806763 473.2536231884061
1377.1183574879226 439.24396135265727
1578.084541062802 412.96376811594234
1366.683574879227 301.03140096618347
1445.524154589372 282.48067632850234
1194.3164251207731 117.07004830917862
466.68357487922714 38.917874396135275
