1324.5366972477066 659.8883792048928
1433.6498470948013 60.102446483180245
1473.7721712538228 67.93119266055027
1560.8669724770643 16.06574923547373
1568.6957186544344 39.55198776758391
1641.1116207951072 53.25229357798145
1729.18501529052 78.69571865443407
1750.7140672782875 111.96788990825672
1731.1422018348626 205.9128440366971
1781.0504587155965 189.2767584097857
1846.6162079510705 164.81192660550442
1868.145259938838 96.31039755351662
1917.0749235474009 201.99847094801208
1758.053516819572 39.59785932721712
1669.9801223241593 41.55504587155963
1678.7874617737007 34.70489296636083
1684.659021406728 21.004587155963293
1003.0688073394499 137.4571865443425
1017.7477064220187 113.48165137614677
1215.9128440366976 7.304281345565755
1165.0259938837924 8.28287461773698
1071.5703363914376 6.325688073394474
944.8425076452603 8.772171253822592
910.5917431192664 18.558103975535147
311.20336391437326 159.47553516819568
369.9189602446485 67.48776758409781
417.87003058103994 63.08409785932716
440.86697247706445 52.80886850152899
405.63761467889924 35.683486238532055
409.55198776758425 8.282874617736923
471.2033639143733 32.258409785932656
511.81498470948037 22.47247706422013
526.4938837920492 6.325688073394417
566.6162079510705 6.325688073394417
511.3256880733947 67.97706422018342
457.9923547400614 83.6345565749235
618.481651376147 83.6345565749235
646.8608562691134 132.07492354740057
615.0565749235475 39.108562691131425
652.2431192660551 10.240061162079428
699.7048929663611 23.451070336391354
285.270642201835 25.40825688073386
256.40214067278305 38.12996941896017
99.58256880733947 19.047400611620787
61.41743119266059 5.34709480122325
76.09633027522938 5.34709480122325
238.54281345565752 23.94036697247705
315.85168195718654 3.3899082568807444
738.8486238532109 13.175840978593271
775.545871559633 15.133027522935777
825.454128440367 15.622324159021389
851.3868501529053 36.172782874617724
