916.384115884116 334.3061938061935
812.8076923076924 357.3231768231765
1154.2262737262738 198.12237762237726
1723.8966033966035 21.658841158840687
1645.2552447552448 31.24925074925045
1608.8116883116886 48.51198801198757
1384.396103896104 67.69280719280687
1309.5909090909092 94.54595404595364
1288.4920079920082 115.64485514485477
1173.407092907093 177.02347652347612
1150.3901098901101 67.69280719280687
1115.8646353646354 107.97252747252708
499.3086039834293 181.12496943615827
420.117305771152 204.30291037633697
350.5834829506159 194.6454349845958
272.35793227751276 214.92613330725214
197.9953717611061 218.7891234639486
156.46822757661923 232.3095890123862
87.90015229525724 211.06314315055576
38.64702779737749 200.4399202196405
127.49580140139588 187.88520221037703
118.80407354882888 173.39898912276533
36.715532719029255 137.66633017332316
98.52337522617248 100.00217614553276
113.00958831378418 95.17343844966217
164.19420789001217 120.28287446818909
176.74892589927563 126.07735970323381
266.56344704246806 94.20769091048805
313.8850764619996 92.27619583213988
361.2067058815311 85.51596305792111
396.9393648309733 74.89274012700582
418.1858106928038 81.65297290122464
443.2952467113307 61.372274578568295
492.54837120921053 59.44077950022006
504.13734167929977 67.16675981361294
525.3837875411302 51.71479918682712
536.0070104720455 38.194333638389594
516.6920596885633 44.95456641260836
557.253456333876 29.50260578582254
543.7329907854385 28.536858246648418
581.3971448132288 32.39984840334489
572.7054169606618 31.434100864170773
545.6644858637867 83.58446797957288
577.5341546565323 78.75573028370229
635.4790070069791 92.27619583213988
674.1089085739436 24.673868089951952
679.9033938089883 27.571110707474304
710.80731506256 60.40652703939418
421.24496931639806 48.74318538604257
411.92857142857156 42.71492792921367
404.80426716141017 49.839232196375065
434.39753104038834 52.57934922220636
813.4007456080384 20.928422726125063
799.1157299244212 39.294871462204185
837.8893439228104 38.614632620127225
835.1683885545025 52.8996483037443
827.6857612916555 74.6672912502084
788.2319084511892 82.83015735513249
780.0690423462652 92.3535011442105
796.3947745561132 98.47565072290354
807.2785960293454 109.35947219613564
876.6629579211997 105.2780391436736
900.4713173938949 82.14991851305547
926.3203933928211 85.5511127234405
885.5060628682008 82.14991851305547
875.3024802370458 6.643407042507988
897.0701231835098 6.643407042507988
869.8605695004297 24.329616936510092
891.6282124468938 25.009855778587113
911.3551388671269 18.207467357817052
912.715616551281 31.81224419935717
947.4077974972081 29.771527673126116
1008.6292932841386 22.288900410279098
1028.3562197043716 8.68412356873904
1013.3909651786776 3.2422128321229593
1012.0304874945236 82.83015735513249
1025.6352643360638 89.63254577590249
1072.571744439377 71.94633588190038
1107.9441642273812 38.614632620127225
1118.2655910523044 2.570177574673039
1152.1587308795104 16.94908538015426
1020.1808985220575 6.164904526043301
943.3512745995265 12.1948985080852
105.64734774066787 80.48035363457757
614.8811394891945 5.038310412573651
1085.4508840864441 168.18172888015715
15.499999999999988 139.91176470588226
463.9999999999999 52.29411764705884
483.23529411764696 60.588235294117666
