164.27612946729607 449.8728927848954
410.263991908294 594.8762643290627
544.9099797707349 597.4656102494941
649.7784895482131 717.8701955495617
966.9733648010788 563.8041132838839
1101.6193526635197 509.42784895482123
1439.528995279838 423.9794335805798
1442.1183412002697 631.1271072151045
1893.9592043155765 544.3840188806472
1512.3543492919757 150.09541469993258
1562.846594740391 91.1877950101146
1360.2302764666217 16.096763317599425
1387.4184086311532 54.28961564396491
1654.7683749157115 66.58900876601479
1667.7151045178693 99.60316925151716
1725.9753877275793 70.4730276466621
1705.260620364127 21.275455158462478
1768.6995954147 11.565407956844183
1797.1824005394474 38.75354012137552
1609.735294117647 3.147058823529335
