1482.2977528089887 671.2865168539323
1689.938202247191 614.6573033707864
1768.1404494382023 344.99438202247165
1846.3426966292132 315.33146067415703
1881.3988764044943 67.2415730337076
1708.8146067415728 80.72471910112336
1727.691011235955 86.11797752808957
1598.2528089887637 269.48876404494354
1662.9719101123596 274.88202247190986
1444.5449438202245 96.90449438202222
1385.2191011235955 80.72471910112336
1201.8483146067415 231.73595505617948
1072.4101123595506 242.52247191011202
1169.4887640449438 126.56741573033673
1161.3988764044943 51.061797752808616
1002.2977528089888 69.9382022471907
667.9157303370786 107.69101123595476
1450.612359550562 44.65730337078645
1470.8370786516855 14.994382022471882
1598.9269662921351 72.97191011235952
1642.0730337078653 72.97191011235952
1333.308988764045 20.387640449438095
1429.0393258426966 2.8595505617977324
307.24157303370794 10.949438202247165
167.01685393258424 40.61235955056173
736.0056179775283 14.994382022471882
764.3202247191014 10.949438202247165
1872.6348314606744 4.207865168539229
605.1703733121526 104.34432088959466
1143.5023828435267 244.64614773629842
