471.06179775280896 803.4213483146063
643.6460674157303 1054.207865168539
662.5224719101124 695.5561797752806
77.35393258426973 520.2752808988761
82.74719101123594 463.64606741573004
166.3426966292135 431.2865168539323
258.0280898876405 315.33146067415703
231.06179775280907 202.07303370786485
789.2640449438203 636.2303370786514
1169.4887640449438 860.0505617977526
1490.387640449438 733.3089887640447
1374.432584269663 703.64606741573
1312.4101123595506 663.1966292134829
1484.9943820224717 625.4438202247188
1293.5337078651687 463.64606741573004
964.544943820225 463.64606741573004
716.4550561797754 477.1292134831458
584.3202247191012 358.4775280898874
409.0393258426967 293.75842696629184
430.6123595505618 274.88202247190986
622.0730337078652 296.45505617977506
684.0955056179777 288.3651685393255
916.005617977528 326.11797752808957
916.005617977528 274.88202247190986
1040.0505617977528 277.57865168539297
1085.8932584269664 334.207865168539
1134.432584269663 374.6573033707863
1175.5561797752807 222.9719101123593
1136.4550561797753 225.66853932584246
1232.185393258427 216.23033707865147
1400.7247191011238 263.4213483146065
1616.4550561797755 298.4775280898874
1698.7022471910116 298.4775280898874
1712.1853932584272 342.9719101123594
265.44382022471916 137.69101123595505
390.8370786516855 195.6685393258427
505.4438202247193 195.6685393258427
455.55617977528095 159.26404494382027
398.9269662921349 166.00561797752812
431.28651685393265 217.24157303370788
605.2191011235957 178.14044943820227
660.5000000000002 194.32022471910113
698.2528089887643 253.64606741573039
762.9719101123599 276.56741573033713
749.488764044944 197.0168539325843
827.6910112359553 179.48876404494382
721.174157303371 147.12921348314603
694.2078651685396 124.20786516853934
688.8146067415732 108.02808988764042
671.2865168539328 101.28651685393254
657.803370786517 114.7696629213483
637.5786516853934 129.6011235955056
642.9719101123598 106.67977528089887
587.6910112359552 102.63483146067415
590.3876404494383 144.43258426966293
552.6348314606743 141.73595505617976
509.488764044944 148.47752808988764
512.1853932584271 110.72471910112358
462.2977528089889 102.63483146067415
442.0730337078653 129.6011235955056
362.5224719101125 83.75842696629206
432.63483146067426 101.28651685393254
408.36516853932596 97.24157303370782
402.97191011235964 112.07303370786514
545.8932584269664 93.1966292134831
440.7247191011237 72.97191011235952
464.994382022472 50.05056179775272
481.17415730337086 78.3651685393258
535.1067415730339 54.09550561797744
444.7696629213484 33.870786516853855
471.73595505617993 33.870786516853855
471.73595505617993 23.084269662921315
477.12921348314615 23.084269662921315
483.8707865168541 24.43258426966281
509.488764044944 86.45505617977528
589.0393258426968 55.44382022471905
567.4662921348316 43.3089887640449
463.9831460674159 25.275280898876474
453.8707865168541 27.971910112359637
443.7584269662923 22.578651685393368
446.4550561797754 15.162921348314683
452.5224719101125 17.859550561797846
458.58988764044955 22.578651685393368
478.1404494382024 62.35393258426973
468.70224719101134 72.46629213483155
459.93820224719116 89.994382022472
567.803370786517 92.69101123595513
549.6011235955058 32.016853932584354
534.0955056179777 40.10674157303379
526.679775280899 27.971910112359637
513.1966292134832 10.443820224719161
479.488764044944 13.140449438202324
472.74719101123605 13.140449438202324
462.63483146067426 5.724719101123696
379.0393258426968 57.634831460674235
369.6011235955058 77.18539325842703
363.5337078651687 50.89325842696638
343.3089887640451 65.05056179775289
608.9269662921349 149.3202247191012
671.6235955056181 178.308988764045
543.5337078651687 243.02808988764048
524.6573033707866 58.30898876404501
509.1516853932585 20.55617977528098
510.5000000000001 35.387640449438294
500.3876404494383 40.10674157303379
562.0184815184814 24.970529470529527
552.9075924075922 69.5659340659341
161.98606811145498 499.88080495356036
299.19969040247673 170.9334365325077
348.735294117647 208.58049535603715
332.88390092879257 186.7848297213622
543.905572755418 211.5526315789474
480.99535603715174 33.20897832817343
525.577399380805 16.36687306501554
616.2275541795666 95.62383900928796
428.48761609907126 49.06037151702794
441.3668730650155 110.97987616099076
438.3947368421053 58.96749226006199
435.91795665634675 8.441176470588289
510.22136222910217 59.95820433436538
498.828173374613 64.4164086687307
533.0077399380805 95.62383900928796
569.6640866873065 74.32352941176475
579.0758513931888 71.35139318885456
569.1687306501548 55.995356037151765
497.83746130030966 20.82507739938086
422.04798761609914 110.97987616099076
