628.076075550892 654.3300104931793
724.7812172088143 714.7707240293809
1170.0278069254987 466.9637985309548
831.5598111227703 340.03830010493175
1566.9218258132216 424.6552990556138
1728.097061909759 448.8315844700943
1532.6720881427075 329.9648478488981
1520.583945435467 178.86306400839442
1409.7759706190977 211.0981112277019
1337.2471143756559 233.25970619097575
1327.1736621196223 213.11280167890868
1220.3950682056666 225.20094438614888
1244.067681007345 113.85781741867777
1275.2953830010492 107.81374606505767
1429.419202518363 102.7770199370409
1446.54407135362 88.67418677859382
1494.8966421825812 145.08551941238193
1637.9396642182583 187.39401888772295
1632.9029380902412 216.60703043022033
1695.3583420776495 203.5115424973767
1744.718258132214 219.62906610703038
1774.9386149003149 207.54092339979013
1807.1736621196223 186.38667366211956
1874.6657922350473 49.387722980062904
1761.843126967471 81.6227701993704
1693.3436516264428 74.57135362014685
1704.42444910808 15.137985309548753
1643.4800629590766 31.995278069255107
1661.612277019937 28.469569779643336
1613.2597061909757 8.322665267576212
1559.8704092339979 10.841028331584596
1549.7969569779643 12.855718782791314
1511.014165792235 5.804302203567829
1494.8966421825812 8.322665267576212
1478.2754459601258 18.89979013641147
1480.7938090241341 8.322665267576212
1528.6427072402937 60.704616998950776
1534.686778593914 58.68992654774408
1454.0991605456452 21.41815320041985
1453.0918153200419 10.841028331584596
1458.1285414480587 7.315320041972825
1444.5293809024133 10.841028331584596
1411.7906610703042 9.833683105981208
1367.4674711437565 28.469569779643336
1368.4748163693598 19.9071353620148
1309.5451206715634 38.03934942287526
1297.4569779643232 40.05403987408196
1278.8210912906611 50.63116474291721
1160.961699895068 66.74868835257092
1200.7518363064007 66.24501573976926
810.9092339979012 135.01206715634828
687.0057712486881 151.12959076600202
372.2103882476391 336.0089192025182
305.7256033578175 325.93546694648467
341.9900314795384 227.21563483735554
537.4150052465898 207.06873032528847
246.79590766002093 264.9596012591815
359.61857292759703 224.66579223504715
179.30377754459587 278.05508919202515
231.6857292759705 281.0771248688352
158.14952780692536 266.97429171038823
117.85571878279106 278.05508919202515
102.7455403987407 274.0257082896117
26.18730325288547 285.10650577124864
1390.9911591355599 206.84577603143418
1890.0874263261296 47.562868369351776
1808.0442043222004 85.2838899803537
1462.425343811395 97.07170923379181
1388.8693516699411 14.085461689587532
