530.3876404494382 647.016853932584
1145.2191011235955 1024.5449438202245
69.93820224719093 125.55617977528084
42.97191011235947 4.207865168539229
75.33146067415726 14.994382022471882
269.4887640449439 12.297752808988662
307.24157303370794 63.53370786516848
336.90449438202256 83.75842696629206
320.7247191011237 23.084269662921315
394.8820224719102 24.43258426966281
425.89325842696644 27.12921348314603
455.55617977528095 35.219101123595465
427.24157303370794 6.904494382022449
-81.0730337078653 489.6011235955058
575.2191011235957 97.41011235955062
598.1404494382025 104.1516853932585
596.7921348314609 49.5449438202248
650.0505617977531 18.53370786516862
695.2191011235957 15.162921348314683
712.0730337078654 15.837078651685488
683.0842696629215 53.58988764044952
738.3651685393261 62.35393258426973
787.5786516853937 83.92696629213492
775.4438202247195 36.735955056179876
815.8932584269668 5.724719101123696
835.4438202247195 55.61235955056188
911.6235955056184 43.47752808988773
914.9943820224723 63.02808988764053
914.3202247191016 102.12921348314615
970.9494382022476 110.21910112359558
958.1404494382026 52.91573033707874
972.2977528089891 44.151685393258504
1004.657303370787 32.016853932584354
1034.9943820224723 44.151685393258504
1014.095505617978 58.98314606741582
1068.0280898876408 75.16292134831468
1093.6460674157306 97.41011235955062
1111.1741573033712 58.30898876404501
1126.0056179775288 98.7584269662922
1144.8820224719107 72.46629213483155
1159.0393258426973 5.724719101123696
1197.4662921348322 34.71348314606752
1210.9494382022478 5.724719101123696
1179.9382022471916 10.443820224719161
1293.196629213484 52.91573033707874
1306.0056179775288 93.36516853932591
1311.398876404495 50.89325842696638
1312.0730337078658 36.735955056179876
1320.1629213483152 4.376404494382086
1331.6235955056186 44.151685393258504
1350.5000000000007 39.43258426966301
1415.893258426967 36.735955056179876
1439.4887640449444 38.758426966292234
1475.2191011235964 29.994382022471996
1465.7808988764054 46.17415730337086
1494.0955056179785 29.994382022471996
1497.4662921348324 46.17415730337086
1528.4775280898887 44.151685393258504
1489.376404494383 88.64606741573041
1457.0168539325853 72.46629213483155
1521.06179775281 94.71348314606749
1500.1629213483156 121.00561797752815
1516.3426966292145 189.76966292134838
1587.129213483147 202.5786516853933
1618.1404494382032 99.43258426966298
1601.2865168539333 83.92696629213492
1570.2752808988773 71.11797752808997
1599.264044943821 67.74719101123605
1575.6685393258435 29.994382022471996
1614.0955056179785 27.297752808988832
1623.5337078651694 44.151685393258504
1650.500000000001 24.601123595505726
1644.432584269664 16.511235955056264
1672.7471910112367 13.81460674157313
1690.949438202248 20.55617977528098
1701.7359550561807 16.511235955056264
1724.6573033707873 7.07303370786525
1723.3089887640458 27.297752808988832
1661.9606741573043 24.601123595505726
1676.1179775280907 60.33146067415737
1715.2191011235964 58.30898876404501
1666.005617977529 122.35393258426971
1670.3876404494383 286.0056179775281
1787.6910112359553 137.69101123595505
1778.2528089887644 121.51123595505612
1786.3426966292138 97.24157303370782
1825.4438202247195 97.24157303370782
1814.6573033707868 117.4662921348314
1900.9494382022476 117.4662921348314
1512.9637681159422 16.272946859903385
