1712.0596330275232 904.5366972477063
1577.01376146789 881.0504587155962
1710.1024464831805 577.6865443425074
937.0137614678899 740.1330275229357
659.0932721712541 763.6192660550457
13.221712538226484 851.6926605504586
608.2064220183488 446.5550458715595
987.9006116207952 366.3103975535166
1804.0474006116208 215.60703363914354
1622.0290519877678 203.8639143730884
1884.2920489296637 17.931192660550096
1312.7935779816514 27.717125382262793
972.2431192660551 182.33486238532078
629.7354740061164 201.90672782874594
569.0626911314987 158.8486238532107
156.09633027522955 164.72018348623828
412.48776758409804 45.331804281345285
410.5305810397555 100.13302752293544
609.1850152905199 32.70183486238511
641.4785932721713 73.80275229357778
665.9434250764527 70.86697247706405
740.3165137614681 77.7171253822628
829.3685015290521 127.62538226299677
891.0198776758413 113.92507645259917
940.9281345565752 113.92507645259917
926.2492354740064 109.03211009174294
1049.5519877675843 128.603975535168
965.3929663608565 66.95259938837899
981.0504587155966 20.958715596329967
1002.5795107033641 10.194189602446272
1044.659021406728 9.215596330274932
1061.2951070336394 32.70183486238511
1166.0045871559637 16.06574923547373
1141.5397553516823 5.301223241589923
1204.1697247706425 5.301223241589923
1186.5550458715597 5.301223241589923
764.7813455657495 2.365443425076137
851.876146788991 5.301223241589923
1076.4633027522937 2.9006116207950754
1223.7415902140674 39.59785932721712
107.93961352656994 978.760869565218
63.10869565217383 391.32125603864756
240.88647342995165 185.7173913043481
