150.16292134831428 642.9719101123596
373.98314606741576 537.8033707865164
678.7022471910112 402.9719101123592
886.3426966292135 230.38764044943787
1023.8707865168539 335.5561797752805
1156.005617977528 241.1741573033704
1242.2977528089887 198.02808988764014
95.55617977528084 15.668539325842744
119.82584269662914 17.016853932584354
161.6235955056179 15.668539325842744
215.55617977528078 42.63483146067415
324.76966292134824 19.71348314606746
277.57865168539314 11.623595505618027
281.62359550561786 34.54494382022472
388.1404494382021 53.421348314606746
455.5561797752808 42.63483146067415
494.65730337078634 38.58988764044943
487.9157303370785 77.6910112359551
494.65730337078634 79.03932584269666
439.3764044943819 162.63483146067415
528.3651685393256 154.54494382022472
648.3651685393256 50.72471910112358
440.7247191011235 35.89325842696633
873.5337078651685 23.758426966292177
918.0280898876404 12.971910112359637
820.9494382022472 6.230337078651701
1269.938202247191 70.94943820224717
1217.3539325842694 7.578651685393311
1287.4662921348313 12.971910112359637
1342.7471910112358 12.971910112359637
1321.1741573033705 37.24157303370788
1336.005617977528 65.55617977528095
1353.5337078651683 38.58988764044943
1364.320224719101 26.455056179775283
1380.4999999999998 27.803370786516894
1350.8370786516853 97.91573033707868
1393.9831460674154 69.60112359550567
1415.5561797752807 21.06179775280907
1453.3089887640447 34.54494382022472
1468.140449438202 38.58988764044943
1515.331460674157 22.410112359550567
1531.5112359550558 29.151685393258447
1480.2752808988762 19.71348314606746
1729.7134831460671 69.60112359550567
1691.9606741573032 46.679775280898866
1648.8146067415728 26.455056179775283
1398.890092879257 23.301857585139402
1470.2213622291022 17.357585139318957
1311.7074303405573 18.84365325077408
1276.5371517027863 18.84365325077408
1179.9427244582043 6.955108359133192
