3.5337078651685943 73.47752808988764
10.275280898876446 62.691011235955045
5.5561797752809525 104.48876404494382
29.151685393258475 62.691011235955045
50.050561797752835 55.949438202247194
77.0168539325843 53.926966292134836
123.53370786516857 49.20786516853934
112.74719101123597 56.62359550561797
79.03932584269666 99.7696629213483
171.39887640449442 127.41011235955054
230.0505617977528 119.99438202247191
272.52247191011236 26.960674157303373
304.20786516853934 24.938202247191015
327.12921348314603 22.24157303370788
205.1067415730337 64.03932584269663
341.28651685393254 44.48876404494382
342.63483146067415 37.07303370786519
369.60112359550567 46.51123595505618
389.1516853932584 28.98314606741576
408.7022471910112 48.53370786516854
357.4662921348314 80.8932584269663
423.5337078651685 169.8820224719101
414.7696629213483 151.00561797752806
225.33146067415728 259.54494382022466
78.02808988764042 323.0842696629213
115.78089887640442 270.5
95.55617977528084 196.3426966292135
17.353932584269614 224.6573033707865
90.16292134831457 169.37640449438203
109.0393258426966 143.75842696629218
482.5224719101122 114.09550561797755
498.70224719101105 219.26404494382024
541.8483146067415 219.26404494382024
412.07303370786514 22.24157303370785
436.3426966292135 28.308988764044955
457.2415730337079 24.938202247190986
486.2303370786517 26.960674157303345
445.7808988764045 26.286516853932596
489.6011235955056 39.7696629213483
498.36516853932585 27.63483146067415
521.9606741573034 31.679775280898866
551.623595505618 29.657303370786508
579.9382022471912 39.7696629213483
592.747191011236 39.7696629213483
567.1292134831461 31.679775280898866
540.8370786516855 26.960674157303345
627.8033707865169 29.657303370786508
655.4438202247192 28.308988764044955
665.556179775281 59.320224719101134
634.5449438202248 54.60112359550561
577.9157303370787 96.39887640449439
534.0955056179776 139.54494382022474
610.9494382022473 174.60112359550564
641.2865168539327 125.38764044943824
640.6123595505619 196.17415730337083
712.0730337078653 116.623595505618
674.3202247191009 19.544943820224717
693.196629213483 16.174157303370805
704.6573033707863 16.84831460674158
712.7471910112357 18.87078651685394
718.140449438202 27.63483146067415
707.3539325842695 33.028089887640476
722.8595505617975 24.938202247191015
726.2303370786515 15.5
720.8370786516851 43.14044943820227
725.5561797752807 31.005617977528118
710.0505617977526 67.41011235955057
718.8146067415728 64.03932584269663
747.8033707865167 57.97191011235955
761.2865168539324 57.97191011235955
749.1516853932582 154.376404494382
804.4325842696627 131.45505617977528
793.6460674157302 79.54494382022472
778.8146067415728 37.74719101123594
788.2528089887638 26.960674157303373
753.1966292134829 18.196629213483163
793.6460674157302 19.544943820224717
807.8033707865167 20.21910112359552
827.3539325842694 34.37640449438203
832.7471910112357 14.151685393258447
838.140449438202 10.10674157303373
841.5112359550559 12.803370786516894
846.2303370786515 63.36516853932585
822.6348314606739 74.15168539325845
832.7471910112357 79.54494382022472
861.7359550561796 99.09550561797752
892.073033707865 86.96067415730337
890.0505617977526 70.1067415730337
847.5786516853931 157.07303370786516
938.5898876404492 130.1067415730337
941.2865168539323 97.07303370786516
921.0617977528087 94.37640449438203
929.825842696629 65.38764044943821
935.8932584269661 49.20786516853934
918.3651685393256 20.893258426966298
885.331460674157 32.35393258426967
873.1966292134829 16.84831460674158
857.6910112359549 19.544943820224717
863.758426966292 13.477528089887642
885.331460674157 19.544943820224717
895.4438202247188 24.264044943820238
905.5561797752806 26.960674157303373
900.8370786516851 33.702247191011224
973.6460674157302 62.691011235955045
970.2752808988762 39.09550561797755
956.1179775280897 31.679775280898866
980.387640449438 33.702247191011224
997.2415730337076 33.702247191011224
959.4887640449437 142.24157303370785
962.8595505617975 110.5561797752809
981.0617977528087 103.81460674157302
995.8932584269661 117.29775280898875
1005.331460674157 146.28651685393257
1045.7808988764043 122.69101123595505
1012.073033707865 65.38764044943821
1039.7134831460671 54.60112359550561
1043.084269662921 36.39887640449439
1022.1853932584268 31.005617977528118
1012.073033707865 6.061797752809014
1004.6573033707863 5.387640449438209
1008.702247191011 31.005617977528118
1006.0056179775279 48.53370786516854
909.6011235955053 6.061797752809014
1071.7359550561794 153.19662921348316
934.207865168539 329.8258426966292
833.0842696629211 343.3089887640449
872.1853932584265 283.9831460674157
803.4213483146063 236.79213483146066
737.3539325842694 259.7134831460674
1109.4887640449433 100.61235955056179
1082.522471910112 87.12921348314609
1105.4438202247186 58.814606741573016
1077.1292134831456 54.7696629213483
1084.8820224719097 41.11797752808991
1110.4999999999995 34.37640449438203
1129.3764044943816 31.679775280898866
1104.4325842696626 26.960674157303373
1085.5561797752805 24.264044943820238
1073.4213483146063 24.938202247191015
1078.8146067415726 23.589887640449433
1092.9719101123592 22.24157303370788
1097.6910112359546 26.286516853932596
1173.8707865168535 36.39887640449439
1198.1404494382018 34.37640449438203
1212.9719101123592 40.443820224719104
1208.9269662921342 26.960674157303373
1243.3089887640444 37.07303370786519
1245.331460674157 25.61235955056179
1272.2977528089882 32.35393258426967
1254.095505617977 49.88202247191012
1273.64606741573 51.90449438202248
1288.477528089887 55.27528089887642
1299.9382022471905 31.005617977528118
1324.2078651685388 28.308988764044955
1194.095505617977 55.949438202247194
1208.9269662921342 57.297752808988776
1195.4438202247186 26.286516853932596
1149.6011235955052 18.196629213483163
1152.9719101123592 12.803370786516894
1167.8033707865166 22.24157303370788
1231.848314606741 10.780898876404535
1222.41011235955 27.63483146067415
1210.275280898876 82.91573033707866
1231.848314606741 88.30898876404495
1231.1741573033703 62.691011235955045
1208.2528089887637 101.11797752808988
1220.3876404494376 117.97191011235955
1186.0056179775277 130.1067415730337
1178.589887640449 93.02808988764045
1150.9494382022467 163.14044943820224
1133.4213483146063 182.69101123595505
1121.960674157303 161.11797752808988
1258.8146067415726 109.88202247191012
1266.2303370786512 99.7696629213483
1294.5449438202243 85.61235955056179
1309.3764044943814 107.18539325842696
1312.7471910112354 91.67977528089887
1280.3876404494376 111.23033707865167
1315.4438202247186 165.83707865168537
1316.1179775280893 151.00561797752806
1306.0056179775277 138.19662921348313
1278.3651685393254 165.1629213483146
1379.488764044943 31.005617977528118
1392.297752808988 45.162921348314626
1410.4999999999993 34.37640449438203
1444.2078651685385 44.48876404494382
1426.6797752808982 34.37640449438203
1457.0168539325834 48.53370786516854
1441.5112359550553 68.75842696629212
1441.5112359550553 95.0505617977528
1448.926966292134 79.54494382022472
1467.1292134831453 93.02808988764045
1475.2191011235948 121.34269662921346
1432.0730337078644 111.90449438202248
1409.1516853932576 93.70224719101122
1388.2528089887633 117.29775280898875
1388.2528089887633 136.84831460674155
1532.5224719101116 197.52247191011233
1528.4775280898868 236.62359550561797
1018.4775280898876 567.4662921348311
969.938202247191 791.2865168539322
1285.4438202247193 381.398876404494
195.39932885906043 30.82214765100673
