817.8095014111008 533.2751646284102
904.5075258701789 396.00329256820316
787.103951081844 101.59125117591714
725.6928504233302 56.43603010348056
958.6937911571027 103.39746001881451
935.2130761994357 13.087017873941477
376.64299153339607 17.630761994355566
413.670272812794 32.98353715898406
472.37206020696146 13.115239887112011
511.2055503292569 6.793508936970852
555.4576669802447 14.0183443085607
789.8132643461902 41.1114769520226
1100.4811853245533 23.049388523048037
1153.7643461900284 11.309031044214521
1183.5667920978367 32.98353715898406
1210.6599247412985 39.30526810912511
1216.0785512699908 65.49529633113832
1256.7182502351839 80.8480714957667
1263.9430856067736 58.27046095954847
1239.5592662276579 4.987300094073362
1279.295860771402 11.309031044214521
1328.0634995296334 99.81326434619007
1392.6354656632175 34.7897460018815
1436.8875823142052 34.7897460018815
1443.2093132643463 134.1312323612418
1469.3993414863594 128.71260583254946
1475.7210724365004 95.2977422389464
1502.8142050799624 73.62323612417687
1461.271401693321 25.758701787394216
1533.5197554092192 77.23565380997184
1545.2601128880528 39.30526810912511
1516.3607714016935 82.6542803386642
1594.0277516462843 30.274223894637828
1627.4426152398873 71.81702728127942
1663.5667920978365 121.48777046095961
1673.5009407337725 222.63546566321736
1899.277046095955 222.63546566321736
1778.261053621825 16.727657572906878
1806.2572906867358 32.08043273753532
1828.8349012229542 6.793508936970852
1892.5037629350895 164.80856067732827
1401.8051823416508 15.356046065258624
