673.0826028320971 669.9672960215778
806.4339177343222 631.1271072151045
803.8445718138908 540.4999999999999
750.7629804450437 457.64093054619
871.1675657451112 304.8695212407281
858.2208361429534 249.19858395144968
810.3179366149695 271.20802427511785
1029.1176668914363 607.8229939312205
1057.6004720161834 334.646999325691
1014.8762643290628 254.37727579231273
1438.2343223196224 198.7063385030342
1792.9747134187458 369.6031692515171
1897.8432231962236 576.7508428860417
841.3900876601483 194.82231962238689
935.9012137559002 126.20465273095067
783.1298044504383 71.82838840188788
759.8256911665542 101.6058664868508
735.2269049224544 167.63418745785566
693.7973701955495 180.58091706001335
693.7973701955495 136.5620364126769
605.7596089008766 154.68745785569786
622.5903573836817 231.07316250842882
411.5586648685098 192.23297370195542
471.11362103843555 140.4460552933242
596.6968981793661 104.19521240728238
522.5768712070128 74.32670262980452
545.233648010789 69.79534726904927
538.7602832097101 56.8486176668915
576.6294672960216 50.051584625758665
611.9093054619016 38.723196223870616
626.798044504383 40.98887390424821
644.2761294672961 59.11429534726909
626.798044504383 27.39480782198254
645.5708024275118 26.42380310182071
639.0974376264329 11.858732299393182
690.2370195549562 29.013149022252264
719.6908293998652 25.45279838165888
700.2707349966284 20.921443020903638
730.3718813216453 30.955158462575923
491.50472016183414 47.78590694538104
503.4804450438301 27.718476062036473
470.1426163182738 56.2012811867836
443.2781523937964 44.54922454484159
407.99831422791647 45.52022926500342
393.4332434254889 17.684760620364216
407.35097774780854 70.44268374915717
474.35030343897506 32.57349966284565
547.4993256911666 23.510788941335193
560.7697235333783 25.45279838165888
552.6780175320297 12.829737019555012
535.1999325691168 13.153405259608974
524.5188806473366 25.45279838165888
594.7548887390425 6.032703978422205
413.5006743088335 18.97943358057998
572.0981119352664 31.926163182737753
577.6004720161834 21.892447741065496
575.3347943358059 12.829737019555012
532.2882117882118 119.91558441558445
630.5899100899101 14.421078921079015
322.00335570469804 683.53355704698
1718.8355704697983 339.4798657718122
1745.8959731543623 289.22483221476523
470.51342281879204 266.03020134228206
536.8758389261745 170.03020134228206
423.47986577181223 179.05033557047
404.3529411764705 20.17647058823532
682.2941176470588 20.000000000000014
615.0588235294117 4.470588235294144
601.1176470588235 4.823529411764724
