1838.9269662921351 748.8146067415729
1709.488764044944 573.5337078651683
1350.8370786516855 465.6685393258424
1859.825842696629 1008.3651685393256
998.9269662921348 374.994382022472
989.4887640449438 232.0730337078652
1044.7696629213483 157.91573033707863
1100.0505617977528 163.30898876404495
1127.0168539325844 153.8707865168539
1079.8258426966293 139.0393258426966
1220.0505617977528 166.00561797752812
1429.3764044943823 410.3876404494384
1620.162921348315 385.4438202247193
1717.2415730337082 333.5337078651687
1566.2303370786522 253.30898876404513
1339.0393258426966 347.69101123595516
1405.1067415730338 320.72471910112375
1397.691011235955 255.33146067415746
1576.3426966292136 188.5898876404496
1505.5561797752807 138.02808988764062
1538.5898876404494 121.17415730337098
1382.8595505617977 121.17415730337098
1089.6011235955057 22.578651685393368
1132.747191011236 8.421348314606803
1200.8370786516855 60.33146067415737
1225.1067415730336 79.2078651685394
1254.7696629213483 62.35393258426973
1333.6460674157304 72.46629213483155
1268.2528089887642 69.09550561797761
1227.129213483146 10.443820224719161
1640.387640449438 168.19662921348322
1763.0842696629213 155.38764044943824
1799.4887640449438 97.41011235955062
1827.129213483146 144.60112359550567
1533.1966292134832 81.90449438202256
1450.2752808988764 18.53370786516862
1509.6011235955057 78.53370786516862
