1264.1241610738257 419.694630872483
1199.6946308724835 313.3859060402683
1206.1375838926176 260.23154362416085
1082.1107382550338 187.7483221476508
1380.0973154362418 97.54697986577162
1339.828859060403 79.82885906040246
1336.6073825503356 52.44630872483185
292.84899328859063 166.80872483221447
349.2248322147652 8.956375838925851
858.2181208053692 110.43288590604004
1021.305369127517 20.835570469798427
1043.05033557047 26.473154362415926
1037.4127516778526 71.57382550335547
912.5805369127519 10.365771812080311
1098.6208053691278 52.24496644295277
1079.291946308725 111.03691275167762
1226.6744966442957 79.62751677852327
1279.0234899328862 36.137583892617215
1184.0704697986575 211.90939597315446
1233.3590604026845 25.667785234899384
868.0294117647061 447.3235294117645
803.0882352941178 225.67647058823513
470.7941176470589 21.147058823529363
498.67647058823536 28.55882352941171
1544.2647058823532 735.3235294117646
1432.735294117647 396.4999999999998
1429.5588235294117 176.61764705882354
1264.3823529411766 150.5
1198.2058823529412 61.73529411764699
1155.8529411764707 47.61764705882348
1000.5588235294117 16.55882352941171
986.7941176470587 10.558823529411713
