271.4933774834436 906.8576158940398
223.8112582781456 776.5264900662253
482.88410596026483 911.6258278145697
21.956953642384065 323.54635761589407
6.062913907284724 237.71854304635758
12.420529801324506 164.60596026490066
66.4602649006622 215.46688741721857
145.9304635761589 121.69205298013253
239.70529801324494 66.06291390728484
269.90397350993373 66.06291390728484
260.36754966887406 242.48675496688747
296.9238410596025 355.33443708609275
354.1423841059602 309.2417218543046
432.0231788079469 210.6986754966888
439.9701986754966 164.60596026490066
457.4536423841058 121.69205298013253
347.78476821192044 113.74503311258286
357.32119205298 75.5993377483444
451.09602649006615 32.68543046357627
498.77814569536406 37.45364238410593
535.3344370860926 70.83112582781462
508.3145695364237 134.40728476821198
541.6920529801323 131.2284768211921
622.7516556291389 180.5
589.3741721854303 302.88410596026495
730.8311258278144 286.9900662251656
540.1026490066224 199.57284768211923
457.4536423841058 175.73178807947022
590.9635761589402 59.705298013245056
686.3278145695363 31.09602649006615
826.1953642384103 110.56622516556297
811.8907284768211 91.49337748344374
780.1026490066224 72.4205298013245
792.8178807947018 46.99006622516549
826.1953642384103 8.844370860927256
778.5132450331123 2.4867549668874744
896.1291390728475 46.99006622516549
902.4867549668872 105.79801324503319
931.0960264900659 120.10264900662253
946.9900662251653 145.53311258278154
986.7251655629136 177.32119205298022
1051.8907284768209 150.30132450331132
1080.4999999999998 220.23509933774835
996.2615894039732 447.519867549669
1061.4271523178807 480.8973509933776
1277.5860927152314 517.453642384106
1458.778145695364 544.473509933775
1690.8311258278143 708.1821192052981
1644.7384105960261 250.43377483443714
1523.9437086092712 231.3609271523179
1487.3874172185426 245.66556291390725
1425.4006622516554 264.7384105960266
1341.1622516556288 269.50662251655626
1129.7715231788077 286.9900662251656
1128.1821192052978 120.10264900662253
1167.9172185430461 116.92384105960264
1225.1357615894037 46.99006622516549
1310.9635761589402 80.36754966887418
1291.8907284768209 212.28807947019868
1455.599337748344 167.78476821192058
1563.6788079470195 58.11589403973517
1557.3211920529798 19.970198675496704
1589.1092715231784 145.53311258278154
1709.9039735099334 186.85761589403978
1824.3410596026488 186.85761589403978
1798.9105960264897 293.3476821192053
1881.5596026490061 186.85761589403978
1854.5397350993376 135.99668874172187
1845.0033112582778 19.970198675496704
1919.7052980132448 337.8509933774836
