781.1741573033709 496.0056179775278
1142.5224719101125 396.23033707865136
460.27528089887653 388.1404494382019
177.12921348314615 282.9719101123593
390.1629213483146 121.17415730337052
638.2528089887641 239.8258426966289
994.2078651685393 223.64606741573004
576.2303370786518 13.30898876404467
651.7359550561797 32.18539325842676
977.35393258427 95.89325842696638
1118.9269662921351 95.89325842696638
923.4213483146069 64.8820224719102
1114.8820224719102 36.56741573033713
1310.7247191011238 39.43258426966301
1343.0842696629215 41.45505617977537
1360.612359550562 11.117977528089966
1374.7696629213485 32.69101123595516
743.7584269662921 3.7022471910113377
646.4442724458204 128.33281733746128
