33.51416048550237 871.9362778152394
161.6867835468645 824.0333782872555
229.00977747808497 969.0367498314226
278.2073499662846 679.0300067430883
438.74679703304116 513.3118678354685
638.126432906271 500.36513823331074
765.0043830074173 624.6537424140256
686.0293324342549 875.8202966958867
1139.1648685097773 493.89177343223184
1214.2559002022927 473.1770060687794
1729.5357383681726 457.64093054619
1711.4103169251516 282.8600809170599
1606.5418071476736 113.25792312879287
1374.7953472690492 192.23297370195542
1310.0616992582602 132.67801753202957
1281.5788941335131 122.32063385030335
1174.1210384356034 231.07316250842882
1509.4413351314902 122.32063385030335
1601.3631153068104 78.30175320296689
1737.3037761294672 95.13250168577201
1675.15947403911 71.82838840188788
1698.4635873229938 10.978759271746412
1742.4824679703304 8.389413351314715
1782.6764705882351 3.499999999999943
1918.5588235294117 62.441176470588175
