730.8252885624345 763.123294858342
962.514690451207 869.901888772298
1617.2890870933895 978.6951731374606
1442.0110178384052 875.9459601259182
1677.7298006295912 672.4622245540398
1006.8378803777546 612.0215110178383
942.3677859391396 438.75813221406077
1103.543022035677 430.6993704092339
1190.1747114375657 340.03830010493175
1298.9679958027284 289.67103882476385
1365.45278069255 360.1852046169988
1024.970094438615 241.31846799580262
948.4118572927598 219.15687303252867
1222.4097586568732 158.71615949632724
1278.8210912906613 116.40766002098621
1615.2743966421829 29.775970619097507
1099.5136411332635 21.717208814270634
1018.926023084995 19.702518363063973
1079.3667366211964 118.42235047219299
994.7497376705145 142.5986358866735
605.9144805876181 182.89244491080788
1170.5309597523221 1007.1253869969041
815.4411764705883 853.205882352941
1334.9705882352941 143.44117647058823
1343.264705882353 23.61764705882348
1206.6764705882354 14.794117647058783
1066.7352941176473 285.3235294117647
556.5588235294119 2.441176470588175
549.5000000000002 178.5588235294117
806.0882352941178 25.029411764705827
905.4411764705885 78.49999999999999
