208.94036697247725 845.8211009174311
228.5122324159023 736.2186544342507
120.86697247706434 605.0871559633026
9.307339449541473 585.5152905198775
250.0412844036698 389.7966360856267
251.99847094801234 550.2859327217124
414.4449541284405 509.1850152905197
461.41743119266073 808.6345565749234
571.0198776758411 650.1024464831803
682.5795107033641 873.2217125382261
794.1391437308869 767.5336391437307
688.4510703363915 526.7996941896023
584.7201834862387 432.8547400611619
764.7813455657495 491.5703363914371
831.3256880733945 425.0259938837919
733.4663608562691 374.13914373088664
1009.4296636085628 677.5030581039754
1034.8730886850153 863.4357798165137
1308.8792048929665 841.906727828746
1381.2951070336392 609.0015290519876
1686.6162079510702 759.7048929663608
1790.3470948012234 704.9036697247705
1708.1452599388379 601.1727828746176
1899.9495412844037 626.6162079510701
1892.120795107034 477.8700305810396
1870.5917431192663 348.695718654434
1845.1483180428133 215.60703363914354
1796.218654434251 241.05045871559605
1670.9587155963302 305.6376146788989
1698.3593272171254 409.36850152905185
1606.3715596330278 430.89755351681936
1565.2706422018348 493.52752293577964
1381.2951070336392 403.4969418960243
1365.6376146788991 268.45107033639124
1261.9067278287464 370.22477064220163
1265.8211009174313 473.9556574923546
1234.5061162079512 513.0993883792047
970.2859327217127 425.0259938837919
1015.3012232415904 487.65596330275207
1130.7752293577983 336.952599388379
342.51834862385334 112.94648318042795
419.82721712538233 146.2186544342506
463.8639143730888 159.91896024464813
480.5000000000001 166.76911314984687
496.1574923547401 156.00458715596312
516.7079510703365 156.00458715596312
553.8944954128442 161.87614678899064
652.7324159021408 133.49694189602428
649.796636085627 171.66207951070317
637.0749235474008 190.255351681957
667.4113149847096 199.0626911314983
619.4602446483182 219.61314984709458
608.6957186544344 239.1850152905197
651.7538226299696 265.60703363914354
748.6345565749237 187.31957186544327
791.692660550459 188.2981651376145
813.2217125382264 192.2125382262995
852.3654434250767 187.31957186544327
795.6070336391439 396.73853211009157
871.9373088685016 249.9495412844035
844.5366972477067 229.39908256880713
875.8516819571868 185.3623853211007
880.744648318043 162.85474006116186
896.402140672783 173.61926605504567
880.744648318043 141.3256880733943
862.1513761467892 123.71100917431176
850.408256880734 147.19724770642182
809.3073394495415 125.6681957186542
926.738532110092 198.08409785932702
919.8883792048931 157.96177370030563
912.0596330275231 132.518348623853
941.4174311926607 128.603975535168
945.3318042813459 235.27064220183468
907.1666666666669 252.88532110091722
690.8975535168197 70.86697247706405
810.2859327217128 77.7171253822628
802.4571865443428 70.86697247706405
800.5000000000001 79.6743119266053
989.8577981651376 172.54892966360802
986.9220183486241 145.14831804281295
956.5856269113151 102.09021406727777
1020.1941896024466 141.23394495412794
1015.3012232415904 118.7262996941891
1001.6009174311928 110.89755351681907
1012.3654434250766 93.28287461773647
998.665137614679 93.28287461773647
978.1146788990827 91.32568807339396
984.9648318042814 82.51834862385266
969.3073394495414 86.43272171253773
955.6070336391438 79.58256880733893
947.7782874617737 77.62538226299642
981.0504587155965 31.63149847094752
926.2492354740064 107.96177370030529
941.9067278287464 93.28287461773647
1000.6223241590214 60.010703363913876
996.7079510703365 69.7966360856264
997.6865443425079 77.62538226299642
985.9434250764527 65.88226299694139
1038.7874617737004 68.81804281345512
1028.0229357798166 68.81804281345512
1021.172782874618 68.81804281345512
1008.4510703363915 84.47553516819522
1023.1299694189604 102.09021406727777
1040.744648318043 103.06880733944905
1051.5091743119267 123.61926605504533
999.6437308868503 124.59785932721661
1074.9954128440368 161.78440366972427
1054.4449541284405 141.23394495412794
1042.7018348623856 197.99235474006065
1054.4449541284405 169.6131498470943
1129.7966360856271 164.720183486238
1086.738532110092 186.24923547400562
1132.732415902141 230.28593272171207
1126.8608562691134 203.86391437308822
1074.9954128440368 247.90061162079462
1171.876146788991 268.45107033639096
1239.3990825688074 255.72935779816464
1050.5305810397556 301.7232415902135
1279.521406727829 260.62232415902093
1295.178899082569 227.35015290519829
1381.2951070336394 234.20030581039703
1372.487767584098 197.01376146788942
1375.4235474006118 182.3348623853206
1369.5519877675843 163.74159021406678
1423.374617737003 162.76299694189555
1461.5397553516823 199.94954128440315
1422.396024464832 200.92813455657443
1511.4480122324162 206.79969418960195
1494.8119266055046 177.4418960244643
1521.2339449541287 169.6131498470943
1516.3409785932722 118.7262996941891
1486.9831804281348 132.42660550458663
1464.475535168196 146.12691131498417
1442.9464831804285 134.38379204892914
1416.5244648318044 125.57645259938789
1416.5244648318044 113.83333333333286
1394.9954128440368 131.44801223241535
1406.738532110092 146.12691131498417
1349.9801223241593 134.38379204892914
1313.7721712538228 171.5703363914368
1324.5366972477068 196.03516819571814
1256.0351681957188 184.29204892966314
1277.5642201834864 158.84862385321054
1255.0565749235475 148.08409785932673
1246.2492354740064 134.38379204892914
1228.6345565749239 151.99847094801174
1181.6620795107037 166.67737003058056
1194.38379204893 129.4908256880729
1170.8975535168197 142.21253822629916
1099.4602446483182 102.09021406727777
1075.974006116208 90.34709480122274
1065.2094801223243 108.94036697247651
1128.8180428134558 91.32568807339396
1133.711009174312 62.946483180427606
1156.218654434251 46.31039755351628
1213.955657492355 86.43272171253773
1232.5489296636088 87.41131498470895
1291.264525993884 91.32568807339396
1327.4724770642204 96.21865443425025
1363.6804281345567 96.21865443425025
1277.5642201834864 120.6834862385316
1205.1483180428136 97.19724770642148
1197.3195718654438 105.0259938837915
1183.619266055046 72.73241590214019
1166.9831804281348 91.32568807339396
1178.72629969419 110.89755351681907
1146.4327217125383 87.41131498470895
1148.389908256881 72.73241590214019
1160.1330275229361 68.81804281345512
1115.1177370030582 77.62538226299642
1057.3807339449543 69.7966360856264
891.9984709480123 86.43272171253773
896.8914373088687 120.6834862385316
932.1207951070337 56.09633027522881
913.5275229357799 60.010703363913876
894.934250764526 60.010703363913876
985.9434250764527 113.83333333333286
1211.9984709480125 199.94954128440315
1180.6834862385322 211.69266055045824
1174.8119266055048 235.1788990825683
1163.06880733945 203.86391437308822
1273.6498470948013 141.23394495412794
1293.2217125382265 125.57645259938789
905.6987767584098 82.51834862385266
631.6926605504588 72.73241590214019
617.0137614678899 65.88226299694139
1554.9954128440368 137.4113149847093
1594.139143730887 127.62538226299677
1686.126911314985 160.8975535168194
1781.0504587155965 157.96177370030563
1664.5978593272173 256.79969418960223
1601.967889908257 236.24923547400596
1572.6100917431195 258.7568807339448
589.613149847095 77.7171253822628
1618.1146788990827 132.518348623853
1757.8154362416108 305.9765100671143
1439.53355704698 474.7818791946311
1332.5805369127515 343.9899328859063
357.76174496644296 119.73489932885911
897.6812080536913 35.97651006711408
907.9899328859062 39.19798657718121
447.96308724832215 77.21140939597313
