256.40214067278293 191.23394495412828
346.43272171253835 95.33180428134534
463.8639143730888 98.26758409785913
466.7996941896026 228.42048929663594
576.402140672783 272.45718654434233
470.7140672782876 16.06574923547373
486.3715596330277 27.808868501528764
517.6865443425078 30.744648318042607
610.6529051987769 48.35932721712521
628.2675840978595 103.16055045871536
660.5611620795108 12.15137614678872
708.5122324159023 17.044342507644956
895.4235474006117 60.102446483180245
875.8516819571868 53.25229357798145
891.5091743119268 16.06574923547373
989.3685015290522 43.51223241590213
1013.3440366972479 45.95871559633025
1007.4724770642205 90.48470948012232
1056.4021406727832 87.05963302752292
1033.8944954128442 49.87308868501526
1083.8027522935781 43.51223241590213
1099.949541284404 11.707951070336378
1129.3073394495416 30.79051987767582
1141.0504587155965 10.240061162079485
1176.7691131498473 11.707951070336378
1219.8272171253825 8.28287461773698
1124.903669724771 87.05963302752292
622.3960244648321 51.83027522935777
813.7110091743123 3.3899082568807444
858.72629969419 3.3899082568807444
1914.139143730887 78.69571865443407
1418.9709480122324 33.72629969418958
1388.145259938838 28.833333333333314
1322.0902140672783 2.9006116207950754
1161.6009174311928 15.133027522935777
