122.84659474039114 631.1271072151045
443.9254888739042 496.4811193526634
727.4588671611598 449.8728927848954
744.2896156439649 418.8007417397167
1280.2842211732973 628.5377612946729
1117.1554281861092 426.56877950101136
999.3401888064733 473.1770060687794
1033.0016857720836 321.7002697235332
933.3118678354685 367.0138233310855
1078.3152393796358 180.58091706001335
867.2835468644639 370.89784221173295
825.854012137559 414.9167228590693
748.1736345246122 289.3334457181388
840.0954146999325 304.8695212407281
935.9012137559002 198.7063385030342
976.0360755225893 144.33007417397152
856.9261631827376 135.26736345246115
823.2646662171273 128.79399865138225
692.5026972353338 176.69689817936603
728.7535401213756 171.51820633850298
794.7818610923803 183.17026298044493
774.0670937289278 132.67801753202957
702.86008091706 110.66857720836128
515.1325016857721 345.00438300741735
586.3395144976399 294.512137559002
622.5903573836817 228.48381658799713
669.1985839514498 189.64362778152383
534.5525960890087 264.73465947403906
451.69352663519896 280.27073499662833
376.60249494268373 332.05765340525954
589.8998651382334 109.96055293324343
556.8857046527311 123.55461901550905
541.9969656102496 82.12508428860417
518.0455158462577 95.07181389076197
501.21476736345255 84.7144302090357
482.44200944032383 86.65643964935936
490.8573836817264 65.94167228590692
479.20532703978427 71.12036412677003
468.2006068779501 75.65171948752527
431.3024275118005 77.59372892784893
413.82434254888744 82.12508428860417
419.6503708698584 69.17835468644637
400.2302764666217 95.71915037086984
385.34153742414026 106.72387053270393
365.27410654079574 104.78186109238027
376.2788267026299 100.25050573162504
346.50134861766696 108.66587997302759
319.96055293324343 108.66587997302759
312.1925151719488 124.8492919757249
332.2599460552933 132.61732973701953
296.6564396493594 126.79130141604855
297.95111260957515 113.19723533378283
291.47774780849625 104.78186109238027
283.0623735670937 100.25050573162504
265.58428860418076 104.1345246122724
282.4150370869859 81.47774780849625
318.6658799730277 60.11564396493588
336.14396493594063 41.342886041807105
346.50134861766696 39.400876601483446
352.97471341874575 34.22218476062034
366.5687795010115 34.8695212407282
372.39480782198257 36.164194200943996
383.3995279838166 40.69554956169918
384.69420094403245 34.22218476062034
389.8728927848955 29.6908293998651
397.64093054619025 29.6908293998651
411.8823331085638 32.28017532029662
415.7663519892111 27.10148347943357
431.3024275118005 25.15947403910991
381.45751854349294 60.11564396493588
370.4527983816588 66.58900876601479
364.6267700606878 61.410316925151676
325.1392447741066 81.47774780849625
341.9699932569117 97.6611598111935
236.45414699932567 57.52629804450436
257.816250842886 141.68004045853002
211.85536075522586 129.38064733648008
240.338165879973 81.47774780849625
327.08125421443026 49.758260283209665
323.84457181389075 41.99022252191497
378.22083614295354 127.43863789615642
374.98415374241404 182.46223870532702
321.25522589345917 206.4136884693189
265.58428860418076 214.18172623061366
192.7441195168468 225.58582326764122
270.2986577181207 46.909395973154346
285.76174496644285 45.62080536912748
407.8557046979864 60.4395973154362
358.88926174496635 138.72147651006705
245.8823529411764 51.411764705882376
245.7058823529411 71.79411764705878
283.47058823529403 63.14705882352938
359.3529411764705 95.6176470588235
390.05882352941165 79.73529411764702
397.47058823529403 64.38235294117644
