198.40104947526245 623.2586206896549
345.2076461769116 407.3665667166414
489.13568215892053 297.98125937031466
445.95727136431793 302.29910044977487
63.108695652173935 228.8958020989503
24.24812593703155 118.07121439280343
76.06221889055475 113.7533733133431
158.10119940029986 102.2391304347824
39.720389805097454 105.34257871064472
27.486506746626702 47.0517241379311
141.90929535232385 14.667916041979083
133.27361319340332 8.191154422788713
178.61094452773614 4.592953523238407
151.98425787106447 14.667916041979083
101.60944527736132 34.817841079460315
39.720389805097454 4.592953523238407
59.15067466266868 4.592953523238407
61.309595202398846 27.621439280359937
148.38605697151422 86.63193403298357
340.52998500749624 101.02473763118445
401.6994002998501 116.85682158920542
506.0472263868066 104.6229385307347
525.4775112443779 88.07121439280365
578.011244377811 87.35157421289364
611.8343328335832 112.53898050974522
648.5359820089955 123.33358320839585
661.4895052473762 97.4265367316342
675.8823088455772 222.64392803598207
689.5554722638681 269.420539730135
705.3875562218891 116.13718140929541
665.8073463268365 60.724887556221915
719.7803598200899 58.56596701649181
736.332083958021 62.16416791604206
768.715892053973 88.07121439280365
795.3425787106446 62.88380809595208
831.324587706147 48.49100449775119
801.099700149925 125.49250374812596
827.0067466266867 130.5299850074963
844.9977511244379 110.38005997001505
842.8388305847077 86.63193403298357
826.2871064467765 215.44752623688157
864.4280359820091 270.140179910045
872.3440779610196 70.79985007496259
903.2886056971515 57.84632683658174
899.6904047976011 27.621439280359937
910.4850074962519 100.30509745127438
929.9152923538231 51.36956521739137
929.9152923538231 29.06071964017997
945.7473763118442 73.67841079460277
943.588455772114 153.5584707646177
959.420539730135 44.173163418290926
1040.7398800599701 62.88380809595208
1076.0022488755624 83.03373313343332
1123.4985007496252 72.9587706146927
1096.1521739130437 90.94977511244385
1135.0127436281862 140.6049475262369
1160.9197901049477 104.6229385307347
1194.0232383808097 32.65892053973016
1292.613943028486 88.07121439280365
1196.18215892054 216.16716641679164
1294.053223388306 229.8403298350825
1455.252623688156 209.69040479760122
1485.477511244378 199.6154422788606
1301.2496251874065 53.528485757121466
1382.5689655172416 34.817841079460315
1427.9062968515743 26.18215892053979
1554.5629685157423 44.89280359820094
1538.7308845577213 8.191154422788713
1550.9647676161921 326.2721139430285
1247.6364317841083 532.5839580209893
1604.5779610194902 339.72038980509717
1582.988755622189 228.8958020989503
1682.2991004497756 238.97076461769086
1738.4310344827588 210.1851574212891
1888.116191904048 167.00674662668644
1635.162668665667 19.70539730134942
1604.9377811094453 36.25712143928041
1590.5449775112443 18.266116941529276
1571.8343328335832 14.667916041979083
1622.2091454272863 32.65892053973016
180.64405762304932 1005.9501800720287
632.156662665066 90.28391356542625
1105.3859543817528 57.22268907563034
28.033013205282145 14.923769507803115
