51.993556797443745 50.763781812952004
128.18727498553127 241.66672408640198
462.2674239640687 336.2809016166645
547.6713718232438 290.229753261227
539.2984357586188 142.866078523827
412.24473877770583 43.52510676137041
584.2397767068098 3.89879900319454
596.04335774116 1.3694602101194846
720.824071532863 73.03405934724611
739.3725560154132 47.74067141649556
713.2360551536376 30.878412795995132
734.3138784292632 18.231718830619855
758.7641534289887 6.428137796269596
813.5664939456149 128.67951279489733
825.3700749799652 81.4651886574963
890.2897706688917 78.09273693339622
929.9160784270676 121.93460934669717
939.1903206683429 48.58378434752052
986.4046448057439 34.250864520095206
1017.5998232536697 48.58378434752052
1018.4429361846946 25.81973520984502
725.4508840864441 42.37622789783899
122.79411764705878 52.205882352941124
