835.8246753246754 779.3011988011987
730.33016983017 731.3491508491506
112.7077922077923 752.4480519480518
154.90559440559446 560.6398601398599
37.90259740259751 514.6058941058939
1131.2092907092908 326.6338661338658
757.1833166833169 326.6338661338658
555.7847152847153 219.2212787212784
444.5359640359642 223.0574425574422
220.1203796203797 276.76373626373595
177.8689247815123 42.60121546784893
131.972922681714 45.46971559908633
3.8465834864437056 127.70005269455828
166.39492425656272 126.74388598414583
536.4314411861867 118.13838559043364
569.8972760506228 58.856049544860866
1330.636157548745 106.5022894188728
1424.8195366072491 57.93898459183174
