115.48470948012233 153.06880733944934
195.72935779816518 137.4113149847093
262.27370030581045 30.744648318042607
262.27370030581045 70.86697247706405
271.0810397553517 130.5611620795105
323.9250764525995 148.17584097859304
507.9006116207952 74.78134556574906
439.3990825688074 50.31651376146766
611.6314984709481 46.40214067278266
872.915902140673 320.4082568807338
939.4602446483183 171.66207951070317
503.9862385321103 13.665137614678883
561.7232415902142 15.133027522935777
681.1116207951072 3.8792048929663565
732.9770642201836 20.02599388379204
823.496941896025 13.665137614678827
834.2614678899088 13.665137614678827
850.4082568807345 8.282874617736923
871.937308868502 8.772171253822535
922.8241590214072 26.87614678899078
930.1636085626917 19.04740061162076
1076.95259938838 80.69877675840976
952.1819571865449 377.1666666666668
1881.8455657492354 340.86697247706377
1812.3654434250766 280.19418960244604
1692.9770642201838 348.6957186544338
1741.9067278287462 114.81192660550403
1224.230886850153 123.61926605504539
1617.625382262997 77.7171253822628
1835.8516819571869 32.70183486238511
1778.1146788990827 60.102446483180245
1743.8639143730888 61.08103975535147
1518.7874617737004 9.215596330274932
1748.2675840978595 45.95871559633025
