17.691011235955045 58.64606741573033
37.915730337078685 53.926966292134836
26.455056179775312 47.85955056179776
62.185393258426984 62.01685393258427
60.162921348314626 73.47752808988764
23.758426966292177 93.02808988764045
61.51123595505621 88.30898876404495
94.54494382022474 71.45505617977528
82.4101123595506 61.34269662921349
108.02808988764045 62.01685393258427
138.36516853932588 63.36516853932585
126.90449438202248 60.66853932584269
128.92696629213484 72.80337078651684
141.06179775280899 81.56741573033707
157.24157303370785 74.15168539325845
164.65730337078654 69.43258426966293
209.15168539325842 105.1629213483146
194.9943820224719 137.52247191011236
225.33146067415728 139.54494382022472
230.0505617977528 106.51123595505618
238.14044943820224 63.36516853932585
261.06179775280896 70.1067415730337
304.8820224719101 61.34269662921349
323.75842696629206 64.7134831460674
304.8820224719101 52.578651685393254
326.4550561797753 41.11797752808991
357.4662921348314 37.07303370786519
379.0393258426966 35.72471910112358
354.7696629213483 61.34269662921349
341.9606741573034 59.99438202247191
379.71348314606746 55.949438202247194
389.1516853932584 47.85955056179776
393.87078651685397 65.38764044943821
408.7022471910112 55.949438202247194
403.98314606741576 46.51123595505618
418.14044943820227 59.99438202247191
437.691011235955 57.97191011235955
462.63483146067415 58.64606741573033
430.94943820224717 111.23033707865167
139.03932584269663 234.6011235955056
62.185393258426984 206.96067415730334
203.42134831460663 386.79213483146026
193.9831460674157 338.2528089887636
485.2191011235954 483.87078651685346
725.2191011235952 323.4213483146063
594.4325842696628 233.08426966292092
572.8595505617975 192.63483146067375
630.8370786516853 184.54494382022432
746.7921348314605 245.21910112359507
713.0842696629211 118.47752808988724
688.8146067415728 136.00561797752766
663.196629213483 106.34269662921315
601.1741573033707 131.96067415730295
478.47752808988747 115.78089887640408
502.7471910112359 107.69101123595465
491.96067415730323 92.85955056179739
548.5898876404492 86.11797752808945
830.3876404494379 158.92696629213447
776.455056179775 176.45505617977489
812.8595505617975 119.8258426966288
756.2303370786515 121.17415730337041
783.196629213483 86.11797752808945
802.0730337078649 92.85955056179739
881.6235955056177 90.16292134831428
915.3314606741571 127.91573033707823
919.3764044943819 96.90449438202211
951.7359550561796 172.41011235955017
-206.46629213483146 545.8932584269659
515.2191011235954 67.41011235955057
527.3539325842695 39.09550561797755
548.252808988764 46.51123595505618
567.1292134831459 33.702247191011224
571.8483146067415 43.814606741573044
590.7247191011235 51.2303370786517
599.4887640449437 36.39887640449439
603.5337078651684 67.41011235955057
568.4775280898875 77.52247191011236
634.5449438202246 48.53370786516854
685.1067415730336 62.691011235955045
661.511235955056 28.308988764044955
675.6685393258425 28.98314606741576
687.1292134831459 25.61235955056179
701.9606741573032 32.35393258426967
732.9719101123594 45.162921348314626
703.9831460674155 65.38764044943821
747.1292134831459 80.8932584269663
754.5449438202246 32.35393258426967
766.005617977528 30.331460674157313
724.88202247191 30.331460674157313
714.0955056179774 30.331460674157313
791.6235955056178 28.98314606741576
801.0617977528088 28.308988764044955
817.2415730337077 28.308988764044955
838.8146067415729 28.308988764044955
819.9382022471909 46.51123595505618
828.7022471910111 51.2303370786517
809.825842696629 65.38764044943821
848.252808988764 41.792134831460686
861.0617977528086 61.34269662921349
865.1067415730333 44.48876404494382
900.1629213483142 31.679775280898866
900.1629213483142 21.567415730337075
930.4999999999995 61.34269662921349
937.2415730337075 39.76966292134833
922.4101123595501 35.72471910112358
914.9943820224714 42.46629213483146
938.589887640449 32.35393258426967
928.4775280898872 24.938202247191015
940.6123595505613 18.87078651685394
960.1629213483142 16.84831460674158
966.904494382022 16.84831460674158
999.9382022471906 19.544943820224717
1001.960674157303 58.64606741573033
971.6235955056176 47.185393258426984
993.1966292134827 35.050561797752835
954.7696629213478 59.320224719101134
977.0168539325838 70.1067415730337
971.6235955056176 87.63483146067415
972.9719101123591 106.51123595505618
969.6011235955052 124.03932584269663
990.4999999999995 157.07303370786516
1005.3314606741569 101.11797752808988
1014.7696629213478 72.12921348314609
1020.1629213483142 53.25280898876406
1039.713483146067 41.792134831460686
1051.848314606741 35.72471910112358
1016.7921348314602 39.76966292134833
1071.3988764044939 52.578651685393254
1070.7247191011231 38.421348314606746
1094.3202247191007 47.185393258426984
1094.9943820224714 55.949438202247194
1097.0168539325837 64.7134831460674
1103.7584269662916 76.17415730337078
1109.151685393258 64.03932584269663
1115.219101123595 57.297752808988776
1109.151685393258 41.11797752808991
1059.9382022471905 127.41011235955054
1040.3876404494379 142.24157303370785
1034.3202247191007 97.74719101123594
1057.2415730337075 109.88202247191012
1095.6685393258422 129.4325842696629
1108.477528089887 165.1629213483146
1122.6348314606737 104.48876404494382
1134.7696629213478 80.2191011235955
1122.6348314606737 70.78089887640448
1136.1179775280893 37.07303370786519
1128.02808988764 45.8370786516854
1116.5674157303365 43.14044943820227
1163.7584269662916 38.421348314606746
1173.1966292134825 43.14044943820227
1189.3764044943814 32.35393258426967
1224.4325842696626 31.679775280898866
1235.219101123595 45.162921348314626
1243.3089887640444 31.679775280898866
1256.7921348314603 46.51123595505618
1250.7247191011231 46.51123595505618
1270.275280898876 40.443820224719104
1287.8033707865166 48.53370786516854
1287.8033707865166 32.35393258426967
1297.9157303370782 33.028089887640476
1297.2415730337075 49.88202247191012
1257.4662921348308 35.72471910112358
1257.4662921348308 26.960674157303373
1235.893258426966 62.691011235955045
1244.657303370786 45.8370786516854
1202.8595505617973 67.41011235955057
1194.095505617977 43.814606741573044
1192.7471910112354 88.98314606741573
1159.0393258426961 80.8932584269663
1160.3876404494376 76.17415730337078
1209.6011235955052 94.37640449438203
1216.3426966292132 119.99438202247191
1250.0505617977524 103.14044943820224
1301.960674157303 112.57865168539325
1285.106741573033 113.92696629213484
1258.8146067415726 196.17415730337078
1173.1966292134825 190.78089887640448
1182.9719101123596 281.6235955056177
1261.174157303371 281.6235955056177
1344.7696629213483 340.9494382022468
1404.0955056179773 1033.9831460674154
1627.9157303370785 877.578651685393
1336.210137608887 34.662353238227695
1315.546080040398 49.99375078904205
1310.8800025249327 41.994760762530234
1315.546080040398 39.99501325590225
1348.2086226486547 41.3281782603209
1356.874195177376 35.99551824264634
1446.1962504734247 44.6610907713675
1450.8623279888898 38.661848251483605
1458.8613180154018 36.66210074485565
1484.1914530993558 38.661848251483605
1433.5311829314476 38.661848251483605
1426.8653579093543 39.32843075369294
1418.1997853806333 68.65806085090301
1458.8613180154018 63.32540083322846
1512.1879181921474 83.98945840171737
1495.5233556369144 104.65351597020629
1470.1932205529602 121.31807852543929
1469.526638050751 104.65351597020629
1498.856268147961 133.98314606741638
1436.864095442494 157.9801161469519
1439.5304254513314 125.31757353869523
1422.8658628960984 127.98390354753249
1363.540020199469 117.98516601439269
1360.2071076884224 73.32413836636826
1344.2091276353988 129.31706855195114
1320.8787400580725 119.31833101881134
1340.876215124352 170.64518368892897
1358.8739426840039 151.980873627068
1375.5385052392367 155.3137861381146
1391.5364852922603 173.97809619997557
1586.178575937382 225.97153137230254
1020.1629213483143 16.84831460674158
1097.016853932584 16.174157303370805
1244.6573033707864 19.544943820224717
1123.3089887640447 22.24157303370788
1026.0570469798654 72.35906040268458
1240.6073825503352 53.99664429530202
782.9966442953021 41.77516778523494
785.5738255033558 108.7818791946309
710.8355704697988 235.7080536912752
13.708053691275182 50.15100671140942
21.43959731543626 42.419463087248346
