437.4521240728253 685.5033715441672
436.1574511126096 350.1830748482804
638.126432906271 290.62811867835467
864.6942009440322 387.72859069453807
960.5 395.4966284558327
1065.368509777478 398.0859743762642
1043.3590694538098 600.0549561699257
1240.1493594066083 550.8573836817261
1364.4379635873229 462.8196223870532
1535.3347943358058 313.9322319622386
1628.5512474713419 493.89177343223184
1774.8492919757248 597.4656102494941
1557.3442346594738 980.6888064733648
1891.3698583951448 972.9207687120702
1874.5391099123397 470.5876601483478
35.77983816587991 91.1877950101146
87.56675657451109 39.400876601483446
118.63890761968977 114.49190829399862
199.55596763317598 86.65643964935936
233.21746459878622 59.46830748482802
290.83041132838844 14.802090357383577
349.73803101820636 28.396156439649303
466.9059339177344 93.12980445043826
639.097437626433 129.38064733648008
530.3449089683075 58.82097100472015
584.0738368172624 18.038772757923084
627.4453809844911 45.22690492245442
780.8641267700608 111.25522589345917
821.6463250168579 147.506068779501
756.912677006069 41.342886041807105
791.221510451787 25.80681051921772
881.2012811867837 30.338165879972962
903.8580579905599 88.59844908968307
1133.9861766689146 10.270734996628448
1307.4723533378287 93.77714093054612
1220.0819285232637 9.623398516520524
1344.3705327039786 78.2410654079568
1436.9396493594068 37.45886716115979
1471.8958192852328 65.94167228590692
1453.1230613621042 5.092043155765282
1546.3395144976403 34.22218476062034
1632.4352663519894 18.038772757923084
1682.2801753202968 72.41503708698582
1666.7440997977076 114.49190829399862
1506.204652730951 207.70836142953476
1691.504720161834 10.56405933917739
1607.0273095077546 3.767026298044584
1762.711732973702 64.29298718813223
1724.8425488873904 24.481793661497022
1766.9194200944032 31.926163182737753
1789.8998651382333 14.124409979770803
1868.5512474713419 60.732636547538846
1878.5849629130144 44.54922454484159
