7.620701281186825 606.5283209710046
84.00640593391779 585.8135536075523
688.6186783546864 833.096089008766
718.3961564396493 548.2680377612946
603.170262980445 439.51550910316917
559.1513823331086 409.73803101820624
429.6840863115307 499.070465273095
162.98145650708028 343.7097100472015
157.80276466621717 262.14531355360737
333.878287255563 218.12643290627102
160.3921105866487 185.75960890087651
80.12238705327042 100.31119352663507
65.88098449089688 67.94436952124056
175.92818610923803 95.13250168577201
890.5876601483478 495.1864463924477
910.0077545515846 558.6254214430209
1027.8229939312205 585.8135536075523
1096.4406608226568 624.6537424140256
1074.4312204989885 594.8762643290627
1216.8452461227241 921.133850303439
1412.3408631153068 915.9551584625758
1645.381995954147 745.058327714093
1668.686109238031 594.8762643290627
1724.3570465273094 568.9828051247471
1792.6510451786921 796.9059339177343
1790.0616992582604 657.7285906945381
1819.8391773432234 673.9120026972353
1852.2060013486177 879.7650033715443
1254.7144302090358 480.9450438300741
1345.3415374241404 464.1142953472689
1305.2066756574511 380.60788941335124
1375.119015509103 373.4871881321644
1353.109575185435 411.032703978422
1426.9059339177343 519.7852326365474
1511.707012811868 526.2585974376263
1500.7022926500338 490.0077545515845
1504.586311530681 439.51550910316917
1557.0205664194202 480.29770734996623
1585.5033715441673 483.5343897505056
1605.5708024275118 489.36041807147666
1595.2134187457857 556.0360755225893
1144.0198921105866 524.3165879973027
1156.3192852326365 475.766351989211
1177.034052596089 380.60788941335124
1178.9760620364127 347.5937289278488
1094.822319622387 373.4871881321644
1076.0495616992582 424.6267700606877
1037.8567093728927 422.0374241402561
1043.6827376938638 364.42447741065394
1055.3347943358058 323.6422791638569
1075.4022252191503 326.23162508428845
1067.6341874578557 294.51213755900187
1044.9774106540794 294.51213755900187
1015.1999325691165 322.34760620364113
966.6496965610249 287.3914362778151
980.2437626432906 270.5606877950099
595.4022252191503 323.642279163857
482.7656776803775 285.4494268374915
521.6058664868508 200.64834794335798
504.7751180040457 178.6389076196897
559.1513823331085 157.92414025623725
552.6780175320296 128.14666217127433
585.6921780175319 135.2673634524611
608.348954821308 142.38806473364787
612.2329737019554 164.39750505731615
652.3678354686446 141.74072825354
689.9133513149021 159.8661496965609
632.3004045852999 189.64362778152383
565.6247471341874 187.05428186109225
600.5809170600133 233.6625084288603
680.2033041132838 241.43054619015498
693.7973701955494 201.9430209035737
676.9666217127443 273.7973701955495
703.5074173971678 300.98550236008083
676.9666217127443 300.33816587997296
723.5748482805124 251.7879298718812
738.4635873229938 284.8020903573836
784.424477410654 271.85536075522583
825.8540121375589 253.082602832097
819.38064733648 232.36783546864456
840.0954146999326 220.06844234659468
857.5734996628455 203.2376938637895
935.2538772757923 248.55124747134175
845.2741065407956 300.33816587997296
889.2929871881321 326.2316250842885
919.7178017532029 317.1689143627781
858.8681726230614 247.25657451112602
843.332097100472 265.38199595414693
424.5053944706674 121.67329737019543
380.48651382333094 174.75488873904237
495.0650708024274 130.7360080917059
382.4285232636546 94.48516520566409
361.06641942009423 96.42717464598775
462.6982467970329 35.57754551584611
495.0650708024274 37.51955495616977
513.1904922454482 58.88165879973013
487.94436952124056 92.54315576534037
466.5822656776802 78.9490896830747
459.4615643964934 100.95853000674299
150.35839514497636 41.99022252191497
39.01652056641936 34.22218476062034
7.297033041132778 80.18307484828051
9.886378961564333 171.45751854349294
295.3617666891437 88.59844908968307
270.7629804450438 76.946392447741
296.0091031692515 60.11564396493588
251.3428860418071 111.90256237356711
248.75354012137564 41.99022252191497
211.85536075522586 41.99022252191497
331.6126095751855 8.9760620364126
318.6658799730277 11.565407956844183
304.42447741065405 3.150033715441623
343.9120026972354 95.07181389076197
448.78051247471353 186.3462575859744
66.85198921105862 404.49865138233315
693.1500337154416 129.99763991908299
631.6530681051922 126.76095751854353
732.313890761969 80.80006743088342
752.0576534052597 101.51483479433585
684.4109912339852 61.37997302764671
868.5782198246796 136.4710047201619
943.6692515171949 170.45616992582606
943.9929197572488 146.1810519217802
922.3071476736345 128.37929871881326
1004.1952124072825 179.84254888739042
961.7946729602157 185.9922454484154
983.804113283884 172.72184760620368
971.8283884018881 152.00708024275121
809.0232636547539 167.8668240053945
1807.59472345836 601.5298792116973
277.57565162110615 52.49936427209158
330.0613477431658 125.73521932612843
757.575651621106 133.36395422759063
764.5940877304512 113.52924348378897
866.8191354100443 169.98188175460905
884.5178003814365 179.13636363636368
