1.478593272171338 374.13914373088664
482.94648318042823 106.00458715596301
545.5764525993884 135.36238532110065
631.6926605504589 213.64984709480098
704.1085626911317 305.6376146788989
837.1972477064221 309.5519877675838
966.3715596330276 378.05351681957166
1201.2339449541284 80.5611620795105
1130.7752293577983 66.8608562691129
1013.344036697248 106.00458715596301
946.7996941896026 92.30428134556541
741.2951070336392 94.26146788990798
659.0932721712541 74.68960244648292
584.7201834862387 92.30428134556541
1323.5581039755355 19.001529051987518
1247.2278287461777 3.344036697247475
