578.2528089887642 31.848314606741383
584.9943820224719 39.93820224719104
595.7808988764045 60.162921348314626
566.1179775280899 151.84831460674155
675.3314606741574 25.106741573033787
699.6011235955057 14.320224719101134
699.6011235955057 41.286516853932596
779.1516853932585 65.55617977528095
789.9382022471909 60.162921348314626
885.6685393258426 66.90449438202245
935.556179775281 66.90449438202245
982.7471910112358 45.33146067415731
978.7022471910111 17.016853932584354
1064.9943820224719 11.623595505618027
1048.814606741573 4.882022471910091
993.5337078651685 81.73595505617982
984.0955056179776 96.56741573033707
944.9943820224719 111.39887640449439
924.7696629213483 145.10674157303367
895.1067415730336 150.5
760.2752808988764 150.5
690.1629213483145 139.7134831460674
1059.6011235955054 122.18539325842698
1116.2303370786517 81.73595505617982
1178.252808988764 97.91573033707868
1206.567415730337 91.1741573033708
1317.1292134831458 79.03932584269666
1367.0168539325841 72.29775280898878
1461.398876404494 149.1516853932584
1411.511235955056 248.9269662921348
1384.5449438202245 304.2078651685393
1318.4775280898875 255.6685393258427
1143.196629213483 314.9943820224719
1671.061797752809 351.73595505617936
1676.455056179775 300.49999999999966
1730.387640449438 343.64606741572993
1719.6011235955057 200.72471910112324
1627.2415730337077 157.24157303370788
1717.578651685393 165.3314606741573
