31.511235955055895 427.24157303370794
104.32022471910113 384.0955056179772
123.19662921348322 322.07303370786485
18.028089887640476 260.0505617977524
231.06179775280907 332.8595505617974
244.54494382022472 176.45505617977483
371.28651685393265 354.4325842696626
489.93820224719104 351.73595505617936
460.27528089887653 297.80337078651655
632.8595505617978 308.5898876404491
659.8258426966291 357.1292134831457
813.5337078651686 373.30898876404456
883.6460674157303 287.0168539325839
932.1853932584271 233.08426966292097
1137.129213483146 273.53370786516825
1207.241573033708 454.207865168539
1916.455056179775 357.1292134831457
1892.1853932584268 303.19662921348277
1676.455056179775 122.52247191011202
988.8146067415731 198.02808988764014
845.8932584269663 162.97191011235918
770.3876404494382 100.94943820224682
711.061797752809 114.43258426966258
643.6460674157303 73.98314606741542
522.2977528089888 130.61235955056145
446.79213483146066 146.79213483146032
419.82584269662914 162.97191011235918
322.74719101123594 171.06179775280862
222.29775280898872 93.87078651685397
202.07303370786514 70.94943820224717
158.92696629213475 72.29775280898878
122.5224719101123 69.60112359550567
121.17415730337075 58.814606741573016
53.75842696629212 54.7696629213483
67.24157303370782 4.882022471910091
157.5786516853932 19.71348314606746
180.49999999999994 29.151685393258447
239.82584269662908 48.028089887640476
256.00561797752806 41.286516853932596
280.27528089887636 29.151685393258447
305.89325842696616 57.46629213483152
373.30898876404484 69.60112359550567
411.0617977528089 73.64606741573039
366.567415730337 41.286516853932596
367.9157303370785 15.668539325842744
330.16292134831457 15.668539325842744
517.5786516853932 61.511235955056236
548.5898876404492 48.028089887640476
590.3876404494381 2.185393258426984
477.129213483146 2.185393258426984
455.5561797752808 0.8370786516853741
227.69101123595493 2.185393258426984
297.8033707865167 0.8370786516853741
169.71348314606735 50.72471910112358
686.1179775280898 42.63483146067415
810.1629213483143 15.668539325842744
884.3202247191009 52.07303370786519
934.207865168539 39.93820224719104
1288.814606741573 56.11797752808991
1334.6573033707864 38.58988764044943
1067.691011235955 60.162921348314626
1441.1741573033707 6.230337078651701
1485.6685393258426 31.84831460674161
1462.7471910112358 6.230337078651701
1590.8370786516853 27.803370786516894
1578.702247191011 97.91573033707868
1611.0617977528088 52.07303370786519
1628.5898876404492 19.71348314606746
1656.9044943820222 35.89325842696633
1701.398876404494 65.55617977528095
1752.634831460674 17.016853932584354
1810.6123595505615 4.882022471910091
1832.1853932584268 15.668539325842744
990.8370786516855 92.52247191011236
1009.7134831460676 81.73595505617982
1038.0280898876406 84.43258426966293
962.5224719101125 54.7696629213483
996.2303370786517 18.36516853932585
962.5224719101125 2.185393258426984
-166.48967434471803 82.9940428911832
