566.9477611940297 275.9029850746265
488.6194029850746 107.78358208955183
708.3208955223879 207.12686567164133
733.1567164179103 132.6194029850742
891.7238805970148 222.4104477611936
941.3955223880596 111.60447761193983
1401.8134328358208 199.4850746268653
1474.410447761194 222.4104477611936
1598.5895522388057 153.63432835820845
1491.6044776119402 132.6194029850742
1512.6194029850747 119.24626865671598
1529.8134328358208 107.78358208955183
1457.2164179104477 105.87313432835776
85.5149253731343 212.85820895522352
236.44029850746264 70.38059701492523
423.6641791044776 46.499999999999886
464.7388059701493 6.380597014925229
507.72388059701495 11.156716417910275
588.9179104477612 47.45522388059686
672.9776119402985 53.186567164179
695.9029850746269 31.216417910447603
719.7835820895523 34.08208955223864
794.2910447761195 42.67910447761176
816.2611940298508 16.888059701492352
852.5597014925374 17.843283582089384
863.0671641791046 13.067164179104338
949.9925373134329 74.2014925373133
944.2611940298509 37.90298507462671
1013.0373134328358 39.81343283582078
985.3358208955224 60.82835820895508
1003.4850746268658 93.3059701492536
334.82835820895525 13.067164179104338
1084.6791044776119 120.05223880596998
1105.6940298507461 110.49999999999989
1086.589552238806 73.24626865671627
1056.0223880597014 89.48507462686553
1081.813432835821 19.753731343283448
1189.7537313432836 110.49999999999989
1235.6044776119402 121.96268656716404
1258.5298507462685 86.61940298507449
1279.544776119403 124.82835820895508
1324.4402985074626 82.79850746268642
1353.097014925373 86.61940298507449
1346.410447761194 113.36567164179087
1384.6194029850744 100.94776119402968
1394.1716417910447 80.88805970149235
1415.186567164179 84.70895522388048
1294.8283582089553 160.17164179104464
916.4135559921415 14.085461689587532
985.7259332023577 48.03438113948931
882.9361493123773 4.18369351669952
407.1797642436149 110.27406679764249
437.3565815324165 92.82809430255412
368.5157170923379 102.72986247544213
542.5039292730844 206.93418467583504
547.2190569744597 98.95776031434193
572.680746561886 117.34675834970537
454.33104125736736 202.69056974459727
826.8087248322149 9.560402684563769
829.3859060402685 21.157718120805384
639.1470588235294 65.2647058823529
898.1176470588235 18.588235294117666
959.1764705882354 26.176470588235304
780.4117647058823 2.5294117647059124
646.4705882352941 109.29411764705884
