38.589887640449405 6.735955056179819
97.91573033707866 5.387640449438209
134.9943820224719 18.87078651685394
149.82584269662922 10.10674157303373
166.0056179775281 20.21910112359552
182.18539325842696 4.71348314606746
240.8370786516854 16.174157303370805
244.2078651685393 47.85955056179776
274.5449438202247 49.88202247191012
289.376404494382 1.342696629213492
310.94943820224717 12.129213483146088
444.4325842696629 24.938202247191015
452.52247191011236 180.6685393258427
369.60112359550567 202.91573033707863
287.3539325842696 149.6573033707865
211.84831460674158 136.17415730337078
176.11797752808988 166.51123595505615
121.51123595505621 135.5
132.2977528089888 229.20786516853929
194.9943820224719 242.01685393258424
353.08426966292126 343.3089887640449
308.5898876404494 266.4550561797753
477.129213483146 219.26404494382024
571.511235955056 93.87078651685397
628.140449438202 131.62359550561797
673.9831460674156 219.26404494382024
727.9157303370785 123.53370786516854
624.0955056179773 72.29775280898878
474.43258426966275 56.11797752808991
552.2977528089885 4.039325842696655
484.88202247190986 2.016853932584297
617.016853932584 1.342696629213492
749.1516853932582 53.926966292134836
772.7471910112357 49.20786516853934
874.2078651685388 106.00561797752812
817.5786516853927 65.55617977528095
868.8146067415726 62.85955056179773
855.3314606741569 10.275280898876417
882.2977528089882 4.882022471910091
809.4887640449433 0.8370786516853741
906.5674157303365 2.185393258426984
924.0955056179771 45.33146067415731
959.1516853932578 48.028089887640476
955.1067415730331 100.61235955056179
911.960674157303 116.79213483146066
959.1516853932578 176.1179775280899
1009.0393258426961 207.12921348314603
1017.1292134831456 123.53370786516854
1014.4325842696624 53.421348314606746
1018.4775280898871 25.106741573033787
1045.7808988764043 28.308988764044955
1044.4325842696628 22.24157303370788
1067.3539325842696 31.679775280898866
1092.9719101123594 8.758426966292177
1152.2977528089887 22.915730337078656
1143.5337078651683 20.21910112359552
1142.8595505617977 5.387640449438209
1154.9943820224717 12.129213483146088
1184.6573033707864 14.825842696629223
1202.1853932584268 20.893258426966298
1225.7808988764045 26.286516853932596
1241.2865168539324 6.735955056179819
1258.8146067415728 11.455056179775283
1275.6685393258426 10.10674157303373
1294.5449438202245 14.151685393258447
1328.252808988764 37.07303370786519
1273.6460674157302 80.2191011235955
1239.26404494382 64.7134831460674
1250.0505617977528 95.0505617977528
1211.6235955056177 86.28651685393257
1163.758426966292 79.54494382022472
1167.129213483146 109.20786516853931
1112.5224719101122 95.72471910112358
1134.0955056179773 211.67977528089887
1247.3539325842694 233.252808988764
1312.7471910112358 69.43258426966293
1327.5786516853932 122.69101123595505
1318.3089887640444 8.000000000000014
1331.1179775280893 9.348314606741582
1333.1404494382018 16.426966292134836
1358.0842696629209 8.674157303370805
1361.7921348314603 48.786516853932596
1392.1292134831456 48.112359550561806
1455.1629213483143 21.146067415730357
1374.6011235955052 30.24719101123597
1386.7359550561794 82.83146067415731
1378.9831460674152 67.66292134831461
1363.477528089887 75.41573033707866
1343.2528089887637 66.98876404494384
1349.3202247191007 107.43820224719101
1424.4887640449433 82.15730337078652
1435.6123595505615 93.2808988764045
1453.8146067415726 69.34831460674158
1457.8595505617973 112.15730337078654
1533.5337078651683 18.87078651685394
1555.106741573033 80.2191011235955
1574.657303370786 64.03932584269663
1587.4662921348308 30.331460674157313
1597.5786516853927 28.98314606741576
1589.4887640449433 107.18539325842696
1577.3539325842692 86.28651685393257
1564.5449438202243 92.35393258426967
1526.1179775280893 132.80337078651684
1561.848314606741 117.97191011235955
1480.275280898876 152.35393258426964
1590.8370786516848 130.78089887640448
1617.8033707865166 186.06179775280896
1733.4213483146061 232.74719101123594
1630.9494382022465 107.35393258426967
1641.7359550561791 38.58988764044943
1632.2977528089882 27.803370786516894
1371.7359550561796 548.5898876404491
1455.3314606741574 718.4775280898873
1342.0730337078653 810.1629213483142
560.050561797753 869.4887640449435
347.01685393258435 947.6910112359546
1268.7953020134228 28.244966442953114
1239.1577181208054 38.55369127516781
1212.0973154362416 37.9093959731544
