1758.3174186778595 458.90503672612795
1478.275445960126 186.9218258132213
1403.7318992654775 186.9218258132213
140.01731374606496 91.69622245540394
209.52413431269665 63.490556138509874
304.21458551941237 109.82843651626433
315.29538300104923 3.049842602308445
390.8462749213011 37.299580272822595
403.9417628541447 15.137985309548753
434.16211962224554 158.18100734522557
495.6101783840503 36.292235047219265
545.9774396642182 45.35834207764947
559.0729275970618 116.87985309548787
616.4916054564533 21.18205666316885
632.609129066107 32.26285414480583
618.5062959076599 47.373032528856186
667.8662119622245 51.40241343126962
651.7486883525708 92.70356768100726
671.8955928646379 160.19569779643223
699.0939139559287 110.83578174186772
754.4979013641133 21.18205666316885
789.7549842602309 51.40241343126962
838.1075550891919 50.395068205666234
866.3132214060861 85.65215110178377
791.7696747114376 121.91657922350464
771.6227701993704 168.2544596012591
849.188352570829 163.21773347324233
948.9155299055615 158.18100734522557
908.6217208814271 21.18205666316885
933.805351521511 7.079223504721881
962.5146904512069 24.204092339978956
989.7130115424975 4.0571878279117755
1072.3153200419729 54.42444910807967
1027.992130115425 156.16631689401885
1159.954354669465 132.99737670514162
1203.2701993704095 30.24816369359911
1293.9312696747115 63.490556138509874
1296.9533053515215 123.93126967471142
1388.6217208814273 81.6227701993704
1400.7098635886675 12.115949632738648
1413.8053515215113 7.079223504721881
1449.0624344176288 7.079223504721881
1432.944910807975 60.468520461699825
1590.5944386149004 7.079223504721881
1778.9679958027282 68.5272822665267
1798.107555089192 72.55666316894013
1815.232423924449 77.5933892969569
1915.9669464847848 84.64480587618038
1079.7927308447938 173.83988212180748
