165.00331125827807 433.21523178807956
52.1556291390728 415.73178807947033
55.33443708609269 212.28807947019868
6.062913907284724 193.21523178807956
52.1556291390728 147.12251655629143
126.85761589403967 201.16225165562923
155.46688741721852 53.347682119205274
184.0761589403973 8.844370860927256
350.9635761589403 139.17549668874176
587.7847682119204 27.917218543046374
625.9304635761588 27.917218543046374
826.1953642384103 26.327814569536486
757.8509933774833 21.559602649006592
729.2417218543045 19.970198675496704
702.2218543046356 15.20198675496681
678.3807947019866 86.72516556291396
899.3079470198672 69.24172185430463
931.0960264900659 24.738410596026597
975.5993377483442 15.20198675496681
970.8311258278143 37.45364238410593
1055.0695364238409 50.1688741721855
1037.5860927152316 15.20198675496681
1458.778145695364 35.864238410596045
1446.0629139072844 66.06291390728484
1644.7384105960261 86.72516556291396
1876.7913907284765 69.24172185430463
1908.5794701986752 69.24172185430463
1101.162251655629 10.433774834437145
1140.8973509933771 15.20198675496681
1179.0430463576156 24.738410596026597
1245.7980132450327 19.970198675496704
1287.1225165562912 24.738410596026597
1350.6986754966883 24.738410596026597
1361.824503311258 64.47350993377484
1414.2748344370857 27.917218543046374
292.15562913907274 5.665562913907252
603.5419718433401 12.210012718740415
