55.33443708609269 66.06291390728484
85.53311258278143 32.68543046357627
64.87086092715231 27.917218543046374
193.61258278145687 31.09602649006615
336.6589403973509 1006.9900662251657
1835.466887417218 113.74503311258286
1864.076158940397 70.83112582781462
1415.8642384105958 8.844370860927256
1336.394039735099 13.612582781456922
738.7781456953642 75.5993377483444
638.6456953642382 8.844370860927256
132.9950884086443 19.18369351669935
218.8104125736738 71.05009823182706
919.4783889980354 24.841846758349675
1057.3958742632612 11.727897838899935
1078.6139489194497 8.427308447937264
882.8182711198427 2.5776031434185143
235.78487229862472 24.841846758349675
247.1011787819253 8.81041257367383
282.9361493123772 8.81041257367383
40.57858546168947 32.38605108055003
