1177.5786516853932 897.8033707865166
214.8820224719102 447.4662921348312
379.3764044943821 388.1404494382019
92.85955056179768 203.75842696629218
254.6573033707865 222.6348314606742
239.82584269662925 160.6123595505618
295.1067415730338 12.297752808988662
560.7247191011237 272.5224719101124
607.9157303370788 157.91573033707863
327.12921348314615 5.724719101123696
362.185393258427 5.724719101123696
390.5 11.792134831460771
514.544943820225 11.792134831460771
759.9382022471912 35.387640449438294
807.1292134831463 32.016853932584354
650.050561797753 2.353932584269728
857.6910112359552 4.376404494382086
950.050561797753 191.79213483146074
1038.0280898876404 139.0393258426966
1027.2415730337077 5.556179775280839
1137.8033707865168 172.7471910112359
1152.634831460674 21.735955056179705
1785.3314606741574 7.747191011236055
