992.7350472193075 851.7696747114376
1113.6164742917106 734.917628541448
1184.1306400839455 710.7413431269674
1329.1883525708292 601.9480587618048
1651.5388247639037 664.403462749213
1752.2733473242395 501.21353620146897
1649.524134312697 416.5965372507869
1458.128541448059 303.7738719832108
1429.922875131165 211.0981112277019
1369.4821615949634 215.12749213011534
1270.7623294858345 364.21458551941237
1194.204092339979 340.03830010493175
1101.5283315844702 495.1694648478489
1041.0876180482687 354.1411332633787
740.898740818468 485.0960125918152
626.0613850996854 448.8315844700943
515.2534102833159 491.14008394543544
92.16841552990559 233.25970619097575
248.30692549842612 67.51993704092331
369.188352570829 154.15162644281213
437.6878279118574 160.19569779643223
406.46012591815327 47.373032528856186
469.9228751311648 43.34365162644275
463.8788037775447 12.115949632738648
519.2827911857294 71.54931794333675
527.3415529905562 4.0571878279117755
569.6500524658973 18.16002098635886
607.929171038825 45.35834207764947
689.5241343126969 137.02675760755506
739.8913955928648 63.490556138509874
791.266002098636 28.233473242392392
828.5377754459603 28.233473242392392
890.9931794333685 15.137985309548753
921.2135362014692 19.16736621196219
814.4349422875133 132.99737670514162
818.4643231899267 240.7833158447009
933.3016789087095 194.44543546694644
955.4632738719833 158.18100734522557
994.7497376705144 151.12959076600202
975.6101783840505 102.7770199370409
1134.7707240293812 123.93126967471142
1162.9763903462751 149.11490031479536
1390.132738719832 207.54092339979013
1503.9627492130116 18.16002098635886
1590.5944386149004 21.18205666316885
1604.6972717733474 17.152675760755415
1777.9606505771249 22.18940188877218
1866.6070304302204 28.233473242392392
158.65320041972723 41.8641133263377
240.88647342995165 264.557971014493
