114.14238410596022 588.9768211920531
492.4205298013244 569.9039735099338
471.7582781456953 504.7384105960266
567.1225165562912 471.360927152318
419.30794701986747 450.6986754966888
481.29470198675483 361.69205298013253
559.1754966887415 220.23509933774835
1167.9172185430461 105.79801324503319
1431.7582781456952 225.00331125827825
1628.8443708609268 53.347682119205274
1582.7516556291387 61.294701986754944
1597.0562913907281 59.705298013245056
1558.9105960264897 53.347682119205274
1520.7649006622514 81.95695364238418
1280.7649006622514 42.221854304635826
1268.0496688741719 42.221854304635826
1174.274834437086 43.811258278145715
958.1158940397349 8.844370860927256
718.1158940397349 66.06291390728484
699.0430463576157 64.47350993377484
393.87748344370846 24.738410596026597
447.91721854304626 220.23509933774835
428.84437086092703 32.68543046357627
414.5397350993377 8.844370860927256
433.6125827814568 59.705298013245056
490.8311258278145 66.06291390728484
546.4602649006621 13.612582781456922
573.480132450331 19.970198675496704
610.0364238410594 21.559602649006592
581.4271523178807 31.09602649006615
557.5860927152316 31.09602649006615
1051.8907284768209 124.87086092715231
1038.0638506876228 117.34675834970534
1729.7730844793714 92.35658153241658
1126.2367387033398 125.36247544204329
1149.3408644400786 40.4901768172889
1074.8418467583497 32.474459724950975
1095.5884086444007 24.930255402750618
905.0972495088408 27.287819253438215
909.812377210216 20.686640471512874
364.27210216110007 73.0245579567781
399.16404715127686 62.65127701375255
545.804518664047 44.262278978389105
316.6493123772101 13.142436149312516
326.0795677799606 3.240667976424504
395.3919449901767 6.541257367387175
