452.20829170829177 926.9935064935064
576.8836163836165 923.1573426573425
78.18231768231772 846.4340659340658
149.1513486513487 432.12837162837127
166.41408591408594 326.6338661338658
112.7077922077923 257.58291708291677
339.0414585414586 236.48401598401563
618.519982015986 104.67851878391345
727.6187952906236 100.95924105864174
1069.7923460156226 228.65444295963778
1156.5754929386298 219.97612826733712
1017.7224578618185 72.4447784982251
494.54405784026164 105.91827802567069
472.2283914886313 100.95924105864174
508.1814094995912 35.25200124550781
583.8067232467831 31.532723520236004
332.1355971700626 37.73151972902224
268.90787584044324 14.176094135634683
215.59822844488178 24.094168069692614
1411.249250749251 226.89360639360598
1330.6898101898103 282.5179820179817
667.3823529411767 4.911764705882263
