403.7906271072151 654.4312204989885
684.7346594740391 517.1958867161159
774.0670937289278 597.4656102494941
1042.064396493594 550.8573836817261
1022.6443020903574 444.69420094403233
1130.102157788267 386.4339177343222
1202.6038435603505 341.12036412677
1355.3752528658124 381.25522589345906
1319.1244099797707 495.1864463924477
1548.2815239379636 518.4905596763317
1704.9369521240726 354.06709372892783
1729.5357383681726 522.374578556979
1348.9018880647336 109.37390424814555
1897.8432231962236 385.1392447741064
1600.0684423465946 816.2653405259608
876.3462575859744 264.73465947403906
779.245785569791 394.20195549561686
627.7690492245448 391.6126095751854
388.2545515846258 307.4588671611598
304.1008091706002 433.04214430209026
133.20397842211736 171.51820633850298
65.88098449089688 69.2390424814564
116.37322993931224 8.389413351314715
43.87154416722865 17.4521240728252
247.13519892110594 62.76567768037751
170.74949426837492 8.389413351314715
342.9409979770735 31.69352663519885
364.9504383007418 95.13250168577201
416.7373567093729 100.31119352663507
332.5836142953473 176.69689817936603
258.7872555630479 180.58091706001335
363.65576534052593 244.01989211058662
377.8971679028996 205.17970330411322
476.2923128792987 44.64025623735665
517.7218476062036 23.925488873904214
577.2768037761294 5.800067430883246
607.0542818610924 44.64025623735665
544.9099797707349 131.38334457181372
604.4649359406608 225.89447066756566
654.9571813890761 185.75960890087651
657.5465273095077 253.08260283209697
859.5155091031693 196.11699258260273
935.9012137559002 185.75960890087651
919.0704652730951 258.26129467296005
1039.4750505731624 168.9288604180714
1064.0738368172622 136.5620364126769
1020.0549561699258 67.94436952124056
1048.537761294673 35.57754551584617
1100.3246797033041 8.389413351314715
1119.7447741065407 40.75623735670933
873.7569116655427 78.30175320296689
869.8728927848954 36.87221847606202
886.7036412677005 13.568105192177882
933.3118678354685 42.050910316924956
982.5094403236682 60.176331759945924
748.1736345246122 13.568105192177882
779.245785569791 17.4521240728252
711.9227916385704 60.176331759945924
705.4494268374915 117.14194200944019
1072.558823529412 37.735294117647015
