319.8606393606394 372.6678321678321
573.0474525474526 349.650849150849
469.4710289710291 136.74375624375602
369.2512487512487 73.41708291708272
392.26823176823166 35.055444555444346
375.0054945054944 29.30119880119861
353.9065934065934 27.3831168831166
332.80769230769226 24.505994005993784
292.52797202797194 40.8096903096901
315.54495504495503 65.74475524475503
251.28921078921067 61.908591408591235
230.1903096903096 64.7857142857141
476.6638361638361 38.8916083916082
514.0664335664336 11.079420579420344
622.4380619380619 14.915584415584135
1589.1513486513486 320.4000999000996
1459.680819180819 291.62887112887074
1478.8616383616381 248.4720279720276
1558.4620379620378 242.71778221778186
1631.3491508491506 266.6938061938058
1666.8336663336663 251.34915084915048
1752.1883116883118 248.4720279720276
1908.5119880119878 242.71778221778186
1870.1503496503497 236.96353646353606
1798.2222777222778 200.51998001997964
1769.451048951049 163.11738261738225
1768.492007992008 140.10039960039921
1750.27022977023 124.75574425574388
1675.465034965035 131.4690309690306
1657.2432567432566 183.2572427572424
1564.2162837162837 129.55094905094865
1515.3051948051948 233.12737262737227
1433.7867132867132 147.77272727272685
1278.4220779220777 160.24025974025932
1612.1683316683316 91.18931068931028
1578.6018981018983 88.31218781218746
1639.9805194805194 62.418081918081555
1597.7827172827174 27.89260739260692
1556.5439560439559 30.76973026972985
1547.9125874125875 88.31218781218746
1557.5029970029968 67.21328671328632
1513.3871128871128 60.4999999999996
1491.3291708291708 73.92657342657304
1518.1823176823177 22.138361638361175
1423.2372627372627 20.220279720279223
1387.7527472527472 33.64685314685266
1359.9405594405594 61.45904095904058
1333.0874125874125 57.62287712287673
1333.0874125874125 13.506993006992502
1594.9055944055945 72.00849150849109
1729.1713286713289 34.60589410589364
1730.1303696303698 24.056443556443128
1702.318181818182 25.015484515484108
1697.522977022977 17.343156843156407
1676.424075924076 38.442057942057545
1732.0484515484518 78.72177822177781
1508.591908091908 44.19630369630329
1318.2222777222778 15.874625374625111
1049.6908091908094 83.00749250749232
934.6058941058943 21.628871128870856
884.7357642357643 31.21928071928056
867.4730269730271 45.60489510489492
861.7187812187814 20.66983016982988
828.1523476523478 20.66983016982988
768.6918081918084 0.5299700299698316
922.1383616383619 2.4480519480516705
914.4660339660342 2.4480519480516705
960.5000000000002 8.202297702297415
972.0084915084917 2.4480519480516705
1024.7557442557445 27.3831168831166
1046.8136863136865 27.3831168831166
1087.093406593407 9.161338661338391
953.7867132867135 22.587912087911832
1710.4700299700303 190.4500499500498
1488.9315684315684 11.064435564435598
1503.3171828171828 14.900599400599447
1531.1293706293707 3.8716283716283897
1658.6818181818185 320.87962037962006
1727.7327672327674 330.4700299700297
1746.9135864135865 397.6028971028968
1112.2647058823532 492.4999999999999
382.02941176470597 539.0882352941175
67.20588235294119 216.8529411764706
272.61764705882354 124.38235294117646
497.7941176470589 268.38235294117646
455.4411764705883 243.6764705882353
361.5588235294118 272.61764705882354
458.7941176470588 44.794117647058755
294.6764705882353 68.0882352941176
313.3823529411765 43.38235294117641
407.7058823529411 54.588235294117666
385.82352941176464 72.94117647058825
390.41176470588226 89.70588235294119
239.79411764705884 414.8529411764704
1008.1470588235294 262.7352941176471
1060.3823529411766 98.26470588235293
1143.1470588235293 112.55882352941168
1178.0882352941176 121.73529411764699
1079.5294117647059 31.11764705882355
1047.5882352941176 17.00000000000003
1646.3529411764707 20.35294117647061
1742.8823529411766 31.11764705882355
1005.1470588235296 88.55882352941168
