1119.4463781749766 444.7709313264346
1150.1519285042336 507.98824082784574
1690.2083725305743 834.9120413922861
1832.8988711194734 343.62323612417674
1903.3410159924742 208.15757290686736
1733.557384760113 215.3824082784571
1793.1622765757293 94.36641580432729
1814.8367826904987 78.1105362182501
1874.4416745061149 52.82361241768558
1869.0230479774227 27.53668861712117
1859.9920037629354 7.66839134524912
1845.542333019756 9.474600188146496
1672.1462841015996 13.087017873941477
1634.2158984007528 78.1105362182501
1601.7041392285987 20.31185324553121
1446.370178739417 52.82361241768558
1440.9515522107247 25.730479774223795
1386.7652869238009 76.30432737535273
1354.2535277516465 76.30432737535273
1128.477422389464 88.94778927563493
1184.4698965192854 143.13405456255873
1077.9035747883352 103.39746001881451
1041.779397930386 94.36641580432729
1094.1594543744122 58.24223894637805
1141.1208842897463 63.66086547507041
1262.1368767638762 20.31185324553121
1321.7417685794924 13.087017873941477
1074.2911571025402 7.66839134524912
953.2751646284104 18.505644402633834
709.4369708372532 25.730479774223795
216.79350893697082 22.146284101599235
178.86312323612415 9.50282220131703
159.8979303857008 10.405926622765719
134.61100658513638 3.1810912511759852
200.5376293508937 4.0841956726246735
260.1425211665098 19.436970837253057
313.42568203198493 10.405926622765719
315.2318908748824 72.72013170272817
418.18579492003767 73.62323612417687
464.24412041392293 19.436970837253057
501.2714016933209 25.758701787394216
501.2714016933209 70.91392285983068
513.0117591721544 6.793508936970852
556.3607714016935 25.758701787394216
632.2215428033868 11.309031044214521
656.6053621825025 9.50282220131703
331.4877704609596 4.0841956726246735
777.6209213051825 5.164107485604518
1433.5902111324376 3.321497120921208
1727.4865642994243 5.164107485604518
1747.7552783109406 3.321497120921208
1889.636276391555 30.03934740882903
1897.0067178502882 24.5115163147791
