320.9315576534053 774.8358057990561
662.7252191503709 761.8890761968983
1031.7070128118678 642.7791638570467
1262.1587997302763 490.00775455158464
60.70229265003377 502.95448415374244
199.23229939312205 300.985502360081
274.3233310856373 285.44942683749167
331.28894133513154 280.27073499662856
642.0104517869183 330.7629804450439
383.07585974376263 227.18914362778162
394.7279163857047 180.58091706001358
394.7279163857047 140.44605529332443
305.39548213081594 84.7144302090357
651.7204989885369 48.46358732299393
1017.4656102494941 56.87896156439649
1095.145987862441 77.59372892784893
564.900785854617 118.20137524557958
10.873280943025406 880.9322200392927
