170.74134312696754 428.68467995802723
120.37408184679964 416.5965372507869
27.698321091290723 219.15687303252867
233.19674711437574 156.70146904512058
374.2250786988458 305.7885624344176
426.60703043022045 340.03830010493175
394.37198321091296 144.61332633788027
493.0918153200421 98.27544596012581
464.88614900314803 62.01101783840488
565.6206715634837 84.17261280167872
601.8850996852048 98.27544596012581
1307.0267576075553 199.0099685204616
1464.1726128016792 215.12749213011534
1891.2869884575027 289.67103882476385
1899.3457502623298 241.31846799580262
1891.2869884575027 205.0540398740818
1895.3163693599165 178.86306400839442
1589.0834207764954 59.99632738719822
1605.200944386149 70.06977964323175
702.6196222455404 36.292235047219265
759.0309548793284 24.204092339978956
794.2880377754459 35.28488982161588
873.8683105981113 28.233473242392392
920.2061909758658 49.387722980062904
947.4045120671564 49.387722980062904
969.5661070304302 49.387722980062904
984.6762854144806 47.373032528856186
1010.8672612801679 49.387722980062904
1043.1023084994754 49.387722980062904
1057.2051416579225 37.299580272822595
1069.2932843651627 51.40241343126962
1090.4475341028333 40.3216159496327
1102.5356768100735 58.45383001049311
1112.609129066107 47.373032528856186
1145.8515215110178 45.35834207764947
1275.7990556138511 65.50524658971665
1313.0708289611753 85.65215110178377
1352.3572927597063 35.28488982161588
1443.0183630640086 49.387722980062904
1457.1211962224554 42.33630640083936
1259.6815320041974 14.130640083945421
1251.6227701993705 9.093913955928542
1223.4171038824766 2.042497376705114
897.0372507869885 1.2712486883526708
912.6511017838405 5.804302203567829
909.6290661070304 29.98058761804839
904.088667366212 23.43284365162657
928.2649527806925 36.02465897166854
953.9522560335781 26.45487932843662
987.194648478489 29.476915005246724
1000.7938090241344 21.921825813221517
982.6615949632738 3.7896117523611106
1034.5398740818468 9.833683105981208
1023.4590766002099 15.877754459601391
1052.6720881427073 15.877754459601391
1040.0802728226652 22.42549842602321
1032.0215110178383 40.05403987408196
1069.7969569779643 14.366736621196367
1119.6605456453306 20.410807974816493
1099.5136411332633 29.476915005246724
1104.0466946484785 13.35939139559298
1100.5209863588666 2.7822665267577236
1119.156873032529 5.804302203567829
1142.325813221406 3.7896117523611106
1186.6490031479539 16.88509968520475
1198.2334732423924 21.921825813221517
560.8864734299516 822.6256038647346
516.0555555555555 615.4758454106284
169.77536231884054 674.2198067632853
10.548309178743866 536.6352657004834
1191.8020134228186 441.27852348993304
