359.0324553151459 495.3447789275634
368.06349952963313 370.7163687676387
779.879115710254 789.7568203198496
964.1124176857952 744.6015992474131
1493.331608654751 939.6721542803389
1534.8744120413926 766.2761053621825
1883.4727187206022 1062.4943555973662
1325.3541862652871 540.5
1413.8584195672627 392.3908748824082
1484.3005644402638 394.1970837253057
1733.557384760113 562.1745061147695
1722.7201317027284 511.6006585136406
1666.727657572907 421.2902163687676
1561.9675446848544 312.91768579492
1650.4717779868301 244.28174976481648
1612.5413922859834 258.7314205079962
1704.6580432737537 298.4680150517403
1787.7436500470371 278.59971777986823
1796.7746942615245 336.398400752587
1850.960959548448 320.1425211665098
1899.7285983066795 285.8245531514581
1823.867826904986 293.0493885230479
1437.3391345249297 240.6693320790215
1525.8433678269053 258.7314205079962
1323.5479774223897 211.76999059266223
1359.6721542803389 211.76999059266223
1379.540451552211 224.41345249294443
1303.6796801505177 215.3824082784571
1272.974129821261 204.54515522107238
1175.438852304798 190.09548447789268
1119.4463781749766 197.32031984948253
1103.1904985888996 267.7624647224835
843.0964252116652 312.91768579492
765.4294449670746 343.62323612417674
763.623236124177 298.4680150517403
339.16415804327386 338.2046095954844
5.01552210724367 419.48400752587014
17.658984007525877 379.74741298212604
33.91486359360301 228.0258701787394
17.658984007525877 195.51411100658504
57.395578551269985 197.32031984948253
368.06349952963313 271.3748824082784
438.5056444026341 256.9252116650987
456.5677328316087 215.3824082784571
514.3664158043275 228.0258701787394
559.521636876764 242.4755409219191
651.6382878645344 244.28174976481648
967.7248353715902 241.60065851364072
994.8179680150521 222.63546566321736
958.6937911571029 212.70131702728133
927.0851364063974 224.44167450611485
830.4529633113832 209.0888993414864
788.9101599247416 219.02304797742244
826.8405456255883 164.83678269049864
845.8057384760116 191.92991533396054
882.8330197554095 181.09266227657577
890.0578551269994 168.44920037629356
876.5112888052685 168.44920037629356
852.1274694261527 219.02304797742244
949.6627469426156 188.3174976481656
919.8603010348075 178.3833490122296
977.6589840075262 183.801975540922
997.5272812793983 185.60818438381943
1047.1980244590786 197.34854186265295
1070.6787394167454 237.08513640639705
791.6194731890878 168.44920037629356
774.4604891815619 153.99952963311387
753.6890874882411 159.41815616180628
759.1077140169335 171.15851364063974
668.7972718720605 171.15851364063974
707.6307619943559 171.15851364063974
685.0531514581376 172.06161806208848
697.6966133584199 150.387111947319
706.7276575729071 142.25917215428035
707.6307619943559 101.61947318908756
726.5959548447792 162.12746942615246
683.2469426152402 97.10395108184389
661.5724365004706 97.10395108184389
646.2196613358421 101.61947318908756
629.9637817497651 96.20084666039514
620.029633113829 111.55362182502358
601.9675446848544 111.55362182502358
577.5837253057387 114.26293508936976
591.1302916274697 110.65051740357484
566.7464722483539 136.840545625588
566.7464722483539 156.70884289746004
585.7116650987773 136.840545625588
585.7116650987773 136.840545625588
618.2234242709316 134.1312323612418
633.5761994355599 153.09642521166518
652.5413922859833 147.67779868297276
659.7662276575732 159.41815616180628
672.4096895578554 152.19332079021646
610.9985888993417 177.4802445907809
591.1302916274697 172.06161806208848
543.2657572906869 198.25164628410164
521.5912511759175 194.63922859830677
502.6260583254941 172.06161806208848
493.5950141110068 117.87535277516469
501.72295390404537 101.61947318908756
509.85089369708396 134.1312323612418
489.0794920037631 133.22812793979313
545.9750705550332 122.3908748824083
555.9092191909691 713.8960489181561
555.9092191909691 713.8960489181561
229.43697083725303 237.08513640639705
282.72013170272817 224.44167450611485
317.0380997177799 212.70131702728133
338.71260583254946 209.99200376293516
371.2243650047037 194.63922859830677
417.282690498589 184.7050799623707
457.92238946378177 181.09266227657577
480.5000000000001 178.3833490122296
440.7634054562559 148.5809031044215
378.44920037629356 161.2243650047037
363.99952963311387 154.9026340545626
363.0964252116652 131.42191909689564
348.6467544684855 140.45296331138292
301.68532455315153 136.840545625588
282.72013170272817 143.16227657572915
205.0531514581373 179.28645343367833
178.86312323612415 183.801975540922
84.03715898400745 146.77469426152402
133.70790216368763 144.06538099717784
84.9402634054562 135.03433678269056
62.36265286923796 115.16603951081845
62.36265286923796 115.16603951081845
62.36265286923796 107.9412041392286
224.92144873000936 139.54985888993417
233.9524929444967 140.45296331138292
213.1810912511759 133.22812793979313
389.2864534336783 135.03433678269056
404.6392285983068 129.61571025399815
414.5733772342428 135.03433678269056
407.34854186265295 116.97224835371594
422.70131702728133 116.97224835371594
420.89510818438384 95.2977422389464
433.53857008466605 87.16980244590786
450.69755409219204 103.42568203198499
445.27892756349956 95.2977422389464
456.1161806208844 89.87911571025404
439.8603010348072 88.97601128880528
472.37206020696146 107.9412041392286
462.43791157102544 103.42568203198499
372.1274694261524 96.20084666039514
343.2281279397931 99.81326434619007
308.0070555032926 115.16603951081845
308.0070555032926 95.2977422389464
322.4567262464723 97.10395108184389
326.06914393226725 114.26293508936976
349.54985888993417 90.78222013170273
357.6777986829727 82.6542803386642
223.11523988711193 172.96472248353723
204.15004703668856 144.06538099717784
136.4172154280338 115.16603951081845
142.73894637817492 111.55362182502358
108.42097836312317 108.8443085606774
15.401222953903954 148.5809031044215
225.8245531514581 118.77845719661343
196.02210724365003 121.48777046095961
210.47177798682972 103.42568203198499
224.92144873000936 106.13499529633117
248.4021636876764 95.2977422389464
233.9524929444967 86.26669802445912
222.21213546566318 88.97601128880528
194.21589840075254 95.2977422389464
202.34383819379113 93.49153339604896
261.9487300094073 101.61947318908756
244.7897460018815 105.23189087488242
272.78598306679214 87.16980244590786
282.72013170272817 86.26669802445912
270.97977422389465 72.72013170272817
301.68532455315153 80.8480714957667
94.87441204139222 102.52257761053625
121.06444026340543 88.97601128880528
108.42097836312317 95.2977422389464
124.6768579492003 105.23189087488242
158.09172154280336 95.2977422389464
169.83207902163682 84.46048918156168
143.64205079962366 88.97601128880528
152.67309501411094 87.16980244590786
255.6269990592662 70.91392285983068
20.81984948259634 131.42191909689564
49.7191909689557 93.49153339604896
10.885700846660313 92.58842897460022
28.044684854186187 95.2977422389464
23.529162746942546 107.9412041392286
863.5326295585417 194.95297504798455
779.2332053742805 176.0662188099807
778.3119001919389 211.53646833013426
694.9337811900195 98.21593090211127
700.0009596928986 99.59788867562372
684.7994241842614 149.34836852207286
552.1314779270635 137.80326295585417
530.020153550864 134.11804222648757
521.2677543186182 111.08541266794631
414.8570057581577 165.44241842610367
481.1909788867565 161.29654510556625
401.03742802303293 99.10844529750486
394.58829174664135 102.79366602687145
