966.3715596330276 839.9495412844035
1866.677370030581 51.20336391437286
1432.1819571865444 135.36238532110065
1365.6376146788991 123.61926605504561
1038.7874617737004 491.5703363914371
817.6253822629972 458.29816513761443
215.30122324159024 165.69877675840934
266.18807339449546 181.35626911314938
343.49694189602457 165.69877675840934
417.8700305810399 161.78440366972433
477.56422018348627 234.20030581039708
537.2584097859328 208.7568807339445
526.4938837920491 143.1911314984705
816.1574923547402 158.84862385321054
723.1911314984711 45.33180428134511
732.9770642201836 25.408256880733916
746.6773700305811 26.87614678899081
758.9097859327218 34.70489296636083
795.1177370030582 44.00152905198774
815.6681957186545 34.70489296636083
950.2247706422019 67.48776758409787
957.5642201834862 110.0565749235474
999.1544342507646 157.0290519877676
964.4143730886851 55.255351681957166
997.1972477064221 47.915902140672785
1009.9189602446484 20.51529051987768
1044.6590214067278 23.94036697247705
1072.059633027523 53.29816513761466
1142.0290519877676 50.3623853211009
1142.5183486238532 28.833333333333314
1177.7477064220184 45.95871559633025
1361.233944954129 8.28287461773698
