561.5389610389611 1057.423076923077
1520.5799200799202 829.1713286713285
958.5819180819183 752.4480519480518
1071.7487512487514 645.0354645354643
1186.8336663336665 623.9365634365632
1273.1473526473528 689.1513486513485
555.7847152847153 533.786713286713
632.507992007992 528.0324675324673
484.81568431568445 497.34315684315663
11.358272596534107 443.5627647410864
106.91107144603626 369.7265110846528
227.07595484768297 388.5475169186457
274.852354272434 353.8010446097358
368.9573834423982 264.0393244783853
549.9285933846373 300.23356646683305
826.4526021763785 369.7265110846528
975.5728791687833 316.1590329417501
992.9461153232384 323.39788133943966
77.95567785527805 94.65027197244967
118.49322888233957 223.50177345132377
180.74732510246974 190.20307082195177
109.80661080511209 100.44135069060121
141.65754375494618 77.2770358179946
15.701581635147818 107.68019908829082
59.134672021285155 219.15846441271003
37.41812682821649 190.20307082195177
62.03021138036098 332.08449941666714
151.79193151171154 127.94897460182153
179.29955542293192 161.2476772311935
213.8832600965469 102.14564706023259
233.03725295683347 103.70923831413353
263.91818022137716 77.51908481129271
289.3265380972675 77.51908481129271
330.76170632564254 33.738529702066245
319.8165675483359 44.29277066589765
286.5902534029409 13.020945587878742
204.11081475966603 30.61134719426437
523.6937293475755 27.84057151639564
381.7978230560649 3.558919102875109
384.07422796983235 24.805364964705575
659.5192225357061 52.88102556783866
737.6757912417254 128.76118936009044
271.0127839193774 67.29825668836651
1756.5039960039962 447.47302697302666
1741.1593406593406 405.2752247752245
1815.9645354645359 54.26623376623343
1775.6848151848153 123.31718281718247
1716.2242757242757 117.56293706293673
1380.7169427495953 383.58366869316427
1440.0627095746959 400.84789176955724
1345.1094826545348 173.17594994962542
1241.5241441961773 140.80553168138863
1188.6524610247238 180.72904754554736
1045.1436067022075 130.0153922586431
922.1360172829079 89.0128624522099
1117.437540834603 8.086816781617927
1472.4331278429327 62.03751389534591
814.2346230554522 103.04004370177914
778.2822177822179 129.0714285714282
133.7507739938079 321.52167182662544
