416.40214067278305 560.0718654434248
594.5061162079512 534.6284403669723
616.0351681957188 471.998470948012
447.71712538226313 438.7262996941893
107.16666666666686 736.2186544342507
520.1330275229359 340.866972477064
641.4785932721713 334.99541284403654
623.8639143730888 278.2370030581037
526.0045871559635 291.9373088685013
827.4113149847096 378.05351681957166
962.4571865443426 411.3256880733943
1177.7477064220184 483.74159021406706
1342.151376146789 436.7691131498468
1422.396024464832 364.3532110091742
1316.7079510703365 338.9097859327215
1304.9648318042814 732.3042813455656
1516.3409785932722 832.1207951070335
1612.2431192660554 147.10550458715568
1792.3042813455656 199.9495412844034
1874.5061162079512 233.22171253822603
1398.909785932722 205.82110091743095
1228.6345565749236 160.80581039755327
1191.448012232416 160.80581039755327
1199.276758409786 196.03516819571837
1175.790519877676 135.36238532110065
1085.7599388379206 174.50611620795075
1124.9036697247707 270.4082568807337
1060.316513761468 258.66513761467866
1034.8730886850153 397.6253822629967
938.9709480122326 258.66513761467866
856.7691131498473 272.36544342507614
772.6100917431195 258.66513761467866
813.711009174312 188.20642201834835
788.2675840978595 201.90672782874594
852.8547400611621 196.03516819571837
815.6681957186545 215.60703363914354
938.9709480122326 201.90672782874594
903.7415902140674 168.6345565749233
980.0718654434253 188.20642201834835
1044.659021406728 172.5489296636083
233.89449541284407 237.22782874617718
302.3960244648319 244.07798165137598
328.81804281345575 222.54892966360836
341.539755351682 267.56422018348604
405.1483180428135 284.20030581039737
421.7844036697249 299.85779816513735
478.5428134556576 280.28593272171236
439.3990825688074 246.03516819571848
471.6926605504588 246.03516819571848
520.6223241590216 232.3348623853209
561.7232415902142 266.5856269113148
560.744648318043 230.37767584097838
601.8455657492357 246.03516819571848
619.4602446483182 233.31345565749217
632.1819571865445 216.67737003058085
654.6896024464834 190.255351681957
673.2828746177372 218.63455657492335
658.6039755351684 182.426605504587
658.6039755351684 153.06880733944934
741.784403669725 133.49694189602428
755.4847094801225 105.11773700305794
809.3073394495415 112.94648318042795
716.3409785932723 143.2828746177368
673.2828746177372 249.9495412844035
708.5122324159023 270.49999999999983
683.0688073394497 304.75076452599376
727.1055045871561 232.3348623853209
945.8211009174313 146.2186544342506
978.1146788990827 128.603975535168
1040.744648318043 101.20336391437291
1057.3807339449543 96.31039755351662
1076.9525993883794 111.96788990825672
1052.487767584098 116.86085626911296
1105.3318042813457 136.432721712538
1136.6467889908258 107.07492354740037
1133.711009174312 77.7171253822628
1168.9403669724772 64.01681957186526
1170.8975535168197 27.808868501528764
1217.8700305810398 93.3746177370029
1281.4785932721716 72.8241590214065
1244.292048929664 61.08103975535147
1280.5000000000002 46.40214067278266
1303.0076452599392 34.65902140672762
1295.178899082569 9.215596330274932
1321.600917431193 22.91590214067253
1371.509174311927 58.14525993883774
1383.2522935779818 33.680428134556394
1340.1941896024468 2.365443425076137
1403.8027522935781 5.301223241589923
1437.0749235474009 3.344036697247475
1493.8333333333335 0.4082568807336884
1153.2828746177372 13.129969418959945
1134.6896024464834 17.044342507644956
775.9093959731545 115.22483221476512
271.4261744966443 251.81543624161077
130.32550335570474 233.13087248322145
