434.01681957186554 986.7385321100917
531.876146788991 599.215596330275
825.4541284403672 554.2003058103973
872.4266055045873 540.4999999999998
1273.6498470948013 513.0993883792047
1240.3776758409788 364.3532110091742
1189.4908256880735 366.3103975535166
1189.4908256880735 295.8516819571863
1324.5366972477066 334.99541284403654
653.2217125382265 374.13914373088664
522.0902140672783 250.83639143730863
420.31651376146806 244.96483180428118
672.7935779816517 360.4388379204888
802.9464831804283 310.53058103975485
856.7691131498473 276.279816513761
870.4694189602449 301.7232415902136
906.6773700305814 257.68654434250715
974.2003058103978 274.3226299694185
1057.3807339449545 189.1850152905194
982.0290519877678 246.92201834862334
1003.5581039755355 248.8792048929659
1043.680428134557 333.0382262996937
1067.166666666667 235.1788990825683
1049.5519877675845 221.47859327217077
1055.4235474006118 212.67125382262947
1128.818042813456 289.9801223241586
1168.9403669724775 256.7079510703359
1181.6620795107037 226.37155963302706
1212.9770642201838 240.0718654434246
1225.69877675841 219.52140672782826
1253.0993883792053 205.82110091743073
1302.029051987768 215.60703363914325
1322.5795107033641 188.20642201834812
1351.937308868502 195.05657492354692
1389.1238532110096 223.43577981651327
1299.0932721712543 274.3226299694185
1275.607033639144 271.38685015290474
1385.2094801223247 288.022935779816
1339.2155963302757 297.8088685015286
1489.9189602446486 215.60703363914325
1583.374617737003 110.01070336391415
1574.567278287462 109.03211009174294
1598.053516819572 140.34709480122302
1563.8027522935781 164.81192660550442
1543.2522935779818 166.76911314984687
1543.2522935779818 180.46941896024447
1509.9801223241593 194.169724770642
1568.6957186544344 201.0198776758408
1580.4388379204895 190.255351681957
1602.9464831804285 218.63455657492335
1616.6467889908258 149.15443425076433
1650.8975535168197 160.8975535168194
1666.5550458715597 163.83333333333312
1691.9984709480123 160.8975535168194
1687.1055045871562 184.38379204892948
1668.5122324159024 176.55504587155946
1663.619266055046 204.9342507645258
1656.7691131498473 225.48470948012215
1691.9984709480123 270.49999999999983
1708.6345565749239 183.40519877675825
1703.7415902140674 166.76911314984687
1735.0565749235475 169.70489296636066
1751.692660550459 178.51223241590196
1743.8639143730888 159.91896024464813
1766.3715596330276 161.87614678899064
1775.178899082569 180.46941896024447
1783.9862385321103 153.06880733944934
1798.6651376146792 174.5978593272169
1809.4296636085628 177.53363914373068
1834.8730886850153 222.54892966360836
1872.059633027523 201.0198776758408
1844.6590214067278 151.11162079510683
1882.824159021407 159.91896024464813
1866.1880733944954 159.91896024464813
1858.3593272171256 149.15443425076433
1888.6957186544346 181.4480122324157
1912.1819571865444 185.3623853211007
1900.4388379204893 174.5978593272169
1898.481651376147 146.2186544342506
1916.0963302752293 126.64678899082548
662.0290519877678 112.94648318042795
675.7293577981652 107.07492354740037
685.5152905198779 101.20336391437291
696.2798165137617 111.96788990825672
724.659021406728 108.05351681957166
708.0229357798166 95.33180428134534
829.3685015290522 112.94648318042795
867.5336391437311 108.05351681957166
1850.7752293577983 166.27981651376126
1084.1852207293668 105.18330134356955
1075.6631477927067 259.44433781190014
1343.9932821497123 222.13147792706332
1479.425143953935 106.50767754318616
1631.4404990403073 147.04510556621875
1723.1103646833014 196.33493282149706
1766.411708253359 93.60940499040305
1893.091170825336 130.00095969289822
1856.23896353167 196.33493282149706
1069.9049904030712 107.40019193857972
711.517274472169 117.07389635316704
734.5499040307103 112.00671785028797
752.9760076775433 112.9280230326296
752.5153550863724 106.01823416506721
740.999040307102 112.00671785028797
1778.7941176470588 207.3235294117646
1814.7941176470588 166.735294117647
1634.0882352941176 195.3235294117646
1688.0 102.67647058823515
1805.1764705882354 98.61764705882331
1830.4117647058824 94.02941176470566
1852.4705882352941 90.32352941176448
1878.235294117647 97.02941176470566
