1844.9491080797486 458.90503672612795
1526.6280167890873 372.2733473242391
1238.527282266527 297.7298006295907
1149.8809024134314 279.5975865687302
1051.1610703043023 344.0676810073451
1220.3950682056666 199.0099685204616
1317.1002098635888 158.71615949632724
1474.2460650577127 215.12749213011534
1534.6867785939141 190.95120671563473
1481.297481636936 67.51993704092331
1469.2093389296958 57.44648478488978
1336.2397691500526 135.01206715634828
1365.4527806925498 119.90188877229798
1305.0120671563486 127.96065057712485
1261.696222455404 78.60073452256029
1153.910283315845 66.74868835257092
1146.3551941238197 50.12749213011554
1095.4842602308502 36.02465897166854
1069.293284365163 48.61647429171052
1035.0435466946487 29.476915005246724
1046.6280167890873 30.98793284365175
1040.0802728226654 11.848373557187927
1052.6720881427075 7.315320041972825
1089.9438614900316 21.921825813221517
1083.8997901364114 3.7896117523611106
1069.7969569779646 2.7822665267577236
1109.587093389297 23.43284365162657
1099.0099685204618 3.7896117523611106
1126.2082896117524 8.826337880377878
1137.7927597061912 8.322665267576212
1153.406610703043 8.322665267576212
1144.340503672613 18.89979013641147
1166.5020986358868 26.958551941238312
1157.9396642182583 16.381427072403056
1189.1673662119624 15.877754459601391
1221.40241343127 23.43284365162657
1212.8399790136414 10.841028331584596
1224.42444910808 10.841028331584596
1232.4832109129068 9.833683105981208
1251.1190975865688 8.322665267576212
1271.266002098636 28.469569779643336
1278.3174186778595 27.462224554040006
1266.732948583421 4.7969569779644425
1287.8871983210913 8.322665267576212
1297.9606505771249 21.41815320041985
1297.4569779643234 46.6017838405038
1323.144281217209 41.06138509968531
1326.6699895068207 26.958551941238312
1315.5891920251838 10.841028331584596
1320.1222455403988 3.7896117523611106
1342.7875131164744 22.929171038824876
1348.3279118572927 18.396117523609774
1357.8976915005246 14.366736621196367
1330.1956977964323 19.403462749213134
1297.9606505771249 5.804302203567829
1573.4695697796435 4.7969569779644425
1582.5356768100737 7.315320041972825
1565.4108079748166 6.307974816369494
1599.1568730325291 5.300629590766107
1617.2890870933895 16.381427072403056
1624.340503672613 21.41815320041985
1641.9690451206718 18.89979013641147
1633.910283315845 15.374081846799697
1659.0939139559289 22.42549842602321
1674.707764952781 21.41815320041985
1692.3363064008395 22.929171038824876
1785.51573976915 34.009968520461825
1784.004721930745 64.23032528856254
1820.269150052466 26.45487932843662
1834.371983210913 24.943861490031594
1861.066631689402 33.002623294858466
1881.7172088142709 43.07607555089202
1883.2282266526759 29.98058761804839
1175.9589371980678 46.03140096618358
1302.7222222222224 35.98309178743961
1673.929951690821 117.69806763285044
