174.6335131490223 640.1898179366149
159.0974376264329 588.4028995279838
112.48921105866492 517.1958867161159
11.504720161834143 442.10485502360075
150.03472690492248 389.0232636547538
386.95987862440995 399.38064733648
415.44268374915714 479.6503708698583
443.9254888739042 642.7791638570465
686.0293324342549 484.8290627107215
1185.7730950775453 588.4028995279838
1304.883007417397 544.3840188806472
1325.5977747808495 603.938975050573
1778.7333108563719 984.5728253540121
1881.0124747134184 495.1864463924477
1651.8553607552258 294.512137559002
1742.4824679703304 300.9855023600808
1659.6233985165204 212.94774106540785
1546.9868509777477 258.26129467296005
1504.262643290627 234.95718138907614
1150.8169251517195 285.4494268374915
969.5627107215105 298.3961564396493
783.1298044504383 308.7535401213754
737.8162508428861 203.88503034389737
759.8256911665542 146.9194200944031
93.3927848954821 214.18172623061366
184.0198921105866 180.52022926500337
179.4885367498314 215.4763991908294
237.74881995954146 209.0030343897505
323.1972353337828 218.71308159136888
303.77714093054624 152.03742414025623
432.5971004720162 149.44807821982465
417.70836142953476 124.8492919757249
469.49527983816597 203.17700606877952
576.9531355360756 82.77242076871204
640.3921105866488 70.4730276466621
830.0616992582604 64.64699932569113
884.4379635873231 196.0563047875927
853.3658125421445 188.28826702629806
926.5148347943359 179.22555630478757
847.5397842211735 43.284895482130764
894.1480107889415 34.22218476062034
781.5114632501687 47.81625084288601
765.3280512474715 48.463587322993874
739.4345920431559 45.22690492245442
819.7043155765342 45.22690492245442
9.239042481456437 29.6908293998651
156.83175994605526 13.507417397167842
174.3098449089683 8.9760620364126
970.8573836817261 185.05158462575855
1022.6443020903573 148.15340525960892
1048.537761294673 161.10013486176666
1076.373229939312 142.97471341874575
1004.5188806473363 133.91200269723532
1099.0300067430883 18.038772757923084
1193.54113283884 31.632838840188754
1233.6759946055292 75.00438300741736
1223.3186109238031 126.79130141604855
1183.1837491571139 138.4433580579905
1120.3921105866486 144.9167228590694
1312.003708698584 70.4730276466621
1388.389413351315 81.47774780849625
1393.5681051921779 28.396156439649303
1467.3644639244776 58.82097100472015
1474.485165205664 34.8695212407282
1390.9787592717466 56.878961564396434
1525.6247471341876 75.00438300741736
1516.5620364126771 30.338165879972962
1551.5182063385032 34.22218476062034
1590.3583951449764 16.74409979770735
1675.1594740391101 60.11564396493588
1683.5748482805125 108.66587997302759
1706.8789615643966 149.44807821982465
1763.1972353337828 144.9167228590694
1842.8196223870534 75.65171948752527
1844.1142953472693 19.33344571813882
1811.7474713418746 5.092043155765282
1659.6233985165206 16.096763317599425
1695.2269049224547 4.444706675657358
1735.3617666891437 3.150033715441623
130.4865771812081 15.661073825503365
