1546.7749213011543 1029.0624344176285
1913.448583420777 749.020461699895
1621.3184679958028 273.5535152151101
1542.745540398741 273.5535152151101
1498.4223504721933 184.90713536201451
1524.6133263378806 150.65739769150036
1639.4506820566633 144.61332633788027
1683.270199370409 88.67418677859382
1706.4391395592866 107.81374606505767
1776.9533053515215 92.70356768100726
1551.3079748163693 56.43913955928639
1468.705666316894 59.461175236096494
1488.8525708289612 42.33630640083936
1450.5734522560335 50.395068205666234
1441.5073452256033 77.5933892969569
1396.176810073452 89.68153200419721
1439.996327387198 66.24501573976926
1411.7906610703042 27.462224554040006
1375.0225603357817 32.49895068205677
1358.905036726128 36.52833158447021
1315.5891920251836 48.61647429171052
1328.1810073452255 82.86621196222467
1303.5010493179432 104.52413431269683
1261.1925498426021 62.21563483735582
1230.9721930745015 69.770724029381
1239.53462749213 34.51364113326349
1286.8798530954878 9.330010493179543
1306.5230849947534 3.7896117523611106
1196.7224554039874 23.936516264428235
1186.6490031479539 7.315320041972825
1171.5388247639034 3.7896117523611106
1167.0057712486882 12.855718782791314
1175.064533053515 16.88509968520475
1174.5608604407134 39.550367261280286
1150.8882476390345 12.855718782791314
1156.9323189926547 56.67523609653736
1121.6752360965372 48.61647429171052
1118.653200419727 78.33315844700954
1086.4181532004197 19.9071353620148
1114.120146904512 5.804302203567829
1066.774921301154 17.152675760755415
1066.774921301154 46.3656873032528
1721.8011542497377 1.774921301154393
1745.4737670514164 2.2785939139560583
1774.1831059811122 2.7822665267577236
1863.836831059811 14.366736621196367
1870.3845750262328 28.469569779643336
1889.020461699895 18.396117523609774
1856.7854144805876 14.366736621196367
