4.489769820971702 84.51534526854215
46.22890025575433 80.83248081841424
58.505115089513914 83.28772378516618
19.221227621483226 104.77109974424548
5.7173913043476725 119.50255754475694
36.40792838874666 118.88874680306895
67.71227621483361 125.0268542199488
111.29283887468019 128.09590792838873
135.84526854219936 86.3567774936061
204.5920716112531 103.54347826086952
188.01918158567761 110.29539641943728
138.3005115089513 146.51023017902804
181.26726342710984 142.8273657289002
167.7634271099743 134.84782608695645
218.70971867007663 140.3721227621483
270.2698209718669 162.46930946291553
205.819693094629 172.29028132992323
191.70204603580552 183.33887468030684
161.0115089514065 180.26982097186698
148.73529411764693 140.3721227621483
76.9194373401533 136.6892583120204
66.48465473145767 160.62787723785158
120.49999999999984 184.5664961636828
56.66368286444996 196.8427109974424
94.10613810741673 210.34654731457795
121.11381074168783 236.12659846547308
168.99104859335026 249.01662404092065
199.06777493606123 261.2928388746802
181.88107416879782 219.55370843989766
67.09846547314562 308.5562659846547
48.07033248081826 305.4872122762148
16.765984654731287 312.8529411764706
133.39002557544742 274.18286445012785
245.7173913043477 243.49232736572884
259.22122762148325 185.79411764705873
289.91176470588226 216.48465473145774
324.8989769820971 200.52557544757025
381.9833759590792 188.24936061381067
399.17007672634264 215.87084398976975
380.7557544757032 245.94757033248078
367.25191815856766 233.0575447570332
423.7225063938618 197.45652173913038
447.661125319693 172.90409207161116
485.71739130434776 192.54603580562656
472.82736572890013 209.73273657288996
496.15217391304344 252.08567774936057
444.59207161125306 229.3746803069053
435.3849104859334 265.5895140664961
423.1086956521738 310.39769820971867
393.0319693094628 328.19820971867
342.0856777493605 289.5281329923273
334.71994884910475 274.7966751918158
334.10613810741677 312.8529411764706
328.58184143222496 338.63299232736574
288.0703324808183 271.7276214833759
305.25703324808177 261.2928388746802
269.04219948849095 296.8938618925831
109.45140664961623 509.886189258312
342.6994884910485 517.8657289002558
434.7710997442454 408.6074168797953
534.8222506393862 411.06265984654726
542.1879795396419 485.94757033248084
648.3772378516624 350.29539641943734
682.1368286445013 369.9373401534526
730.6278772378516 395.71739130434776
701.7787723785166 285.8452685421995
725.1035805626598 280.32097186700764
705.4616368286445 256.3823529411764
696.8682864450127 201.75319693094622
757.6355498721227 170.44884910485928
783.4156010230179 182.11125319693093
811.037084398977 180.26982097186698
803.6713554987213 233.6713554987212
809.809462915601 210.96035805626593
772.3670076726343 229.3746803069053
747.8145780051151 233.0575447570332
836.8171355498721 232.44373401534523
878.5562659846547 185.79411764705873
930.116368286445 230.60230179028127
959.579283887468 194.3874680306905
857.0728900255755 284.0038363171355
866.8938618925831 276.63810741687973
838.658567774936 274.7966751918158
762.5460358056266 271.7276214833759
823.3132992327365 353.36445012787726
861.9833759590792 331.2672634271099
939.3235294117648 368.70971867007665
940.5511508951407 501.29283887468034
958.96547314578 465.0780051150895
857.0728900255755 531.3695652173914
650.2186700767263 268.044757033248
661.2672634271099 216.48465473145774
643.4667519181585 226.30562659846538
629.962915601023 199.29795396419428
617.6867007672633 223.8503836317135
619.5281329923273 244.10613810741683
592.5204603580562 218.93989769820968
604.1828644501278 272.3414322250639
571.6508951406649 284.0038363171355
544.6432225063938 195.0012787723785
521.9322250639386 207.89130434782606
520.7046035805627 244.7199488491048
526.2289002557544 231.21611253196926
537.5843989769821 739.3746803069052
398.86317135549876 968.9398976982096
157.0217391304348 908.7864450127877
627.2007672634272 923.5179028132992
788.0191815856779 599.4258312020459
506.8938618925833 588.3772378516622
984.4386189258313 702.5460358056264
886.2289002557545 696.4079283887467
848.1726342710999 1057.3286445012786
1042.1368286445015 539.2723785166238
1074.0549872122765 633.7992327365727
1125.6150895140668 504.8989769820969
1092.4693094629158 434.9245524296673
1162.4437340153454 619.0677749360613
1163.6713554987214 662.0345268542197
1231.1905370843992 534.3618925831199
1272.9296675191817 512.2647058823527
1371.1393861892586 517.1751918158566
1346.5869565217395 582.2391304347824
1312.2135549872125 603.1086956521735
1422.699488491049 622.750639386189
1312.2135549872125 653.4411764705881
1538.0959079283891 595.742966751918
1606.8427109974427 642.3925831202044
1644.8989769820976 599.4258312020459
1550.3721227621486 526.9961636828642
1685.410485933504 757.7890025575446
1833.952685421995 713.5946291560101
1917.4309462915605 707.4565217391303
1917.4309462915605 761.4718670076725
1900.244245524297 875.6406649616367
1902.699488491049 922.2902813299232
1800.8069053708443 840.0396419437338
1744.3363171355502 1021.727621483376
1621.5741687979541 1021.727621483376
1567.558823529412 461.9322250639384
1523.3644501278775 491.39514066496133
1541.7787723785168 434.9245524296673
1558.9654731457804 380.9092071611251
1616.6636828644505 341.6253196930943
1900.244245524297 405.46163682864426
1283.9782608695655 400.5511508951404
1276.6125319693097 355.12915601022985
1286.4335038363174 303.5690537084396
1237.328644501279 344.08056265984624
1193.1342710997444 388.2749360613808
1148.93989769821 394.41304347826053
1108.4283887468032 411.599744245524
1146.484654731458 334.2595907928385
1067.9168797953967 357.5843989769818
1045.8196930946294 323.210997442455
1023.7225063938621 297.43094629155985
1006.5358056265986 223.77365728900213
983.2109974424554 223.77365728900213
981.9833759590795 194.3107416879792
1011.4462915601025 206.58695652173878
1770.3791946308725 400.0436241610739
852.5805369127518 372.3389261744968
1119.318791946309 309.8422818791948
1226.271812080537 296.3120805369129
805.546979865772 288.5805369127518
557.4932885906042 523.1040268456377
951.8020134228188 230.5939597315438
915.7214765100672 291.80201342281896
936.9832214765102 267.31879194630886
730.1644295302015 217.06375838926192
672.1778523489934 244.12416107382563
581.9765100671142 282.781879194631
38.83557046979868 94.60738255033561
92.31208053691276 86.87583892617454
95.5335570469799 81.72147651006719
123.23825503355708 88.8087248322148
213.43959731543626 335.57382550335575
