531.9632501685772 805.9079568442346
273.02865812542143 735.9956169925825
175.92818610923803 458.93560350640587
482.76567768037756 523.6692515171948
662.7252191503709 553.4467296021577
833.6220498988537 658.3152393796358
911.3024275118003 778.7198246797033
815.4966284558327 1019.5289952798382
834.9167228590695 482.2397167902899
1016.1709372892784 566.3934592043155
660.1358732299393 422.68476062036405
455.5775455158463 280.27073499662833
367.53978422117325 255.67194875252858
396.02258934592044 240.1358732299392
329.9942683749157 216.83175994605517
333.878287255563 185.75960890087651
350.70903573836813 144.33007417397152
318.34221173297374 113.25792312879287
403.7906271072151 108.07923128792982
485.3550236008092 67.94436952124056
177.22285906945382 144.33007417397152
160.3921105866487 105.48988536749823
85.30107889413352 228.48381658799713
204.41099123398516 412.3273769386378
689.9133513149022 262.14531355360737
539.7312879298719 80.89109912339836
742.9949426837491 62.76567768037751
784.4244774106539 189.64362778152383
828.4433580579905 348.88840188806466
947.5532703978422 298.3961564396493
913.891773432232 198.7063385030342
828.4433580579905 150.80343897505043
836.2113958192851 71.82838840188788
859.5155091031693 54.99763991908276
873.7569116655427 36.87221847606202
805.1392447741066 47.22960215778813
794.7818610923803 8.389413351314715
785.7191503708698 58.8816587997302
752.0576534052595 40.75623735670933
890.5876601483478 99.01652056641933
907.4184086311529 89.95380984490885
906.1237356709373 71.82838840188788
916.4811193526634 49.81894807821982
972.1520566419421 38.16689143627764
1022.6443020903574 40.75623735670933
992.8668240053944 13.568105192177882
1111.976736345246 8.389413351314715
1049.8324342548888 53.70296695886714
987.6881321645312 73.12306136210373
1030.412339851652 86.06979096426153
1051.1271072151044 95.13250168577201
1066.663182737694 114.5525960890086
1089.9672960215778 89.95380984490885
1038.1803776129466 145.62474713418737
996.7508428860418 131.38334457181372
1001.9295347269049 109.37390424814555
964.3840188806474 114.5525960890086
979.9200944032367 150.80343897505043
1017.4656102494941 205.17970330411322
1086.0832771409305 263.4399865138232
1141.754214430209 291.9227916385703
1172.8263654753878 316.52157788267016
1171.531692515172 400.6753202966959
1251.8014160485502 276.386716115981
1352.785906945381 263.4399865138232
1325.5977747808495 207.7690492245447
1346.312542144302 228.48381658799713
1269.9268374915712 174.10755225893445
1280.2842211732973 146.9194200944031
1214.2559002022927 137.85670937289274
1202.6038435603505 122.32063385030335
1166.3530006743088 123.61530681051909
1162.4689817936614 155.9821308159136
1190.9517869184085 56.292312879298606
1224.6132838840188 62.76567768037751
1259.5694538098448 83.48044504382995
1245.3280512474712 83.48044504382995
1285.4629130141604 78.30175320296689
1275.1055293324341 62.76567768037751
1255.6854349291975 60.176331759945924
1350.1965610249492 100.31119352663507
1337.2498314227917 80.89109912339836
1330.7764666217126 58.8816587997302
1297.1149696561024 71.82838840188788
1418.8142279163856 321.7002697235332
1464.127781523938 412.3273769386378
1354.0805799055968 607.8229939312205
1517.2093728927848 603.938975050573
1522.388064733648 444.69420094403233
1752.8398516520567 367.0138233310855
1856.4136884693187 328.1736345246122
1619.4885367498314 254.37727579231273
1662.212744436952 244.01989211058662
1877.1284558327714 263.4399865138232
1239.8256911665544 202.5296695886716
1332.3948078219826 163.68948078219825
1375.7663519892112 122.25994605529331
1388.7130815913688 144.9167228590694
1305.2066756574511 111.25522589345917
1356.3462575859744 67.88368172623058
1373.8243425488874 79.53573836817259
1389.360418071477 90.54045853000673
1404.2491571139583 66.58900876601479
1377.061024949427 43.284895482130764
1414.6065407956844 43.284895482130764
1364.114295347269 30.338165879972962
1439.2053270397842 172.1048550236008
1480.6348617666893 170.1628455832771
1472.2194875252867 146.2113958192852
1454.7414025623737 133.91200269723532
1473.5141604855025 122.25994605529331
1464.451449763992 96.36648685097771
1445.0313553607552 87.30377612946728
1423.0219150370872 100.25050573162504
1419.1378961564396 80.18307484828051
1434.0266351989212 63.352326365475335
1441.147336480108 41.99022252191497
1430.7899527983818 25.15947403910991
1425.6112609575187 12.212744436952107
1452.1520566419422 7.681389076196865
1472.8668240053944 36.81153068105186
1454.0940660822657 38.75354012137552
1476.103506405934 58.82097100472015
1495.5236008091706 58.82097100472015
1489.6975724881997 23.217464598786137
1503.2916385704652 39.400876601483446
1524.6537424140256 38.75354012137552
1505.880984490897 25.80681051921772
1562.846594740391 18.68610923803101
1584.2086985839514 23.864801078894065
1562.846594740391 32.28017532029662
1591.3293998651384 25.15947403910991
1575.793324342549 41.99022252191497
1551.1945380984494 54.28961564396491
1538.8951449763993 65.94167228590692
1538.8951449763993 49.758260283209665
1524.006405933918 73.06237356709369
1504.586311530681 76.946392447741
1510.4123398516522 67.88368172623058
1512.3543492919757 59.46830748482802
1512.3543492919757 113.84457181389075
1522.0643964935941 138.4433580579905
1504.586311530681 152.03742414025623
1535.6584625758599 227.1284558327714
1469.630141604855 243.95920431557656
1555.7258934592044 275.03135536075524
1575.145987862441 173.3995279838166
1554.4312204989888 143.62204989885367
1542.7791638570466 122.25994605529331
1549.2525286581256 73.06237356709369
1590.0347269049225 62.05765340525954
1585.5033715441673 80.18307484828051
1632.1115981119356 126.79130141604855
1588.092717464599 120.31793661496965
1633.4062710721512 163.04214430209038
1670.304450438301 124.8492919757249
1694.9032366824008 137.14868509777477
1691.6665542818612 177.28354686446391
1669.0097774780852 186.3462575859744
1707.8499662845584 204.47167902899525
1736.9801078894134 224.53910991233988
1782.9409979770737 203.8243425488874
1894.9302090357385 201.88233310856373
1808.834457181389 183.75691166554282
1787.4723533378287 165.6314902225219
1810.129130141605 149.44807821982465
1836.6699258260285 149.44807821982465
1859.9740391099126 133.91200269723532
1882.6308159136886 158.51078894133514
1909.1716115981121 132.61732973701953
1895.5775455158464 142.97471341874575
1861.2687120701282 102.19251517194868
1822.4285232636548 98.30849629130137
1835.3752528658126 104.1345246122724
1868.3894133513152 87.30377612946728
1887.1621712744438 88.59844908968307
1912.4082939986515 70.4730276466621
1889.7515171948755 73.06237356709369
1888.4568442346597 47.81625084288601
1881.336142953473 43.284895482130764
1864.5053944706679 41.342886041807105
1830.8438975050576 77.59372892784893
1760.9315576534054 130.02798381658795
1771.9362778152395 138.4433580579905
1727.917397167903 158.51078894133514
1708.4973027646665 138.4433580579905
1687.1351989211062 91.1877950101146
1709.1446392447742 84.06709372892783
1701.3766014834796 99.60316925151716
1729.2120701281187 93.12980445043826
1741.5114632501686 82.12508428860417
1747.3374915711397 67.88368172623058
1731.8014160485504 66.58900876601479
1720.1493594066083 54.936952124072775
1731.8014160485504 51.05293324342546
1714.3233310856374 65.94167228590692
1683.8985165205665 64.64699932569113
1672.8937963587323 64.64699932569113
1682.603843560351 52.34760620364125
1654.7683749157115 104.1345246122724
1599.744774106541 91.1877950101146
1604.923465947404 68.53101820633844
1559.6099123398517 63.99966284558326
1391.9497639919084 43.93223196223869
1533.0691166554284 19.33344571813882
1619.1648685097775 50.40559676331759
1693.608563722185 50.40559676331759
1698.787255563048 69.17835468644637
1836.6699258260285 130.02798381658795
1803.0084288604182 45.22690492245442
1782.9409979770737 65.94167228590692
1760.2842211732975 100.89784221173295
1766.1102494942684 40.69554956169918
1779.704315576534 40.69554956169918
1107.121712744437 295.0987862440998
978.9490896830748 20.628118678354664
1012.6105866486851 18.038772757923084
1183.507417397168 116.43391773432234
1117.3467895740625 39.19675778766674
998.9488239033697 47.74094087730441
839.0505403687224 52.01303242212322
1412.4262555626192 132.5724729815638
1438.0588048315321 113.65321042593757
1492.3753973299426 79.47647806738706
1454.5368722186904 77.64558169103613
1461.2501589319772 72.76319135410034
1420.36013986014 57.50572155117595
1805.4586776859505 92.29275270184348
1799.355689764781 68.49109980928152
1766.3995549904641 66.04990464081362
1759.6862682771775 57.50572155117595
1759.6862682771775 81.91767323585498
1852.4516846789575 34.924666242847934
314.1063936063937 284.43606393606365
