33.87078651685391 34.37640449438203
8.926966292134864 79.54494382022472
8.926966292134864 39.76966292134833
50.050561797752835 29.657303370786508
69.60112359550564 24.938202247191015
94.54494382022474 45.8370786516854
106.00561797752809 24.938202247191015
143.08426966292134 43.14044943820227
172.07303370786516 29.657303370786508
191.623595505618 49.88202247191012
133.64606741573036 21.567415730337075
143.08426966292134 112.57865168539325
150.50000000000003 99.09550561797752
249.60112359550558 20.21910112359552
265.78089887640454 39.76966292134833
228.70224719101125 38.421348314606746
220.61235955056182 38.421348314606746
320.3876404494382 16.174157303370805
335.21910112359546 24.264044943820238
293.4213483146067 23.589887640449433
368.25280898876406 43.14044943820227
386.4550561797753 39.09550561797755
365.55617977528095 24.264044943820238
412.0730337078652 28.308988764044955
416.79213483146066 18.87078651685394
424.8820224719101 159.09550561797752
433.6460674157303 180.6685393258427
429.9382022471909 323.0842696629213
332.8595505617977 273.1966292134831
560.7247191011234 317.69101123595505
53.75842696629212 296.11797752808985
767.0168539325841 155.89325842696627
802.0730337078649 128.9269662921348
768.3651685393256 52.07303370786519
727.9157303370785 64.20786516853934
665.8932584269662 54.7696629213483
620.0505617977526 57.46629213483152
649.7134831460673 57.46629213483152
594.4325842696628 52.07303370786519
574.2078651685392 43.98314606741576
528.0280898876402 11.455056179775283
542.8595505617975 20.893258426966298
546.2303370786515 11.455056179775283
562.4101123595503 5.387640449438209
581.2865168539323 6.735955056179819
590.7247191011234 5.387640449438209
648.0280898876402 3.3651685393258504
821.2865168539323 42.46629213483146
855.6685393258424 44.48876404494382
897.4662921348312 163.81460674157302
900.8370786516851 206.96067415730334
941.9606741573031 171.90449438202245
890.7247191011234 2.016853932584297
878.5898876404492 3.3651685393258504
844.8820224719099 3.3651685393258504
1026.5674157303365 172.07303370786514
1023.8707865168535 127.57865168539325
1065.6685393258422 131.62359550561797
990.1629213483141 154.54494382022472
992.8595505617973 52.07303370786519
960.4999999999995 48.028089887640476
965.8932584269658 33.19662921348316
1003.6460674157299 42.63483146067415
1031.960674157303 45.33146067415731
1072.41011235955 39.93820224719104
1112.8595505617973 29.151685393258447
1157.3539325842692 45.33146067415731
1161.3988764044939 19.71348314606746
1142.5224719101118 18.36516853932585
562.7471910112356 182.85955056179773
504.769662921348 181.51123595505618
1675.443820224719 26.960674157303373
1703.0842696629213 37.07303370786519
1761.7359550561796 27.63483146067415
1706.4550561797753 69.43258426966293
1706.4550561797753 93.70224719101122
1674.7696629213483 80.8932584269663
1688.926966292135 69.43258426966293
1660.612359550562 110.5561797752809
1630.2752808988764 74.8258426966292
1642.4101123595506 62.01685393258427
1579.0393258426966 44.48876404494382
1552.073033707865 88.30898876404495
1564.2078651685395 120.66853932584269
1519.7134831460673 105.1629213483146
1514.3202247191011 45.162921348314626
1477.241573033708 105.1629213483146
1464.432584269663 88.98314606741573
1491.3988764044943 31.679775280898866
1523.0842696629213 28.98314606741576
1450.9494382022472 20.893258426966298
1713.870786516854 220.44382022471905
1694.3202247191011 254.1516853932584
1609.376404494382 232.57865168539325
1226.7921348314605 205.78089887640448
1275.3314606741571 194.99438202247188
1309.0393258426966 97.91573033707868
1400.7247191011236 114.09550561797755
1407.4662921348313 95.21910112359552
1441.1741573033707 68.25280898876406
1412.8595505617977 57.46629213483152
1424.9943820224719 43.98314606741576
1399.3764044943819 30.5
1388.5898876404494 10.275280898876417
1372.4101123595503 10.275280898876417
1346.7921348314605 29.151685393258447
1273.9831460674156 56.11797752808991
1265.8932584269662 19.71348314606746
1228.1404494382023 29.151685393258447
1251.0617977528088 23.758426966292177
1202.5224719101122 25.106741573033787
1202.5224719101122 33.19662921348316
1189.0393258426966 34.54494382022472
1183.6460674157302 84.43258426966293
1582.7471910112358 12.971910112359637
1320.5 780.4999999999997
1444.5449438202245 696.9044943820221
445.8691275167786 11.473154362416153
