1018.5132450331122 759.0430463576159
1097.983443708609 681.1622516556292
1339.572847682119 860.7649006622518
1862.486754966887 751.0960264900663
1829.1092715231784 865.5331125827815
1824.3410596026488 525.4006622516557
1112.2880794701985 164.60596026490066
1086.8576158940396 147.12251655629143
1271.2284768211919 180.5
1150.433774834437 220.23509933774835
1107.5198675496686 237.71854304635758
1045.5331125827813 248.84437086092723
993.0827814569534 226.59271523178813
1050.301324503311 137.58609271523187
1048.711920529801 178.9105960264901
1061.4271523178807 120.10264900662253
1039.1754966887415 124.87086092715231
1015.3344370860924 333.0827814569536
1055.0695364238409 499.9701986754967
1231.4933774834435 417.3211920529802
1137.7185430463574 366.4602649006623
1161.5596026490064 288.5794701986756
1004.2086092715228 97.85099337748352
988.3145695364237 104.20860927152319
1035.9966887417215 105.79801324503319
1193.347682119205 237.71854304635758
1233.0827814569534 282.2218543046358
1255.3344370860925 298.11589403973517
1277.5860927152314 286.9900662251656
1318.9105960264899 231.3609271523179
1349.1092715231784 205.930463576159
1322.0894039735097 337.8509933774836
1403.1490066225163 320.3675496688743
1447.6523178807945 250.43377483443714
1501.692052980132 250.43377483443714
1590.6986754966883 264.7384105960266
1612.9503311258275 280.63245033112594
1657.4536423841057 286.9900662251656
1735.3344370860923 277.45364238410593
1689.2417218543042 264.7384105960266
1754.4072847682116 348.97682119205297
1728.9768211920525 337.8509933774836
1798.9105960264897 342.6192052980133
1867.2549668874167 304.47350993377495
1914.9370860927147 317.1887417218543
