1652.2779868297275 630.8104421448732
1256.7182502351836 401.4219190968955
929.7944496707433 401.4219190968955
794.3287864534338 70.91392285983068
768.1387582314208 98.91015992474138
752.7859830667923 188.3174976481656
802.4567262464725 213.60442144873008
750.9797742238949 308.4303857008468
756.3984007525872 269.59689557855137
729.3052681091253 144.06538099717784
1181.760583254939 41.1114769520226
1228.7220131702732 45.62699905926626
1273.8772342427096 34.7897460018815
965.9186265286926 26.661806208842904
983.0776105362185 25.758701787394216
1030.9421448730013 19.436970837253057
888.2516462841019 11.309031044214521
912.6354656632176 6.793508936970852
837.6777986829729 4.987300094073362
1701.497177798683 14.0183443085607
1712.334430856068 35.692850423330235
1762.9082784571967 38.40216368767642
1778.261053621825 42.91768579492009
1808.0634995296332 93.49153339604896
1836.059736594544 140.45296331138292
1818.9007525870181 77.23565380997184
1879.408748824083 97.10395108184389
1893.8584195672627 70.01081843838199
1348.8349012229542 18.547977422389575
1368.2516462841018 3.646754468485483
1385.4106302916277 74.08889934148644
1251.7511759172157 18.096425211665206
1416.1161806208845 74.9920037629352
1401.6665098777048 24.86970837253068
1434.6298212605834 8.613828786453496
1458.1105362182504 54.67215428033876
1458.1105362182504 54.67215428033876
1487.461429915334 71.8311382878646
1525.8433678269053 60.54233301975549
1478.8819379115712 14.484007525870254
1519.0700846660397 1.8405456255880495
1510.9421448730013 3.646754468485483
1442.3062088428976 6.8076199435560625
1161.5748560460656 11.584452975048066
998.0431861804227 24.482725527831178
78.41176470588233 38.17647058823527
97.11764705882351 43.117647058823536
