187.91573033707868 684.7696629213481
53.08426966292143 660.4999999999997
279.60112359550567 501.3988764044941
554.6573033707865 450.1629213483143
605.8932584269663 371.96067415730306
791.9606741573033 520.2752808988761
859.376404494382 463.64606741573004
1185.6685393258426 851.9606741573032
1307.0168539325841 1027.2415730337075
1285.4438202247193 407.016853932584
7.915730337078571 542.5224719101121
106.34269662921344 307.91573033707834
158.9269662921348 213.53370786516814
385.44382022471916 241.8483146067412
454.20786516853946 231.06179775280862
699.6011235955059 231.06179775280862
785.8932584269667 275.55617977528055
864.0955056179778 263.4213483146064
202.41011235955065 83.25280898876412
224.6573033707866 48.19662921348322
252.29775280898886 41.45505617977537
261.06179775280907 98.7584269662922
294.09550561797766 102.80337078651692
296.79213483146077 121.00561797752815
325.1067415730338 85.27528089887647
402.63483146067426 140.55617977528095
464.6573033707866 136.51123595505624
563.7584269662922 132.46629213483152
390.5000000000001 89.994382022472
430.2752808988764 65.7247191011237
490.9494382022473 63.70224719101131
1114.8820224719102 217.24157303370788
1147.241573033708 210.5
1287.4662921348315 223.98314606741576
1392.6348314606744 182.18539325842698
1489.7134831460676 125.55617977528084
949.0393258426966 139.0393258426966
1278.3651685393259 149.3202247191012
1233.870786516854 77.18539325842703
1297.241573033708 63.70224719101131
1348.4775280898875 61.005617977528175
1270.9494382022472 13.140449438202324
1171.8483146067415 69.09550561797761
1125.3314606741574 62.35393258426973
1098.3651685393259 83.25280898876412
1859.4887640449438 154.03932584269668
759.2640449438202 130.44382022471916
771.3988764044943 58.98314606741579
790.9494382022472 55.61235955056188
842.8595505617977 65.05056179775286
869.1516853932584 67.74719101123603
885.3314606741573 60.33146067415737
899.4887640449438 65.05056179775286
918.3651685393259 58.98314606741579
939.2640449438202 32.016853932584326
743.0842696629213 21.230337078651758
693.870786516854 56.28651685393265
651.3988764044944 63.028089887640505
613.9831460674156 137.691011235955
625.7808988764044 29.994382022471996
519.4325842696628 24.348314606741567
534.9382022471909 25.696629213483135
539.6573033707864 10.865168539325836
551.1179775280898 17.606741573033702
573.7022471910111 5.808988764044955
615.8370786516853 7.831460674157299
498.5337078651685 15.247191011235941
441.2303370786516 28.056179775280896
451.6797752808988 14.235955056179762
418.3089887640449 7.831460674157299
398.0842696629213 1.7640449438202097
365.7247191011236 12.550561797752806
370.1067415730337 5.808988764044955
333.0280898876404 5.471910112359552
346.8483146067415 2.4382022471910147
293.58988764044943 4.460674157303373
261.5674157303371 11.876404494382015
279.43258426966287 3.1123595505617914
302.3539325842696 4.1235955056179705
222.80337078651684 3.786516853932568
249.09550561797755 14.910112359550553
241.00561797752806 3.786516853932568
244.37640449438203 3.449438202247194
526.1741573033704 2.4382022471910147
456.398876404494 3.1123595505617914
442.57865168539297 10.528089887640448
164.4628482972135 73.84365325077397
