231.06179775280907 913.9831460674154
708.365168539326 851.9606741573032
797.3539325842697 280.2752808988761
921.3988764044944 326.11797752808957
960.1629213483146 168.19662921348322
991.8483146067416 150.66853932584277
1077.4662921348315 193.81460674157307
1128.0280898876404 183.70224719101128
1157.0168539325841 212.0168539325843
1097.691011235955 166.17415730337083
1070.0505617977528 121.00561797752815
1018.1404494382023 135.16292134831468
999.938202247191 131.79213483146074
1014.0955056179776 104.1516853932585
981.7359550561798 100.78089887640456
801.7359550561798 121.00561797752815
738.3651685393259 94.71348314606749
782.8595505617978 61.005617977528175
872.5224719101124 75.16292134831468
1105.1067415730338 105.50000000000009
1024.8820224719102 85.27528089887647
963.5337078651686 83.25280898876412
983.0842696629214 65.7247191011237
1012.0730337078652 162.1292134831461
1139.8258426966295 63.53370786516848
1049.488764044944 59.488764044943764
1223.421348314607 108.02808988764042
1232.859550561798 87.80337078651678
1176.230337078652 87.80337078651678
1226.1179775280903 130.94943820224717
653.0842696629213 106.67977528089887
719.1516853932585 79.71348314606733
690.8370786516854 55.44382022471905
1217.6910112359553 247.747191011236
1208.2528089887644 75.16292134831468
1070.7247191011238 176.28651685393265
1295.219101123596 114.93820224719107
1330.2752808988766 132.46629213483152
963.5337078651689 57.634831460674235
887.5224719101126 48.28089887640449
920.5561797752812 48.95505617977527
940.4438202247193 44.23595505617976
921.5674157303373 33.11235955056179
909.4325842696632 41.876404494382015
864.2640449438204 31.426966292134836
816.73595505618 22.662921348314597
841.6797752808991 18.955056179775283
857.1853932584272 13.898876404494374
757.0730337078654 152.1011235955056
855.8370786516856 109.29213483146066
800.556179775281 20.97752808988767
768.365168539326 21.230337078651587
888.365168539326 17.18539325842687
1802.5224719101127 307.5786516853933
1838.9269662921351 298.1404494382023
1864.544943820225 299.4887640449439
1767.4662921348317 267.1292134831461
1565.2191011235957 166.00561797752812
1495.106741573034 147.12921348314603
1449.2640449438204 129.6011235955056
1434.432584269663 147.12921348314603
1464.0955056179778 139.0393258426966
1651.174157303371 171.73595505617985
1476.5674157303372 139.3764044943821
1528.4775280898878 154.88202247191018
1628.2528089887642 172.41011235955062
1557.4662921348317 204.7696629213484
1518.365168539326 231.73595505617988
1403.0974025974024 136.69880119880122
641.4907120743035 735.6702786377709
696.9705882352941 121.38235294117649
787.125386996904 14.385448916408732
828.7352941176471 8.441176470588289
908.9829721362229 18.843653250774054
991.2120743034055 61.4442724458205
882.7291021671826 8.441176470588289
893.1315789473683 29.741486068111527
938.704334365325 54.50928792569664
1848.6733746130035 229.38544891640868
1815.979876160991 233.3482972136223
1813.9984520123842 204.61764705882354
996.6609907120744 88.19349845201242
1013.998452012384 29.24613003095982
1216.5990712074304 78.28637770897836
1220.0665634674924 80.76315789473688
1492.512383900929 126.83126934984523
1519.261609907121 153.08513931888547
1540.5619195046443 194.6950464396285
1440.5000000000002 127.32662538699694
1487.558823529412 139.2151702786378
1543.5340557275545 147.14086687306505
