535.7808988764044 730.6123595505615
527.691011235955 485.21910112359524
524.994382022472 439.3764044943817
546.5674157303371 390.83707865168515
754.2078651685393 466.3426966292131
859.376404494382 644.3202247191008
1134.432584269663 860.0505617977526
1034.6573033707864 520.2752808988761
1104.7696629213483 520.2752808988761
1147.9157303370785 487.91573033707834
1037.3539325842698 469.03932584269637
541.8483146067415 349.7134831460671
532.4101123595505 275.55617977528055
606.567415730337 266.11797752808957
738.7022471910111 271.51123595505584
754.88202247191 345.6685393258424
824.9943820224719 274.207865168539
850.6123595505617 271.51123595505584
903.196629213483 299.8258426966289
737.691011235955 195.66853932584232
768.0280898876404 198.36516853932548
782.1853932584269 178.1404494382019
812.5224719101124 176.11797752808954
811.1741573033707 206.4550561797749
832.0730337078651 223.30898876404459
843.5337078651685 197.0168539325839
872.5224719101122 199.71348314606706
863.0842696629213 197.0168539325839
850.2752808988763 178.1404494382019
888.7022471910111 208.47752808988727
892.7471910112358 193.64606741572996
935.2191011235955 197.0168539325839
779.4887640449438 160.61235955056145
772.7471910112359 141.73595505617942
762.6348314606741 148.47752808988727
751.8483146067415 142.4101123595502
751.1741573033707 135.66853932584235
757.2415730337078 131.62359550561763
747.8033707865168 130.94943820224682
780.1629213483145 134.99438202247154
781.5112359550561 142.4101123595502
790.9494382022472 140.38764044943787
799.0393258426966 133.64606741573
807.8033707865168 130.94943820224682
815.2191011235955 135.66853932584235
826.005617977528 140.38764044943787
801.061797752809 141.73595505617942
817.2415730337078 143.084269662921
833.4213483146067 153.1966292134828
832.0730337078651 145.10674157303336
899.4887640449438 116.11797752808954
904.2078651685392 120.83707865168503
766.005617977528 132.97191011235918
819.9382022471909 155.89325842696593
880.42007992008 176.1543456543456
898.8816183816184 179.03146853146848
477.03250773993796 1062.6052631578948
175.8560371517027 491.9551083591331
437.8993808049535 418.1470588235294
275.42260061919495 443.90557275541795
879.7569659442723 157.31114551083593
814.3699690402476 190.5
798.5185758513932 186.04179566563465
909.4783281733745 198.92105263157893
920.8715170278638 207.3421052631579
943.1625386996903 215.7631578947368
932.2647058823529 212.7910216718266
712.8219814241486 195.45356037151703
749.4783281733746 190.5
765.8250773993808 222.69814241486065
611.7693498452011 338.3637770897833
