590.2353186263759 83.02105170825837
691.3821981492039 160.48475944037537
636.6148633831848 295.18279900004376
737.2683434937062 283.34121310468834
841.3756194903731 215.2520942063944
895.1561554317791 222.15968597868508
1072.2865444498048 214.26529538178144
961.7650760931537 70.19266698828994
926.2403184070872 69.205868163677
917.8525283978772 58.35108109293452
912.425134862506 85.98144818209727
875.9135783518266 93.38243936669443
871.9663830533748 58.35108109293452
856.6710012718738 60.324678742160415
841.8690189026795 77.5936581728871
862.5917942195516 82.5276522959519
848.7766106749702 76.11345993596768
832.00103065655 70.19266698828994
803.3838647427742 94.36923819130736
786.608284724354 103.74382702513043
749.1099293890618 156.53756414192355
792.0356782597253 149.62997236963287
758.9779176351913 101.77022937590453
788.0884829612735 58.35108109293452
808.3178588658391 66.73887110214463
803.3838647427742 54.89728520678914
847.2964124380508 44.535897548353155
839.8954212534536 39.10850401298188
880.8475724748913 30.72071400377178
900.5835489671504 30.72071400377178
919.3327266347966 20.85272575764219
1001.7304284899784 40.09530283759483
1006.1710232007366 5.063944563834923
1033.307990877593 13.45173457304503
1062.418556203675 17.398929871496875
1053.043967369852 39.10850401298188
1098.436713302048 23.81312223148109
1131.9878733388884 20.359326345335717
1218.6156528222443 215.42840226305867
1314.7759089513615 171.23560370159208
1322.5505679575454 52.569755712468805
1306.5920573659046 2.6482610411824226
1272.629073286259 18.197579053550328
1243.9855927371605 6.740186833910855
1220.2524231393356 11.241305205912056
1210.4318012367876 7.558571992456507
1181.7883206876888 5.512609096092319
1363.4698258848293 43.567518968466345
1410.9361650804785 35.79285996228239
1451.8554230077625 6.740186833910855
1512.4159247401426 55.02491118810582
1364.6974036226477 4.285031358273784
334.97085654137936 522.4948686461116
355.1962852506465 401.1422963905087
243.95642734967714 412.6996842243757
209.2842638480763 495.04607254067764
412.9832244199813 187.33062146397026
431.763979650015 146.879764045436
388.42377527301403 156.99247840006956
303.18803999824524 177.2179071093368
1261.0065567299685 395.36360247357527
1402.5845576948386 471.9312968729438
1469.0395377395735 401.1422963905087
1607.7281917459768 609.1752774001138
130.16668128590845 497.832134555502
70.91138546554974 433.82178413227496
18.971558264988374 389.9289724134907
996.6764705882354 71.26470588235293
