-179.81479538300107 1018.988982161595
65.97743966421831 690.5944386149002
247.2995802728227 378.3174186778592
509.20933892969583 662.3887722980062
1077.3520461699898 406.5230849947534
1294.9386149003149 406.5230849947534
1916.9742917103883 95.72560335781736
1764.865162644281 85.65215110178377
1719.53462749213 126.95330535152146
1626.8588667366212 142.06348373557182
1631.8955928646378 67.51993704092331
1675.2114375655824 60.468520461699825
1469.7130115424975 58.45383001049311
1432.4412381951731 68.5272822665267
1264.2145855194124 35.28488982161588
1188.6636935991605 33.27019937040916
1139.303777544596 43.34365162644275
1156.428646379853 35.28488982161588
1103.039349422875 32.26285414480583
1067.7822665267574 49.387722980062904
1063.7528856243441 7.079223504721881
236.7224554039873 85.65215110178377
247.80325288562423 81.6227701993704
237.72980062959064 66.51259181531998
261.90608604407123 54.42444910807967
312.2733473242391 74.57135362014685
384.802203567681 79.60807974816362
457.3310598111227 79.60807974816362
476.47061909758656 77.5933892969569
485.53672612801677 98.74763903462747
519.7864637985309 99.7549842602308
543.9627492130115 72.55666316894013
540.9407135362014 53.41710388247634
559.0729275970618 57.44648478488978
567.1316894018887 72.55666316894013
582.2418677859391 105.79905561385095
564.1096537250787 98.74763903462747
598.3593913955929 63.490556138509874
639.6605456453306 57.44648478488978
654.7707240293809 72.55666316894013
679.9543546694648 85.65215110178377
696.0718782791186 56.43913955928639
729.3142707240294 86.65949632738716
804.8651626442811 200.4895068205666
882.4307450157398 177.32056663168936
669.8809024134313 23.43284365162657
698.0865687303253 15.877754459601391
714.2040923399791 10.841028331584596
727.8032528856243 25.447534102833288
757.5199370409234 50.12749213011554
766.082371458552 66.74868835257092
770.615424973767 33.50629590766013
773.1337880377754 26.45487932843662
739.8913955928647 4.293284365162776
802.8504721930744 24.943861490031594
793.2806925498426 18.396117523609774
815.4422875131164 23.936516264428235
826.0194123819517 8.826337880377878
849.1883525708289 29.476915005246724
864.8022035676809 33.50629590766013
868.3279118572927 14.870409233998032
878.905036726128 67.75603357817431
845.1589716684155 85.38457502623305
814.9386149003147 75.81479538300115
917.1841552990554 80.34784889821624
928.7686253934942 81.85886673662128
952.4412381951731 90.92497376705151
957.4779643231898 55.16421825813234
951.4338929695696 50.12749213011554
943.8788037775446 34.51364113326349
923.2282266526756 31.995278069255107
962.5146904512067 33.002623294858466
969.5661070304302 39.550367261280286
978.6322140608604 46.6017838405038
983.6689401888771 66.24501573976926
1018.4223504721931 85.65215110178394
1033.5325288562435 78.6007345225604
717.4351669941061 85.2838899803537
