1378.6418581418584 386.09440559440543
1229.0314685314686 249.91058941058918
1000.7797202797204 182.7777222777221
1060.8371453721106 92.19362106425024
1064.4318723234808 41.867443745065884
954.7927003066864 104.77516539404633
772.3603075246431 134.43166274285136
1114.7580496426651 127.24220884011072
1172.27368086459 128.14089057795331
1249.560310319052 111.06593755894437
1190.2473156214417 35.57667158016784
1309.7719867545045 14.008309871945983
1413.1203866064009 36.475353318010434
1550.6186924963154 67.03053240465806
