1743.3746177370033 945.637614678899
1852.9770642201836 931.9373088685014
1680.7446483180431 982.8241590214066
1655.3012232415902 971.0810397553516
1594.6284403669727 949.551987767584
1557.441896024465 853.6498470948011
1408.6957186544344 918.2370030581038
1355.8516819571867 800.8058103975534
1330.4082568807341 837.992354740061
1175.790519877676 959.3379204892965
1115.1177370030582 1014.1391437308869
1040.744648318043 900.6223241590213
987.9006116207952 855.6070336391437
968.3287461773701 1008.2675840978593
893.9556574923549 824.2920489296635
929.1850152905199 753.8333333333333
1029.001529051988 746.0045871559631
1036.830275229358 704.9036697247705
1075.974006116208 695.117737003058
1003.5581039755352 667.7171253822628
974.2003058103975 681.4174311926604
944.84250764526 681.4174311926604
596.4633027522937 1051.3256880733945
535.7905198776759 914.3226299694188
549.4908256880735 859.5214067278287
706.0657492354742 855.6070336391437
713.8944954128442 806.677370030581
790.224770642202 818.420489296636
839.1544342507646 751.8761467889907
324.4143730886851 918.2370030581038
400.7446483180429 877.1360856269112
295.0565749235475 785.1483180428133
273.52752293578 832.1207951070335
167.83944954128458 951.5091743119265
238.29816513761477 1018.0535168195718
50.40825688073403 845.8211009174311
187.41131498470963 779.2767584097858
300.92813455657506 751.8761467889907
334.2003058103977 773.4051987767583
445.7599388379206 777.3195718654433
502.51834862385346 713.7110091743116
558.2981651376149 741.1116207951067
585.6987767584101 702.9464831804278
571.0198776758411 668.6957186544339
623.8639143730888 711.7538226299691
625.8211009174315 678.4816513761464
679.6437308868504 718.6039755351678
688.4510703363917 691.2033639143726
667.9006116207954 670.6529051987764
678.6651376146792 638.3593272171249
702.1513761467893 636.4021406727825
771.6314984709483 643.2522935779813
773.5886850152908 627.5948012232411
714.8730886850155 607.0443425076448
841.1116207951073 664.7813455657488
811.7538226299697 684.353211009174
791.2033639143734 716.6467889908254
744.2308868501532 698.0535168195715
677.6865443425079 750.8975535168192
641.4785932721716 773.405198776758
982.029051987768 674.5672782874615
899.8272171253826 631.5091743119262
895.9128440366976 654.016819571865
883.1911314984712 689.2461773700302
865.5764525993886 705.8822629969416
685.5152905198779 602.1513761467886
677.6865443425079 596.279816513761
653.2217125382265 588.451070336391
647.3501529051989 626.61620795107
599.3990825688074 637.3807339449538
571.9984709480125 624.6590214067274
591.5703363914374 616.8302752293574
622.8853211009177 609.0015290519874
607.2278287461777 617.8088685015287
624.8425076452602 588.451070336391
542.6406727828748 663.8027522935777
548.5122324159024 605.0871559633024
523.0688073394497 626.61620795107
500.5611620795109 656.9525993883788
500.5611620795109 620.7446483180424
475.11773700305827 638.3593272171249
446.73853211009197 657.9311926605501
441.84556574923573 705.8822629969416
432.05963302752315 682.3960244648315
407.5948012232418 705.8822629969416
371.38685015290537 730.347094801223
349.85779816513775 688.267584097859
193.28287461773715 696.096330275229
231.44801223241603 680.4388379204889
242.21253822629984 663.8027522935777
289.18501529052 650.1024464831801
251.99847094801237 647.1666666666663
230.46941896024475 634.44495412844
202.0902140672784 684.353211009174
171.75382262996953 671.6314984709477
200.1330275229359 648.1452599388376
168.8180428134558 643.2522935779813
204.0474006116209 607.0443425076448
285.270642201835 598.2370030581036
270.5917431192662 603.12996941896
372.3654434250766 611.9373088685011
403.6804281345568 613.8944954128436
411.5091743119268 622.7018348623849
401.72324159021423 646.188073394495
355.7293577981653 646.188073394495
104.72018348623853 740.1330275229355
101.7844036697248 707.8394495412841
10.77522935779814 682.3960244648315
96.8914373088685 646.1880733944952
41.11162079510701 633.4663608562688
19.582568807339445 653.0382262996939
50.89755351681959 606.0657492354737
14.689602446483152 602.1513761467886
40.133027522935784 588.4510703363911
71.44801223241593 599.2155963302748
98.84862385321101 582.5795107033637
107.65596330275231 615.8516819571862
105.6987767584098 626.61620795107
139.9495412844037 646.1880733944952
140.92813455657497 624.6590214067276
141.9067278287462 609.9801223241586
128.20642201834863 559.0932721712535
108.63455657492354 561.050458715596
89.06269113149848 562.0290519877672
63.61926605504584 562.0290519877672
38.17584097859328 571.8149847094799
3.925076452599399 570.8363914373085
77.31957186544345 542.4571865443422
56.76911314984711 541.4785932721709
309.2461773700307 577.6865443425073
284.7813455657493 572.793577981651
296.5244648318043 551.2645259938835
313.1605504587157 530.7140672782871
322.9464831804282 542.4571865443422
323.9250764525995 523.8639143730884
347.4113149847096 521.9067278287459
330.7752293577982 513.0993883792046
357.19724770642205 514.0779816513758
382.6406727828747 550.2859327217122
388.51223241590225 586.4938837920486
473.64984709480126 542.4571865443422
421.7844036697249 530.7140672782871
440.3776758409787 541.4785932721709
413.9556574923549 562.0290519877672
429.6131498470949 575.7293577981648
440.3776758409787 574.7507645259936
449.18501529051997 568.8792048929661
481.4785932721714 574.7507645259936
463.8639143730888 585.5152905198773
425.6987767584099 596.2798165137611
443.3134556574924 609.9801223241586
519.6437308868503 583.5581039755348
499.0932721712539 565.9434250764523
484.41437308868507 556.1574923547398
488.32874617737 516.0351681957184
466.7996941896026 527.7782874617733
553.8944954128442 533.6498470948009
577.3807339449543 556.1574923547398
527.4724770642204 562.0290519877672
513.7721712538228 548.3287461773698
500.07186544342517 543.4357798165134
557.8088685015292 570.8363914373085
530.4082568807341 599.2155963302748
495.1788990825689 589.4296636085624
750.5917431192662 519.9495412844033
735.9128440366974 508.2064220183483
723.1911314984711 511.1422018348621
663.4969418960246 520.9281345565746
640.0107033639146 506.2492354740058
635.1177370030582 517.9923547400608
597.9311926605507 513.0993883792046
592.0596330275231 530.7140672782871
566.6162079510705 526.7996941896022
625.3318042813457 533.6498470948009
620.4388379204895 519.9495412844033
641.967889908257 533.6498470948009
654.6896024464834 543.4357798165134
665.4541284403672 543.4357798165134
656.6467889908258 531.6926605504584
631.2033639143732 558.1146788990823
600.8669724770643 561.050458715596
583.2522935779818 563.0076452599385
667.4113149847096 559.0932721712535
686.9831804281347 570.8363914373085
731.0198776758411 567.9006116207947
730.0412844036699 555.1788990825685
708.5122324159023 529.735474006116
703.6192660550461 538.5428134556571
778.9709480122325 549.3073394495409
827.9006116207953 646.1880733944952
328.3287461773702 571.8149847094797
301.90672782874634 640.3165137614676
318.54281345565767 629.5519877675838
480.9892966360858 724.4755351681954
547.5336391437311 547.3501529051985
415.4235474006118 540.4999999999995
534.8119266055048 576.7079510703361
546.55504587156 581.6009174311923
724.8489932885907 642.3389261744967
753.520134228188 706.1241610738255
928.4463087248322 665.8557046979868
