204.09550561797732 411.06179775280907
376.67977528089887 529.713483146067
373.98314606741576 289.7134831460671
587.0168539325842 295.10674157303333
1520.0505617977528 454.207865168539
1676.455056179775 292.4101123595501
1795.1067415730336 149.48876404494354
1662.9719101123596 152.18539325842653
1568.5898876404494 141.398876404494
1606.3426966292132 154.88202247190975
1214.6573033707862 153.19662921348316
1203.8707865168535 99.26404494382024
1147.2415730337075 128.9269662921348
1171.5112359550558 123.53370786516854
1122.9719101123592 116.79213483146066
1089.26404494382 166.67977528089887
1043.4213483146063 118.14044943820227
1067.6910112359546 131.62359550561797
1035.331460674157 84.43258426966293
1100.0505617977526 81.73595505617982
934.207865168539 180.16292134831463
953.0842696629211 173.42134831460675
884.3202247191009 235.4438202247191
779.1516853932582 220.6123595505618
744.0955056179773 157.24157303370788
991.1741573033704 74.8258426966292
946.6797752808985 68.08426966292134
929.8258426966289 89.65730337078651
879.9382022471907 119.3202247191011
844.207865168539 112.57865168539325
896.1179775280896 79.54494382022472
836.7921348314604 49.20786516853934
760.6123595505615 78.19662921348313
724.207865168539 97.07303370786516
710.7247191011234 82.24157303370785
747.1292134831458 75.5
689.1516853932582 96.39887640449439
673.64606741573 116.62359550561797
581.2865168539323 117.97191011235955
560.387640449438 106.51123595505618
643.3089887640447 103.14044943820224
447.80337078651667 224.48876404494376
466.67977528089864 159.7696629213483
477.4662921348312 89.65730337078651
565.7808988764042 81.56741573033707
118.14044943820224 148.9831460674157
157.91573033707866 129.4325842696629
165.33146067415734 122.01685393258427
186.90449438202248 97.07303370786516
205.1067415730337 100.4438202247191
163.30898876404493 176.62359550561797
173.42134831460677 175.94943820224717
304.8820224719101 173.9269662921348
322.41011235955057 136.17415730337078
1892.4808105037243 68.50277742709251
