142.0730337078652 382.7471910112357
293.08426966292143 679.3764044943817
479.1516853932584 768.3651685393255
605.8932584269663 315.33146067415703
657.1292134831461 261.3988764044941
711.061797752809 239.8258426966289
740.7247191011237 250.61235955056145
899.8258426966291 274.88202247190986
1161.3988764044943 137.3539325842694
1293.5337078651687 153.53370786516825
1218.0280898876404 99.60112359550534
1253.0842696629215 99.60112359550534
1484.9943820224717 145.44382022471882
1538.9269662921347 177.80337078651652
338.9269662921349 183.19662921348288
460.27528089887653 177.80337078651652
522.2977528089888 212.8595505617975
495.3314606741572 239.8258426966289
320.05056179775283 78.02808988764014
276.90449438202256 51.061797752808616
71.9606741573034 107.69101123595476
18.028089887640476 107.69101123595476
144.7696629213483 126.56741573033673
117.8033707865169 118.4775280898873
182.52247191011236 118.4775280898873
174.43258426966293 67.2415730337076
1091.2865168539324 59.15168539325816
1406.7921348314608 107.69101123595476
1549.7134831460671 34.88202247190975
1671.061797752809 83.42134831460646
1633.308988764045 91.5112359550559
1657.5786516853932 153.53370786516825
1784.3202247191011 172.41011235955034
1819.3764044943819 80.72471910112336
1900.2752808988762 59.15168539325816
1714.2078651685392 5.219101123595237
1627.9157303370785 21.398876404494104
1188.365168539326 34.88202247190975
1166.7921348314608 21.398876404494104
994.2078651685393 24.095505617977324
386.79213483146077 72.97191011235952
409.71348314606746 70.27528089887636
420.5000000000001 70.27528089887636
429.93820224719116 70.27528089887636
448.81460674157313 70.27528089887636
370.6123595505619 36.56741573033702
331.51123595505624 51.39887640449433
206.1179775280899 51.39887640449433
229.0393258426966 24.43258426966281
331.51123595505624 24.43258426966281
342.2977528089888 17.69101123595499
389.4887640449439 23.084269662921315
440.7247191011237 8.252808988763945
729.2640449438201 184.88202247191015
803.4213483146067 172.7471910112359
862.7471910112358 108.02808988764042
889.7134831460673 91.8483146067415
955.7808988764044 54.09550561797744
943.6460674157303 36.56741573033702
1087.9157303370787 8.252808988763945
1032.6348314606741 10.949438202247165
1264.544943820225 17.69101123595499
1217.3539325842698 20.387640449438095
1387.241573033708 54.09550561797744
1331.9606741573036 24.43258426966281
1431.73595505618 44.65730337078645
1414.2078651685395 5.556179775280839
1145.8932584269664 59.488764044943764
1110.8370786516855 1.5112359550561223
885.6685393258426 214.54494382022472
1504.9320889594917 26.568308181095745
294.41176470588226 52.823529411764724
377.7058823529411 8.705882352941202
944.4411764705881 156.32352941176472
1005.1470588235293 109.73529411764707
1065.4999999999998 53.617647058823536
1030.5588235294117 57.5
490.02941176470597 342.5
444.23529411764696 34.55882352941171
109.48550724637671 437.69806763285055
568.2294685990339 274.7512077294685
691.900966183575 257.7463768115941
263.68840579710144 94.65458937198053
264.4613526570048 94.65458937198053
232.77053140096615 102.38405797101439
282.2391304347826 86.15217391304333
407.4565217391305 18.90579710144914
395.86231884057975 4.992753623188264
248.2294685990338 32.0458937198066
202.62560386473427 29.727053140096473
191.80434782608694 32.0458937198066
135.37922705314003 89.24396135265687
93.6400966183574 73.01207729468581
904.461352657005 241.51449275362307
1233.7367149758454 158.03623188405788
1242.2391304347825 121.70772946859893
1701.3695652173915 80.74154589371966
1859.8236714975847 48.2777777777776
1817.3115942028985 2.6739130434781373
1796.4420289855075 67.60144927536214
1297.891304347826 48.2777777777776
1277.0217391304348 41.321256038647164
1244.5579710144928 5.765700483091678
1188.9057971014493 8.857487922705104
1150.2584541062802 38.22946859903368
