1021.511235955056 52.578651685393254
1036.3426966292134 31.005617977528118
1071.3988764044943 45.162921348314626
1088.252808988764 67.41011235955057
1091.623595505618 47.85955056179776
1123.9831460674156 19.544943820224717
1136.7921348314605 76.84831460674158
1150.9494382022472 57.97191011235955
1168.4775280898875 41.792134831460686
1175.2191011235955 15.5
1181.2865168539324 28.98314606741576
1191.3988764044943 67.41011235955057
1196.7921348314605 37.74719101123594
1206.9044943820222 37.74719101123594
1258.8146067415728 9.432584269662925
1219.0393258426966 38.421348314606746
1223.084269662921 24.938202247191015
1282.4101123595506 4.71348314606746
1292.5224719101122 10.10674157303373
1330.2752808988762 32.35393258426967
1310.7247191011234 55.27528089887642
1288.4775280898875 67.41011235955057
1266.9044943820224 46.51123595505618
1256.7921348314605 64.7134831460674
1229.1516853932583 62.691011235955045
1222.4101123595506 82.91573033707866
1269.6011235955057 124.7134831460674
1303.9831460674156 114.60112359550561
1297.9157303370785 91.67977528089887
1337.691011235955 84.93820224719101
1338.3651685393256 7.410112359550567
1355.2191011235955 22.915730337078656
1370.7247191011234 51.2303370786517
1380.8370786516853 90.33146067415731
1393.6460674157302 91.67977528089887
1440.8370786516853 79.54494382022472
1471.8483146067413 70.78089887640448
1460.3876404494379 36.39887640449439
1461.7359550561796 18.196629213483163
1437.4662921348313 30.331460674157313
1418.5898876404492 30.331460674157313
1435.4438202247188 5.387640449438209
1397.6910112359549 12.803370786516894
1374.769662921348 26.286516853932596
1383.5337078651683 12.803370786516894
1369.3764044943819 8.084269662921372
1419.9382022471907 14.151685393258447
1491.398876404494 22.915730337078656
1491.398876404494 16.84831460674158
1508.9269662921347 18.87078651685394
1456.3426966292132 172.57865168539323
1429.3764044943819 155.72471910112358
1433.4213483146066 116.62359550561797
1363.9831460674154 145.6123595505618
1381.511235955056 165.1629213483146
1269.938202247191 157.24157303370788
1310.387640449438 174.7696629213483
1323.8707865168537 271.84831460674155
1252.4101123595506 238.1404494382022
1233.5337078651685 188.25280898876406
1125.6685393258426 149.1516853932584
1153.9831460674156 145.10674157303367
1174.2078651685392 89.82584269662925
1059.6011235955057 146.45505617977528
1105.443820224719 132.97191011235952
1054.2078651685392 127.57865168539325
985.443820224719 80.38764044943821
985.443820224719 408.02808988764036
1732.4101123595503 413.4213483146067
1763.4213483146066 261.06179775280896
1732.4101123595503 235.4438202247191
519.6011235955056 764.3202247191008
794.6573033707865 740.0505617977524
627.4662921348314 497.3539325842693
880.9494382022473 313.9831460674153
843.1966292134831 157.57865168539297
905.2191011235956 208.81460674157267
344.32022471910113 402.9719101123592
487.2415730337078 400.2752808988761
398.25280898876406 273.53370786516825
309.2640449438203 303.19662921348277
142.0730337078652 295.10674157303333
565.4438202247192 195.33146067415692
113.08426966292132 103.30898876404495
90.16292134831457 114.09550561797755
63.19662921348311 50.72471910112358
18.702247191011224 49.37640449438203
297.8033707865167 6.230337078651701
284.3202247191011 8.92696629213492
721.1741573033705 54.7696629213483
868.140449438202 57.46629213483152
891.0617977528088 66.90449438202245
908.5898876404492 53.421348314606746
501.3988764044943 87.12921348314609
427.24157303370777 50.72471910112358
