982.4101123595506 10.10674157303373
970.2752808988765 37.07303370786519
955.4438202247192 23.589887640449433
1008.7022471910113 82.91573033707866
975.6685393258429 103.81460674157302
1060.612359550562 57.97191011235955
1081.5112359550562 34.37640449438203
1099.7134831460676 61.34269662921349
1096.3426966292136 28.308988764044955
1140.1629213483147 26.960674157303373
1179.9382022471912 23.589887640449433
1198.1404494382023 26.960674157303373
1198.8146067415732 12.129213483146088
1212.9719101123596 97.74719101123594
1150.2752808988764 87.63483146067415
1255.4438202247193 140.2191011235955
1327.5786516853932 123.36516853932582
1377.4662921348315 95.0505617977528
1382.185393258427 26.286516853932596
1368.0280898876404 16.174157303370805
1339.0393258426966 11.455056179775283
1301.2865168539327 8.084269662921372
1287.803370786517 7.410112359550567
1481.2865168539324 35.72471910112358
1423.308988764045 9.432584269662925
1521.0617977528088 4.71348314606746
1554.769662921348 52.578651685393254
1535.8932584269662 88.30898876404495
1573.6460674157302 65.38764044943821
1566.2303370786515 130.78089887640448
1609.3764044943819 72.80337078651684
1593.196629213483 44.48876404494382
1603.308988764045 21.567415730337075
1563.5337078651685 35.050561797752835
1550.7247191011234 20.893258426966298
1571.623595505618 8.084269662921372
1597.9157303370785 9.432584269662925
1621.511235955056 12.129213483146088
1484.6573033707864 127.41011235955054
1508.252808988764 201.56741573033705
1421.2865168539324 165.83707865168537
1307.6910112359549 269.1516853932584
1268.5898876404494 250.27528089887636
1323.8707865168537 178.81460674157302
1170.1629213483145 189.6011235955056
1437.129213483146 339.2640449438202
1424.9943820224719 293.4213483146067
1646.1179775280898 360.8370786516854
1868.5898876404492 278.58988764044943
1036.6797752808989 294.7696629213483
568.1404494382024 189.9382022471907
422.52247191011236 214.207865168539
42.297752808988776 241.1741573033704
368.58988764044943 68.58988764044909
643.6460674157303 117.12921348314569
651.0617977528091 58.81460674157313
664.544943820225 7.578651685393311
793.983146067416 73.64606741573039
869.4887640449441 33.19662921348322
860.050561797753 161.28651685393265
903.1966292134833 159.9382022471911
942.297752808989 275.8932584269664
792.6348314606743 240.8370786516855
761.6235955056183 188.25280898876412
742.7471910112362 108.70224719101134
1223.4213483146068 731.960674157303
