265.2606203641268 662.1992582602832
469.8189480782198 653.1365475387727
862.1048550236007 479.6503708698583
978.6254214430207 421.3900876601483
1047.243088334457 484.8290627107215
1148.2275792312878 431.7474713418744
1229.791975724882 370.89784221173295
1268.6321645313553 522.374578556979
1315.2403910991234 679.0300067430883
1510.7360080917058 776.1304787592717
1588.4163857046526 541.7946729602157
1658.3287255563048 500.36513823331074
1693.2848954821307 496.4811193526634
1900.4325691166553 539.2053270397842
1904.3165879973028 482.2397167902899
1910.7899527983816 207.7690492245447
1877.1284558327714 140.4460552933242
1758.0185434929197 176.69689817936603
1721.7677006068777 171.51820633850298
1691.990222521915 155.9821308159136
1477.0745111260956 117.14194200944019
1452.4757248819958 135.26736345246115
1429.171611598112 149.50876601483472
1330.7764666217126 114.5525960890086
1365.7326365475387 126.20465273095067
1342.4285232636546 196.11699258260273
1153.406271072151 196.11699258260273
1122.3341200269722 154.68745785569786
1042.064396493594 162.4554956169925
1044.6537424140256 113.25792312879287
1077.02056641942 82.18577208361421
1062.7791638570466 29.104180714767153
999.3401888064733 53.70296695886714
983.8041132838839 14.86277815239373
961.7946729602156 113.25792312879287
895.766351989211 31.69352663519885
893.1770060687795 8.389413351314715
875.0515846257586 8.389413351314715
837.506068779501 5.800067430883246
811.6126095751854 13.568105192177882
796.0765340525961 40.75623735670933
790.897842211733 14.86277815239373
610.9383007417397 4.505394470667397
568.214093054619 8.389413351314715
515.1325016857721 8.389413351314715
463.3455832771409 44.64025623735665
401.2012811867836 1.916048550235928
341.64632501685776 23.925488873904214
238.07248819959545 22.630815913688366
179.8122049898854 5.800067430883246
352.003708698584 83.48044504382995
408.96931894807824 126.20465273095067
437.4521240728253 80.89109912339836
560.4460552933243 177.99157113958177
480.17633175994604 249.19858395144968
447.80950775455153 240.1358732299392
596.6968981793661 127.4993256911664
717.1014834794336 209.06372218476054
829.7380310182064 222.01045178691834
834.9167228590695 137.85670937289274
947.5532703978422 234.95718138907614
982.5094403236682 316.52157788267016
934.6065407956844 303.57484828051236
796.0765340525961 298.3961564396493
1534.04012137559 386.4339177343222
1469.306473364801 303.57484828051236
1381.268712070128 267.32400539447053
1205.1931894807822 273.79737019554943
1574.174983142279 295.8068105192177
1649.2660148347943 343.7097100472015
