476.4731543624161 319.82885906040246
503.8557046979866 314.99664429530185
566.6744966442952 318.2181208053689
613.3859060402685 305.3322147651004
508.6879194630874 248.95637583892596
471.6409395973155 245.73489932885877
843.7214765100673 567.8825503355703
954.8624161073826 633.9228187919462
982.2449664429532 390.7013422818791
1049.8959731543625 447.0771812080535
998.3523489932886 232.84899328859046
1085.3322147651008 226.40604026845608
1291.506711409396 300.4999999999998
1380.0973154362418 426.1375838926173
1475.1308724832215 181.30536912751654
1510.5671140939598 150.70134228187896
1566.9429530201344 207.0771812080534
1621.7080536912754 124.929530201342
1695.802013422819 131.37248322147627
1773.1174496644298 136.204697986577
1765.0637583892621 170.03020134228166
1872.9832214765102 81.439597315436
1728.0167785234903 97.54697986577162
1678.08389261745 41.17114093959708
1008.0167785234901 142.64765100671116
552.5805369127517 227.81543624161054
584.7953020134228 213.31879194630858
627.479865771812 206.87583892617434
698.3523489932886 157.7483221476508
759.5604026845638 169.0234899328857
763.5872483221476 130.3657718120803
809.4932885906042 123.11744966442933
865.8691275167787 106.204697986577
872.3120805369128 99.76174496644273
886.0033557046982 89.29194630872462
893.2516778523491 85.26510067114071
910.9697986577182 94.12416107382529
927.8825503355706 91.70805369127493
915.8020134228188 79.62751677852327
923.8557046979868 71.57382550335547
940.7684563758389 65.93624161073802
960.0973154362416 57.077181208053446
985.0637583892619 65.93624161073802
960.0973154362416 75.60067114093937
1039.0234899328862 97.34563758389243
1059.1577181208056 94.12416107382529
1001.9765100671143 107.81543624161054
916.6073825503356 169.82885906040246
918.2181208053692 122.31208053691256
931.1040268456377 114.25838926174475
1034.996644295302 164.99664429530185
1167.8825503355706 133.58724832214745
1217.815436241611 120.70134228187896
1178.3523489932888 113.45302013422798
1193.6543624161077 81.23825503355681
1170.298657718121 68.35234899328839
1159.828859060403 58.68791946308705
1150.1644295302015 43.385906040268196
1183.9899328859062 32.91610738255008
1199.291946308725 26.473154362415926
1228.285234899329 46.60738255033533
1246.0033557046982 36.137583892617215
1266.9429530201344 79.62751677852327
1304.795302013423 82.8489932885904
1325.7348993288592 91.70805369127493
1328.1510067114095 3.9228187919460424
1344.2583892617452 74.79530201342261
1384.526845637584 90.90268456375816
1386.9429530201346 55.46644295301991
1406.2718120805373 49.023489932885695
1469.090604026846 30.499999999999773
1471.5067114093963 20.835570469798427
1481.1711409395975 15.197986577180927
1486.0033557046984 34.526845637583676
1496.4731543624164 52.24496644295277
1591.5067114093963 46.60738255033533
1622.9161073825508 45.80201342281856
1582.6476510067118 36.137583892617215
1612.4463087248325 9.560402684563542
1584.2583892617454 21.640939597315196
1754.1912751677858 113.45302013422798
1877.828094302554 98.48624754420439
1742.5039292730844 118.9086444007859
1521.835952848723 14.232809430255486
1349.1444007858545 12.243614931237758
1173.623772102161 54.635559921414654
991.148330058939 58.87917485265223
982.6611001964636 52.74950884086442
975.5884086444007 62.1797642436149
830.5294117647057 112.02941176470583
1452.2352941176473 48.94117647058826
1301.3529411764707 9.235294117647072
1314.764705882353 3.235294117647072
1054.4705882352941 72.67647058823522
198.49999999999997 426.85294117647044
136.3823529411765 374.6176470588233
