152.85955056179785 711.7359550561795
222.97191011235964 614.6573033707864
934.8820224719101 957.1292134831458
1037.3539325842698 628.1404494382019
1112.8595505617977 514.8820224719099
31.511235955056236 466.3426966292131
279.60112359550567 447.4662921348312
156.56741573033716 253.14044943820227
89.15168539325853 226.17415730337086
82.41011235955065 132.46629213483152
89.82584269662931 86.62359550561806
163.30898876404504 108.19662921348322
284.6573033707866 124.37640449438209
198.36516853932594 176.28651685393265
271.8483146067416 50.89325842696638
382.74719101123605 271.17415730337086
459.6011235955058 229.37640449438203
520.2752808988765 194.32022471910113
599.8258426966294 290.0505617977529
687.4662921348316 238.81460674157307
744.0955056179778 166.00561797752812
620.050561797753 101.28651685393254
544.5449438202248 117.4662921348314
889.3764044943821 36.735955056179876
968.9269662921349 36.735955056179876
991.8483146067416 129.0955056179776
917.0168539325844 232.24157303370797
1024.8820224719102 187.07303370786522
1046.4550561797753 124.37640449438209
1173.1966292134832 46.17415730337086
1256.1179775280898 41.45505617977537
1179.2640449438204 247.0730337078652
1543.6460674157306 327.80337078651695
1677.1292134831463 280.61235955056185
1636.679775280899 205.10674157303373
1776.9044943820227 8.252808988763945
