42.61920529801324 293.3476821192053
61.69205298013242 77.18874172185429
290.56622516556286 126.46026490066231
489.2417218543045 248.84437086092723
916.7913907284767 197.98344370860934
1035.9966887417215 261.5596026490066
1142.4867549668872 275.86423841059604
1125.0033112582778 142.35430463576165
683.1490066225164 135.99668874172187
439.9701986754966 102.6192052980133
746.7251655629138 153.4801324503312
298.5132450331125 39.04304635761582
1129.7715231788077 42.221854304635826
1234.6721854304633 108.97682119205297
1307.7847682119202 120.10264900662253
1295.0695364238409 64.47350993377484
1422.2218543046354 242.48675496688747
1679.7052980132446 294.9370860927153
1682.8841059602646 244.07615894039736
1787.78476821192 178.9105960264901
1902.2218543046351 231.3609271523179
1802.0894039735094 128.0496688741722
1748.0496688741719 108.97682119205297
1554.14238410596 143.94370860927154
1547.7847682119202 88.31456953642385
1541.4271523178804 59.705298013245056
1331.6258278145692 15.20198675496681
1600.235099337748 42.221854304635826
1689.2417218543042 37.45364238410593
1754.4072847682116 46.99006622516549
1851.3609271523173 24.738410596026597
1886.3278145695358 21.559602649006592
1899.0430463576154 70.83112582781462
1911.758278145695 53.347682119205274
1378.5619271084604 15.196065962019361
1426.7782334108156 39.63446778650069
1496.1304548046141 13.875071268804106
1455.8401166615502 0.00462699004441447
1457.821608701373 3.967611069690065
1631.532410859173 22.461536774703006
1782.125805885707 22.461536774703006
1648.0448445243633 3.967611069690065
1848.1755405464673 50.20242533222239
1914.8857725538355 27.0850182009562
1846.1940485066445 8.591092495943315
1822.4161440287708 33.689991667032245
