41.623595505617914 300.83707865168543
67.24157303370777 93.1966292134831
162.97191011235952 110.72471910112358
238.47752808988764 82.41011235955051
312.63483146067415 78.3651685393258
459.6011235955058 82.41011235955051
572.859550561798 271.17415730337086
633.5337078651687 281.9606741573034
630.8370786516856 186.2303370786517
717.1292134831463 156.56741573033707
572.859550561798 151.1741573033708
548.5898876404495 160.6123595505618
655.1067415730339 63.53370786516848
574.2078651685395 25.78089887640442
513.1966292134832 27.297752808988832
482.85955056179785 85.27528089887647
520.6123595505619 79.2078651685394
747.8033707865169 19.882022471910204
736.3426966292136 8.421348314606803
1518.0280898876406 407.6910112359549
1191.7359550561798 310.61235955056156
1176.9044943820224 329.4887640449436
1128.3651685393259 124.54494382022438
1182.2977528089887 132.6348314606738
1001.6235955056179 89.48876404494342
1870.9494382022472 11.792134831460771
1912.7471910112358 10.443820224719161
838.8146067415732 58.983146067415646
810.5000000000001 29.32022471910105
844.2078651685395 29.994382022471825
960.8370786516856 27.971910112359467
1117.915730337079 25.275280898876304
947.3539325842698 16.511235955056094
912.9719101123598 5.724719101123469
352.9117647058823 76.91176470588229
