43.570787637088586 123.19192422731771
99.08424725822522 96.39232303090695
336.45214356929205 345.24576271186424
638.9047856430707 21.73629112661979
795.8738783649053 71.5069790628113
1588.3763708873382 774.0393818544367
1634.3185443668992 197.84795613160497
1559.6625124626123 31.30757726819502
1509.8918245264208 35.13609172482529
1481.1779661016951 2.5937188434693326
1209.3534396809573 21.73629112661979
1190.2108673978066 37.0503489531402
1092.5837487537387 4.507976071784242
1065.784147557328 69.59272183449616
950.9287138584248 56.192921236290886
968.1570289132603 8.336490528414515
885.8439680957129 8.336490528414515
962.414257228315 153.82003988035865
528.0541795665634 29.24613003095982
568.6733746130031 12.404024767801957
587.4969040247678 12.404024767801957
607.3111455108359 8.936532507740026
665.7631578947369 8.441176470588289
720.2523219814242 18.84365325077408
618.704334365325 5.9643962848298315
830.716718266254 13.890092879257052
841.6145510835916 6.955108359133192
920.871517027864 29.741486068111527
978.8281733746135 72.83746130030966
1172.5123839009293 8.441176470588289
1017.6317073170733 33.07560975609755
1044.7926829268295 38.695121951219505
1129.0853658536587 63.98292682926831
1386.6463414634147 160.45121951219517
1487.79756097561 135.1634146341463
1679.79756097561 89.27073170731704
1420.3634146341465 50.87073170731708
1284.558536585366 32.13902439024389
835.9341463414635 50.87073170731708
806.9000000000001 13.407317073170702
435.5583657587546 30.44163424124514
