29.713011542497384 614.0362014690451
221.10860440713543 199.0099685204616
265.4317943336831 221.17156348373544
301.69622245540404 184.90713536201451
329.9018887722981 213.11280167890868
462.87145855194126 229.2303252885623
87.63536201469034 98.74763903462747
69.50314795382988 74.57135362014685
12.084470094438501 85.65215110178377
143.039349422875 81.6227701993704
143.039349422875 123.93126967471142
211.53882476390336 142.06348373557182
222.61962224554028 113.85781741867777
256.86935991605446 127.96065057712485
246.79590766002093 98.74763903462747
334.4349422875131 99.7549842602308
357.60388247639025 99.7549842602308
352.5671563483735 128.96799580272818
395.88300104931784 130.9826862539349
379.7654774396642 33.27019937040916
414.01521511017836 35.28488982161588
438.19150052465886 85.65215110178377
452.29433368310595 43.34365162644275
464.38247639034626 35.28488982161588
491.58079748163686 28.233473242392392
520.7938090241342 35.28488982161588
526.8378803777545 37.299580272822595
577.2051416579224 105.79905561385095
605.4108079748163 112.85047219307444
595.3373557187828 271.00367261280167
580.2271773347323 250.85676810073448
684.9910807974816 274.0257082896117
795.7990556138509 381.811647429171
899.5556138509969 254.88614900314792
707.1526757607555 102.7770199370409
684.9910807974816 99.7549842602308
694.0571878279118 81.6227701993704
637.6458551941238 40.3216159496327
678.9470094438615 21.18205666316885
661.8221406086044 28.233473242392392
703.1232948583421 43.34365162644275
699.0939139559287 21.18205666316885
702.1159496327386 12.115949632738648
721.2555089192025 12.115949632738648
750.4685204616999 9.093913955928542
759.5346274921301 17.152675760755415
739.3877229800629 11.108604407135317
739.3877229800629 26.218782791185617
769.6080797481637 52.40975865687295
774.6448058761805 10.101259181531987
778.6741867785938 71.54931794333675
781.696222455404 114.86516264428116
812.923924449108 106.80640083945434
833.0708289611753 72.55666316894013
967.5514165792237 261.9375655823714
973.5954879328438 202.5041972717733
1031.0141657922352 195.45278069254982
1264.7182581322143 282.0844700944386
1293.9312696747115 230.7098635886673
1373.511542497377 212.5776495278069
1389.6290661070307 127.96065057712485
876.8903462749214 61.47586568730321
862.7875131164744 26.218782791185617
911.1400839454355 21.18205666316885
926.250262329486 29.240818467995723
927.2576075550893 12.115949632738648
941.3604407135363 25.211437565582287
915.169464847849 61.47586568730321
892.0005246589718 56.43913955928639
957.47796432319 102.7770199370409
949.4192025183631 59.461175236096494
961.5073452256034 53.41710388247634
992.7350472193076 49.387722980062904
1011.8746065057713 42.33630640083936
986.6909758656874 8.086568730325212
1017.9186778593916 59.461175236096494
1047.131689401889 114.86516264428116
1108.5797481636937 81.6227701993704
1145.8515215110178 74.57135362014685
1135.7780692549845 30.24816369359911
1189.1673662119624 12.115949632738648
1230.4685204616999 65.50524658971665
1237.5199370409237 63.490556138509874
1023.9627492130116 43.34365162644275
1276.8064008394545 59.461175236096494
1341.2764952780694 16.145330535152084
1403.7318992654775 7.079223504721881
1448.0550891920254 21.18205666316885
1469.2093389296958 19.16736621196219
1528.139034627492 223.65844700944382
1505.9774396642183 172.28384050367254
1539.2198321091291 170.26915005246587
1597.6458551941237 174.2985309548793
1651.0351521511018 146.09286463798526
1694.3509968520461 181.3499475341028
1589.587093389297 92.70356768100726
1712.4832109129065 128.96799580272818
1742.7035676810074 120.90923399790131
1820.2691500524659 174.2985309548793
1906.9008394543546 85.65215110178377
1917.9816369359917 10.101259181531987
1904.886149003148 5.064533053515107
1676.2187827911857 22.18940188877218
1616.7854144805876 35.28488982161588
1209.1687306501547 2.4969040247679004
1070.4690402476779 36.67647058823536
1103.1625386996902 8.441176470588289
799.5092879256964 15.376160990712151
977.8374613003094 2.4969040247679004
848.549535603715 117.91486068111459
923.3482972136221 90.17492260061925
970.9024767801856 88.19349845201242
728.6733746130027 13.890092879257052
1106.0882352941178 68.79411764705875
1080.764705882353 89.61764705882348
1025.4411764705883 92.44117647058815
845.3529411764707 35.176470588235304
772.2058823529411 104.08823529411765
479.52941176470586 73.02941176470583
658.1176470588234 84.85294117647054
548.8823529411764 32.2647058823529
