1203.610667996012 170.9586241276172
1277.3095712861414 128.84496510468603
1414.178963110668 146.07328015952152
1369.1939182452643 136.50199401794623
722.1749750747756 26.432203389830534
712.6036889332003 9.2038883349951
786.3025922233298 68.54586241276178
799.7023928215353 44.61764705882359
800.6595214356928 32.174975074775716
797.7881355932202 9.2038883349951
842.773180458624 36.003489531405876
848.5159521435692 44.61764705882359
884.8868394815552 22.603688933200488
1127.0403788634098 166.1729810568296
1124.1689930209373 55.14606181455639
1100.2407776669988 28.34646061814567
1090.6694915254236 24.51794616151551
1068.6555333998006 31.217846460618205
1055.255732801595 33.132103688933285
1014.0992023928214 8.246759720837531
1021.7562313060816 58.01744765702898
1001.6565304087736 59.93170488534406
941.3574277168493 12.07527417746769
918.3863409770687 6.332502492522508
932.7432701894315 4.418245264207485
883.9297108673977 6.332502492522508
865.7442671984047 1.5468594217348937
835.1161515453638 18.775174476570328
829.3733798604186 4.418245264207485
1118.426221335992 17.818045862412873
1171.068295114656 11.118145563310122
1222.7532402791626 62.80309072781665
1190.2108673978064 11.118145563310122
1331.8659022931206 80.03140578265209
1333.7801595214355 65.67447657028919
1323.2517447657028 21.64656031904292
1264.8668993020938 4.418245264207485
1393.1221335992022 24.51794616151551
1475.4351944167497 48.446161515453696
1468.735294117647 64.71734795613168
1460.1211365902293 68.54586241276178
1447.6784646061815 53.23180458624131
1436.192921236291 75.24576271186447
1404.6076769690926 66.6316051844467
1433.3215353938185 28.34646061814567
1437.1500498504488 24.51794616151551
1441.9356929212363 19.732303090727896
1461.0782652043868 18.775174476570328
1578.8050847457628 35.04636091724831
1570.190927218345 42.70338983050851
1570.190927218345 36.003489531405876
1531.9057826520439 32.174975074775716
1597.9476570289132 61.845962113659084
1489.7921236291127 58.01744765702898
1556.7911266201395 96.30259222333007
1630.0114656031903 62.80309072781665
1612.783150548355 71.41724825523437
1639.5827517447656 61.845962113659084
1654.8968095712862 61.845962113659084
1669.253738783649 68.54586241276178
1690.3105682951145 38.87487537387841
1728.5957128614157 41.746261216351
1755.3953140578265 118.31655034895323
1777.4092721834495 117.35942173479566
1783.1520438683947 105.87387836490535
1732.4242273180457 119.27367896311074
1869.2936191425722 236.04336989032913
1866.4222333000996 388.2268195413761
1908.5358923230308 68.54586241276178
337.88783649052834 102.04536390827525
261.31754735792606 44.61764705882359
328.316550348953 32.174975074775716
352.2447657028912 41.746261216351
441.2577268195413 38.87487537387841
469.0144566301095 36.003489531405876
532.1849451645064 44.61764705882359
599.1839481555334 71.41724825523437
670.9685942173479 33.132103688933285
661.3973080757726 31.217846460618205
645.1261216350946 17.818045862412873
624.069292123629 38.87487537387841
614.4980059820538 22.603688933200488
169.43320039880342 64.71734795613168
1697.8374613003095 46.08823529411771
1460.8095975232197 83.23993808049542
1296.846749226006 11.90866873065022
1239.8808049535603 66.39783281733753
1240.8715170278638 52.03250773993816
1229.9736842105262 53.51857585139325
1206.691950464396 38.657894736842195
1039.7569659442725 27.76006191950472
1102.171826625387 11.90866873065022
862.9148606811143 16.366873065015454
852.0170278637768 38.65789473684208
864.896284829721 39.6486068111455
927.8065015479873 32.713622291021636
957.5278637770895 18.84365325077397
976.846749226006 12.899380804953523
985.2678018575848 34.69504643962848
1010.5309597523217 22.80650154798758
754.4318885448913 18.84365325077397
757.4040247678015 32.713622291021636
599.88080495356 32.71362229102175
631.0882352941172 19.339009287925766
637.0325077399376 31.722910216718333
653.8746130030955 39.153250773993875
292.76006191950455 103.59597523219782
117.10487804878039 67.72926829268295
557.768292682927 62.81219512195125
403.70000000000016 43.14390243902443
691.2317073170734 30.836585365853665
908.5195121951222 49.09999999999999
1065.631707317074 6.068292682926824
1160.9292682926837 26.153658536585368
1155.7780487804887 35.51951219512196
1265.8268292682935 37.86097560975611
1288.3048780487813 37.39268292682928
1215.251219512196 7.8902439024390105
1475.1536585365855 24.28048780487805
1755.6609756097562 47.695121951219534
1703.680487804878 70.1731707317073
1592.6951219512198 32.709756097560984
48.24319066147862 48.30155642023345
873.1264591439684 42.96108949416342
719.3910505836571 10.392996108949418
744.6050583657583 17.04669260700389
740.052529182879 5.315175097276267
1386.3365758754862 67.21206225680933
1007.4260700389102 254.39105058365766
1178.496108949416 67.29961089494162
1174.8190661478595 34.38132295719845
1229.4494163424122 9.867704280155635
1373.7295719844356 28.778210116731515
1368.6517509727623 16.171206225680933
1355.519455252918 9.342412451361866
1346.2392996108947 6.540856031128413
1312.620622568093 15.996108949416337
1311.9202334630345 3.038910505836583
