238.70089955022462 996.0322338830583
1414.5929535232387 794.5329835082457
1506.7068965517244 529.7053973013491
407.0967016491755 391.53448275862047
535.1926536731635 305.17766116941505
494.89280359820094 276.3920539730133
451.7143928035983 213.06371814092927
441.6394302848576 95.0427286356819
385.5074962518741 129.58545727136413
280.4400299850076 236.0922038980508
221.42953523238387 148.29610194902523
221.06971514242878 98.14617691154427
171.4145427286357 101.74437781109452
150.54497751124438 116.85682158920542
128.95577211394306 103.18365817091455
108.80584707646176 120.45502248875569
77.14167916041981 124.05322338830592
16.69190404797604 134.1281859070465
21.729385307346348 69.36056971514246
38.281109445277366 53.528485757121466
92.97376311844079 47.77136431784112
78.5809595202399 44.89280359820094
164.93778110944527 34.817841079460315
17.411544227886083 42.73388305847084
11.654422788605729 22.5839580209896
46.916791604197925 17.546476761619257
52.67391304347825 5.312593703148423
105.20764617691157 6.751874062968568
122.47901049475263 6.751874062968568
187.96626686656674 12.508995502248922
204.51799100449773 21.86431784107947
252.73388305847078 6.032233883058552
557.8613193403298 95.2676161919041
619.0307346326836 81.59445277361328
630.5449775112443 106.06221889055473
706.107196401799 127.65142428785612
732.7338830584708 129.81034482758628
707.5464767616193 66.48200899550227
751.4445277361319 76.55697151424295
781.6694152923537 75.83733133433287
784.547976011994 203.93328335832086
833.4835082458771 144.20314842578716
880.97976011994 229.12068965517244
873.0637181409295 139.88530734632684
842.8388305847077 72.23913043478262
886.0172413793102 88.07121439280365
896.0922038980509 116.13718140929541
918.4010494752624 108.94077961019491
927.0367316341828 85.91229385307349
875.2226386806597 58.56596701649181
947.1866566716642 66.48200899550227
940.7098950524737 37.6964017991005
1116.6619190404801 333.9632683658168
1144.0082458770614 306.6169415292351
984.6079460269868 65.04272863568224
1004.0382308845581 52.089205397301384
1010.5149925037485 83.03373313343332
1018.4310344827591 105.34257871064472
1005.4775112443781 171.54947526236884
1048.6559220389809 155.71739130434784
1061.6094452773616 124.05322338830592
1058.0112443778114 79.43553223388312
1073.8433283358324 67.92128935532241
1091.8343328335836 66.48200899550227
1137.8913043478265 94.54797601199402
1099.7503748125941 131.96926536731638
1153.7233883058475 66.48200899550227
1183.9482758620693 137.00674662668666
1147.9662668665671 228.40104947526243
1248.7158920539734 226.24212893553226
1235.7623688155925 47.77136431784112
1350.9047976011998 62.88380809595208
1338.670914542729 242.07421289355324
1373.213643178411 268.7008995502249
1519.3005997001503 228.40104947526243
1423.5884557721142 44.173163418290926
1475.4025487256376 44.89280359820094
1594.8628185907046 216.30209895052462
1591.2646176911544 109.07571214392794
1604.9377811094453 63.018740629685
1690.5749625187407 34.952773613193244
1656.0322338830583 52.224137931034306
1752.4640179910045 243.6484257871063
1837.3815592203898 232.1341829085456
1897.8313343328336 227.09670164917526
