889.0393258426966 621.3988764044946
1199.1516853932585 537.8033707865166
1474.2078651685392 502.7471910112356
1625.2191011235955 454.207865168539
1489.479591836735 321.38835534213683
1572.4567827130854 329.1674669867947
1608.7593037214888 329.1674669867947
1422.0606242497001 151.54441776710678
1475.2178871548622 68.56722689075627
1272.9609843937574 59.49159663865544
1239.25150060024 59.49159663865544
1221.1002400960383 51.71248499399758
1186.094237695078 99.68367346938771
786.7665066026412 268.2310924369748
991.6164465786316 277.3067226890756
900.8601440576232 156.73049219687869
974.7617046818729 141.17226890756297
1154.9777911164465 119.13145258103236
1166.6464585834333 68.56722689075627
1139.4195678271308 51.71248499399758
1132.936974789916 42.63685474189674
1090.1518607442977 47.82292917166865
1044.7737094837935 24.485594237695068
1061.6284513805522 16.706482593037208
1008.4711884753902 59.49159663865544
920.3079231692678 97.09063625450176
964.389555822329 100.98019207683069
852.888955582233 99.68367346938771
798.435174069628 115.24189675870343
803.6212484993999 78.93937575030009
876.2262905162066 62.08463385354139
955.3139255702282 54.30552220888353
987.7268907563026 43.93337334933972
929.3835534213687 14.113445378151255
952.7208883553423 18.003001200480185
987.7268907563026 6.334333733493395
654.5216086434575 69.86374549819925
645.4459783913567 43.93337334933972
676.5624249699882 32.26470588235293
716.7545018007205 45.229891956782694
727.1266506602643 37.450780312124834
729.7196878751503 18.003001200480185
749.1674669867949 21.892557022809115
764.7256902761106 65.97418967587032
750.4639855942379 55.60204081632651
786.7665066026412 38.74729891956781
801.028211284514 15.409963985594231
829.5516206482595 10.223889555822325
824.3655462184876 2.444777911164465
899.5636254501802 18.003001200480185
597.4747899159665 18.327130852341043
637.0186074429773 11.196278511404671
771.8565426170469 10.548019207683183
842.5168067226892 9.899759903961694
982.5408163265307 28.051020408163367
1677.4747899159665 311.016206482593
