109.71348314606746 884.3202247191009
643.6460674157303 754.8820224719099
1447.241573033708 533.7584269662918
60.49999999999994 468.0280898876406
100.94943820224711 319.71348314606746
126.56741573033703 269.82584269662925
250.61235955056182 250.94943820224722
303.1966292134832 194.32022471910113
404.32022471910125 194.32022471910113
451.51123595505624 201.06179775280899
103.30898876404495 27.971910112359637
178.14044943820224 17.859550561797846
175.44382022471908 40.10674157303379
215.8932584269663 41.45505617977537
219.2640449438202 11.117977528089966
269.1516853932584 36.735955056179876
312.9719101123595 9.095505617977608
323.75842696629206 25.275280898876474
352.74719101123594 3.028089887640533
378.36516853932585 36.735955056179876
311.6235955056179 116.28651685393265
263.75842696629206 108.870786516854
429.60112359550556 3.7022471910113377
464.6573033707865 8.421348314606803
754.2078651685397 166.00561797752812
548.2528089887643 20.55617977528098
598.8146067415732 29.32022471910119
630.5000000000002 12.46629213483152
792.2977528089889 65.05056179775289
811.8483146067417 62.35393258426973
862.4101123595506 104.1516853932585
879.2640449438202 23.252808988764116
879.2640449438202 6.398876404494445
894.7696629213483 10.443820224719161
910.2752808988763 32.69101123595516
1047.129213483146 60.33146067415737
1120.6123595505617 75.16292134831468
1134.7696629213483 60.33146067415737
1152.2977528089887 83.92696629213492
1235.8932584269662 34.71348314606752
1200.1629213483145 29.32022471910119
1400.050561797753 132.29775280898878
1474.2078651685397 12.297752808988662
1520.3876404494383 25.275280898876474
1742.185393258427 56.28651685393265
1829.1516853932585 5.724719101123696
1913.4213483146068 32.69101123595516
1721.2865168539324 100.78089887640456
1759.7134831460673 105.50000000000009
1809.6011235955057 212.0168539325843
1891.8483146067415 154.03932584269668
1908.0280898876404 185.72471910112364
