1276.40020229265 117.14194200944019
1250.5067430883344 100.31119352663507
1190.9517869184085 117.14194200944019
1212.9612272420768 131.38334457181372
1124.9234659474039 108.07923128792982
1117.1554281861092 53.70296695886714
943.6692515171949 207.7690492245447
1027.8229939312205 187.05428186109225
838.8007417397168 47.22960215778813
856.9261631827376 4.505394470667397
875.0515846257586 69.2390424814564
948.847943358058 4.505394470667397
1013.581591368847 58.8816587997302
1060.1898179366149 56.292312879298606
1080.9045853000673 45.93492919757227
1133.9861766689144 31.69352663519885
1152.111598111935 14.86277815239373
1184.4784221173297 27.809507754551532
1166.3530006743088 77.00708024275104
1236.2653405259607 5.800067430883246
1111.1176470588236 90.23529411764707
