987.9006116207952 299.7660550458713
424.72018348623857 51.29510703363894
447.2278287461774 79.6743119266053
623.3746177370032 30.744648318042607
669.3685015290522 43.46636085626892
796.5856269113152 46.40214067278266
836.7079510703367 43.46636085626892
836.7079510703367 25.851681957186315
791.692660550459 30.744648318042607
1484.5366972477066 99.24617737003035
1689.0626911314987 50.31651376146766
1624.4755351681958 87.50305810397532
1722.3348623853212 80.65290519877652
1834.8730886850153 103.16055045871536
1892.6100917431195 98.26758409785913
1238.4204892966363 5.301223241589923
1135.178899082569 2.9006116207950754
124.94444444444436 130.0652173913046
251.70772946859898 113.06038647343019
336.73188405797094 120.78985507246398
279.53381642512073 49.678743961352666
