155.46688741721852 569.9039735099338
45.798013245033076 272.68543046357627
486.0629139072846 320.3675496688743
608.4470198675496 326.72516556291396
575.0695364238409 293.3476821192053
654.5397350993376 469.771523178808
697.4536423841058 433.21523178807956
740.3675496688741 695.4668874172186
913.6125827814567 563.5463576158941
988.3145695364237 310.8311258278146
1570.0364238410593 371.2284768211921
1682.8841059602646 267.9172185430464
1794.14238410596 286.9900662251656
1393.6125827814567 213.87748344370868
1369.7715231788077 213.87748344370868
721.2947019867548 167.78476821192058
635.4668874172183 197.98344370860934
619.572847682119 172.55298013245033
683.1490066225164 142.35430463576165
451.09602649006615 139.17549668874176
481.29470198675483 131.2284768211921
436.7913907284767 115.33443708609275
409.7715231788078 58.11589403973517
317.58609271523176 70.83112582781462
1317.3211920529798 115.33443708609275
592.8108635586157 97.01945090127629
572.8959475461601 96.56683917372047
561.1280426297091 25.054186219902647
590.0951931932808 24.148962764791065
647.1242708653127 18.717622034121348
631.2828604008595 6.0444936625586925
687.4067146177797 9.66538748300519
692.3854436208936 45.421713959914086
712.752971360905 16.907175123898128
728.5943818253584 8.307552300337761
759.3719792991533 28.222468312793353
776.571224946274 49.04260778036053
690.1223849831146 87.51460462260431
629.925025218192 104.71385026972504
885.1980395596681 109.23996754528312
944.4901758694791 112.40824963817377
928.19615367747 63.97879478970225
950.8267400552604 52.663501600807024
1009.2136529099598 68.50491206526036
1001.0666418139551 122.3657076444016
1041.801697293978 82.08326389193459
1028.6759571948596 75.7466997061533
1039.5386386561988 58.54745405903256
1072.1266830402174 73.48364106837423
1073.4845182228846 106.07168545239247
804.6331520547342 25.054186219902647
855.7782772685407 6.0444936625586925
879.3140871014427 9.212775755449343
906.0181790272354 8.307552300337761
925.9330950396909 12.381057848340049
922.3122012192446 29.580303495460782
953.0897986930395 18.717622034121348
1009.2136529099598 16.907175123898128
986.5830665321694 28.222468312793353
1032.7494627428619 10.570610938116772
1062.1692250339893 4.234046752335473
775.6660014911624 4.234046752335473
1081.5907416341388 7.76349721503442
1111.1210253936229 29.673062584974332
1138.2698346563745 16.336805403271796
1152.5586816367702 79.68402701635893
1183.0415551949475 110.16690057453621
1217.334787947897 100.16470768825928
1284.4923687557562 86.3521556072102
1290.684202447261 111.59578527257578
1367.8439761413972 114.9298495680014
1297.8286259374588 36.3411911758256
1305.449344327003 7.76349721503442
1282.1108942590236 3.47684312091576
1098.9755054602867 324.61867900530666
1198.438292812999 14.650508180741028
245.05544455544464 263.3371628371625
