438.7022471910112 344.99438202247165
295.78089887640454 299.15168539325816
295.78089887640454 299.15168539325816
667.9157303370786 288.3651685393255
778.4775280898876 307.2415730337076
853.9831460674158 210.16292134831428
716.4550561797754 183.19662921348288
1242.2977528089887 700.9494382022469
1377.129213483146 447.4662921348312
1463.4213483146068 393.53370786516825
1547.0168539325841 420.4999999999998
1749.26404494382 833.0842696629211
1592.8595505617977 892.4101123595503
959.1516853932584 269.48876404494354
1023.870786516854 288.3651685393255
334.20786516853934 91.8483146067415
256.0056179775281 110.72471910112358
219.60112359550567 140.3876404494382
424.54494382022483 110.72471910112358
467.6910112359552 110.72471910112358
504.09550561797766 59.488764044943764
455.55617977528095 67.5786516853932
444.7696629213484 29.825842696629138
398.9269662921349 25.78089887640442
579.6011235955058 29.825842696629138
620.050561797753 36.56741573033702
684.7696629213485 31.174157303370748
722.5224719101127 20.387640449438095
769.7134831460676 25.78089887640442
749.488764044944 74.32022471910108
795.3314606741576 68.92696629213481
822.2977528089891 41.96067415730329
888.3651685393261 39.26404494382018
776.4550561797755 144.43258426966293
950.3876404494385 29.825842696629138
957.1292134831461 41.96067415730329
981.3988764044944 13.646067415730272
1007.0168539325844 2.8595505617977324
1001.623595505618 39.26404494382018
1035.3314606741574 50.05056179775272
1079.8258426966293 44.65730337078645
1132.4101123595506 36.56741573033702
1124.3202247191011 74.32022471910108
1155.3314606741574 95.89325842696627
1149.9382022471912 59.488764044943764
1176.9044943820227 46.005617977528004
1216.0056179775283 68.92696629213481
1216.0056179775283 68.92696629213481
1294.2078651685397 166.00561797752812
1348.1404494382025 134.99438202247188
1333.3089887640451 95.89325842696627
1559.8258426966295 182.18539325842698
1582.7471910112363 176.79213483146066
1547.691011235955 68.92696629213481
1571.9606741573034 29.825842696629138
1891.5112359550565 129.6011235955056
1847.0168539325846 134.99438202247188
1822.7471910112363 120.16292134831463
1778.2528089887644 114.7696629213483
1822.7471910112363 238.81460674157307
1810.9494382022472 85.27528089887647
1843.9831460674159 89.994382022472
1732.7471910112358 69.76966292134838
1702.4101123595506 65.05056179775289
1667.3539325842696 61.005617977528175
1874.9943820224719 13.140449438202324
1854.0955056179776 7.747191011236055
1824.432584269663 15.162921348314683
1791.3988764044943 6.398876404494445
1859.4887640449438 216.73595505617982
