326.1102494942684 505.5438300741739
919.0704652730951 382.5498988536749
761.12036412677 954.7953472690492
676.9666217127444 457.64093054619
565.6247471341875 286.74409979770724
416.7373567093729 354.06709372892783
450.3988536749831 444.69420094403233
474.997639919083 606.5283209710046
801.2552258934593 273.79737019554943
740.4055967633176 210.35839514497627
709.3334457181389 264.73465947403906
766.2990559676332 153.392784895482
757.2363452461227 122.32063385030335
806.4339177343222 95.13250168577201
992.8668240053944 163.75016857720823
1034.2963587322993 165.04484153742396
1117.1554281861092 187.05428186109225
1022.6443020903574 44.64025623735665
988.9828051247472 44.64025623735665
951.4372892784895 32.9881995954147
943.6692515171949 62.76567768037751
916.4811193526634 51.11362103843544
916.4811193526634 31.69352663519885
890.5876601483478 31.69352663519885
864.6942009440322 27.809507754551532
757.8836817262305 31.632838840188754
776.0091031692514 28.396156439649303
811.6126095751854 25.15947403910991
944.3165879973027 16.74409979770735
754.2058823529416 187.38235294117644
994.0294117647061 322.7352941176471
1070.2647058823532 353.79411764705884
