430.10244648318053 1068.940366972477
1277.5642201834864 423.06880733944934
46.49388379204902 628.5733944954127
144.3532110091744 585.5152905198775
5.392966360856462 466.12691131498445
422.2737003058105 477.8700305810396
373.3440366972478 425.0259938837919
9.307339449541473 274.3226299694187
167.83944954128458 280.1941896024463
199.15443425076467 307.5948012232413
387.0443425076454 239.0932721712536
909.613149847095 264.5366972477061
608.2064220183488 264.5366972477061
457.5030581039757 291.9373088685013
678.665137614679 256.7079510703361
144.35321100917446 114.90366972477045
154.13914373088704 115.88226299694173
161.96788990825706 111.96788990825672
245.14831804281363 105.11773700305794
536.7691131498473 58.14525993883774
573.9556574923549 62.05963302752275
455.5458715596333 229.39908256880713
572.9770642201838 208.84862385321082
565.1483180428138 229.39908256880713
587.6559633027525 236.24923547400596
636.5856269113153 185.3623853211007
660.0718654434254 175.57645259938818
851.8761467889912 93.3746177370029
837.1972477064223 81.6314984709478
976.1574923547404 105.11773700305794
959.521406727829 105.11773700305794
995.7293577981656 84.56727828746159
1019.2155963302756 86.5244648318041
1044.6590214067282 109.03211009174294
1069.1238532110096 75.75993883792029
997.1972477064224 8.28287461773698
1089.1850152905204 16.60091743119264
1077.4418960244652 48.4051987767584
1100.9281345565753 41.55504587155963
1123.9250764525998 17.579510703363894
1150.8363914373094 2.9006116207950754
1167.9617737003064 3.3899082568807444
1199.2767584097865 3.3899082568807444
1223.252293577982 8.28287461773698
1210.5305810397558 21.983180428134546
1255.5458715596335 11.707951070336378
1280.010703363915 2.9006116207950754
90.0412844036697 118.81804281345546
113.52752293577983 100.22477064220163
730.0412844036699 102.18195718654414
1041.7232415902145 1.9220183486238511
