1490.3635886673665 573.7423924449107
1147.8662119622247 589.8599160545645
1419.8494228751313 233.25970619097575
811.4129066107032 329.9648478488981
476.97429171038834 255.4213011542497
217.079223504722 182.89244491080788
170.74134312696754 219.15687303252867
57.91867785939144 196.99527806925494
65.97743966421831 112.37827911857278
1639.954354669465 43.34365162644275
1581.52833158447 47.373032528856186
1481.8011542497375 23.196747114375626
1335.736096537251 65.50524658971665
1293.4275970619096 67.51993704092331
1274.288037775446 47.373032528856186
1251.1190975865686 49.387722980062904
1281.3394543546694 28.233473242392392
1200.7518363064007 71.54931794333675
1187.6563483735572 51.40241343126962
1155.4213011542497 24.204092339978956
1134.267051416579 15.137985309548753
1114.120146904512 53.41710388247634
1089.9438614900314 25.211437565582287
1056.7014690451206 79.60807974816362
1061.7381951731372 52.40975865687295
1012.3782791185728 74.57135362014685
971.0771248688351 71.54931794333675
985.1799580272822 49.387722980062904
951.9375655823713 75.81479538300115
935.316369359916 103.01311647429179
908.621720881427 60.200944386149104
939.3457502623294 19.403462749213134
972.5881427072402 0.7675760755510055
991.2240293809023 26.958551941238312
1007.341552990556 44.58709338929708
1007.341552990556 33.50629590766013
971.5807974816369 29.476915005246724
977.1211962224553 39.04669464847859
883.9417628541447 80.34784889821624
856.2397691500524 62.21563483735582
872.3572927597061 18.89979013641147
896.5335781741867 10.841028331584596
834.0781741867786 74.8074501573978
786.229275970619 99.48740818468005
782.7035676810074 120.64165792235056
844.1516264428121 23.43284365162657
817.9606505771249 31.995278069255107
787.2366211962224 28.469569779643336
803.3541448058761 16.88509968520475
836.5965372507869 7.315320041972825
734.350996852046 99.7549842602308
682.9763903462747 113.85781741867777
706.145330535152 86.65949632738716
679.9543546694647 65.50524658971665
675.9249737670513 46.3656873032528
677.9396642182579 25.211437565582287
704.1306400839452 14.130640083945421
711.1820566631687 37.299580272822595
740.3950682056661 37.299580272822595
762.55666316894 9.093913955928542
750.4685204616997 2.042497376705114
734.350996852046 4.0571878279117755
589.2932843651624 46.3656873032528
577.2051416579221 52.40975865687295
588.2859391395591 77.5933892969569
613.469569779643 63.490556138509874
626.5650577124867 54.42444910807967
554.036201469045 128.96799580272818
452.7980062959077 120.43704092339965
299.6815320041974 45.89349422875125
293.63746065057717 78.12854144805863
350.0487932843653 64.02570828961166
301.69622245540404 98.27544596012581
257.37303252885624 150.65739769150036
247.2995802728227 130.5104931794333
186.85886673662128 126.48111227701975
190.88824763903472 70.06977964323175
273.49055613851 72.08447009443853
269.46117523609655 51.937565582371235
149.96954813359517 58.7907662082514
874.2131630648332 128.5746561886051
717.4351669941061 117.34675834970537
627.376227897839 71.138506876228
