856.9235764235766 646.9535464535464
868.4320679320681 246.0744255744254
1401.6588411588414 271.0094905094903
862.6778221778222 142.49800199800177
622.9175824175825 48.511988011987796
479.06143856143865 2.478021978021843
712.1505472549428 39.23247631489403
787.3983763489257 28.48278644432503
987.3426079415092 68.25663896543028
987.3426079415092 87.60608073245442
1017.4417395791023 51.057135172519914
1026.0414914755575 77.93135984894239
1065.8153439966627 84.38117377128378
1053.990685139037 110.18042946064935
1073.3401269060612 120.9301193312183
1373.2564742949362 110.18042946064935
1343.1573426573432 217.6773281663393
1280.8091414080427 118.78018135710455
1272.2093895115877 96.20583262890966
1235.6604439516532 80.08129782305616
1188.3618085211492 69.33160795248716
1199.1114983917182 118.78018135710455
1166.8624287800114 120.9301193312183
1157.1877078964994 82.23123579716992
1136.7632971424182 72.5565149136579
1114.1889484142234 70.40657693954404
1094.8395066471992 62.88179403014578
1099.1393825954267 12.358251638471527
1055.0656541260937 4.833468729073161
878.7707402487623 10.208313664357663
1217.385971171686 187.57819652874605
1105.4901768172888 56.52161100196474
993.2352941176465 2.705882352941188
1268.2647058823525 88.55882352941168
