596.6968981793661 812.3813216453135
635.5370869858396 488.7130815913688
546.2046527309508 373.4871881321644
468.5242751180041 360.5404585300067
385.6652056641942 407.14868509777466
307.9848280512475 439.51550910316917
225.12575859743765 442.10485502360075
282.0913688469319 154.68745785569786
344.23567093728934 258.26129467296005
392.1385704652731 185.75960890087651
1179.2997302764666 412.3273769386378
1307.4723533378287 455.05158462575855
741.7002697235334 307.4588671611598
763.7097100472015 234.95718138907614
644.5997977073499 207.7690492245447
521.6058664868509 176.69689817936603
502.1857720836143 131.38334457181372
581.1608226567768 137.85670937289274
1625.9619015509102 258.26129467296005
1695.8742414025623 231.07316250842882
1773.554619015509 190.93830074173957
1824.0468644639243 216.83175994605517
1356.6699258260282 196.11699258260273
1311.356372218476 187.05428186109225
1064.0738368172622 146.9194200944031
1330.7764666217126 78.30175320296689
1351.491233985165 92.54315576534043
246.16419420094402 40.69554956169918
329.67060013486173 10.270734996628448
504.4514497639919 27.10148347943357
595.7258934592044 10.270734996628448
619.0300067430884 52.34760620364125
673.4062710721512 144.9167228590694
718.0724881995956 133.91200269723532
804.1682400539448 146.2113958192852
865.6652056641943 125.49662845583272
925.8674983142282 117.72859069453807
907.0947403910993 7.034052596088941
932.9881995954149 2.5026972353336987
885.732636547539 7.034052596088941
818.4096426163185 41.342886041807105
793.1635198921108 45.87424140256235
771.1540795684425 48.463587322993874
771.8014160485504 4.444706675657358
728.4298718813218 21.275455158462478
719.3671611598113 5.739379635873206
681.8216453135537 29.6908293998651
669.5222521915039 36.81153068105186
661.1068779501013 2.5026972353336987
674.0536075522591 91.1877950101146
713.5411328388403 84.7144302090357
960.5 23.925488873904214
981.2147673634526 74.41773432231957
1458.463587322994 40.01786918408638
1545.2066756574511 7.651045178691902
1584.3705327039784 13.800741739716841
1588.9018880647336 45.843897505057384
1600.2302764666217 34.83917734322327
1617.0610249494268 29.984153742414094
1626.7710721510452 78.5343897505058
1677.9106540795685 30.307821982468056
1691.1810519217802 80.80006743088342
1756.5620364126771 29.66048550236016
1732.610586648685 28.689480782198302
1707.3644639244774 18.332097100472083
1801.5519217801752 35.486513823331165
1187.3914362778153 8.9760620364126
1434.673971679029 21.275455158462478
1359.5829399865138 16.74409979770735
492.8839009287927 799.0758513931887
596.9086687306501 201.64551083591334
940.6857585139321 61.95510835913308
1544.5247678018577 300.7167182662539
758.1764705882354 17.00000000000003
716.1764705882354 53.000000000000014
698.0 48.05882352941178
