1174.057187827912 344.0676810073451
1228.4538300104934 315.86201469045113
1361.4233997901365 269.52413431269656
1393.658447009444 207.06873032528847
1494.3929695697798 344.0676810073451
1617.2890870933895 378.3174186778592
1659.5975865687303 386.3761804826861
1762.3467995802732 253.40661070304293
1780.4790136411336 273.5535152151101
1891.2869884575027 172.81899265477432
660.3111227701995 88.20199370409227
736.8693599160547 80.1432318992654
848.6846799580273 32.262854144805715
854.7287513116476 7.079223504721767
878.9050367261281 14.130640083945309
918.1915005246591 21.182056663168737
957.47796432319 15.13798530954864
968.558761804827 14.130640083945309
971.580797481637 56.439139559286275
1045.116998950682 47.37303252885607
1060.2271773347325 71.54931794333663
1117.645855194124 42.33630640083925
1197.226128016789 38.30692549842581
1126.711962224554 7.079223504721767
1089.44018887723 7.079223504721767
1062.2418677859391 3.049842602308331
1221.40241343127 31.255508919202327
1216.365687303253 14.130640083945309
1261.696222455404 19.167366211962076
1324.1516264428124 43.343651626442636
1420.8567681007346 40.32161594963259
1801.1295907660021 10.101259181531987
1832.3572927597063 16.145330535152084
1683.52203567681 12.855718782791314
1769.6500524658973 3.7896117523611106
1880.961699895068 16.88509968520475
1891.5388247639034 9.833683105981208
1915.715110178384 10.841028331584596
1915.2114375655822 37.53567681007357
1816.995278069255 5.804302203567829
455.76570048309173 692.7705314009665
1123.9782608695652 64.5096618357486
1253.0603864734298 121.70772946859893
1447.8429951690823 175.8140096618356
1648.8091787439614 179.67874396135255
