18.365168539325822 69.43258426966293
7.578651685393311 108.53370786516854
45.33146067415734 49.20786516853934
70.27528089887645 34.37640449438203
107.3539325842697 18.196629213483163
127.57865168539328 37.07303370786519
168.02808988764045 59.99438202247191
161.28651685393257 39.09550561797755
150.50000000000003 18.196629213483163
199.03932584269663 15.5
199.03932584269663 3.3651685393258504
234.76966292134833 14.825842696629223
215.2191011235955 40.443820224719104
217.91573033707866 66.73595505617976
257.01685393258424 57.297752808988776
298.814606741573 13.477528089887642
317.691011235955 24.264044943820238
339.2640449438202 39.76966292134833
416.1179775280899 77.52247191011236
361.51123595505624 175.2752808988764
306.2303370786517 101.11797752808988
196.34269662921346 215.05056179775278
261.06179775280896 225.16292134831457
43.98314606741576 188.75842696629212
3.5337078651685943 157.74719101123594
103.64606741573027 320.38764044943815
307.24157303370777 306.90449438202245
490.6123595505616 194.99438202247188
513.5337078651685 72.29775280898878
558.0280898876404 91.1741573033708
625.443820224719 77.6910112359551
349.03932584269654 4.882022471910091
644.3202247191009 93.87078651685397
657.8033707865168 89.82584269662925
698.252808988764 118.14044943820227
699.6011235955054 155.89325842696627
715.7808988764043 92.52247191011236
731.9606741573032 101.9606741573034
757.578651685393 99.26404494382024
822.2977528089884 120.83707865168537
822.2977528089884 84.43258426966293
858.7022471910109 115.4438202247191
876.2303370786515 87.12921348314609
895.1067415730336 141.06179775280896
950.3876404494379 240.83707865168537
665.8932584269662 254.32022471910108
598.4775280898875 313.64606741573033
9.938202247191043 988.1404494382018
646.3426966292135 1063.64606741573
1255.7808988764045 839.8258426966288
1339.3764044943819 591.7359550561794
1579.3764044943819 553.9831460674153
1754.6573033707864 475.7808988764041
1722.2977528089887 459.6011235955052
1811.2865168539324 278.92696629213447
1840.9494382022472 265.4438202247187
1609.0393258426966 292.4101123595501
1565.893258426966 273.53370786516825
1471.5112359550562 273.53370786516825
1439.1516853932585 243.8707865168535
1250.387640449438 273.53370786516825
1134.432584269663 265.4438202247187
1023.8707865168539 211.51123595505578
972.6348314606743 187.24157303370748
1013.0842696629214 165.6685393258424
1413.870786516854 84.26404494382021
1390.9494382022474 115.27528089887639
1237.2415730337082 72.80337078651684
1266.9044943820227 151.67977528089887
1239.9382022471912 194.1516853932584
1258.1404494382025 177.97191011235952
1167.803370786517 121.34269662921346
1174.544943820225 108.53370786516854
1175.8932584269664 91.67977528089887
1152.9719101123596 87.63483146067415
1159.0393258426968 70.78089887640448
1183.3089887640451 73.47752808988764
1115.2191011235957 89.65730337078651
1099.7134831460676 86.28651685393257
1133.421348314607 139.54494382022472
1512.9719101123596 106.51123595505618
1483.9831460674159 179.99438202247188
1294.544943820225 95.0505617977528
936.5674157303373 89.65730337078651
946.6797752808991 62.01685393258427
995.8932584269664 82.24157303370785
1036.3426966292136 69.43258426966293
1049.8258426966295 128.75842696629212
1049.8258426966295 98.42134831460675
1771.8483146067415 84.93820224719101
1810.9494382022472 93.70224719101122
1825.7808988764045 94.37640449438203
1839.938202247191 111.23033707865167
1877.691011235955 99.7696629213483
1790.7247191011236 126.06179775280899
1656.5674157303372 87.63483146067415
1589.8258426966293 93.70224719101122
