177.62538226299705 307.5948012232413
327.3501529051989 120.77522935779797
337.1360856269115 110.01070336391415
408.573394495413 127.62538226299677
395.85168195718677 164.81192660550442
439.8883792048931 118.81804281345546
445.7599388379207 205.9128440366971
498.60397553516844 180.46941896024447
491.75382262996965 249.9495412844035
628.7568807339451 209.8272171253821
635.607033639144 99.24617737003035
758.909785932722 153.06880733944934
787.2889908256884 153.06880733944934
753.0382262996945 219.61314984709458
862.640672782875 212.76299694189584
1060.3165137614683 209.8272171253821
1114.139143730887 243.0993883792047
937.9923547400615 136.432721712538
903.7415902140676 125.6681957186542
901.7844036697251 93.3746177370029
858.72629969419 135.4541284403668
867.5336391437312 62.05963302752275
827.4113149847097 66.95259938837899
794.1391437308871 77.7171253822628
802.9464831804285 30.744648318042607
874.38379204893 17.044342507644956
959.5214067278291 93.3746177370029
1016.2798165137618 71.84556574923528
1046.6162079510705 80.65290519877652
1061.2951070336394 62.05963302752275
1090.6529051987773 57.16666666666646
1118.053516819572 82.61009174311909
1133.711009174312 121.75382262996919
1738.9709480122324 93.3746177370029
1754.6284403669724 20.958715596329967
1349.4908256880735 64.01681957186526
1268.2675840978593 60.102446483180245
1166.493883792049 140.34709480122302
1151.81498470948 88.4816513761466
1159.64373088685 67.93119266055027
1122.4571865443424 50.31651376146766
1204.6590214067278 32.70183486238511
888.0840978593275 6.325688073394474
914.995412844037 20.02599388379204
948.2675840978596 12.19724770642199
957.0749235474009 25.408256880733916
995.2400611620798 39.10856269113149
1006.9831804281348 39.10856269113149
1094.5672782874622 12.19724770642199
1134.2003058103978 6.325688073394474
1158.1758409785934 11.707951070336378
1183.6192660550462 15.133027522935777
1335.7905198776762 3.3899082568807444
1226.1880733944959 1.9220183486238511
1339.7048929663613 65.04128440366969
991.0314009661835 237.64975845410618
