364.9504383007418 531.4372892784895
474.997639919083 351.47774780849613
570.8034389750505 232.36783546864456
570.8034389750505 313.9322319622386
665.3145650708024 198.7063385030342
670.4932569116655 355.36176668914345
757.2363452461227 398.0859743762642
793.4871881321644 421.3900876601483
803.8445718138908 588.4028995279838
893.1770060687795 606.5283209710046
898.3556979096427 719.1648685097774
1104.2086985839514 685.5033715441672
1312.6510451786917 730.8169251517194
972.1520566419421 413.62204989885356
1096.4406608226568 369.6031692515171
1168.9423465947402 367.0138233310855
1266.0428186109236 333.3523263654753
1808.510788941335 348.88840188806466
1580.648347943358 99.01652056641933
1598.773769386379 77.00708024275104
1469.306473364801 99.01652056641933
1258.274780849629 128.79399865138225
1111.976736345246 140.4460552933242
1194.8358057990558 62.76567768037751
1242.7387053270397 60.176331759945924
1505.5573162508429 9.684086311530564
