177.12921348314615 911.2865168539322
1169.4887640449438 1024.5449438202245
1223.4213483146068 353.0842696629211
1328.5898876404494 382.7471910112357
1625.2191011235955 393.53370786516825
84.43258426966295 182.35393258426973
46.67977528089892 174.93820224719107
58.81460674157307 69.09550561797761
47.3539325842697 36.735955056179876
32.52247191011239 27.297752808988832
21.061797752809014 3.7022471910113377
88.47752808988767 36.735955056179876
127.57865168539328 21.230337078651758
139.71348314606743 20.55617977528098
162.63483146067418 15.162921348314683
265.1067415730337 94.71348314606749
227.35393258426964 116.28651685393265
290.7247191011236 13.81460674157313
306.2303370786517 18.53370786516862
335.21910112359546 35.387640449438294
348.7022471910112 41.45505617977537
364.20786516853934 39.43258426966301
389.1516853932584 48.870786516854025
383.0842696629213 156.73595505617985
432.2977528089888 125.72471910112367
580.612359550562 13.81460674157313
579.9382022471913 23.252808988764116
571.174157303371 41.45505617977537
589.3764044943822 65.7247191011237
575.8932584269666 67.74719101123605
598.8146067415732 54.264044943820295
634.544943820225 56.28651685393265
609.6011235955058 36.735955056179876
656.1179775280901 63.70224719101131
619.0393258426968 105.50000000000009
619.0393258426968 81.90449438202256
606.9044943820227 165.50000000000006
573.8707865168542 184.3764044943821
668.926966292135 181.00561797752815
739.7134831460676 106.84831460674164
772.0730337078653 160.10674157303376
819.9382022471912 163.4775280898877
794.3202247191012 125.72471910112367
801.0617977528092 98.08426966292143
776.11797752809 85.27528089887647
779.488764044944 25.275280898876474
813.8707865168541 27.971910112359637
832.0730337078654 24.601123595505726
847.5786516853934 19.882022471910204
863.7584269662923 32.69101123595516
879.9382022471912 73.8146067415731
919.0393258426968 71.11797752808997
927.803370786517 53.58988764044952
908.2528089887642 29.994382022471996
943.9831460674159 51.56741573033716
983.0842696629218 155.38764044943824
968.2528089887645 73.8146067415731
989.8258426966296 86.62359550561806
1022.8595505617982 93.36516853932591
1063.3089887640454 72.46629213483155
1055.219101123596 34.71348314606752
1124.6573033707868 86.62359550561806
1206.904494382023 130.44382022471916
1206.904494382023 104.1516853932585
1181.2865168539329 85.27528089887647
1192.0730337078655 73.8146067415731
1187.35393258427 41.45505617977537
1152.2977528089891 19.882022471910204
1144.2078651685397 19.882022471910204
1115.219101123596 21.904494382022563
1108.477528089888 29.994382022471996
1121.2865168539329 32.016853932584354
1186.0056179775283 17.18539325842704
1217.6910112359556 19.882022471910204
1217.0168539325846 44.82584269662931
1241.2865168539329 21.230337078651758
1239.9382022471914 48.870786516854025
1246.6797752808993 83.25280898876412
1256.7921348314615 16.511235955056264
1253.4213483146075 25.275280898876474
1272.2977528089896 27.297752808988832
1270.275280898877 81.90449438202256
1277.016853932585 88.64606741573041
1295.893258426967 81.90449438202256
1295.2191011235961 22.578651685393368
1314.769662921349 29.994382022471996
1327.5786516853939 34.71348314606752
1365.331460674158 36.735955056179876
1328.9269662921356 69.09550561797761
1368.702247191012 74.4887640449439
1351.8483146067422 60.33146067415737
1406.455056179776 41.45505617977537
1432.7471910112367 71.11797752808997
1459.0393258426973 72.46629213483155
1556.1179775280907 58.98314606741582
1531.8483146067424 46.84831460674167
1541.960674157304 70.4438202247192
1437.4662921348322 136.51123595505624
1415.2191011235961 184.3764044943821
1347.8033707865175 247.0730337078652
1463.7584269662927 218.75842696629218
1580.387640449439 139.88202247191018
1559.4887640449444 102.12921348314615
1586.455056179776 104.1516853932585
1579.0393258426973 72.46629213483155
1564.8820224719107 65.7247191011237
1591.8483146067424 72.46629213483155
1603.9831460674156 40.10674157303379
1618.814606741573 55.61235955056188
1596.5674157303372 54.264044943820295
1620.8370786516855 36.735955056179876
1649.8258426966293 44.151685393258504
1645.1067415730338 62.35393258426973
1636.3426966292134 52.91573033707874
1685.556179775281 73.8146067415731
1708.4775280898875 58.30898876404501
1723.308988764045 66.39887640449444
1686.9044943820224 53.58988764044952
1698.3651685393259 46.17415730337086
1721.2865168539324 58.98314606741582
1728.0280898876404 53.58988764044952
1740.8370786516853 46.17415730337086
1763.758426966292 106.84831460674164
1779.2640449438202 117.63483146067423
1814.3202247191011 116.28651685393265
1765.7808988764045 149.99438202247197
1725.3314606741574 150.66853932584277
1771.8483146067415 182.35393258426973
1607.2632850241546 54.14734299516908
1487.0700483091787 36.75603864734302
