225.12575859743765 101.6058664868508
767.5937289278488 357.95111260957515
828.4433580579905 475.766351989211
1196.1304787592717 508.1331759946055
1212.9612272420768 691.9767363452461
1122.9814565070803 239.4278489548213
1090.6146325016857 214.18172623061366
1064.0738368172624 224.53910991233988
969.5627107215105 240.72252191503708
941.7272420768712 221.9497639919083
920.3651382333109 195.40896830748483
877.6409305461902 182.46223870532702
862.7521915037087 179.22555630478757
761.767700606878 197.99831422791635
784.424477410654 274.3840188806474
824.5593391773432 275.03135536075524
681.4979770734997 175.98887390424812
697.6813890761969 107.37120701281185
820.027983816588 131.9699932569116
845.2741065407957 134.5593391773432
848.5107889413351 107.37120701281185
893.1770060687795 99.60316925151716
892.5296695886717 138.4433580579905
939.7852326365476 126.79130141604855
954.673971679029 122.90728253540118
943.0219150370871 170.810182063385
1115.8607552258936 161.10013486176666
1156.6429534726906 104.78186109238027
1181.2417397167906 138.4433580579905
1217.4925826028323 115.78658125421441
1214.9032366824008 150.74275118004044
1420.7562373567096 211.59238031018208
1414.2828725556305 259.4952798381659
1111.976736345246 43.284895482130764
1084.141267700607 45.22690492245442
1053.0691166554284 57.52629804450436
1041.4170600134862 47.81625084288601
943.6692515171949 56.878961564396434
921.0124747134188 50.40559676331759
898.3556979096427 25.80681051921772
857.5734996628456 66.58900876601479
933.9592043155766 7.681389076196865
1109.3873904248146 9.623398516520524
1078.962575859744 5.739379635873206
1060.837154416723 2.5026972353336987
1196.130478759272 14.154753877275766
1176.0630478759272 5.092043155765282
1161.1743088334458 25.15947403910991
1456.3597437626436 29.6908293998651
1674.997639919083 150.3887390424815
1664.3165879973028 86.6260957518544
1478.5310182063386 104.42784895482134
1487.593728927849 28.042144302090435
1477.2363452461227 2.4723533378287925
1552.651045178692 12.829737019555012
1592.462238705327 19.626770060687875
1604.761631827377 15.095414699932633
1674.350303438975 12.182400539447144
1681.147336480108 27.39480782198254
1644.2491571139583 22.863452461227325
1774.04012137559 9.269386378961656
1783.7501685772083 69.79534726904927
1753.3253540121377 77.23971679029
1751.0596763317599 121.58226567768043
1799.6099123398517 46.16756574511135
1828.7400539447067 45.52022926500342
1859.1648685097775 52.96459878624415
1877.6139581928524 96.01247471341878
1896.0630478759272 76.59238031018214
1910.6281186783547 69.79534726904927
1883.4399865138234 10.887727579231353
1912.5701281186784 160.42245448415377
1915.8068105192178 196.02596089008767
1865.9619015509102 249.75488873904249
1914.1884693189481 89.86277815239384
1832.5743034055727 18.84365325077408
1642.8529411764705 146.15015479876163
1664.6486068111456 54.50928792569667
1656.7229102167182 20.825077399380888
160.5588235294117 80.97058823529406
550.7352941176473 350.6176470588233
635.4411764705884 400.73529411764684
735.3235294117644 123.6764705882353
718.7352941176467 193.20588235294125
864.2352941176468 106.55882352941174
952.4705882352941 7.470588235294144
965.7058823529412 7.1176470588235645
1169.5294117647059 35.26470588235301
1848.235294117647 91.29411764705884
