69.89182452642058 71.41724825523437
86.16301096709856 59.93170488534406
154.119142572283 53.23180458624131
133.06231306081736 38.87487537387841
121.57676969092707 26.432203389830534
183.79012961116632 11.118145563310122
192.4042871385841 21.64656031904292
286.2028913260218 33.132103688933285
276.6316051844465 44.61764705882359
294.81704885343953 2.5039880358923483
345.54486540378855 55.14606181455639
342.67347956131596 24.51794616151551
361.81605184446653 38.87487537387841
390.5299102691923 37.9177467597209
408.71535393818533 51.31754735792629
394.3584247258224 19.732303090727896
492.94267198404776 41.746261216351
531.2278165503488 25.47507477567308
547.4990029910268 64.71734795613168
625.0264207377866 41.746261216351
658.5259222333 31.217846460618205
722.6535393818543 19.732303090727896
741.7961116650049 45.574775672981104
697.7681954137587 61.845962113659084
732.2248255234297 75.24576271186447
721.6964107676969 111.61665004985053
815.4950149551346 122.14506480558333
587.698404785643 4.418245264207485
429.7721834496509 4.418245264207485
895.8938185443669 193.9297108673979
866.2228315054836 88.64556331006986
890.1510468594217 38.87487537387841
936.093220338983 81.94566301096717
966.242771684945 4.418245264207485
1095.4551345962113 18.775174476570328
1131.8260219341973 17.818045862412873
1110.7691924227315 9.2038883349951
1221.796111665005 56.1031904287139
1228.4960119641075 8.246759720837531
1259.1241276171486 17.818045862412873
1273.4810568295115 11.118145563310122
1266.7811565304087 44.61764705882359
1416.093220338983 17.818045862412873
1457.2497507477567 14.946660019940282
1574.019441674975 172.8728813559323
1803.2517447657028 321.22781655034913
1721.895812562313 73.33150548354945
1696.0533399800597 78.11714855433706
1685.524925224327 14.946660019940282
1211.7462612163508 463.8399800598207
1161.9755732801593 409.2836490528416
1393.1221335992025 731.9257228315055
904.9865403788635 563.4710867397806
1359.2616099071208 162.01702786377712
1865.5154798761612 38.178018575851354
1875.4226006191952 125.36068111455108
1901.181114551084 118.42569659442722
1046.1965944272447 9.431888544891706
632.0789473684209 35.68575851393197
648.4256965944271 14.385448916408732
674.1842105263156 12.404024767801957
526.0727554179565 43.611455108359195
465.6393188854488 6.955108359133192
494.3699690402476 6.955108359133192
406.19659442724446 5.469040247678095
447.3111455108358 22.806501547987693
214.4938080495355 28.255417956656345
229.84984520123825 29.246130030959733
204.58668730650143 56.986068111455104
309.10681114551073 37.171826625386984
321.986068111455 35.19040247678018
370.5309597523219 36.18111455108357
369.54024767801855 2.0015479876161066
1520.578048780488 430.9195121951217
231.8365853658537 222.99756097560953
137.7097560975609 18.090243902439056
149.88536585365847 11.534146341463384
158.3146341463414 31.20243902439023
240.73414634146337 8.724390243902462
227.62195121951214 8.724390243902462
521.709756097561 11.534146341463384
803.6219512195123 58.36341463414635
1179.6609756097562 54.617073170731715
1150.6268292682928 46.18780487804878
1718.19756097561 104.2560975609756
1663.875609756098 98.63658536585365
1616.1097560975613 117.36829268292684
1487.79756097561 33.07560975609755
