438.69517313746076 849.7549842602308
370.19569779643234 569.7130115424973
497.1211962224555 537.4779643231899
835.5891920251838 686.5650577124868
1141.8221406086045 690.5944386149002
1051.1610703043023 585.8305351521509
1143.8368310598112 406.5230849947534
1103.543022035677 346.08237145855185
992.7350472193075 410.5524658971667
642.1789087093391 348.0970619097586
247.2995802728227 243.33315844700928
257.37303252885624 140.58394543546683
722.7665267576076 55.966946484784785
757.0162644281218 66.04039874081832
867.8242392444913 94.24606505771237
1024.970094438615 37.83473242392438
1085.4108079748164 41.8641133263377
1155.9249737670516 45.89349422875125
1178.0865687303256 51.937565582371235
1123.689926547744 118.42235047219299
1270.7623294858345 84.17261280167872
1329.1883525708292 86.1873032528855
1315.0855194123822 201.02465897166826
1625.3478488982162 3.5849947534102284
1738.1705141657924 3.5849947534102284
1607.2156348373558 49.922875131164574
1915.4632738719836 396.44963273871974
