30.836391437308976 751.8761467889907
210.8975535168197 401.5397553516817
251.99847094801234 563.98623853211
300.92813455657506 663.8027522935778
253.95565749235493 374.13914373088664
212.85474006116226 305.6376146788989
310.71406727828764 197.99235474006093
594.5061162079512 348.695718654434
612.1207951070337 403.4969418960243
610.1636085626913 444.59785932721684
661.0504587155965 313.466360856269
633.6498470948013 307.5948012232413
782.396024464832 505.2706422018347
845.0259938837921 601.1727828746176
913.5275229357799 360.43883792048905
841.1116207951072 401.5397553516817
735.4235474006118 362.3960244648316
825.4541284403672 360.43883792048905
831.3256880733945 291.9373088685013
764.7813455657495 227.35015290519846
741.2951070336392 225.392966360856
868.5122324159022 223.43577981651356
899.8272171253823 196.03516819571837
956.5856269113151 227.35015290519846
1013.344036697248 250.83639143730863
1091.6314984709481 223.43577981651356
1162.0902140672783 405.45412844036673
1109.2461773700306 293.89449541284375
1269.7354740061164 342.82415902140656
1344.1085626911315 311.50917431192636
1211.0198776758411 244.96483180428118
1197.3195718654435 168.6345565749233
1289.3073394495414 143.19113149847067
1281.4785932721713 196.03516819571837
1338.2370030581042 201.90672782874594
1406.738532110092 264.5366972477061
1481.1116207951072 231.26452599388358
1594.6284403669727 244.96483180428118
1680.7446483180431 288.0229357798163
1637.686544342508 182.33486238532078
1483.0688073394497 197.99235474006093
1473.2828746177372 164.72018348623828
1510.4694189602449 141.23394495412822
1494.8119266055046 135.36238532110065
1790.3470948012234 213.64984709480098
1843.1911314984711 211.6926605504584
1794.2614678899083 182.33486238532078
1772.7324159021407 174.50611620795075
1870.5917431192663 196.03516819571837
1737.5030581039757 115.79051987767559
1757.0749235474007 107.96177370030557
1790.3470948012234 106.00458715596301
1696.4021406727832 119.7048929663606
1710.1024464831805 78.60397553516793
1670.9587155963302 100.13302752293544
1817.258409785933 155.02599388379184
1778.1146788990827 91.41743119266033
1767.3501529051991 46.40214067278266
1783.9862385321103 44.444954128440145
1787.9006116207952 66.95259938837899
1740.928134556575 37.5948012232414
1594.139143730887 61.08103975535147
1581.4174311926608 64.99541284403648
1574.567278287462 58.14525993883774
1556.9525993883794 62.05963302752275
1317.197247706422 73.80275229357778
1309.368501529052 70.86697247706405
1274.1391437308869 66.95259938837899
1227.1666666666667 73.80275229357778
1199.7660550458716 70.86697247706405
1856.402140672783 51.29510703363894
1831.9373088685015 60.102446483180245
1820.1941896024468 64.01681957186526
1832.915902140673 32.70183486238511
1861.2951070336394 41.50917431192642
1882.824159021407 41.50917431192642
1886.738532110092 84.56727828746159
1896.5244648318044 120.77522935779797
1912.1819571865444 89.46024464831783
1903.374617737003 58.14525993883774
1909.2461773700306 26.83027522935754
1904.3532110091746 43.46636085626892
1910.2247706422022 50.31651376146766
1188.0229357798166 57.16666666666646
1827.0443425076455 187.31957186544327
542.6406727828748 62.05963302752275
546.5550458715597 43.46636085626892
562.2125382262998 47.38073394495393
574.934250764526 54.23088685015267
663.9862385321103 60.102446483180245
676.7079510703365 57.16666666666646
712.915902140673 58.14525993883774
802.9464831804283 60.102446483180245
813.7110091743122 66.95259938837899
944.8425076452603 60.102446483180245
951.692660550459 60.102446483180245
800.9892966360859 279.3073394495411
5.1065259117083315 647.3714011516312
651.862763915547 426.2581573896349
1829.9817658349327 130.89347408829178
1874.204414587332 149.3195777351248
1457.774472168906 56.2677543186181
1215.9318618042225 48.89731285988489
1033.052783109405 60.41362763915555
775.5479846449136 65.94145873320534
779.693857965451 68.24472168905947
823.9165067178503 55.34644913627636
856.6228406909788 49.357965451055634
1297.558823529412 286.3823529411763
970.7352941176468 521.4411764705881
1623.764705882353 48.05882352941178
1532.8823529411766 55.823529411764724
1560.235294117647 17.705882352941188
