1468.8146067415732 621.3988764044946
1711.5112359550562 597.1292134831458
1886.7921348314608 494.65730337078617
1422.9719101123596 384.0955056179772
1352.8595505617977 235.7808988764042
1490.387640449438 173.75842696629184
1695.3314606741574 141.3988764044941
1870.6123595505615 243.87078651685363
942.9719101123595 260.0505617977525
1031.9606741573034 206.11797752808957
1091.2865168539324 208.8146067415728
1129.0393258426966 117.1292134831458
1115.5561797752807 82.07303370786485
1145.2191011235955 30.837078651685033
1379.825842696629 38.926966292134466
978.0280898876405 57.80337078651655
1040.0505617977528 47.0168539325839
1080.5 52.41011235955034
897.1292134831461 100.94943820224694
840.5000000000001 144.0955056179772
816.2303370786518 79.37640449438175
716.4550561797754 84.76966292134807
589.7134831460675 44.320224719100906
1042.7471910112358 152.18539325842676
926.7921348314607 17.353932584269387
889.0393258426967 17.353932584269387
877.5786516853935 10.275280898876417
1112.1853932584272 6.230337078651701
675.3314606741576 -0.511235955056236
675.3314606741576 0.8370786516853741
727.9157303370789 6.230337078651701
595.7808988764048 7.578651685393197
853.3089887640452 6.230337078651701
608.2528089887643 1.342696629213492
577.2415730337082 6.735955056179819
636.5674157303373 1.342696629213492
