533.0670856431389 582.7036235535924
486.5654403699642 543.4355675451338
468.99815215565377 585.8037332384707
359.4609432899535 568.2364450241604
377.0282315042639 539.3020879652961
344.99376476052134 524.834909435864
810.0102174922678 510.36773090643186
843.0780541309698 512.4344706963507
839.9779444460914 477.2998942677299
863.7454520301585 470.0663050030138
893.7131789839822 495.9005523769997
918.5140564630086 472.1330447929327
922.6475360428464 435.9650984693524
935.0479747823596 438.0318382592713
947.4484135218728 426.66476941471745
958.8154823664266 421.4979199399203
949.5151533117917 404.9640016205694
935.0479747823596 390.4968230911373
888.546329509185 426.66476941471745
870.9790412948745 417.36444036008254
854.4451229755236 422.5312898348798
833.7777250763348 426.66476941471745
822.410656231781 424.5980296247986
786.2427099082007 433.8983586794335
802.7766282275517 435.9650984693524
767.6420517989309 422.5312898348798
755.2416130594177 432.86498878447406
757.3083528493364 460.76597594837887
724.2405162106345 435.9650984693524
753.1748732694988 497.96729216691864
724.2405162106345 472.1330447929327
7.081809108785637 495.9005523769997
9.148548898704522 447.3321673139062
21.548987638217742 430.7982489945552
20.51561774325832 415.29770057016367
65.98389312147351 444.2320576290279
94.91825018033772 469.0329351080544
85.61792112570281 477.2998942677299
118.68575776440478 495.9005523769997
177.58784177709265 488.6669631122837
236.48992578978053 495.9005523769997
281.95820116799575 461.79934584333836
336.7268056008459 443.1986877340684
384.26182076897993 455.59912647358175
260.2574333738476 520.7014298560263
206.52219883595686 575.4700342888764
115.58564807952648 541.368827755215
57.71693396179802 552.7358965997687
72.18411249123012 539.3020879652961
71.1507425962707 399.79715214577215
105.2519491299321 394.6303026709749
115.58564807952648 383.26323382642113
125.91934702912086 361.56246603227294
109.38542870976987 361.56246603227294
100.08509965513491 378.09638435162395
78.38433186098678 368.79605529698904
45.3164952222848 357.42898645243525
19.48224784829885 358.4623563473947
29.815946797893233 347.0952875028408
49.449974802122526 345.0285477129219
76.31759207106789 352.2621369776381
64.9505232265141 357.42898645243525
118.68575776440478 345.0285477129219
317.09277759661666 380.1631241415428
329.4932163361299 378.09638435162395
366.6945325546696 371.89616498186734
404.9292186681687 383.26323382642113
409.0626982480065 404.9640016205694
389.42867024377716 404.9640016205694
386.32856055889886 419.43118015000147
950.548523206751 506.23425132659406
973.2826608958587 505.2008814316347
988.7832093202503 484.5334835324459
1007.3838674295201 479.3666340576487
988.7832093202503 457.66586626350056
965.0157017361832 445.26542752398734
982.5829899504937 432.86498878447406
1004.2837577446418 428.7315092046364
1009.450607219439 407.03074141048813
722.1737764207157 410.13085109536644
710.8067075761619 419.43118015000147
436.9636854119112 464.89945552821666
419.3963971976007 440.0985780491901
447.29738436150564 436.9984683643118
196.18849988636248 450.4322769987845
220.989377365389 443.1986877340684
234.4231859998617 422.5312898348798
235.45655589482107 401.863891935691
231.32307631498338 383.26323382642113
251.99047421417205 365.6959456121107
284.0249409579147 354.32887676755695
302.6255990671845 363.6292058221918
300.55885927726564 383.26323382642113
327.4264765462109 421.4979199399203
276.7913516931986 426.66476941471745
272.65787211336084 397.7304123558532
139.3531556635935 455.59912647358175
134.18630618879635 440.0985780491901
659.13821282819 510.36773090643186
700.4730086265674 495.9005523769997
665.3384321979466 446.2987974189467
641.5709246138796 447.3321673139062
618.8367869247719 433.8983586794335
635.370705244123 424.5980296247986
657.0714730382712 408.0641113054476
697.3728989416891 424.5980296247986
605.4029782902993 512.4344706963507
555.8012233322463 444.2320576290279
528.9336060633011 392.56356288105604
609.536457870137 376.0296445617051
584.7355803911106 373.9629047717862
536.1671953280171 363.6292058221918
483.4653306850859 373.9629047717862
488.632180159883 359.495726242354
451.4308639413433 358.4623563473947
443.1639047816678 349.1620272927597
423.5298767774386 363.6292058221918
392.52877992865547 349.1620272927597
380.1283411891422 352.2621369776381
357.39420350003456 345.0285477129219
349.12724434035914 356.3956165574758
338.79354539076473 349.1620272927597
323.29299696637327 356.3956165574758
309.85918833190055 337.7949584482059
303.65896896214394 347.0952875028408
799.6765185426733 474.1997845828516
748.0080237947016 404.9640016205694
805.8767379124299 363.6292058221918
952.61526299667 363.6292058221918
966.0490716311427 363.6292058221918
999.1169082698448 366.72931550707017
1018.750936274074 383.26323382642113
989.8165792152097 386.3633435112995
970.1825512109805 395.66367256593435
987.7498394252909 410.13085109536644
435.93031551695174 383.1340625895514
452.2058913625629 377.7088706410143
499.7409065306969 392.17604917044645
491.4739473710215 397.0845561715038
519.1165920611865 376.417158272315
541.5923872765542 381.3256652733724
515.2414549550884 368.15019911263954
570.7850868091582 379.7756104309332
557.6096206484253 370.47528137629826
552.1844286998884 381.8423502208521
547.2759216988311 403.8014604887401
584.9939228648504 404.57648790995967
591.7108271820867 388.5592545380884
621.1618691884307 378.22555558849405
621.1618691884307 392.69273411792614
630.9788831905454 365.3084319015011
593.5192244982658 290.13077204320206
561.4847577545233 282.3804978310063
540.3006749078547 296.33099141295867
568.2016620717596 358.5915275842647
423.5298767774385 351.8746232670284
405.96258856312807 346.96611626597104
406.9959584580875 365.566774375241
410.6127530904456 382.61737764207163
168.24934811626193 378.7993342762793
150.57136977990123 393.41766251596215
171.3089982129397 407.3560685119388
227.40258331869947 366.220772767715
240.32110594911688 349.22271667506055
255.95931755435896 346.1630665783827
264.7983067225393 343.7833387254111
272.95737364701347 340.0437663850271
287.91566300854936 343.1034164817049
136.6329637839246 341.06364975058636
160.43024231364086 341.40361087243946
158.7304367043754 298.2285483970971
300.83418563896674 299.58839288450946
192.04662664597817 339.02388301946786
226.3826999531402 339.02388301946786
215.5039440538413 356.3619002339754
187.2871709400349 368.2605394988335
159.41035894808158 361.46131706177175
165.86962026329027 358.74162808694706
172.6688427003521 343.1034164817049
136.6329637839246 369.2804228643928
204.96514927639558 414.83521319270676
205.98503264195483 351.60244452803215
373.2459045936748 402.93657392784866
354.5480428917549 393.41766251596215
370.18625449699704 346.1630665783827
379.7051659088835 342.76345535985183
681.0303831426556 384.34786746707766
686.176727119174 373.7120899156063
671.7669639849225 372.3397315218681
642.9474377164195 382.63241947490485
661.4742760318857 395.3267346169836
641.9181689211158 423.803171287052
733.1800021047086 403.21779538097843
726.661299734452 383.318598671774
716.7117013798497 376.4568067030828
785.6727106651962 383.318598671774
783.6141730745887 393.61128662481076
769.2044099403373 387.7787634514233
771.6060371293792 401.5023473888056
817.9231329180448 384.34786746707766
825.8141936820397 397.7283618060255
839.1946880209874 404.93324337315124
891.6873965814751 399.78689939663286
903.6955325266846 402.18852658567477
907.8126077078995 394.983645018549
884.8256046127839 384.6909570655122
924.2809084327582 418.3137377120991
913.3020412828522 425.5186192792248
902.666263731381 414.19666253088434
887.9134109986949 411.10885614497334
856.0060783442808 448.8487119727748
847.428838383417 456.73977273676974
819.6385809102177 466.3462814929374
835.2092934952307 379.0600100242708
869.1782922168335 384.99994422695545
702.5544952091966 273.71898939853526
789.4260329234595 287.8263331299113
885.9499637170852 298.22121798460944
955.7441905986299 290.7963002312536
482.43196079012637 482.466743742527
261.00621273614377 199.9576257346125
282.37162213653056 187.6314280036201
254.0213673552481 123.53519980245972
245.80390220125318 130.10917192565566
244.57128242815395 121.89170677166072
230.60159166636257 117.78297419466327
220.74063348156866 114.90686139076504
222.7949997700674 122.30258002936047
206.36006946207755 126.41131260635794
201.01871711198086 121.89170677166072
189.51426589638797 130.5200451833554
184.17291354629126 121.06996025626124
172.66846233069836 122.71345328706022
163.62925066130396 120.65908699856149
151.71392618801133 123.53519980245972
140.62034823011817 121.89170677166072
129.52677027222504 126.82218586405769
114.73533299503418 129.28742541025616
104.46350155254052 144.90060920284654
101.17651549094255 124.76781957555895
89.2611910176499 129.28742541025616
81.45459912135473 129.28742541025616
67.48490835956338 130.5200451833554
59.26744320556844 129.28742541025616
72.82626070966008 155.58331390303994
55.98045714397047 152.7072010991417
55.56958388627072 162.5681592839356
44.47600592837758 161.33553951083638
42.421639639878855 141.61362314124855
38.31290706288139 126.41131260635794
32.560681455084946 132.16353821415439
30.91718842428596 141.2027498835488
27.630202362687992 143.66798942974728
15.304004631695609 144.48973594514675
13.660511600896625 133.80703124495335
17.35837092019434 125.58956609095844
18.590990693293577 163.80077905703484
279.9063825903321 124.76781957555895
298.80655244452043 125.58956609095844
307.02401759851534 118.19384745236302
323.0480746488054 126.82218586405769
309.4892571447138 138.73751033735033
339.4830049567953 133.39615798725362
331.6764130605001 146.5441022336455
373.17461208817446 142.43536965664802
364.13540041878 117.78297419466327
362.0810341302813 108.3328892675691
347.2895968530905 118.19384745236302
338.6612584413958 118.19384745236302
336.1960188951973 110.38725555606784
353.45269571858665 122.71345328706022
392.4856552000625 114.90686139076504
381.39207724216936 121.89170677166072
394.54002148856125 139.97013011044956
404.8118529310549 125.58956609095844
408.92058550805234 116.13948116386429
629.1005149940473 103.15557795520866
653.7794631996892 90.94878636962237
588.7650297547186 105.27849823096281
576.5582381691323 103.6863080241472
572.3123976176241 107.40141850671694
555.0636703771216 103.15557795520866
554.0022102392445 117.4852898165491
557.9826857562837 125.18087581615787
563.0246214111997 141.63350795325246
598.5835360300816 129.9574464366047
622.7317541667849 124.38478071275006
665.7208897508062 122.79259050593446
644.4916869932648 107.13605347224767
646.6146072690188 93.8678017487843
665.1901596818676 101.82875278286231
673.1511107159457 98.64437236923112
681.9081568534316 98.64437236923112
691.7266631287945 99.44046747263891
694.1149484390179 93.33707167984576
710.3022155416431 97.58291223135404
713.7519609897437 90.6834213351531
719.3246267135983 90.15269126621456
727.8163078166148 84.84539057682919
733.1236085060002 88.29513602492968
739.7577343677319 87.2336758870526
743.4728448503016 97.0521821624155
760.4562070563347 80.33418499085164
768.9478881593514 94.39853181772281
781.6854098138762 86.96831085258333
788.3195356756079 81.92637519766726
801.322422364602 91.47951643856088
627.7736898217009 194.97187988157523
555.3290354115909 182.2343582270504
822.2975485925357 86.03595203239536
812.5742433773265 90.89760463999998
829.7057811374569 89.74006830485602
834.3359264780329 89.27705377079843
839.8921008867238 90.89760463999998
840.5866226878102 97.61131538383492
852.856507840336 93.21267731028787
869.5250310664092 87.19348836753932
886.4250615595107 100.15789532115161
895.4538449736335 95.75925724760458
903.0935847855837 109.88120053636082
915.3634699381096 100.15789532115161
926.9388332895493 102.7044752584683
939.9032402431615 103.39899705955467
942.2183129134494 98.53734445195008
955.877241668148 105.48256246281379
961.433416076839 99.23186625303646
965.1375323492997 101.31543165629557
983.4266064445742 107.10311333201534
989.6773026543515 109.18667873527446
997.3170424663016 105.71406972984259
1011.4389857550578 112.19627320664874
421.5695970817056 119.02492105106775
415.9625820767394 137.59815825501803
428.9288042757236 119.37535948887813
447.1516030418635 121.12755167793007
453.10905648463995 118.67448261325737
446.10028772843236 136.5468429415869
467.4770324348656 114.81965979734315
484.64851588757443 116.2214135485847
477.9901855691772 129.18763574756883
500.06780715123125 126.03368980727542
505.67482215619737 110.61439854361858
502.87131465371425 99.7508069714967
521.0941134198541 106.409137289894
520.7436749820438 120.07623636449891
534.0603356188384 127.43544355851694
538.2655968725629 109.56308323018742
545.2743656287705 97.9986147824448
507.0765759074389 171.24024828481475
531.2568281163552 163.18016421517595
503.9226299671454 158.27402608583057
472.73360900202135 168.78717922014206
456.61344086274386 179.30033235445353
588.3782934794476 216.0963683245437
647.6023894694023 227.66083677228636
603.4446427889051 102.91260651916402
613.6744130186753 102.91260651916402
262.79329413755636 123.37214697870444
276.0919954362578 119.28023888679638
94.00208534634764 356.6109082174657
53.083004427266715 398.5529661595235
332.355731699994 500.85066845722594
480.6874000316624 428.2192998258573
448.97511231937466 419.0125066190641
442.8372501815125 394.4610580676155
502.1699175141798 459.93158753814504
510.35373369799595 415.943575550133
589.1229644672267 439.47204707860453
633.1109764552386 491.6438752504327
1012.6354519797142 447.65586326242067
966.601485945748 466.0694496760072
