111.42207792207789 476.26785714285717
81.50974025974028 447.9724025974026
87.97727272727275 427.7613636363636
49.172077922077904 402.6996753246753
11.983766233766232 421.29383116883116
57.25649350649348 451.20616883116884
21.68506493506493 464.14123376623377
168.01298701298703 455.24837662337666
207.6266233766234 464.94967532467535
217.3279220779221 488.3944805194805
244.00649350649354 488.3944805194805
256.1331168831169 445.5470779220779
227.02922077922076 435.8457792207792
201.96753246753255 422.9107142857143
217.3279220779221 418.06006493506493
237.53896103896108 416.4431818181818
269.0681818181818 418.86850649350646
296.55519480519484 436.6542207792208
307.0649350649351 424.5275974025974
313.5324675324676 401.0827922077922
376.5909090909092 424.5275974025974
345.8701298701299 422.10227272727275
355.5714285714286 407.55032467532465
345.8701298701299 484.35227272727275
350.7207792207793 449.5892857142857
104.14610389610384 402.6996753246753
125.97402597402599 413.2094155844156
159.12012987012992 412.400974025974
146.99350649350646 409.97564935064935
136.4837662337663 408.35876623376623
138.90909090909093 376.82954545454544
121.1233766233766 365.5113636363636
112.23051948051949 357.42694805194805
100.10389610389609 350.150974025974
99.29545454545456 340.4496753246753
74.23376623376623 354.1931818181818
62.91558441558442 353.3847402597402
21.68506493506493 401.0827922077922
10.366883116883116 364.70292207792204
18.451298701298697 354.1931818181818
24.91883116883116 384.10551948051943
45.12987012987014 376.02110389610385
73.4253246753247 381.6801948051948
51.597402597402606 340.4496753246753
41.08766233766232 357.42694805194805
36.237012987012974 371.1704545454545
31.386363636363626 375.2126623376623
52.405844155844136 389.76461038961037
38.66233766233768 344.49188311688306
28.152597402597394 338.8327922077922
29.769480519480506 329.939935064935
29.769480519480506 320.2386363636363
22.49350649350646 317.81331168831167
14.409090909090878 321.85551948051943
7.133116883116884 325.89772727272725
5.516233766233768 337.21590909090907
8.75 348.5340909090909
3.090909090909065 310.5373376623376
13.600649350649348 307.3035714285714
23.301948051948045 303.26136363636357
19.259740259740227 294.36850649350646
29.769480519480506 291.94318181818176
33.81168831168833 288.7094155844155
47.55519480519479 291.94318181818176
33.81168831168833 317.81331168831167
50.78896103896103 316.1964285714285
52.405844155844136 329.939935064935
92.01948051948051 318.6217532467532
97.67857142857144 310.5373376623376
75.85064935064935 294.36850649350646
69.38311688311688 288.7094155844155
54.83116883116884 293.5600649350649
58.06493506493508 280.62499999999994
71.0 307.3035714285714
73.4253246753247 323.47240259740255
87.16883116883116 297.6022727272727
81.50974025974028 308.9204545454545
112.23051948051949 334.79058441558436
108.99675324675326 322.663961038961
68.57467532467535 336.4074675324675
6.324675324675297 295.9853896103896
10.366883116883116 278.19967532467524
20.068181818181813 271.7321428571428
6.324675324675297 265.2646103896103
11.983766233766232 252.32954545454538
7.133116883116884 241.01136363636357
5.516233766233768 228.07629870129858
4.707792207792181 202.20616883116872
15.217532467532465 215.94967532467524
6.324675324675297 190.8879870129869
10.366883116883116 181.18668831168821
7.133116883116884 170.676948051948
14.409090909090878 173.10227272727263
13.600649350649348 118.12824675324663
16.025974025973994 107.6185064935064
37.04545454545456 116.51136363636351
27.344155844155864 123.78733766233756
18.451298701298697 156.93344155844147
6.324675324675297 147.23214285714278
13.600649350649348 139.14772727272714
20.876623376623343 140.7646103896103
35.428571428571445 155.3165584415583
34.62012987012986 144.80681818181807
62.91558441558442 122.97889610389598
57.25649350649348 87.40746753246742
112.23051948051949 116.51136363636351
170.84253246753244 311.54788961038963
152.65259740259737 308.3141233766234
136.4837662337662 319.6323051948052
126.78246753246748 331.3547077922078
137.29220779220776 339.0349025974026
128.8035714285714 344.69399350649354
140.525974025974 360.4586038961039
166.80032467532467 361.2670454545455
150.63149350649346 339.8433441558442
155.07792207792207 327.3125
172.45941558441555 331.3547077922078
164.77922077922076 336.60957792207796
180.54383116883113 346.7150974025974
185.79870129870127 324.07873376623377
180.13961038961034 307.101461038961
172.05519480519476 302.65503246753246
195.90422077922074 303.8676948051948
198.32954545454547 332.56737012987014
193.88311688311686 347.11931818181824
187.0113636363636 368.13879870129875
200.7548701298701 367.73457792207796
204.79707792207793 356.01217532467535
212.8814935064935 348.33198051948057
226.62500000000003 353.99107142857144
216.92370129870127 306.2930194805195
238.75162337662337 323.27029220779224
250.06980519480518 323.27029220779224
240.77272727272728 330.950487012987
240.77272727272728 342.67288961038963
238.75162337662337 357.2248376623377
223.39123376623377 335.8011363636364
256.5373376623377 348.7362012987013
250.47402597402598 364.9050324675325
267.85551948051955 318.4196428571429
201.1590909090909 325.2913961038961
160.33279220779215 296.1875
199.54220779220776 142.17938311688306
206.81818181818178 149.0511363636363
228.24188311688314 150.6680194805194
222.58279220779224 148.64691558441552
210.86038961038963 147.0300324675324
203.58441558441558 153.09334415584408
195.90422077922074 151.47646103896096
193.07467532467533 147.43425324675317
185.39448051948048 150.26379870129864
180.54383116883113 147.43425324675317
175.288961038961 147.0300324675324
170.84253246753244 147.83847402597397
159.52435064935062 147.0300324675324
152.24837662337657 148.64691558441552
146.1850649350649 145.0089285714285
136.88798701298697 143.39204545454538
127.59090909090904 145.0089285714285
119.91071428571422 146.22159090909085
115.46428571428567 138.54139610389603
106.5714285714285 147.83847402597397
233.49675324675323 137.32873376623368
229.85876623376626 145.0089285714285
255.72889610389612 142.9878246753246
265.02597402597405 144.60470779220773
273.1103896103897 145.0089285714285
289.27922077922085 142.9878246753246
275.93993506493507 149.85957792207785
288.875 151.47646103896096
281.59902597402595 149.0511363636363
219.75324675324677 360.4586038961039
210.4561688311688 359.6501623376624
273.5146103896104 364.096590909091
265.83441558441564 338.63068181818187
258.5584415584416 325.2913961038961
241.58116883116887 305.8887987012987
250.06980519480518 274.3595779220779
167.6087662337662 228.68262987012986
242.7938311688312 141.37094155844147
248.04870129870133 149.0511363636363
202.77597402597402 181.79301948051943
199.54220779220776 178.1550324675324
192.67045454545453 176.94237012987008
190.24512987012983 163.60308441558436
134.4626623376623 159.15665584415578
246.02759740259742 259.40340909090907
233.49675324675323 264.2540584415584
236.73051948051946 257.3823051948052
221.77435064935062 266.6793831168831
271.89772727272725 260.61607142857144
279.57792207792215 288.5073051948052
272.3019480519481 305.48457792207796
269.4724025974026 285.6777597402597
265.4301948051948 274.3595779220779
254.9204545454546 269.91314935064935
256.9415584415584 246.06412337662334
261.3879870129871 235.15016233766232
271.0892857142858 231.1079545454545
286.44967532467535 214.13068181818178
266.2386363636364 251.72321428571428
216.51948051948054 250.10633116883116
222.98701298701297 252.9358766233766
218.9448051948052 239.59659090909088
210.05194805194802 245.2556818181818
202.77597402597402 242.42613636363635
225.41233766233765 238.38392857142856
231.07142857142858 240.40503246753246
237.53896103896105 242.42613636363635
245.21915584415584 226.66152597402595
236.73051948051946 221.002435064935
238.34740259740258 208.87581168831167
252.0909090909091 211.30113636363632
263.4090909090909 196.74918831168827
267.04707792207796 214.53490259740255
272.70616883116884 209.6842532467532
187.4155844155844 269.50892857142856
178.5227272727273 391.3814935064935
163.9707792207792 388.14772727272725
155.0779220779221 369.5535714285714
197.11688311688312 392.9983766233766
216.5194805194805 376.82954545454544
217.3279220779221 393.8068181818182
226.22077922077924 389.76461038961037
232.68831168831176 389.76461038961037
242.38961038961048 398.65746753246754
254.51623376623382 385.72240259740255
237.53896103896108 370.362012987013
168.01298701298703 350.9594155844155
175.28896103896108 359.04383116883116
277.96103896103904 389.76461038961037
298.9805194805195 367.9366883116883
320.00000000000006 357.42694805194805
322.4253246753247 368.74512987012986
313.5324675324676 387.3392857142857
286.04545454545456 415.6347402597402
360.422077922078 392.9983766233766
349.91233766233773 389.76461038961037
370.1233766233767 368.74512987012986
382.25000000000006 345.30032467532465
383.86688311688323 359.8522727272727
384.6753246753247 334.79058441558436
377.39935064935077 330.7483766233766
365.2727272727273 330.7483766233766
354.762987012987 335.59902597402595
344.25324675324686 324.28084415584414
341.8279220779221 337.21590909090907
336.1688311688312 346.91720779220776
313.5324675324676 334.79058441558436
282.81168831168833 331.55681818181813
308.6818181818182 91.44967532467518
317.5746753246754 89.83279220779207
328.0844155844157 87.40746753246742
339.40259740259745 89.02435064935054
354.762987012987 101.95941558441547
373.35714285714295 106.00162337662323
376.5909090909092 110.04383116883105
382.25000000000006 111.66071428571416
388.7175324675325 129.44642857142844
383.86688311688323 152.08279220779207
387.90909090909093 142.38149350649337
375.7824675324676 148.0405844155843
364.46428571428584 149.65746753246742
360.422077922078 152.89123376623365
356.3798701298702 146.4237012987012
350.7207792207793 142.38149350649337
341.8279220779221 118.12824675324663
332.1266233766234 107.6185064935064
322.4253246753247 105.1931818181817
316.7662337662338 96.30032467532453
295.74675324675326 107.6185064935064
304.6396103896105 104.38474025974017
304.6396103896105 91.44967532467518
286.04545454545456 89.02435064935054
290.89610389610397 99.53409090909076
281.19480519480527 108.42694805194793
272.30194805194805 89.83279220779207
259.3668831168831 87.40746753246742
247.24025974025977 87.40746753246742
240.77272727272734 88.21590909090895
255.32467532467544 115.70292207792193
245.6233766233767 116.51136363636351
237.53896103896108 111.66071428571416
249.66558441558445 107.6185064935064
235.11363636363643 90.64123376623365
222.98701298701297 88.21590909090895
210.8603896103896 93.0665584415583
223.79545454545456 104.38474025974017
216.5194805194805 106.81006493506482
209.24350649350654 106.81006493506482
197.9253246753247 88.21590909090895
193.0746753246754 89.02435064935054
183.3733766233766 89.02435064935054
179.3311688311689 93.87499999999989
187.41558441558442 94.68344155844142
180.13961038961037 118.12824675324663
180.13961038961037 104.38474025974017
173.6720779220779 104.38474025974017
166.39610389610397 110.04383116883105
163.9707792207792 91.44967532467518
152.65259740259745 91.44967532467518
146.99350649350646 87.40746753246742
148.61038961038963 104.38474025974017
156.69480519480527 89.02435064935054
143.75974025974023 112.4691558441557
134.86688311688312 111.66071428571416
138.10064935064935 89.02435064935054
130.01623376623382 97.10876623376612
123.54870129870136 98.72564935064923
115.46428571428572 85.7905844155843
111.42207792207789 93.0665584415583
125.97402597402599 89.83279220779207
103.33766233766238 96.30032467532453
100.10389610389609 101.95941558441547
85.55194805194805 94.68344155844142
80.7012987012987 97.10876623376612
90.4025974025974 107.6185064935064
73.4253246753247 117.3198051948051
84.74350649350652 138.3392857142856
76.65909090909093 131.06331168831161
62.10714285714283 138.3392857142856
50.78896103896103 144.80681818181807
95.25324675324674 136.7224025974025
96.87012987012986 145.6152597402596
92.8279220779221 149.65746753246742
72.61688311688312 149.65746753246742
57.25649350649348 167.44318181818176
26.53571428571428 176.33603896103887
300.59740259740266 135.10551948051938
308.6818181818182 141.57305194805184
321.61688311688323 145.6152597402596
324.85064935064946 150.465909090909
381.44155844155847 193.31331168831161
384.6753246753247 179.5698051948051
192.26623376623382 207.05681818181813
176.90584415584414 206.24837662337654
167.20454545454544 198.9724025974025
180.13961038961037 198.16396103896096
177.71428571428572 189.2711038961038
171.24675324675326 192.50487012987003
180.94805194805195 183.61201298701292
167.20454545454544 181.18668831168821
160.73701298701297 183.61201298701292
176.09740259740266 175.52759740259728
119.50649350649354 276.5827922077921
141.33441558441558 265.2646103896103
152.65259740259745 263.6477272727272
138.90909090909093 252.32954545454538
154.2694805194805 236.9691558441558
116.27272727272731 260.41396103896096
104.95454545454544 263.6477272727272
111.42207792207789 249.90422077922074
115.46428571428572 242.62824675324669
83.1266233766234 270.92370129870125
73.4253246753247 265.2646103896103
85.55194805194805 282.24188311688306
106.57142857142861 304.8782467532467
128.39935064935065 314.5795454545454
58.06493506493508 266.0730519480519
48.363636363636374 272.54058441558436
35.428571428571445 249.09577922077915
29.769480519480506 261.22240259740255
17.64285714285711 246.67045454545445
28.961038961038977 243.43668831168824
23.301948051948045 229.69318181818176
20.068181818181813 221.60876623376612
20.068181818181813 215.94967532467524
34.62012987012986 215.14123376623365
28.961038961038977 215.14123376623365
77.46753246753246 246.67045454545445
78.27597402597405 237.77759740259734
77.46753246753246 256.3717532467532
70.19155844155847 249.90422077922074
60.49025974025972 241.01136363636357
54.02272727272725 249.90422077922074
61.2987012987013 249.90422077922074
127.59090909090905 241.01136363636357
141.33441558441558 241.01136363636357
142.14285714285717 224.03409090909082
129.20779220779224 219.18344155844147
115.46428571428572 227.26785714285705
99.29545454545456 242.62824675324669
93.63636363636363 239.39448051948045
92.01948051948051 248.28733766233762
96.87012987012986 263.6477272727272
96.87012987012986 252.32954545454538
81.50974025974028 221.60876623376612
87.16883116883116 233.73538961038957
73.4253246753247 232.1185064935064
46.74675324675326 181.18668831168821
51.597402597402606 184.42045454545445
37.04545454545456 169.8685064935064
16.83441558441558 167.44318181818176
22.49350649350646 165.01785714285705
40.27922077922079 190.07954545454538
27.344155844155864 184.42045454545445
61.2987012987013 150.465909090909
44.321428571428555 153.69967532467524
134.05844155844153 257.9886363636363
125.16558441558442 252.32954545454538
142.14285714285717 207.05681818181813
143.75974025974023 201.3977272727272
133.25000000000006 201.3977272727272
137.29220779220776 192.50487012987003
130.01623376623382 190.07954545454538
140.525974025974 173.10227272727263
131.63311688311688 170.676948051948
131.63311688311688 179.5698051948051
140.525974025974 186.84577922077915
151.03571428571428 155.3165584415583
271.4935064935066 184.42045454545445
271.4935064935066 195.73863636363626
275.5357142857144 198.9724025974025
288.4707792207793 202.20616883116872
292.512987012987 266.8814935064934
295.74675324675326 255.56331168831164
279.5779220779221 249.90422077922074
209.24350649350654 262.0308441558441
201.15909090909093 252.32954545454538
231.87987012987023 249.90422077922074
234.30519480519482 272.54058441558436
241.58116883116887 246.67045454545445
241.58116883116887 252.32954545454538
251.2824675324676 255.56331168831164
257.75000000000006 260.41396103896096
353.14610389610397 316.1964285714285
378.20779220779224 312.96266233766227
384.6753246753247 306.4951298701298
383.05844155844164 282.24188311688306
373.35714285714295 297.6022727272727
346.6785714285715 287.900974025974
349.10389610389615 306.4951298701298
339.40259740259745 299.2191558441558
324.0422077922079 304.8782467532467
313.5324675324676 317.0048701298701
300.59740259740266 308.9204545454545
294.9383116883118 299.2191558441558
300.59740259740266 295.176948051948
289.2792207792208 314.5795454545454
296.55519480519484 284.66720779220776
292.512987012987 276.5827922077921
316.7662337662338 277.3912337662337
309.4902597402598 270.92370129870125
324.0422077922079 276.5827922077921
339.40259740259745 263.6477272727272
345.06168831168833 255.56331168831164
362.84740259740266 255.56331168831164
355.5714285714286 248.28733766233762
373.35714285714295 254.75487012987006
111.42207792207789 198.9724025974025
103.33766233766238 215.14123376623365
97.67857142857144 222.4172077922077
52.405844155844136 224.03409090909082
91.21103896103898 173.10227272727263
82.31818181818181 159.35876623376612
92.01948051948051 159.35876623376612
98.48701298701297 159.35876623376612
101.7207792207792 152.08279220779207
98.48701298701297 181.18668831168821
88.78571428571428 183.61201298701292
79.08441558441558 187.65422077922068
75.85064935064935 168.2516233766233
75.85064935064935 161.78409090909082
66.14935064935065 175.52759740259728
68.57467532467535 168.2516233766233
59.68181818181819 178.7613636363635
47.55519480519479 173.10227272727263
47.55519480519479 166.63474025974017
48.363636363636374 158.55032467532453
25.72727272727275 193.31331168831161
65.34090909090907 207.05681818181813
66.95779220779224 195.73863636363626
65.34090909090907 184.42045454545445
81.50974025974028 175.52759740259728
89.59415584415586 190.07954545454538
100.10389610389609 196.54707792207785
109.80519480519483 175.52759740259728
130.8246753246753 149.65746753246742
137.29220779220776 152.08279220779207
117.88961038961037 155.3165584415583
253.70779220779224 155.3165584415583
242.38961038961048 153.69967532467524
218.13636363636365 155.3165584415583
210.8603896103896 156.93344155844147
155.88636363636368 176.33603896103887
158.31168831168833 172.29383116883105
151.03571428571428 179.5698051948051
146.99350649350646 185.22889610389598
147.80194805194805 192.50487012987003
156.69480519480527 198.16396103896096
153.46103896103904 213.5243506493506
126.78246753246759 210.29058441558436
93.63636363636363 212.715909090909
75.85064935064935 215.94967532467524
74.23376623376623 193.31331168831161
33.00324675324674 235.35227272727263
20.068181818181813 236.9691558441558
48.363636363636374 229.69318181818176
174.4805194805195 165.01785714285705
163.16233766233773 160.97564935064923
221.37012987012992 209.48214285714278
210.05194805194805 198.9724025974025
207.6266233766234 203.8230519480519
220.56168831168833 220.8003246753246
204.39285714285717 231.31006493506487
193.88311688311688 229.69318181818176
187.41558441558442 220.8003246753246
169.6298701298702 218.3749999999999
206.00974025974034 215.14123376623365
197.9253246753247 224.03409090909082
190.64935064935065 249.09577922077915
182.56493506493513 249.09577922077915
180.94805194805195 231.31006493506487
222.1785714285715 169.8685064935064
239.15584415584428 173.10227272727263
236.7305194805195 164.20941558441552
209.24350649350654 166.63474025974017
294.1298701298702 169.8685064935064
353.95454545454555 166.63474025974017
250.47402597402598 186.84577922077915
244.00649350649354 184.42045454545445
263.40909090909093 186.84577922077915
238.34740259740266 201.3977272727272
231.87987012987023 190.07954545454538
223.79545454545456 192.50487012987003
214.09415584415586 176.33603896103887
251.2824675324676 195.73863636363626
293.3214285714286 190.07954545454538
289.2792207792208 184.42045454545445
308.6818181818182 189.2711038961038
324.0422077922079 217.56655844155836
312.724025974026 211.90746753246742
313.5324675324676 203.8230519480519
306.25649350649354 201.3977272727272
298.9805194805195 196.54707792207785
325.65909090909093 196.54707792207785
303.0227272727273 173.10227272727263
298.9805194805195 152.89123376623365
273.11038961038963 173.91071428571422
254.51623376623382 175.52759740259728
270.685064935065 157.741883116883
339.40259740259745 160.97564935064923
351.5292207792208 192.50487012987003
340.21103896103904 176.33603896103887
351.5292207792208 183.61201298701292
377.39935064935077 203.8230519480519
365.2727272727273 201.3977272727272
331.3181818181819 213.5243506493506
345.8701298701299 218.3749999999999
335.36038961038963 232.1185064935064
321.61688311688323 232.926948051948
299.7889610389611 242.62824675324669
305.44805194805195 246.67045454545445
282.81168831168833 235.35227272727263
339.40259740259745 237.77759740259734
325.65909090909093 241.01136363636357
315.95779220779224 242.62824675324669
312.724025974026 253.9464285714285
272.30194805194805 238.58603896103887
248.0487012987014 235.35227272727263
239.96428571428572 236.9691558441558
370.9318181818183 166.63474025974017
363.65584415584425 170.676948051948
377.39935064935077 225.65097402597394
363.65584415584425 220.8003246753246
335.36038961038963 207.05681818181813
320.80844155844164 173.91071428571422
315.95779220779224 184.42045454545445
330.50974025974034 178.7613636363635
387.90909090909093 242.62824675324669
366.8896103896105 231.31006493506487
366.0811688311689 242.62824675324669
359.61363636363643 235.35227272727263
301.40584415584425 218.3749999999999
307.8733766233767 228.07629870129858
330.50974025974034 259.60551948051943
322.4253246753247 263.6477272727272
327.2759740259741 288.7094155844155
331.3181818181819 299.2191558441558
387.10064935064946 259.60551948051943
192.26623376623382 256.3717532467532
201.96753246753255 192.50487012987003
194.69155844155847 195.73863636363626
215.71103896103904 190.07954545454538
228.64610389610397 179.5698051948051
220.56168831168833 181.18668831168821
114.65584415584415 186.84577922077915
90.4025974025974 198.16396103896096
85.55194805194805 209.48214285714278
54.02272727272725 195.73863636363626
13.600649350649348 201.3977272727272
372.54870129870136 181.18668831168821
364.46428571428584 193.31331168831161
354.762987012987 198.16396103896096
290.0876623376624 374.40422077922074
199.54220779220788 311.34577922077915
153.46103896103904 249.90422077922074
331.3181818181819 164.20941558441552
347.4870129870131 176.33603896103887
343.44480519480527 155.3165584415583
315.14935064935077 161.78409090909082
370.9318181818183 203.8230519480519
181.75649350649354 166.63474025974017
