18.681818181818134 591.0785123966942
7.772727272727251 560.3347107438016
4.797520661157023 510.7479338842975
82.15289256198344 520.6652892561983
125.78925619834706 532.5661157024792
112.89669421487599 569.2603305785124
129.7561983471074 593.0619834710743
213.06198347107437 573.2272727272726
186.28512396694208 543.4752066115702
169.42561983471074 504.797520661157
226.9462809917355 515.7066115702479
308.26859504132227 565.293388429752
309.2603305785123 485.9545454545454
354.8801652892561 522.6487603305785
406.4504132231404 541.49173553719
355.8719008264463 594.0537190082644
405.45867768595036 590.0867768595041
391.57438016528926 511.7396694214876
431.2438016528925 485.9545454545454
455.0454545454544 510.7479338842975
477.85537190082636 473.0619834710743
522.4834710743801 546.4504132231405
532.4008264462809 567.2768595041322
558.185950413223 566.2851239669421
605.789256198347 565.293388429752
653.3925619834711 598.0206611570247
702.9793388429753 583.1446280991735
786.2851239669421 563.3099173553718
796.202479338843 596.0371900826445
739.6735537190082 505.78925619834706
589.9214876033056 510.7479338842975
564.1363636363635 500.83057851239664
544.3016528925618 477.0289256198347
565.1280991735537 449.26033057851237
620.6652892561983 434.3842975206611
640.5 492.896694214876
674.2190082644627 470.0867768595041
684.1363636363635 412.5661157024793
648.4338842975205 402.6487603305784
624.6322314049587 386.78099173553716
745.6239669421486 399.6735537190082
721.8223140495868 394.7148760330578
722.8140495867767 451.2438016528925
766.4504132231405 436.3677685950413
783.3099173553719 392.7314049586777
769.4256198347107 355.0454545454545
715.8719008264463 353.06198347107437
679.1776859504132 347.11157024793386
654.384297520661 361.9876033057851
655.3760330578511 332.2355371900826
636.5330578512396 343.14462809917353
704.9628099173553 330.25206611570246
741.6570247933885 342.15289256198344
760.5 326.2851239669422
799.1776859504132 320.3347107438017
795.2107438016528 366.9462809917355
751.5743801652893 298.5165289256198
782.3181818181818 292.5661157024793
778.3512396694214 268.76446280991735
760.5 273.7231404958677
758.5165289256197 260.83057851239664
758.5165289256197 247.93801652892557
781.3264462809916 240.99586776859502
793.2272727272727 246.94628099173553
746.6157024793388 245.95454545454544
713.888429752066 272.7314049586777
726.7809917355371 287.6074380165289
714.8801652892562 314.38429752066116
720.8305785123966 299.5082644628099
694.0537190082644 310.4173553719008
668.2685950413222 302.4834710743801
637.5247933884298 313.39256198347107
655.3760330578511 306.45041322314046
647.4421487603306 288.59917355371897
639.5082644628098 275.7066115702479
658.3512396694214 273.7231404958677
673.2272727272727 279.6735537190082
684.1363636363635 263.8057851239669
701.9876033057851 260.83057851239664
681.1611570247933 237.0289256198347
695.0454545454545 241.98760330578511
689.095041322314 223.14462809917353
703.9710743801652 211.24380165289256
704.9628099173553 195.3760330578512
668.2685950413222 178.5165289256198
656.3677685950413 240.00413223140492
653.3925619834711 257.8553719008264
587.9380165289256 362.9793388429752
554.2190082644627 383.805785123967
537.3595041322312 411.57438016528914
462.9793388429751 430.4173553719008
455.0454545454544 406.6157024793388
483.8057851239669 401.6570247933884
515.5413223140495 388.7644628099173
477.85537190082636 370.9132231404958
482.8140495867768 343.14462809917353
511.5743801652891 352.0702479338843
532.4008264462809 340.16942148760324
552.2355371900826 322.31818181818176
576.0371900826447 317.35950413223134
586.9462809917354 330.25206611570246
573.0619834710742 335.21074380165294
615.7066115702478 318.35123966942143
575.0454545454545 273.7231404958677
535.3760330578511 294.5495867768595
506.6157024793387 323.30991735537185
491.7396694214876 295.5413223140496
517.5247933884298 305.4586776859503
520.5 295.5413223140496
490.7479338842975 268.76446280991735
468.92975206611567 285.62396694214874
439.1776859504131 321.3264462809917
420.33471074380157 360.995867768595
405.45867768595036 371.90495867768595
388.5991735537189 406.6157024793388
429.2603305785123 397.69008264462803
412.400826446281 415.5413223140495
398.51652892561975 467.11157024793386
434.2190082644628 441.3264462809917
374.7148760330578 468.1033057851239
343.97107438016525 456.2024793388429
318.1859504132231 442.31818181818176
205.12809917355372 449.26033057851237
263.6404958677685 505.78925619834706
127.77272727272725 504.797520661157
119.8388429752066 466.1198347107437
98.02066115702473 431.4090909090909
3.8057851239669276 429.4256198347107
26.615702479338836 409.59090909090907
59.34297520661153 372.896694214876
40.5 363.97107438016525
25.62396694214874 339.1776859504132
239.83884297520655 441.3264462809917
270.5826446280991 413.5578512396694
239.83884297520655 403.64049586776855
193.2272727272727 391.7396694214876
152.5661157024793 401.6570247933884
76.20247933884292 397.69008264462803
125.78925619834706 371.90495867768595
151.57438016528926 356.0371900826446
159.5082644628099 322.31818181818176
134.7148760330578 303.47520661157023
107.93801652892557 318.35123966942143
109.92148760330576 297.5247933884297
57.3595041322314 327.2768595041322
77.19421487603302 339.1776859504132
56.3677685950413 344.1363636363636
36.53305785123962 317.35950413223134
14.714876033057806 315.3760330578512
47.442148760330554 274.7148760330578
34.549586776859485 276.698347107438
20.66528925619832 258.8471074380165
11.739669421487577 275.7066115702479
4.797520661157023 262.81404958677683
58.35123966942143 234.0537190082644
63.309917355371844 281.6570247933884
114.88016528925618 271.7396694214876
100.00413223140492 249.92148760330574
115.87190082644622 255.87190082644625
149.59090909090907 266.78099173553716
165.45867768595036 281.6570247933884
146.61570247933884 287.6074380165289
191.2438016528925 303.47520661157023
216.0371900826446 303.47520661157023
216.0371900826446 349.095041322314
250.74793388429742 357.0289256198347
266.61570247933884 381.82231404958674
291.4090909090908 377.85537190082647
325.1280991735537 385.78925619834706
347.9380165289255 385.78925619834706
305.29338842975204 354.05371900826435
333.06198347107437 349.095041322314
371.7396694214876 355.0454545454545
382.64876033057845 330.25206611570246
399.5082644628099 300.49999999999994
420.33471074380157 310.4173553719008
415.37603305785126 290.58264462809916
359.83884297520655 313.39256198347107
332.0702479338842 318.35123966942143
309.2603305785123 324.30165289256195
302.3181818181818 305.4586776859503
281.49173553719 333.2272727272727
253.72314049586777 318.35123966942143
241.82231404958674 295.5413223140496
267.6074380165289 286.61570247933884
294.38429752066116 278.68181818181813
405.45867768595036 343.14462809917353
411.4090909090908 326.2851239669422
458.0206611570247 272.7314049586777
411.4090909090908 267.77272727272725
384.63223140495865 263.8057851239669
334.0537190082644 278.68181818181813
327.1115702479338 288.59917355371897
371.7396694214876 281.6570247933884
351.9049586776859 272.7314049586777
621.6570247933882 253.8884297520661
634.5495867768593 182.48347107438013
428.26859504132227 245.95454545454544
382.64876033057845 239.01239669421483
360.8305785123966 241.98760330578511
333.06198347107437 235.0454545454545
278.51652892561975 245.95454545454544
232.89669421487594 247.93801652892557
204.13636363636357 265.78925619834706
246.78099173553716 259.8388429752066
248.76446280991738 279.6735537190082
220.995867768595 243.97107438016528
192.23553719008265 246.94628099173553
171.40909090909082 242.97933884297515
537.3595041322312 268.7644628099174
553.7231404958676 254.88016528925624
545.293388429752 243.4752066115703
543.3099173553718 236.03719008264468
565.6239669421486 241.98760330578517
573.0619834710743 251.409090909091
594.8801652892561 247.9380165289257
601.3264462809916 256.36776859504135
609.7561983471073 247.9380165289257
586.4504132231403 231.07851239669426
585.9545454545454 215.21074380165294
603.3099173553718 221.16115702479345
609.7561983471073 207.77272727272737
621.1611570247933 210.74793388429757
613.7231404958677 193.88842975206617
654.3842975206611 224.63223140495876
663.3099173553718 229.09504132231413
643.4752066115701 229.09504132231413
554.7148760330577 201.82231404958682
553.2272727272726 186.45041322314054
553.2272727272726 175.0454545454546
570.086776859504 184.46694214876038
571.0785123966941 195.3760330578513
580.4999999999999 190.41735537190087
588.4338842975205 195.8719008264463
584.4669421487603 204.30165289256203
598.8471074380165 199.83884297520666
557.690082644628 216.69834710743808
551.2438016528924 225.12809917355378
536.3677685950412 222.64876033057857
517.0289256198346 229.59090909090915
507.11157024793374 246.45041322314057
483.80578512396676 238.02066115702485
475.8719008264461 247.44214876033064
530.9132231404957 205.29338842975213
525.4586776859503 218.68181818181824
505.6239669421486 223.64049586776866
507.11157024793374 201.3264462809918
512.0702479338842 188.92975206611575
520.995867768595 188.43388429752068
527.4421487603305 177.02892561983475
494.71487603305775 178.5165289256199
483.80578512396676 190.41735537190087
474.88016528925607 185.9545454545455
494.71487603305775 195.8719008264463
486.7809917355371 209.26033057851245
474.88016528925607 200.83057851239676
469.4256198347106 222.15289256198352
460.0041322314048 207.77272727272737
462.48347107437996 195.8719008264463
461.4917355371899 182.48347107438022
440.16942148760313 192.40082644628106
433.2272727272726 216.69834710743808
447.6074380165288 212.73140495867773
422.8140495867767 215.21074380165294
413.39256198347096 202.81404958677692
421.8223140495866 194.38429752066122
430.2520661157023 190.41735537190087
432.73140495867756 175.54132231404964
412.4008264462808 180.9958677685951
400.49999999999983 186.9462809917356
410.9132231404957 189.4256198347108
393.5578512396693 207.2768595041323
372.2355371900825 173.06198347107443
404.46694214876015 233.06198347107443
438.185950413223 203.309917355372
718.3512396694214 232.5661157024794
732.2355371900825 242.48347107438025
16.533057851239676 237.2768595041323
40.8305785123967 246.20247933884306
32.400826446281 228.35123966942155
10.58264462809916 222.8966942148761
20.5 202.5661157024794
27.442148760330582 210.50000000000006
45.29338842975207 230.33471074380174
42.81404958677686 201.5743801652893
68.59917355371903 197.607438016529
97.85537190082644 212.48347107438022
119.17768595041323 234.79752066115708
118.18595041322314 179.26033057851245
209.92148760330585 192.64876033057857
180.16942148760333 210.50000000000006
192.07024793388436 236.78099173553727
153.3925619834711 238.26859504132238
164.79752066115705 222.8966942148761
150.9132231404959 203.06198347107446
165.29338842975213 207.02892561983478
155.3760330578513 213.47520661157031
141.98760330578514 223.39256198347113
266.4504132231406 221.90495867768604
239.1776859504133 229.34297520661164
229.7561983471075 218.92975206611578
253.06198347107443 227.35950413223148
295.706611570248 227.35950413223148
310.5826446280993 222.40082644628106
309.09504132231416 208.02066115702485
283.805785123967 209.50826446281
285.7892561983472 195.12809917355378
297.19421487603313 195.62396694214883
346.28512396694225 184.21900826446284
333.88842975206614 188.68181818181822
322.97933884297527 202.5661157024794
362.6487603305785 210.00413223140498
351.73966942148763 233.30991735537197
348.2685950413223 220.41735537190087
339.8388429752067 221.40909090909096
340.83057851239676 209.50826446281
338.3512396694215 198.59917355371908
352.2355371900827 175.29338842975213
336.8636363636364 142.07024793388436
320.00413223140504 126.20247933884302
310.0867768595042 134.13636363636368
236.69834710743808 207.52479338842983
225.29338842975213 201.5743801652893
235.706611570248 198.10330578512404
244.13636363636368 193.64049586776866
12.566115702479323 143.55785123966947
32.400826446281 147.02892561983478
27.93801652892563 169.83884297520666
34.384297520661164 181.73966942148766
27.442148760330582 187.69008264462815
20.995867768595048 178.26859504132238
11.078512396694208 180.25206611570255
2.152892561983464 182.2355371900827
7.607438016528931 153.97107438016536
66.11983471074382 174.79752066115708
52.73140495867769 174.79752066115708
52.235537190082646 164.88016528925627
88.9297520661157 171.82231404958688
85.45867768595045 188.68181818181822
92.400826446281 204.54958677685957
51.243801652892564 251.16115702479345
84.96280991735537 244.2190082644629
157.8553719008265 193.14462809917364
145.45867768595045 197.11157024793394
135.0454545454546 185.21074380165297
142.97933884297524 191.65702479338847
148.43388429752068 186.20247933884303
167.77272727272728 188.68181818181822
187.11157024793394 192.64876033057857
182.64876033057854 185.21074380165297
177.69008264462812 173.805785123967
198.02066115702482 172.81404958677692
206.45041322314054 168.35123966942155
222.3181818181818 181.24380165289259
213.3925619834711 176.28512396694222
205.45867768595045 176.28512396694222
230.7479338842976 172.31818181818187
234.21900826446284 166.36776859504138
225.29338842975213 167.35950413223145
214.3842975206612 169.34297520661164
222.8140495867769 162.40082644628106
230.25206611570255 156.45041322314054
245.12809917355375 168.84710743801662
247.11157024793394 174.79752066115708
236.202479338843 180.7479338842976
258.5165289256199 178.7644628099174
257.52479338842977 186.20247933884303
276.3677685950414 184.21900826446284
263.47520661157034 187.69008264462815
310.0867768595042 189.1776859504133
305.62396694214885 197.607438016529
318.02066115702485 186.20247933884303
307.11157024793397 179.26033057851245
322.97933884297527 175.29338842975213
329.4256198347108 166.36776859504138
339.8388429752067 162.89669421487608
342.81404958677695 151.98760330578517
356.202479338843 136.6157024793389
368.5991735537191 139.0950413223141
352.2355371900827 155.95454545454552
358.18595041322317 168.84710743801662
312.0702479338844 161.904958677686
298.18595041322317 168.35123966942155
294.2190082644629 158.43388429752073
281.32644628099183 170.83057851239676
282.81404958677695 159.4256198347108
271.90495867768607 155.95454545454552
278.84710743801656 141.5743801652893
289.2603305785125 147.02892561983478
293.22727272727275 133.64049586776866
297.19421487603313 121.24380165289261
285.7892561983472 121.24380165289261
268.9297520661157 142.5661157024794
260.5000000000001 145.54132231404964
258.02066115702485 165.87190082644634
242.64876033057854 152.48347107438022
233.22727272727275 149.01239669421494
229.26033057851245 141.5743801652893
231.24380165289256 135.12809917355378
243.64049586776864 140.0867768595042
258.02066115702485 157.9380165289257
209.42561983471077 157.9380165289257
181.65702479338844 161.409090909091
189.59090909090915 151.98760330578517
194.0537190082645 153.97107438016536
206.94628099173556 149.01239669421494
210.4173553719009 136.11983471074387
192.56611570247938 139.0950413223141
187.60743801652896 137.11157024793394
179.6735537190083 134.63223140495873
171.24380165289259 138.10330578512404
160.3347107438017 133.64049586776866
163.30991735537194 144.05371900826452
138.51652892561984 178.26859504132238
147.93801652892566 167.8553719008265
155.8719008264463 166.86363636363643
158.35123966942152 174.30165289256203
173.7231404958678 157.9380165289257
24.466942148760324 159.92148760330582
83.97107438016528 160.91322314049592
80.50000000000003 146.53305785123973
99.34297520661161 150.50000000000006
92.89669421487602 150.9958677685951
111.73966942148759 154.46694214876038
136.03719008264463 152.48347107438022
152.400826446281 152.48347107438022
144.96280991735543 135.12809917355378
133.55785123966947 135.12809917355378
120.16942148760333 129.6735537190083
126.61570247933885 140.0867768595042
121.16115702479343 145.54132231404964
143.97107438016533 153.47520661157031
149.9214876033058 138.59917355371906
137.5247933884298 143.06198347107443
194.54958677685957 298.2685950413224
253.72314049586777 195.3760330578512
268.5991735537189 196.3677685950413
107.77272727272728 99.17768595041326
182.64876033057854 146.78099173553724
11.739669421487577 473.0619834710743
2.8140495867768323 372.896694214876
4.797520661157023 301.49173553719004
