9.009404388714591 644.8279161854481
38.27982181158205 548.6536875103119
212.50849694769823 558.4104933179344
294.7444316119452 752.1527800692955
286.3814552054116 502.65731727437725
336.559313644613 494.2943408678435
549.8152120112193 607.194522356047
514.9694769839961 522.1709288896222
583.2671176373535 516.5956112852666
7.615574987625637 495.6881702689326
39.67365121267101 502.65731727437725
50.82428642138249 437.14733542319755
102.39597426167282 435.7535060221086
92.63916845405038 494.2943408678435
152.57383270087436 492.9005114667548
194.38871473354226 495.6881702689326
243.17274377165475 456.6609470384425
386.7371720838145 445.5103118297311
446.6718363306385 424.6028708133972
477.3360831545948 448.29797063190904
505.2126711763734 747.9712918660288
417.401418907771 492.9005114667548
558.1781884177528 455.26711763735364
562.3596766210196 424.6028708133972
562.3596766210196 395.3324533905297
622.2943408678435 407.87691800033
662.7153934994226 405.0892591981522
703.1364461310015 407.87691800033
694.773469724468 451.08562943408685
669.6845405048673 470.5992410493319
781.1908925919815 522.1709288896222
774.221745586537 661.5538689985152
947.0565913215642 761.9095858769181
954.025738327009 522.1709288896222
977.7208381455206 470.5992410493319
891.3034152780069 451.08562943408685
856.4576802507836 406.4830885992411
891.3034152780069 402.30160039597433
988.8714733542322 414.8460650057747
941.4812737172086 392.54479458835186
8.080184787988856 458.7516911400759
15.74624649397794 432.9658472199307
25.50305230160046 423.2090414123082
9.474014189077769 405.78617389869663
22.018478798878157 403.69542979706324
54.773469724467965 399.51394159379646
69.40867843590175 399.51394159379646
80.55931364461317 420.42138261013037
114.01121927074742 408.57383270087445
100.07292525985821 391.1509651872628
109.13281636693621 383.48490348127365
114.70813397129194 388.36330638508497
136.31248968817027 405.78617389869663
157.21993070450426 426.69361491503054
194.15640983336087 444.8133971291865
178.8242864213827 404.39234449760755
169.06748061376018 393.9386239894406
178.12737172083817 384.1818181818182
163.49216300940444 379.30341527800687
198.33789803662765 400.9077709948853
210.18544794588357 397.42319749216307
194.85332453390538 381.39415937964026
261.757135786174 423.9059561128526
243.6373535720179 388.36330638508497
228.30523016003963 386.2725622834516
288.2398944068636 412.0584062035968
283.3614915030523 381.39415937964026
271.51394159379646 383.48490348127365
256.18181818181824 373.0311829731067
264.5447945883518 368.1527800692955
304.9658472199307 386.2725622834516
362.1128526645768 412.0584062035968
332.8424352417093 416.936809107408
334.9331793433427 396.029368091074
411.5937964032338 415.54297970631904
396.95858769180006 371.6373535720178
380.9295495792774 376.51575647582905
370.4758290711104 365.3651212671176
450.62101963372385 391.1509651872628
431.80432271902333 392.54479458835175
439.47038442501236 377.909585876918
436.6827256228345 368.1527800692955
450.62101963372385 368.1527800692955
468.7408018478798 368.1527800692955
489.6482428642137 370.2435241709289
499.40504867183637 368.1527800692955
422.04751691140075 374.42501237419566
498.70813397129183 404.39234449760755
430.4104933179343 354.2144860584062
500.7988780729252 525.6555023923444
513.8079524830887 394.6355386899853
527.0493317934336 376.5157564758292
513.1110377825443 356.30523016003974
534.0184787988782 357.69905956112865
553.5320904141231 351.4268272562285
559.1074080184788 376.5157564758292
575.833360831546 367.4558653687512
568.167299125557 345.8515096518728
584.1963372380795 353.51757135786187
601.6192047516912 359.0928889622176
596.7408018478799 353.51757135786187
607.8914370565914 348.63916845405066
591.8623989440687 374.42501237419583
626.0112192707475 362.5774624649399
620.4359016663917 341.670021448606
636.4649397789144 344.4576802507839
661.5538689985151 359.0928889622176
669.2199307045042 375.12192707474026
706.8533245339054 380.0003299785516
700.5810922290051 359.0928889622176
708.9440686355388 345.8515096518728
727.0638508496949 340.9731067480615
742.395974261673 355.60831545949526
756.3342682725623 355.60831545949526
755.6373535720179 334.0039597426169
777.9386239894408 362.5774624649399
790.4830885992411 353.51757135786187
802.3306385084969 355.60831545949526
789.7861738986966 340.9731067480615
793.9676621019634 334.0039597426169
774.4540504867184 334.0039597426169
763.3034152780069 336.79161854479474
779.3324533905295 350.72991255568405
782.1201121927076 424.6028708133973
827.4195677280976 409.96766210196347
809.2997855139415 384.8787328823628
838.570202936809 362.5774624649399
820.4504207226531 350.72991255568405
812.7843590166639 340.9731067480615
855.2961557498761 331.91321564098354
875.5066820656658 344.4576802507839
875.5066820656658 373.03118297310687
921.2707474014189 346.54842435241727
921.9676621019634 328.42864213826124
931.0275532090415 322.8533245339055
951.9349942253754 327.0348127371723
942.1781884177528 328.42864213826124
979.1146675466093 338.1854479458837
965.8732882362647 338.1854479458837
964.4794588351757 327.0348127371723
963.7825441346313 319.3687510311832
973.5393499422538 320.0656657317276
987.4776439531429 322.156409833361
1018.1418907770994 334.7008744431614
999.325193862399 346.54842435241727
1002.1128526645767 330.51938623989463
1.459495132816404 373.031182973107
17.48853324533909 373.031182973107
35.608315459495174 369.1981521201124
29.68454050486722 366.06203596766227
33.16911400758954 359.7898036627621
16.09470384425016 358.3959742616732
61.74261672991258 359.4413463124899
56.16729912555688 371.9858109222903
55.470384425012405 361.8805477643955
44.668206566573204 377.21267117637376
65.22719023263492 375.4703844250125
62.43953143045705 365.7135786173901
67.66639168454054 365.36512126711784
74.28708133971297 368.1527800692957
81.95314304570209 357.0021448605843
74.98399604025744 383.8333608315462
51.63735357201784 386.621019633724
37.00214486058411 389.0602210856297
29.68454050486722 377.9095858769182
93.45223560468574 379.6518726282793
92.40686355386904 369.1981521201124
102.16366936149156 366.06203596766227
106.69361491503055 376.51575647582933
101.46675466094707 378.9549579277349
126.20722653027559 374.42501237419594
129.34334268272565 368.50123741956793
130.38871473354237 361.8805477643955
122.02573832700877 360.8351757135788
116.10196337238085 355.6083154594953
100.07292525985817 354.9114007589509
143.6300940438872 374.42501237419594
146.0692954957928 363.27437716548445
142.93317934334272 358.047516911401
145.7208381455206 353.8660287081342
158.6137601055932 371.9858109222903
161.40141890777105 366.06203596766227
155.47764395314312 358.047516911401
164.1890777099489 350.7299125556841
177.08199967002147 354.5629434086786
177.08199967002147 361.8805477643955
172.9005114667547 366.7589506682068
183.70268932519392 359.7898036627621
187.8841775284607 349.6845405048674
192.06566573172748 352.123741956773
174.29434086784363 348.6391684540507
175.3397129186603 346.5484243524173
200.08018478798883 348.29071110377845
203.56475829071115 352.123741956773
204.2616729912556 368.1527800692957
193.80795248308866 359.4413463124899
220.29071110377828 353.1691140075897
211.23081999670026 353.8660287081342
228.6536875103119 347.593796403234
233.88054776439532 346.19996700214506
241.54660947038445 346.89688170268954
235.27437716548428 355.6083154594953
240.84969476984003 353.1691140075897
239.1074080184788 359.4413463124899
211.23081999670026 373.7280976736514
256.8787328823627 360.4867183633066
254.0910740801848 355.6083154594953
252.0003299785514 349.6845405048674
256.1818181818182 345.85150965187285
255.833360831546 341.670021448606
248.1672991255569 342.0184787988783
243.28889622174566 340.9731067480616
239.1074080184788 342.3669361491505
120.98036627619207 351.0783699059563
156.17455865368754 348.29071110377845
154.4322719023264 342.3669361491505
210.88236264642802 346.19996700214506
270.2362646427981 379.4776439531433
281.73535720178177 366.5847219930707
276.6827256228344 360.48671836330664
267.79706319089246 357.69905956112876
269.71357861738977 347.94225375350624
271.1074080184787 342.36693614915055
274.4177528460649 341.84425012374214
274.94043887147325 345.15459495132836
275.63735357201773 340.62464939778937
267.79706319089246 340.27619204751716
264.138261013034 340.62464939778937
285.2199307045041 357.3506022108565
281.73535720178177 352.47219930704523
281.73535720178177 346.0257383270089
280.6899851509651 343.063850849695
286.61376010559303 340.79887807292545
293.93136446130995 343.93499422537553
296.37056591321556 340.27619204751716
298.6355386899851 342.71539349942276
294.4540504867183 338.35967662101984
305.7789143705658 339.40504867183654
307.1727437716548 342.36693614915055
309.6119452235604 340.62464939778937
311.52846065005764 335.7462464939781
314.3161194522355 339.75350602210875
302.991255568388 343.063850849695
296.02210856294334 347.94225375350624
291.3179343342682 351.7752846065008
292.1890777099488 358.5702029368093
293.2344497607655 369.37238079524855
304.7335423197491 355.43408678435924
300.37782544134626 345.6772809767367
321.8079524830885 340.62464939778937
326.3378980366275 339.5792773469727
329.2997855139415 337.8369905956115
337.6627619204751 338.533905296156
332.26167299125547 339.5792773469727
333.8297310674805 343.41230819996724
336.09470384425003 345.50305230160063
326.86058406203585 344.45768025078394
322.6790958587691 346.3741956772812
319.02029368091064 345.15459495132836
316.92954957927725 350.38145520541184
321.8079524830885 350.0329978551396
330.5193862398943 349.6845405048674
336.44316119452225 356.65368751031207
323.8986965847219 357.87328823626484
304.55931364461304 335.7462464939781
279.29615574987616 339.40504867183654
288.1818181818181 345.50305230160063
308.04388714733534 346.3741956772812
306.30160039597416 348.81339712918685
275.4631248968816 355.2598581092231
360.1382610130341 356.653687510312
366.41049331793425 346.19996700214506
343.06385084969463 347.9422537535063
343.7607655502391 337.6627619204754
349.51031182973094 340.101963372381
353.5175713578616 334.003959742617
356.6536875103117 331.9132156409836
360.31248968817016 334.87510311829755
370.0692954957927 331.73898696584746
373.72809767365106 334.003959742617
375.4703844250123 347.0711103778257
375.4703844250123 351.60105593136467
362.9259198152119 343.41230819996724
348.6391684540504 347.4195677280979
383.31067480613746 364.84243524170955
392.89325193862385 356.479458835176
394.8097673651211 347.593796403234
382.61376010559303 347.76802507837016
390.6282791618543 336.7916185447948
382.61376010559303 336.0947038442504
377.90958587691784 334.3524170928892
381.3941593796402 331.9132156409836
384.35604685695415 329.9967002144863
396.20359676621007 334.3524170928892
399.6881702689324 340.97310674806164
404.2181158224715 338.8823626464282
400.7335423197491 349.5103118297313
399.165484243524 356.30523016003986
406.13463124896873 366.93317934334294
408.57383270087433 355.6083154594954
413.1037782544133 345.50305230160063
416.5883517571357 338.8823626464282
415.02029368091064 331.5647582907113
408.92229005114655 335.2235604685698
408.92229005114655 329.9967002144863
422.86058406203585 327.5574987625807
426.5193862398943 333.1328163669364
429.8297310674805 335.3977891437059
431.57201781884163 332.78435901666415
436.4504207226529 330.8678435901669
440.1092229005113 337.3143045702032
429.6555023923444 342.71539349942276
429.8297310674805 353.517571357862
421.81521201121916 353.517571357862
436.2761920475168 357.8732882362649
444.98762580432265 348.29071110377856
443.2453390529614 339.75350602210887
444.98762580432265 331.21630094043917
441.154594951328 333.30704504207256
453.1763735357201 336.09470384425043
454.3959742616729 338.8823626464283
458.0547764395314 335.2235604685699
455.78980366276187 334.1781884177532
459.97129186602865 332.435901666392
449.86602870813385 326.1636693614918
468.6827256228345 332.7843590166642
470.9476983996039 330.3451575647586
463.10740801847874 331.21630094043917
472.515756475829 335.5720178188421
477.56838805477634 332.435901666392
480.35604685695426 332.0874443161198
483.49216300940435 331.56475829071144
480.007589506682 340.6246493977894
469.9023263487872 342.1927074740145
463.10740801847874 340.6246493977894
465.023923444976 352.6464279821815
471.9930704504206 353.6918000329982
456.66094703844243 349.5103118297314
459.97129186602865 344.63190892592013
454.7444316119452 343.93499422537565
489.7643953143045 353.86602870813425
488.37056591321556 346.7226530275535
495.6881702689324 341.6700214486061
507.01303415278 345.3288236264646
512.936809107408 336.6173898696588
519.0348127371719 332.95858769180035
514.5048671836329 329.99670021448634
512.4141230819995 323.2017818841779
506.6645768025078 323.2017818841779
502.6573172743771 323.2017818841779
497.7789143705658 323.37601055931395
495.86239894406856 322.5048671836334
488.37056591321556 324.42138261013065
487.499422537535 322.6790958587695
486.10559313644603 328.77709948853357
487.84787988780727 331.91321564098365
486.9767365121266 334.35241709288925
494.64279821811573 330.6936149150308
498.4758290711103 334.1781884177532
504.74806137601047 331.21630094043917
519.2090414123081 327.2090414123085
523.3905296155749 325.6409833360835
523.3905296155749 330.3451575647586
529.3143045702028 329.99670021448634
534.5411648242864 330.6936149150308
534.0184787988779 323.72446790958617
518.8605840620359 321.98218115822505
520.9513281636692 318.84606500577496
524.2616729912554 320.41412308199995
505.7934334268271 321.45949513281664
526.0039597426166 347.07111037782573
518.8605840620359 342.88962217455895
552.8351757135786 335.7462464939782
545.8660287081339 329.6482428642142
538.0257383270086 321.1110377825445
541.8587691800033 320.58835175713614
551.6155749876257 321.1110377825445
555.9712918660287 325.29252598581127
560.8496947698399 325.29252598581127
568.3415278006929 326.8605840620363
567.2961557498762 324.07292525985844
570.7807292525985 322.3306385084973
574.4395314304569 331.2163009404392
581.2344497607654 334.1781884177532
590.8170268932519 330.3451575647586
590.9912555683879 338.7081339712922
594.9985150965186 340.9731067480617
601.4449760765549 336.4431611945227
605.8006929549579 339.40504867183665
589.2489688170268 347.2453390529619
584.893251938624 320.414123082
584.3705659132155 316.75532090414157
573.3941593796402 316.2326348787332
568.3415278006929 316.2326348787332
566.0765550239233 317.9749216300944
559.4558653687509 320.414123082
558.5847219930704 316.9295495792777
562.4177528460649 319.7172083814556
598.3088599241048 316.05840620359714
604.7553209041412 316.2326348787332
609.111037782544 320.58835175713614
610.6790958587691 315.5357201781888
613.466754660947 315.1872628279165
601.2707474014188 322.1564098333612
598.483088599241 320.93680910740835
593.6046856954297 324.94406863553905
590.1201121927074 323.5502392344501
600.2253753506021 326.8605840620363
608.5883517571357 333.65550239234483
616.9513281636692 331.3905296155753
627.7535060221085 328.9513281636697
620.9585876918 324.07292525985844
620.9585876918 318.6718363306389
615.3832700874442 321.1110377825445
612.5956112852664 323.5502392344501
615.7317274377165 325.29252598581127
634.548424352417 320.0656657317278
639.078369905956 323.5502392344501
644.3052301600395 319.89143705659166
646.9186602870813 317.9749216300944
650.9259198152118 326.1636693614918
650.9259198152118 321.63372380795283
647.0928889622173 325.29252598581127
644.1310014849034 335.7462464939782
656.1527800692954 336.09470384425043
651.4486058406203 348.4649397789147
656.8496947698399 350.03299785513974
647.7898036627619 347.419567728098
645.1763735357201 344.63190892592013
656.6754660947038 329.12555683880584
659.8115822471539 324.24715393499457
654.4104933179342 317.6264642798222
651.4486058406203 314.8388054776443
638.5556838805477 319.7172083814556
639.7752846065005 316.2326348787332
633.8515096518724 318.49760765550275
627.2308199967001 319.89143705659166
665.0384425012375 340.97310674806175
666.4322719023263 333.1328163669365
664.8642138261014 323.89869658472236
667.8261013034153 319.0202936809111
661.7280976736513 318.49760765550275
661.9023263487874 313.7934334268276
667.8261013034153 315.884177528461
677.9313644613101 348.1164824286425
667.1291866028708 355.4340867843594
685.5974261672992 339.2308199967006
688.385084969477 329.47401418907805
680.8932519386241 331.91321564098365
676.363306385085 334.00395974261704
676.7117637353573 327.905956112853
672.5302755320905 324.5956112852668
673.0529615574987 322.1564098333612
679.6736512126712 321.4594951328167
679.6736512126712 325.29252598581127
689.6046856954298 322.5048671836334
688.0366276192048 318.6718363306389
685.5974261672992 315.5357201781888
679.6736512126712 317.10377825441384
674.9694769839961 318.3233789803666
693.4377165484244 317.80069295495827
696.3996040257384 319.7172083814556
699.1872628279162 316.5810922290055
703.8914370565914 324.24715393499457
703.8914370565914 318.3233789803666
709.9894406863555 322.5048671836334
718.7008744431613 314.8388054776443
721.140075895067 316.05840620359714
726.1927074740142 314.14189077709983
714.3451575647583 327.73172743771687
699.8841775284607 332.43590166639206
717.8297310674807 337.31430457020326
727.9349942253754 329.82247153935026
735.6010559313645 326.1636693614918
730.5484243524172 323.376010559314
742.0475169114009 319.89143705659166
744.3124896881703 325.8152120112196
751.1074080184788 323.89869658472236
750.0620359676622 320.414123082
748.4939778914372 316.5810922290055
741.0021448605842 329.9967002144864
741.6990595611286 338.01121927074774
756.8569542979708 321.1110377825445
719.3977891437057 319.19452235604723
724.276192047517 318.6718363306389
724.1019633723809 322.1564098333612
735.4268272562284 317.80069295495827
731.9422537535061 317.45223560468605
710.1636693614915 317.80069295495827
785.0819996700217 329.64824286421424
780.3778254413464 322.15640983336124
777.2417092888962 316.92954957927776
769.0529615574989 324.2471539349946
770.2725622834517 317.27800692955
762.2580432271903 319.3687510311834
772.8859924104934 313.61920475169154
786.4758290711105 321.4594951328168
793.6192047516913 319.3687510311834
781.9458835175715 316.2326348787333
803.724467909586 331.5647582907115
794.8388054776441 326.6863553869003
805.6409833360833 322.15640983336124
801.2852664576803 316.4068635538694
810.3451575647584 315.70994885332493
819.0565913215643 316.58109222900555
816.2689325193863 315.1872628279166
812.0874443161196 312.0511466754665
810.6936149150307 327.0348127371725
816.0947038442503 323.37601055931407
823.238079524831 320.9368091074084
824.6319089259199 327.20904141230864
826.199967002145 333.6555023923449
834.2144860584062 330.3451575647587
837.8732882362648 321.807952483089
833.1691140075897 323.37601055931407
838.0475169114009 313.9676621019638
840.8351757135788 318.846065005775
847.2816366936149 315.3614915030527
843.6228345157566 310.6573172743776
825.8515096518727 306.99851509651916
784.5593136446132 311.354231974922
793.270747401419 309.6119452235609
848.3270087444317 312.0511466754665
855.6446131001485 316.2326348787333
863.65913215641 327.0348127371725
867.8406203596768 320.4141230820001
862.6137601055932 311.354231974922
871.6736512126713 327.0348127371725
874.4613100148492 320.4141230820001
882.1273717208383 318.6718363306389
887.3542319749218 316.2326348787333
891.1872628279164 315.5357201781888
900.2471539349942 319.7172083814556
910.7008744431613 322.85332453390566
888.3996040257384 332.6101303415282
891.5357201781886 347.245339052962
886.3088599241048 324.2471539349944
908.9585876917998 313.4449760765552
919.0638508496947 313.7934334268274
925.6845405048672 315.1872628279163
932.6536875103117 310.6573172743773
940.6682065665732 318.3233789803664
947.6373535720177 315.1872628279163
946.5919815212011 309.6119452235606
958.0910740801846 310.3088599241051
962.969476983996 309.6119452235606
956.6972446790958 316.92954957927753
973.0747401418909 312.7480613760107
980.3923444976076 312.0511466754662
986.6645768025078 310.6573172743773
996.0729252598579 324.9440686355388
1016.6319089259198 316.92954957927753
1016.9803662761921 297.4159379640325
1006.6427982181158 309.43771654842453
