17.87628605161072 29.152386574464455
55.586523865744596 24.71588800809579
67.41718670939446 10.666975881261578
89.22997132737385 25.82501264968795
97.7332602462472 35.06771799628939
125.09166807218746 35.06771799628939
113.63071344240166 35.06771799628939
191.6391465677179 7.709310170349114
213.08222297183323 5.860769101028836
156.51686625063235 4.012228031708531
173.8931523022431 5.491060887164764
170.19607016360249 33.588885140833156
157.99569910608858 18.06114015854274
125.46137628605152 17.321723730814625
85.90259740259734 43.20129870129867
63.72010457075387 38.39509192106593
30.81607353685274 48.00750548153141
17.136869623882603 48.74692190925953
12.700371057513905 59.4684601113172
1.9788328554562327 43.940715129026785
44.12556923595881 43.57100691516274
56.32594029347271 53.92283690335634
18.98541069320288 12.145808736717811
35.99198853094953 18.06114015854274
150.97124304267152 49.1166301231236
153.55920053971994 38.39509192106593
187.57235621521323 55.771377972676646
212.71251475796913 67.97174903019055
201.99097655591146 83.49949401248097
210.86397368864885 95.33015685613083
217.51872153820193 87.19657615112155
191.2694383538538 89.78453364816994
191.2694383538538 106.05169505818849
179.80848372406803 84.23891044020908
162.06248945859323 67.97174903019055
132.48583234946864 74.62649687974357
138.7708719851576 79.43270365997631
159.4745319615448 84.60861865407315
153.18949232585584 83.12978579861692
60.39273064597733 93.48161578681052
58.91389779052114 75.36591330747171
14.179203912970138 82.02066115702473
19.355118907066952 97.54840613931515
37.47082138640576 97.54840613931515
30.446365322988665 127.49477146230385
22.31278461797939 114.9246921909259
9.003288918873324 143.39222465845833
36.3616967448136 155.22288750210816
21.573368190251273 149.30755608028326
8.633580705009251 160.76851071006905
9.003288918873324 190.34516781919368
10.8518299881936 210.67911958171683
17.87628605161072 185.16925282509686
28.597824253668392 191.45429246078584
34.513155675493294 178.51450497554382
40.7981953111823 192.93312531624207
55.21681565188055 206.24262101534813
35.99198853094953 224.72803170855104
33.03432282003709 218.44299207286204
24.531033901163738 217.70357564513392
68.15660313712257 163.35646820711744
57.4350649350649 162.9867599932534
64.82922921234604 144.87105751391456
54.10769101028836 131.19185360094443
49.671192443919665 109.74877719682907
66.67777028166634 107.16081969978066
61.132147073705454 116.77323326024614
72.96280991735532 188.12691853600933
91.4482206105582 199.21816495193104
96.25442739079097 214.00649350649337
75.18105920053966 218.073283858998
129.89787485242022 179.99333783100005
113.63071344240166 167.05355034575803
126.5705009276437 157.07142857142847
110.30333951762515 130.08272895935224
86.27230561646141 133.0403946702647
82.57522347782083 117.51264968797427
98.10296846011124 113.07615112160559
89.96938775510196 102.72432113341198
88.8602631135098 88.67540900657778
114.00042165626576 75.36591330747171
96.25442739079097 59.4684601113172
157.2562826783605 102.72432113341198
200.14243548659118 119.73089897115861
224.17346938775495 122.31885646820704
204.57893405295988 138.21630966436152
199.4030190588631 150.41668072187542
199.4030190588631 167.42325855962207
187.94206442907728 161.8776353516612
219.3672626075222 158.5502614268847
205.31835048068803 184.42983639736875
215.6701804688816 206.24262101534813
189.79060549839755 203.65466351829974
177.59023444088365 197.36962388261077
155.40774160904022 188.12691853600933
147.2741609040309 164.4655928487096
166.49898802496193 160.39880249620498
126.20079271377968 117.51264968797427
138.40116377129357 133.77981109799282
165.38986338336974 174.81742283690323
143.9467869792544 199.21816495193104
177.95994265474775 222.14007421150262
135.073789846517 208.83057851239656
14.83496373756114 231.7160566706022
13.733934896272558 249.3325181312195
5.659723393489628 268.0500084331254
28.414319446786976 260.3428065441053
25.478242536684093 295.5757294653399
38.32357901838424 302.54891212683424
24.74422330915837 326.0375274076573
45.296761679878585 318.33032551863727
45.296761679878585 337.0478158205432
29.882357901838446 360.9034407151291
6.760752234778209 349.15913307471754
12.265896441221116 368.6106426041491
8.228790689829651 393.2002867262608
25.478242536684093 419.2579693034239
43.46171361106428 393.2002867262608
37.222550177095655 432.103305785124
63.64724236802161 355.0312868949233
82.36473266992749 321.633412042503
75.758559622196 280.1613256872998
51.902934727610074 281.99637375611405
68.05135773317593 377.05186372069494
83.46576151121607 371.546719514252
106.95437679203911 355.0312868949233
87.8698768763704 345.48903693708894
101.44923258559623 306.58601787822573
108.05540563332772 404.5775847529095
70.2534154157531 408.9817001180638
70.2534154157531 430.26825771630973
51.902934727610074 378.8869117895092
127.13990554899647 330.44164277281163
125.67186709394502 294.47470062405137
104.01829988193623 268.41701804688824
98.14614606173046 237.95522010457083
119.43270365997635 233.18409512565364
141.82029009951088 260.3428065441053
140.35225164445944 246.76345083487948
128.9749536178108 240.157277787148
170.447039973014 230.24801821555076
197.97276100522856 229.14698937426218
217.0572609208973 227.31194130544787
219.6263282172373 246.76345083487948
196.13771293641423 266.58196997807397
153.1975881261596 275.3902007083826
173.38311688311688 296.30974869286564
134.84710743801656 307.32003710575145
155.39964580873675 315.7612582222972
114.29456906729632 315.7612582222972
189.89854950244563 311.3571428571429
217.0572609208973 310.99013324338006
222.56240512734018 345.85604655085183
188.4305110473942 349.89315230224327
173.01610726935405 335.94678697925457
203.1108955979086 384.0250463821893
151.72954967110815 358.7013830325519
123.10279979760497 393.56729634002363
125.67186709394502 381.45597908584926
170.8140495867769 394.3013155675494
176.31919379321977 411.5507674144038
154.29861696744814 393.56729634002363
202.74388598414572 413.75282509698104
224.03044358239163 414.1198347107439
72.45547309833026 236.85419126328225
60.948642266824066 441.8506493506493
38.496289424860834 448.75906560971487
23.297773654916483 496.0817169843143
4.299628942486066 489.1733007252487
72.6929499072356 483.6465677179962
82.36473266992746 452.9041153651542
100.67203575645132 446.34111991904194
125.88775510204079 443.92317422836896
156.97562826783604 461.194214876033
168.37451509529427 448.75906560971487
202.22575476471576 461.53963568898627
139.01374599426543 470.5205768257715
97.90866925282506 481.57404284027655
120.70644290774156 476.7381514589306
98.9449316916849 515.425282509698
52.65854275594532 518.8794906392308
34.35123966942146 556.5303592511384
67.16621689998311 546.8585764884465
113.10718502276937 553.0761511216056
162.15694046213525 539.9501602293809
164.57488615280818 515.425282509698
176.31919379321977 494.0091921065946
144.54047900151795 503.3355540563332
139.01374599426543 524.7516444594365
208.44332939787483 509.20770787653896
208.09790858492153 569.3109293304097
164.92030696576148 606.2709563164108
171.13788159892056 630.4504132231403
208.78875021082808 613.8702142013829
123.12438859841455 599.0171192443918
100.67203575645132 580.3643953449147
53.0039635688986 576.5647664024286
8.790099510878719 608.3434811941304
47.47723056164611 605.2346938775509
74.420053972002 624.2328385899813
27.44282341035586 632.8683589138134
2.9179456906729513 549.2765221791194
8.811688311688387 438.52597402597405
5.487012987013032 573.1753246753246
91.92857142857146 646.3181818181818
21.411452184179524 697.1449654241862
100.5775847529095 715.8948389273064
94.32762691853605 678.915921740597
68.80696576151126 683.0825602968459
147.4522685107101 700.790774160904
144.84811941305452 724.7489458593354
169.32712093101708 725.7906054983978
126.61907572946535 759.6445437679204
109.43169168493847 772.1444594366671
76.09858323494694 750.7904368358913
29.744729296677406 736.2072018890201
32.34887839433301 761.2070332265138
80.78605161072699 799.7484398718165
99.53592511384721 814.3316748186878
145.36894923258563 841.935655253837
134.95235284196326 897.6644459436667
69.32779558104238 861.2063585764885
62.557007927137875 905.9977230561647
34.95302749198859 931.5183842131894
83.39020070838257 945.0599595209985
18.28647326699283 930.9975543936582
131.82737392477657 980.4763872491145
182.34786641929503 896.1019564850733
206.30603811772642 879.9562320796088
230.2642098161579 854.4355709225839
193.28529262944846 827.3524203069658
189.11865407319954 753.9154157530782
218.28512396694214 744.0196491819868
218.80595378647325 722.1447967616798
208.91018721538205 704.4365828976219
184.43118569741947 677.3534322820037
257.347360431776 681.5200708382526
288.076319784112 714.8531792882443
292.24295834036093 787.7693540226007
242.24329566537358 792.4568223983808
262.5556586270872 826.3107606679035
304.22204418957665 853.9147411030527
249.01408331927814 901.8310844999156
264.6389779052117 928.9142351155338
328.70104570753915 689.8533479507505
7.149350649350709 835.8246753246752
3.8246753246753546 902.3181818181818
50.370129870129865 1008.7077922077922
126.83766233766234 1012.0324675324673
268.1363636363637 990.4220779220778
308.0324675324675 1008.7077922077922
339.6168831168831 1002.0584415584415
364.55194805194805 1000.3961038961038
357.90259740259734 917.2792207792207
331.30519480519473 812.551948051948
342.94155844155847 639.668831168831
316.34415584415586 608.0844155844156
268.1363636363637 626.3701298701299
229.90259740259742 618.0584415584415
241.53896103896105 564.8636363636363
219.92857142857147 553.2272727272727
229.90259740259742 486.7337662337661
310.1643616124136 38.579946027998005
290.15154326193294 5.781160398043539
305.7170686456401 21.34668578175075
263.467785461292 3.557513914656795
270.1387249114522 49.69817844493173
251.79364142351162 47.47453196154498
242.89905548996464 29.129448473604384
237.3399392814978 61.92823410355879
237.3399392814978 72.49055489964582
231.22491145218422 87.50016866250633
262.5448642266823 80.486506999494
296.78470231067627 81.60912464159213
292.85554056333274 35.02049249451841
325.41145218417944 42.87881598920558
273.771040647664 314.5522853769608
263.10617304773143 331.3915500084332
264.7900995108787 342.61772642941486
266.47402597402595 290.4160060718503
247.95083487940624 289.29338842975216
227.7437173216393 308.3778883454209
247.95083487940624 253.93093270366003
231.6728790689829 246.07260920897292
240.6538202057682 184.32863889357395
239.53120256367 223.62025636700966
262.5448642266823 228.1107269354023
270.9644965424186 243.2660651037275
283.87459942654743 257.2987856299545
281.06805532130204 280.8737561140159
299.02993759487265 321.84930005059886
301.83648170011804 341.4951087873167
323.7275257210322 318.4814471243044
319.2370551526395 294.3451678191939
337.76024624725926 293.22255017709574
345.61856974194643 325.2171529768933
366.94830494181144 329.70762354528597
383.2262607522348 308.3778883454209
417.46609883622875 322.4106088716479
428.1309664361613 304.44872659807737
425.3244223309159 280.8737561140159
462.3708045201553 321.84930005059886
471.9130544779897 330.2689323663351
480.3326867937259 313.99097655591174
469.6678191937933 306.1326530612246
456.19640748861536 295.46778546129207
533.6570247933886 338.1272558610222
517.3790689829652 340.9337999662676
559.4772305616464 335.3207117557768
538.1474953617812 317.3588294822062
556.1093776353518 301.08087367178285
524.1147748355543 302.7648001349301
505.0302749198854 281.43506493506504
477.5261426884805 278.6285208298196
497.17195142519836 262.91187384044537
451.1446280991737 261.2279473772981
473.59698094113696 253.93093270366003
473.59698094113696 236.53035925113855
520.7469219092598 255.05355034575817
537.0248777196831 255.05355034575817
561.7224658458426 269.0862708719852
533.0957159723395 235.96905043008945
504.4689660988364 244.94999156687476
566.2129364142353 220.25240344071517
548.2510541406647 218.56847697756794
560.0385393826954 196.11612413560468
542.6379659301739 189.38041828301573
537.0248777196831 172.54115365154328
515.133833698769 192.18696238826112
499.4171867093946 206.78099173553724
488.19101028841305 178.1542418620341
460.686878057008 198.92266824085007
458.44164277281175 220.25240344071517
441.6023781413393 216.88455051442068
441.6023781413393 196.11612413560468
425.88573115196505 215.76193287232255
418.0274076572779 203.97444763029182
385.4714960364312 235.40774160904036
384.34887839433304 265.1571091246417
379.8584078259404 286.48684432450676
403.4333783100018 259.54402091415085
403.9946871310508 228.1107269354023
364.14176083656605 264.0344914825435
343.9346432787992 273.5767414403779
318.6757463315905 260.1053297351999
352.9155844155845 242.1434474616293
331.0245403946702 228.6720357564514
301.83648170011804 244.38868274582566
304.64302580536344 229.79465339854957
281.06805532130204 188.81910946196666
260.29962894248604 187.1351829988194
242.89905548996452 172.54115365154328
233.91811435317922 148.4048743464328
250.75737898465164 120.90074211502784
235.04073199527735 107.99063923089898
282.7519817844493 114.16503626243885
261.9835554056333 111.91980097824252
285.5585258896947 134.37215382020577
263.10617304773143 152.33403609377638
283.87459942654743 168.61199190419973
315.8692022263451 104.62278630460446
304.64302580536344 95.08053634677009
290.04899645808734 57.47284533648167
332.1471580367685 73.18949232585595
350.6703491313881 35.02049249451841
380.9810254680385 10.322904368358877
400.06552538370727 8.077669084162551
374.8066284364986 35.02049249451841
365.2643784786642 72.62818350480688
356.844746162928 60.840698262776186
341.1280991735538 61.402007083825254
376.4905548996459 51.298448304941765
388.27804014167657 64.76986001011971
375.92924607859675 89.4674481362793
406.2399224152472 76.55734525215041
400.06552538370727 104.62278630460446
388.27804014167657 128.75906560971495
374.8066284364986 132.12691853600944
383.2262607522348 150.08880080958005
368.0709225839097 149.52749198853095
348.4251138471918 113.60372744138976
360.77390791027153 99.00969809411366
335.5150109630629 157.9471243042672
321.4822904368359 167.48937426210156
310.2561140158542 162.43759487265982
313.62396694214874 143.91440377804017
302.39779052116717 139.98524203069658
304.0817169843144 118.65550683083148
327.6566874683758 136.05608028335303
316.99181986844326 178.1542418620341
303.5204081632653 180.9607859672795
318.1144375105414 197.80005059875194
306.3269522685107 214.63931523022438
339.4441727104065 192.74827120931022
343.9346432787992 180.39947714623042
385.4714960364312 181.52209478832856
374.2453196154495 176.47031539888687
374.2453196154495 156.82450666216903
351.79296677348634 205.65837409343908
357.96736380502614 229.79465339854957
338.3215550683084 215.76193287232255
368.6322314049587 245.51130038792382
391.08458424692196 207.90360937763543
404.5559959520999 130.4429920728622
379.29709900489127 110.79718333614437
434.86667228875035 17.619919041996923
419.71133412042514 42.87881598920558
485.94577500421667 15.374683757800595
467.42258390959705 15.935992578849666
471.3517456569406 35.58180131556753
465.17734862540067 50.17583066284363
448.8993928149773 24.355624894585898
446.0928487097319 46.807977736549105
400.6268342047564 50.7371394838927
499.97849553044375 24.355624894585898
516.2564513408671 23.23300725248771
484.2618485410695 49.053213020745424
487.62970146736393 33.33656603137115
497.17195142519836 84.41566874683758
462.9321133412044 101.81624219935908
451.1446280991737 122.023359757126
433.7440546466521 129.88168325181312
418.0274076572779 113.0424186203407
427.0083487940632 90.59006577837744
412.4143194467871 169.1733007252488
476.40352504638236 133.8108449991567
475.84221622533323 116.4102715466352
485.38446618316766 102.93885984145723
498.2945690672965 122.58466857817507
501.662421993591 141.66916849384384
443.28630460448653 248.31784449316922
423.07918704671965 234.2851239669422
432.06012818350496 255.05355034575817
526.3600101197505 189.38041828301573
530.2891718670941 153.45665373587454
566.7742452352844 133.8108449991567
553.3028335301065 138.30131556754935
540.3927306459776 117.53288918873335
546.0058188564684 95.08053634677009
533.0957159723395 92.2739922415247
531.9730983302413 72.62818350480688
550.4962894248611 55.78891887333441
558.9159217405972 55.78891887333441
533.0957159723395 49.053213020745424
467.98389273064606 210.7101534828808
471.9130544779897 159.63105076741442
565.6516275931863 109.11325687299711
431.04545454545445 965.4870129870129
427.7207792207791 918.9415584415583
386.1623376623376 869.0714285714284
529.9545454545454 1005.874262101535
591.6121605667059 1013.5814639905551
640.4244391971664 951.9238488783946
703.3665879574971 1013.5814639905551
730.3417945690674 951.9238488783946
781.7231404958679 930.0867768595043
470.46660482374784 928.0844155844156
451.4684601113174 905.2866419294991
447.6688311688313 856.8413729128015
460.9675324675326 841.6428571428571
382.12523191094635 825.4944341372913
372.6261595547311 781.7987012987012
379.2755102040818 735.2532467532467
396.37384044526914 755.2012987012986
357.4276437847867 675.4090909090909
378.3256029684602 679.2087198515769
384.0250463821893 702.0064935064935
386.8747680890539 643.1122448979592
366.926716141002 595.6168831168831
289.0343228200371 521.5241187384044
265.2866419294992 508.22541743970305
315.6317254174397 506.32560296846
311.8320964749537 484.477736549165
315.6317254174397 459.78014842300547
283.334879406308 444.5816326530611
270.9860853432283 455.9805194805193
364.0769944341374 469.2792207792206
392.5742115027831 444.5816326530611
390.67439703154 484.477736549165
390.67439703154 523.4239332096474
382.12523191094635 561.4202226345083
354.57792207792215 570.9192949907235
343.1790352504639 548.121521335807
305.1827458256031 570.9192949907235
281.43506493506504 605.1159554730982
408.72263450834896 543.3719851576993
439.1196660482376 482.5779220779219
451.4684601113174 468.32931354359914
471.4165120593693 453.13079777365476
491.36456400742134 481.62801484230044
506.5630797773656 498.7263450834878
493.2643784786643 505.3756957328385
454.318181818182 523.4239332096474
476.16604823747696 555.7207792207791
468.56679035250477 576.6187384044526
425.8209647495363 581.3682745825602
447.6688311688313 608.9155844155844
488.5148423005568 602.2662337662337
485.6651205936921 578.5185528756956
519.8617810760669 535.7727272727273
627.2012987012989 445.5315398886827
615.8024118738406 506.32560296846
595.8543599257887 486.3775510204081
577.8061224489797 529.1233766233765
541.709647495362 552.8710575139146
560.7077922077924 551.921150278293
503.71335807050104 464.5296846011131
513.2124304267163 589.917439703154
533.1604823747682 615.564935064935
551.2087198515771 601.3163265306122
596.8042671614102 589.917439703154
489.46474953617826 643.1122448979592
447.6688311688313 656.4109461966605
441.96938775510216 685.8580705009276
430.57050092764393 721.9545454545454
427.7207792207794 741.9025974025974
462.86734693877565 777.0491651205937
428.67068645640086 801.7467532467533
536.9601113172544 941.3831168831169
509.41280148423016 907.1864564007421
516.0621521335809 881.538961038961
535.0602968460113 815.0454545454545
549.3089053803341 761.8506493506493
509.41280148423016 763.7504638218924
485.6651205936921 735.2532467532467
548.3589981447126 723.8543599257885
526.5111317254176 721.9545454545454
491.36456400742134 687.7578849721706
498.9638218923934 667.8098330241187
537.9100185528758 695.3571428571429
555.0083487940633 700.1066790352504
562.6076066790354 671.6094619666047
518.9118738404454 651.6614100185528
626.2513914656773 561.4202226345083
636.7003710575141 588.0176252319109
643.3497217068648 537.6725417439702
666.1474953617812 522.4740259740258
660.4480519480521 473.0788497217068
671.8469387755104 455.9805194805193
687.0454545454547 469.2792207792206
737.3905380333954 451.2309833024118
741.1901669758814 479.72820037105737
756.3886827458258 494.92671614100175
782.0361781076069 468.32931354359914
795.3348794063081 457.8803339517624
814.3330241187386 455.03061224489784
813.383116883117 534.8228200371057
822.8821892393323 522.4740259740258
769.6873840445271 545.2717996289424
733.5909090909093 544.3218923933209
728.8413729128017 512.9749536178107
711.7430426716143 589.917439703154
734.5408163265308 594.6669758812616
720.292207792208 602.2662337662337
655.6985157699445 618.4146567717996
715.5426716141004 626.0139146567717
742.140074211503 645.0120593692021
795.3348794063081 588.0176252319109
801.0343228200372 664.9601113172541
826.6818181818182 617.464749536178
831.431354359926 662.1103896103896
818.1326530612246 735.2532467532467
799.1345083487943 755.2012987012986
749.7393320964752 737.1530612244899
725.0417439703156 675.4090909090909
679.4461966604825 675.4090909090909
660.4480519480521 664.9601113172541
626.2513914656773 645.0120593692021
608.2031539888684 678.2588126159554
586.3552875695734 672.5593692022263
613.9025974025976 591.817254174397
689.8951762523193 705.8061224489795
718.392393320965 737.1530612244899
668.0473098330243 757.1011131725418
609.15306122449 737.1530612244899
582.5556586270875 702.0064935064935
734.5408163265308 777.0491651205937
765.8877551020411 806.4962894248608
831.431354359926 795.0974025974026
805.783858998145 850.1920222634508
714.5927643784788 843.5426716141002
681.3460111317256 792.247680890538
610.1029684601115 801.7467532467533
586.3552875695734 839.7430426716141
601.5538033395178 852.0918367346939
633.8506493506495 856.8413729128015
665.1975881261598 838.7931354359926
800.0844155844156 914.7857142857142
781.0862708719853 916.6855287569574
422.97124304267174 1003.1270871985158
968.0587788834541 930.4740259740258
933.1793725754765 962.8167481868779
920.4959520998482 929.8398549502444
857.0788497217068 916.5222634508348
864.6889020070838 870.2277787147916
919.8617810760668 866.422752572103
917.9592680047226 795.3955979085848
950.3019902175747 796.0297689323662
920.4959520998482 770.0287569573283
942.6919379321976 745.9302580536346
969.3271209310171 763.6870467195141
1014.9874346432789 785.8830325518636
1018.7924607859673 743.3935739585089
1008.6457244054648 669.8297351998649
984.547225501771 704.0749704840613
940.7894248608534 681.2448136279304
957.9120425029516 623.5352504638217
902.1049924101872 620.9985663686962
893.2265980772474 644.4628942486084
878.0064935064936 670.4639062236464
840.5904031033901 641.2920391297014
857.0788497217068 789.6880586945521
820.4453533479507 429.07142857142856
800.3272895935233 435.3942486085343
788.2564513408668 422.74860853432284
865.8546972508011 415.27618485410693
897.4687974363299 419.2997976049924
917.5868611907572 418.1501939618823
962.9962050936077 432.520239500759
987.1378815989206 414.1265812109968
1014.7283690335638 414.70138303255186
992.3110979929162 436.54385225164447
998.633918030022 457.23671782762693
1020.4763872491145 441.142266824085
1018.1771799628942 464.70914150784284
1018.1771799628942 518.7405127340193
985.9882779558104 517.016107269354
981.9646652049249 531.9609546297859
977.9410524540394 457.23671782762693
936.5553213020745 490.57522347782094
941.1537358745151 533.6853600944511
945.1773486254006 551.5042165626581
995.1851071006915 585.9923258559622
950.9253668409513 656.1181480856807
877.9255355034575 568.1734693877552
891.7207792207791 547.4806038117727
907.8152302243211 590.0159386068478
890.571175577669 511.8428908753584
902.0672120087704 465.858745150953
875.6263282172372 454.93751054140665
849.7602462472591 459.5359251138472
845.7366334963738 442.29187046719517
845.1618316748186 411.25257210322144
854.9334626412548 615.3072187552708
967.0198178444931 567.5986675662001
240.0277449822904 364.08913813459264
262.3235790183842 382.45041322314046
282.6521335807049 389.6637712936414
289.20973182661487 372.6140158542756
316.09588463484556 370.6467363805026
269.5369370888851 414.58264462809916
262.3235790183842 429.665120593692
239.37198515769936 453.2724742789678
243.30654410524537 509.01205936920223
324.62076235452855 434.255439365829
339.7032383201214 429.665120593692
318.71892393320957 400.8116883116883
353.47419463653216 377.20433462641256
360.6875527070331 398.84440883791535
374.458509023444 356.8757800640917
350.1953955135773 347.69514251981786
409.2137797267667 342.44906392308985
407.90226007758463 360.1545791870467
413.8040984989036 379.8273739247765
423.64049586776844 396.22136953955135
410.52529937594863 425.07480182155507
459.7072862202731 437.5342384887839
462.98608534322807 360.1545791870467
439.37873165795236 364.08913813459264
574.465255523697 300.4804351492663
591.5150109630628 236.87173216393995
556.7597402597402 236.87173216393995
577.7440546466519 230.96989374262103
581.0228537696069 331.30114690504297
567.907657277787 349.6624219935908
553.4809411367852 368.6794569067296
590.8592511384718 360.1545791870467
584.9574127171528 391.6310507674144
588.2362118401078 411.95960532973515
563.3173385056501 405.40200708382525
544.9560634171023 413.2711249789172
510.2007927137796 419.1729634002361
475.445522010457 393.59833024118734
512.1680721875526 393.59833024118734
538.3984651711924 403.4347276100523
472.822482712093 422.45176252319106
438.0672120087704 392.2868105920054
582.9901332433799 255.88876707707874
421.01745656940454 541.1442907741609
518.0699106088715 488.0277449822904
510.2007927137796 434.255439365829
582.92266824085 5.704250295159341
605.3831168831168 22.686540731995194
601.5484061393151 42.40791027154654
604.8353010625738 63.224911452184074
564.8447461629279 72.53778040141668
617.4350649350649 31.45159386068468
644.8258559622195 3.5129870129869682
681.5295159386068 6.252066115702405
724.2591499409681 2.4173553719007828
736.3110979929161 15.564935064935014
761.5106257378984 15.564935064935014
789.4492325855962 5.704250295159341
775.7538370720188 17.208382526564264
789.9970484061392 27.069067296339934
804.2402597402596 15.017119244391894
859.0218417945689 6.252066115702405
800.405548996458 40.21664698937417
780.6841794569067 41.86009445100348
761.5106257378984 40.76446280991729
750.5543093270365 28.71251475796924
708.3724911452183 22.686540731995194
713.3028335301062 38.0253837072018
668.9297520661156 17.208382526564264
644.2780401416765 12.278040141676456
656.3299881936244 27.069067296339934
677.146989374262 30.903778040141617
695.7727272727273 45.694805194805106
690.8423848878393 56.103305785123894
603.1918536009445 86.7809917355371
610.3134592680046 94.99822904368345
632.2260920897284 78.56375442739068
645.3736717827626 54.459858323494586
632.7739079102715 93.90259740259728
644.2780401416765 107.05017709563151
626.2001180637544 116.91086186540718
616.8872491145218 132.2497048406138
603.1918536009445 129.51062573789835
596.6180637544273 142.65820543093258
590.0442739079102 127.319362455726
581.8270365997638 140.4669421487602
574.7054309327036 153.06670602125132
556.0796930342384 153.61452184179444
587.8530106257379 173.88370720188885
584.5661157024792 196.34415584415567
592.2355371900826 217.1611570247932
599.3571428571428 205.65702479338822
601.0005903187721 186.48347107438002
603.1918536009445 160.73612750885462
616.8872491145218 171.1446280991734
633.3217237308146 140.4669421487602
648.1127508854781 134.98878394332928
647.564935064935 172.2402597402596
624.008854781582 218.2567886658794
618.5306965761511 200.17886658795732
615.7916174734356 261.5342384887837
610.8612750885477 298.78571428571405
601.0005903187721 317.4114521841792
630.5826446280992 328.9155844155842
647.0171192443919 318.5070838252654
699.0596221959858 305.35950413223117
725.9025974025973 310.28984651711903
747.2674144037779 311.3854781582052
653.043093270366 270.84710743801634
655.7821723730814 245.09976387249094
639.3476977567886 260.43860684769754
659.6168831168831 228.66528925619815
649.7561983471073 207.84828807556062
685.9120425029515 228.11747343565509
675.5035419126327 247.29102715466334
693.5814639905549 249.48229043683568
712.20720188902 218.80460448642248
696.3205430932703 208.39610389610377
721.5200708382525 238.52597402597382
717.1375442739078 275.2296340023611
726.4504132231405 270.2992916174732
748.3630460448642 271.9427390791025
747.815230224321 292.21192443919693
765.8931523022432 293.3075560802831
775.7538370720188 301.52479338842954
783.4232585596221 248.93447461629262
783.9710743801652 239.07378984651695
846.4220779220778 283.99468713105057
798.7621015348287 59.39020070838246
770.823494687131 58.294569067296266
735.763282172373 59.39020070838246
768.6322314049586 74.72904368358905
799.3099173553718 75.82467532467524
814.6487603305784 59.39020070838246
840.3961038961038 80.75501770956305
810.8140495867767 90.61570247933871
830.5354191263281 121.29338842975193
837.6570247933884 109.789256198347
861.7609208972844 93.90259740259728
864.4999999999999 110.88488783943318
855.1871310507673 143.75383707201877
814.6487603305784 126.77154663518286
790.5448642266823 322.3417945690671
808.0749704840613 299.3335301062572
809.1706021251475 332.20247933884275
862.3087367178275 320.69834710743777
866.6912632821723 252.76918536009424
823.961629279811 233.59563164108604
838.7526564344745 227.56965761511196
861.2131050767413 223.73494687131034
836.5613931523021 201.82231404958662
817.3878394332938 213.32644628099155
813.5531286894922 199.08323494687113
816.8400236127508 184.84002361275068
815.1965761511215 158.54486422668225
799.3099173553718 146.4929161747342
775.2060212514757 138.8234946871309
784.5188902007083 136.63223140495853
747.815230224321 134.98878394332928
743.4327036599763 98.28512396694202
728.6416765053128 105.40672963400226
695.2249114521841 111.98051948051938
673.3122786304604 68.703069657615
842.0395513577331 268.10802833530084
829.4397874852419 252.76918536009424
805.3358913813458 230.30873671782743
780.1363636363635 214.4220779220777
763.7018890200708 202.9179456906728
754.3890200708382 182.64876033057834
766.9887839433293 174.97933884297504
776.301652892562 172.2402597402596
789.4492325855962 167.30991735537174
760.4149940968122 157.99704840613919
784.5188902007083 113.07615112160556
770.823494687131 90.06788665879566
829.4397874852419 56.103305785123894
832.7266824085004 70.89433293978738
833.2744982290436 47.886068476977464
833.8223140495867 34.190672963400175
847.517709563164 40.21664698937417
852.4480519480518 51.72077922077915
856.2827626918535 61.0336481700117
829.987603305785 104.31109799291609
868.3347107438016 86.23317591499399
851.3524203069657 168.95336481700105
835.465761511216 176.62278630460435
852.4480519480518 183.74439197166453
863.4043683589136 208.39610389610377
871.073789846517 168.95336481700105
873.8128689492324 296.0466351829986
802.5968122786304 176.0749704840612
784.5188902007083 199.08323494687113
777.9451003541911 224.83057851239653
790.5448642266823 291.11629279811075
767.5365997638725 259.34297520661136
672.2166469893742 91.16351829988184
677.146989374262 86.23317591499399
699.6074380165288 194.15289256198332
718.7809917355371 199.08323494687113
737.4067296340023 202.9179456906728
724.8069657615112 172.2402597402596
729.737308146399 227.0218417945689
741.7892561983471 220.99586776859485
693.1712767751728 332.3293135435992
678.0888008095799 315.93531792882436
667.5966436161241 292.98372406813957
657.7602462472591 352.002108281329
672.842722212852 340.85419126328213
675.465761511216 368.3961038961038
699.0731151964917 393.97073705515254
714.8113509866755 397.90529600269855
668.908163265306 433.97208635520315
638.0874515095293 397.2495361781075
618.4146567717995 412.33201214370035
623.0049755439366 376.26522179119576
621.6934558947545 352.002108281329
762.681818181818 386.7573789846516
741.0417439703153 384.13433968628766
743.0090234440883 346.10026986001003
753.5011806375442 349.379068982965
789.5679709900487 369.0518637206948
807.9292460785966 350.034828807556
828.9135604655085 331.67355371900817
824.9790015179624 355.280907404284
864.3245909934219 346.10026986001003
865.6361106426041 374.95370214201375
835.4711587114182 376.26522179119576
835.4711587114182 424.7914488109293
898.4241018721536 401.8398549502445
882.6858660819698 386.7573789846516
893.1780232754256 361.8385056501939
913.5065778377466 374.2979423174228
928.5890538033393 352.002108281329
946.9503288918872 354.62514757969296
930.5563332771123 395.9380165289256
857.1112329229211 512.0075054815313
864.980350818013 533.6475796930342
895.1453027491987 294.29524371732157
902.3586608196997 266.75333108449985
896.4568223983806 219.5386237139483
929.9005734525213 227.40774160904022
935.8024118738404 239.21141845167813
940.3927306459773 249.70357564513404
950.8848878394331 271.34364985663683
925.9660145049754 289.70492494518464
913.5065778377466 319.8698768763703
942.3600101197501 306.75468038455045
922.4497385731149 21.473519986507085
938.7276943835383 9.578090740428479
938.7276943835383 24.603896103896208
965.6489289930846 23.977820880418335
993.8223140495866 30.864648338674385
981.926884803508 19.59529431607359
1014.4827964243547 19.59529431607359
975.0400573452519 64.67271040647677
956.2578006409173 42.13400236127518
937.4755439365825 64.67271040647677
920.5715129026814 79.69851576994449
893.6502782931351 85.33319278124492
893.6502782931351 67.80308652386589
885.5113003879234 37.12540057345262
869.8594198009778 37.12540057345262
904.2935570922581 23.977820880418335
899.9110305279133 3.9434137291280535
956.8838758643951 94.0982459099344
970.6575307809071 94.0982459099344
986.9354865913306 90.96786979254529
999.4569910608869 85.33319278124492
1021.3696238826108 75.31598920559975
1018.8653229886994 104.74152470905739
1001.9612919547983 111.62835216731344
1015.1088716478325 122.27163096643642
998.2048406139313 130.41060887164807
978.170433462641 112.25442739079126
958.1360263113507 110.37620172035776
964.396778546129 122.27163096643642
938.1016191600604 119.1412548490473
927.4583403609374 99.10684769775696
919.9454376792036 109.12405127340212
902.4153314218246 112.25442739079126
891.7720526227016 118.51517962556943
905.5457075392137 131.0366840951259
920.5715129026814 133.54098498903718
951.8752740765725 147.31463990554926
971.9096812278628 144.81033901163798
1011.3524203069655 149.19286557598272
988.813712261764 192.39205599595243
994.4483892730644 174.86194973857343
1006.9698937426208 224.94796761679916
1020.117473435655 193.01813121943024
977.5443582391632 214.30468881767618
963.1446280991732 169.85334795075084
936.2233934896269 173.60979929161778
932.46694214876 162.34044526901698
914.3107606679032 166.72297183336173
897.406729634002 154.2014673638053
921.8236633496371 146.68856468207144
869.8594198009778 156.07969303423877
889.8938269522681 192.39205599595243
939.9798448304939 208.67001180637584
946.2405970652721 191.13990554899678
973.1618316748185 232.46087029853302
984.4311856974192 275.66006071850273
999.4569910608869 249.36490133243424
1018.2392477652216 277.5382863889362
969.4053803339515 311.9724236802164
980.6747343565523 322.6157024793394
962.5185528756955 287.55548996458134
996.9526901669757 310.72027323326074
1021.9956991060885 318.2331759149946
981.3008095800301 353.29338842975267
932.46694214876 335.76328217237364
775.9481362793045 340.1458087367184
1017.6023781413392 394.9327879912295
959.668831168831 844.1363636363635
