122.44810126582284 411.3575949367089
207.54810126582285 363.96012658227846
264.640506329114 319.7943037974683
143.99240506329122 312.2537974683544
126.7569620253165 313.3310126582278
68.58734177215197 306.86772151898725
19.0354430379748 321.94873417721516
249.55949367088613 461.98670886075945
317.4240506329114 399.5082278481012
558.720253164557 480.29936708860754
378.8253164556962 572.9398734177215
550.1025316455697 358.5740506329114
719.225316455696 339.18417721518983
690.1405063291139 305.79050632911384
650.2835443037974 283.1689873417721
603.9632911392404 286.4006329113924
592.1139240506329 301.4816455696202
557.6430379746835 295.0183544303797
517.7860759493672 297.17278481012653
800.0164556962023 292.8639240506329
857.1088607594935 344.57025316455696
921.7417721518985 333.79810126582277
936.8227848101264 286.4006329113924
999.3012658227847 293.9411392405063
891.579746835443 275.6284810126582
861.4177215189872 301.4816455696202
830.1784810126582 297.17278481012653
821.5607594936708 274.5512658227848
798.9392405063289 268.08797468354425
773.086075949367 267.0107594936708
758.0050632911391 274.5512658227848
733.2291139240505 277.782911392405
317.42405063291136 270.0895569620252
298.57278481012656 288.94082278481
300.1886075949366 277.63006329113915
352.4335443037974 281.4003164556961
370.7462025316456 279.2458860759493
359.43544303797466 275.4756329113923
373.9778481012658 260.3946202531644
384.2113924050633 265.78069620253154
454.7689873417721 252.31550632911387
446.1512658227848 256.08575949367076
433.2246835443038 258.77879746835436
423.529746835443 258.77879746835436
415.98924050632917 262.0104430379746
405.2170886075949 269.55094936708855
395.52215189873414 254.4699367088607
487.62405063291135 252.85411392405055
494.08734177215194 266.3193037974683
505.3981012658228 266.3193037974683
522.6335443037974 270.62816455696196
533.9443037974684 265.78069620253154
525.8651898734178 256.6243670886075
468.77278481012655 258.77879746835436
467.1569620253165 273.8598101265822
485.4696202531645 288.40221518987335
439.1493670886076 279.784493670886
397.67658227848096 292.71107594936706
268.9493670886076 273.3212025316455
261.9474683544303 264.1648734177215
134.1037974683545 269.4883544303796
183.22481012658233 268.1956962025315
210.37063291139245 280.26050632911375
246.56506329113927 256.992658227848
100.49468354430383 270.35012658227834
91.44607594936711 260.4397468354429
93.16962025316457 250.09848101265808
100.49468354430383 250.09848101265808
116.4374683544304 256.992658227848
82.82835443037978 252.68379746835427
54.38987341772154 253.97645569620238
50.081012658227884 265.61037974683535
329.8551898734177 273.15088607594924
352.2612658227848 319.68658227848084
707.0096202531646 267.3339240506327
719.0744303797469 265.61037974683524
800.9427848101267 278.9678481012656
775.0896202531646 280.69139240506314
663.0592405063292 303.5283544303796
696.6683544303798 263.025063291139
783.2764556962027 268.6265822784808
753.5453164556963 260.8706329113922
722.1102897102897 309.59920079920073
29.043143376462083 266.2098090664619
60.636644079975135 248.0900071923882
545.2982278481013 273.1508860759493
502.2096202531646 261.08607594936706
513.412658227848 251.60658227848094
577.1837974683543 334.3367088607595
427.2354430379746 277.459746835443
366.0496202531646 255.05367088607588
350.5377215189874 263.6713924050632
335.88759493670887 265.3949367088607
360.87898734177213 267.11848101265815
484.1124050632911 261.08607594936706
478.9417721518987 255.9154430379746
531.5098734177215 253.3301265822784
532.3716455696202 255.05367088607588
535.8187341772153 255.9154430379746
406.85860306643946 254.97512776831337
416.71686541737637 252.07563884156727
423.6756388415672 250.33594548551957
468.3277683134582 250.91584327086878
505.4412265758092 253.23543441226568
500.80204429301523 254.97512776831337
511.24020442930146 260.1942078364565
