999.56760734117 7.3634168774746644
960.044800323626 21.73534670203609
994.7769640663162 64.85113617572026
1009.1488938908774 86.4090309125624
934.8939231306437 31.31663325174367
937.2892447680705 60.06049290086653
966.0331044171934 76.82774436285482
952.8588354113452 51.67686716987238
1013.9395371657314 118.74587301782556
1017.5325196218716 160.6640016727963
987.5909991540353 166.65230576636358
974.4167301481874 127.1294987488197
885.7898295633922 10.956399333615076
848.6623441832751 1.3751127839074946
888.1851512008191 55.26984962601267
908.5453851189476 78.02540518156826
913.3360283938014 111.55990810554484
924.1149757622225 101.97862155583725
945.6728704990645 152.28037594180213
964.83544359848 169.04762740379044
973.219069329474 181.024235590925
1003.1605897973102 204.97745196519404
1013.9395371657314 219.34938178975537
1016.3348588031582 237.31429407045715
1011.5442155283044 263.66283208215305
1010.346554709591 250.4885630763051
994.7769640663162 237.31429407045715
974.4167301481874 232.52365079560332
983.9980166978951 216.95406015232845
968.4284260546202 206.17511278390745
805.546554709591 18.142364245895788
825.9067886277195 57.665171263439554
854.6506482768425 64.85113617572026
871.4178997388308 118.74587301782556
871.4178997388308 140.3037677546677
886.9874903821056 149.88505430437527
907.3477243002342 163.05932331022325
934.8939231306437 203.7797911464805
950.4635137739185 224.14002506460918
979.2073734230413 263.66283208215305
998.3699465224565 294.8020133687028
1011.5442155283044 279.2324227254279
1018.7301804405851 325.9411946552525
1019.9278412592986 348.696750210808
992.3816424288891 379.8359314973577
978.0097126043279 348.696750210808
955.2541570487722 307.9762823745507
920.5219933060822 287.61604845642205
914.533689212515 262.4651712634396
946.8705313177782 266.05815371957993
908.5453851189476 237.31429407045715
913.3360283938014 212.1634168774747
882.1968471072519 185.81487886577878
861.8366131891231 163.05932331022325
843.8717009084213 122.33885547396586
827.104449446433 87.60669173127583
786.3839816101759 36.107276526597516
772.0120517856144 7.3634168774746644
738.4775488616378 13.351720971041944
715.7219933060821 7.3634168774746644
751.6518178674856 39.70025898273782
756.4424611423395 81.61838763770866
782.7909991540354 119.94353383653898
793.5699465224565 115.15289056168525
798.3605897973102 85.21137009384897
791.1746248850296 152.28037594180213
804.3488938908775 171.44294904121733
845.0693617271347 183.4195572283519
869.0225781014038 237.31429407045715
858.2436307329828 266.05815371957993
882.1968471072519 287.61604845642205
889.3828120195324 272.0464578131472
886.9874903821056 315.1622472868314
916.929010849942 305.58096073712375
921.7196541247956 340.31312447981384
944.4752096803511 340.31312447981384
922.917314943509 360.6733583979425
957.6494786861991 366.6616624915098
962.440121961053 407.3821303277671
982.8003558791817 430.1376858833226
1010.346554709591 460.0792063511588
993.5793032476025 443.3119548891706
1016.3348588031582 434.92832915817644
1015.1371979844448 552.2990893920945
960.044800323626 602.6008437780595
896.5687769318131 597.8102005032056
902.5570810253805 549.9037677546677
892.9757944756728 519.9622472868314
875.010882194971 497.20669173127584
867.8249172826904 468.462832082153
864.23193482655 451.6955806201647
883.3945079259653 463.6721888072993
864.23193482655 425.3470426084688
828.3021102651464 373.8476274037905
841.4763792709945 334.32482038624664
861.8366131891231 312.76692564940447
835.4880751774273 310.37160401197764
846.2670225458482 279.2324227254279
817.5231628967256 261.2675104447261
816.3255020780119 282.82540518156827
806.7442155283045 309.1739431932641
789.9769640663161 274.44177945057413
789.9769640663161 262.4651712634396
780.3956775166084 236.11663325174368
793.5699465224565 216.95406015232845
760.0354435984799 212.1634168774747
769.6167301481876 181.024235590925
737.2798880429244 195.39616541548637
708.5360283938015 157.071019216656
725.3032798557898 152.28037594180213
724.1056190370764 131.92014202367355
728.8962623119302 118.74587301782556
733.6869055867838 97.18797828098353
725.3032798557898 85.21137009384897
734.8845664054974 91.19967418741626
722.9079582183629 68.44411863186068
737.2798880429244 64.85113617572026
708.5360283938015 51.67686716987238
690.5711161130998 27.72365079560337
670.210882194971 38.502598164024384
664.2225781014039 4.968095240047797
623.5021102651466 27.72365079560337
651.0483090955559 43.29324143887823
634.2810576335676 2.5727736026209285
673.8038646511116 85.21137009384897
640.269361727135 80.42072681899512
640.269361727135 91.19967418741626
658.2342740078367 99.58329991841039
663.0249172826904 118.74587301782556
689.3734552943864 129.5248203862467
657.0366131891233 133.117802842387
683.385151200819 173.83827067864425
690.5711161130998 203.7797911464805
685.7804728382458 228.93066833946293
728.8962623119302 258.87218880729927
694.1640985692401 257.6745279885858
697.7570810253804 270.84879699443377
706.1407067563747 284.0230660002817
728.8962623119302 282.82540518156827
762.4307652359068 358.27803676051565
732.4892447680704 359.47569757922906
719.3149757622225 335.5224812049601
773.2097126043278 312.76692564940447
762.4307652359068 274.44177945057413
829.49977108386 594.2172180470653
866.627256463977 575.0546449476501
794.7676073411699 549.9037677546677
805.546554709591 507.98563909969687
776.8026950604682 552.2990893920945
760.0354435984799 524.7528905616851
751.6518178674856 491.21838763770853
743.2681921364916 458.88154553244533
737.2798880429244 563.0780367605156
712.1290108499419 569.0663408540829
752.8494786861993 546.3107852985273
734.8845664054974 537.9271595675332
725.3032798557898 524.7528905616851
688.175794475673 499.60201336870267
683.385151200819 455.28856307630514
659.43193482655 373.8476274037905
682.1874903821056 352.2897326669483
663.0249172826904 333.12715956753306
663.0249172826904 315.1622472868314
684.5828120195324 304.38329991841033
653.4436307329827 274.44177945057413
649.8506482768424 245.69791980145132
619.9091278090061 254.08154553244546
630.6880751774272 231.32598997688984
609.1301804405853 233.72131161431682
606.7348588031581 210.96575605876123
592.3629289785969 187.01253968449222
649.8506482768424 190.6055221406326
611.5255020780121 169.04762740379044
605.5371979844447 136.71078529852727
617.5138061715793 129.5248203862467
611.5255020780121 110.3622472868314
616.3161453528659 93.59499582484312
604.3395371657313 80.42072681899512
597.1535722534506 30.118972433030233
588.7699465224564 80.42072681899512
572.0026950604681 76.82774436285482
575.5956775166086 48.08388471373197
550.444800323626 39.70025898273782
545.6541570487722 9.758738514901642
563.6190693294741 7.3634168774746644
520.5032798557897 48.08388471373197
525.2939231306435 31.31663325174367
648.652987458129 566.671019216656
629.4904143587138 527.1482121991121
659.43193482655 509.1832999184103
624.6997710838601 497.20669173127584
636.6763792709944 482.8347619067144
659.43193482655 478.04411863186067
633.0833968148542 466.0675104447261
605.5371979844447 398.99850459677293
600.746554709591 354.6850543043752
613.9208237154389 357.0803759418021
585.1769640663161 312.76692564940447
603.1418763470178 291.2090309125624
569.6073734230413 242.10493734531093
574.398016697895 212.1634168774747
568.4097126043278 171.44294904121733
582.7816424288892 160.6640016727963
598.3512330721641 552.2990893920945
600.746554709591 518.764586468118
589.9676073411698 499.60201336870267
579.188659972749 457.68388471373197
531.2822272242109 379.8359314973577
548.0494786861992 360.6733583979425
563.6190693294741 541.5201420236734
506.13135003122835 325.9411946552525
522.8986014932167 297.1973350061296
556.4331044171932 315.1622472868314
530.0845664054973 270.84879699443377
536.0728704990646 232.52365079560332
489.36409856924 255.27920635115888
482.1781336569594 215.756399333615
498.94538511894774 190.6055221406326
485.7711161130997 173.83827067864425
516.9102973996495 165.45464494765017
509.72433248736866 143.896750210808
466.60854301368454 194.19850459677295
445.0506482768424 157.071019216656
459.4225781014038 137.90844611724071
429.48105763356756 175.03593149735772
416.3067886277196 145.09441102952144
418.70211026514653 104.37394319326411
421.0974319025734 52.87452798858581
433.07404008970786 21.73534670203609
417.5044494464331 2.5727736026209285
373.1909991540354 18.142364245895788
371.99333833532194 57.665171263439554
313.3079582183629 4.968095240047797
290.55240266280737 13.351720971041944
313.3079582183629 38.502598164024384
301.33135003122834 64.85113617572026
297.7383675750881 39.70025898273782
285.76175938795353 52.87452798858581
350.4354435984798 63.653475357006826
344.4471395049125 80.42072681899512
326.4822272242108 76.82774436285482
363.60971260432774 148.68739348566183
354.02842605462024 153.47803676051558
342.0518178674857 172.64060985993086
320.4939231306436 169.04762740379044
325.2845664054974 148.68739348566183
308.51731494350906 129.5248203862467
327.6798880429242 208.5704344213343
380.3769640663161 225.33768588332268
392.3535722534506 185.81487886577878
369.5980166978951 194.19850459677295
410.3184845341524 213.36107769618812
422.29509272128684 195.39616541548637
411.5161453528658 282.82540518156827
425.88807517742725 304.38329991841033
476.18982956339215 297.1973350061296
480.9804728382459 317.55756892425825
417.5044494464331 337.91780284238695
409.12082371543886 315.1622472868314
400.7371979844447 346.3014285733811
489.36409856924 363.06868003536937
471.39918628853826 413.3704344213343
519.3056190370763 451.6955806201647
516.9102973996495 494.81137009384895
476.18982956339215 487.6254051815682
538.4681921364916 528.3458730178255
465.410882194971 546.3107852985273
423.49275354000025 543.9154636611004
410.3184845341524 507.98563909969687
434.2717009084214 478.04411863186067
392.3535722534506 415.7657560587612
416.3067886277196 388.21955722835185
385.16760734116997 375.0452882225039
374.3886599727488 349.8944110295214
350.4354435984798 323.54587301782556
375.58632079146224 312.76692564940447
356.4237476920471 291.2090309125624
334.86585295520496 292.4066917312758
306.12199330608223 231.32598997688984
276.1804728382459 173.83827067864425
265.4015254698249 110.3622472868314
243.84363073298277 133.117802842387
228.2740400897079 133.117802842387
210.30912780900618 101.97862155583725
217.4950927212869 60.06049290086653
219.89041435871377 46.88622389501853
203.12316289672546 38.502598164024384
221.08807517742719 10.956399333615076
188.75123307216404 2.5727736026209285
191.1465547095909 52.87452798858581
200.7278412592986 80.42072681899512
169.58865997274887 80.42072681899512
160.0073734230413 48.08388471373197
140.84480032362603 34.909615707884086
139.6471395049126 18.142364245895788
143.240121961053 88.80435254998926
150.42608687333362 90.0020133687027
164.79801669789504 107.96692564940454
176.7746248850296 139.10610693595416
179.16994652245646 163.05932331022325
210.30912780900618 158.2686800353694
229.47170090842135 189.40786132191914
251.02959564526347 207.37277360262087
243.84363073298277 219.34938178975537
258.2155605575442 245.69791980145132
278.5757944756728 238.5119548891706
236.65766582070205 270.84879699443377
198.33251962187163 257.6745279885858
188.75123307216404 212.1634168774747
201.92550207801204 198.98914787162673
255.82023892011722 317.55756892425825
242.64596991426933 316.35990810554483
236.65766582070205 333.12715956753306
280.97111611309975 337.91780284238695
271.3898295633921 363.06868003536937
298.9360283938015 382.23125313478465
321.6915839493571 348.696750210808
321.6915839493571 388.21955722835185
344.4471395049125 446.9049373453109
319.2962623119301 457.68388471373197
312.11029739964937 499.60201336870267
321.6915839493571 472.05581453829336
285.76175938795353 450.4979198014513
267.7968471072518 591.8218964096384
212.70444944643305 516.369264830691
236.65766582070205 499.60201336870267
229.47170090842135 480.4394402692875
207.91380617157932 492.416048456422
189.94889389087749 478.04411863186067
230.66936172713477 438.52131161431674
251.02959564526347 460.0792063511588
171.98398161017576 442.11429407045716
150.42608687333362 384.62657477221154
110.90327985578985 352.2897326669483
106.112636580936 317.55756892425825
168.39099915403546 299.59265664355655
139.6471395049126 288.81370927513547
173.18164242888918 274.44177945057413
151.62374769204715 246.89558062016474
158.80971260432776 210.96575605876123
131.26351377391845 190.6055221406326
107.31029739964944 210.96575605876123
89.3453851189477 225.33768588332268
49.82257810140384 189.40786132191914
137.25181786748573 149.88505430437527
128.8681921364916 135.51312447981385
144.43778277976645 118.74587301782556
128.8681921364916 101.97862155583725
107.31029739964944 88.80435254998926
102.5196541247956 72.03710108800098
106.112636580936 44.490902257591664
96.53135003122843 9.758738514901642
71.38047283824592 26.525989976889935
39.04363073298277 19.34002506460922
65.3921687446787 69.6417794505741
54.613221376257634 80.42072681899512
53.415560557544204 106.76926483069101
71.38047283824592 123.5365162926794
60.601525469824914 146.29207184823497
21.078718452281045 158.2686800353694
12.695092721286896 179.82657477221156
12.695092721286896 88.80435254998926
3.1138061715792613 51.67686716987238
3.1138061715792613 39.70025898273782
1.9161453528658272 195.39616541548637
16.288075177427253 222.94236424589576
29.462344183275192 227.7330075207495
36.6483090955559 257.6745279885858
24.6717009084214 324.74353383653903
66.58982956339214 415.7657560587612
3.1138061715792613 563.0780367605156
11.497431902573409 536.7294987488197
23.474040089707913 525.9505513803987
90.54304593766115 501.9973350061297
114.49626231193015 482.8347619067144
148.03076523590673 492.416048456422
163.6003558791816 524.7528905616851
167.193338335322 577.449966585077
