116.59415584415575 379.5633116883116
177.8961038961038 359.38798701298697
212.0389610389609 411.3782467532467
323.7792207792206 371.8035714285714
407.5844155844155 372.5795454545454
455.6948051948051 355.5081168831168
511.56493506493496 345.4204545454545
562.0032467532467 366.3717532467532
521.6525974025973 435.43344155844153
258.5974025974025 370.2516233766233
247.73376623376612 427.67370129870125
48.30844155844147 393.5308441558441
81.67532467532459 370.2516233766233
18.045454545454447 377.2353896103895
57.620129870129745 345.4204545454545
243.07792207792193 333.0048701298701
268.6850649350648 341.54058441558436
283.42857142857133 325.2451298701298
253.9415584415583 303.51785714285705
350.9383116883116 322.1412337662337
323.0032467532467 336.88474025974017
361.0259740259739 360.939935064935
399.82467532467524 338.4366883116882
397.49675324675314 314.3814935064934
469.66233766233756 298.08603896103887
455.6948051948051 322.1412337662337
431.6396103896103 327.5730519480519
487.50974025974017 327.5730519480519
42.100649350649235 330.676948051948
15.480519480519462 340.9586038961038
51.5633116883117 300.60795454545445
63.97889610389612 302.5478896103895
88.81006493506496 323.88717532467524
100.44967532467535 346.39042207792204
105.10551948051949 313.02353896103887
92.30194805194807 302.1599025974025
141.96428571428572 317.29139610389603
155.54383116883122 344.45048701298697
176.88311688311694 317.67938311688306
209.86201298701303 323.1112012987012
279.6996753246754 297.11607142857133
189.68668831168833 307.5917207792207
196.28246753246762 276.16477272727263
191.6266233766234 321.1712662337662
155.1558441558442 300.60795454545445
30.224025974025977 282.76055194805184
10.048701298701275 293.2362012987012
47.29545454545453 276.9407467532467
79.88636363636365 280.43262987012974
71.35064935064935 265.30113636363626
57.383116883116884 259.8693181818181
23.240259740259745 245.1258116883116
22.85227272727272 228.83035714285703
95.79383116883119 267.24107142857133
116.74512987012992 269.1810064935064
145.45616883116884 262.58522727272714
126.44480519480521 260.64529220779207
107.04545454545456 254.8254870129869
95.79383116883119 247.45373376623365
72.5146103896104 246.2897727272726
53.89123376623377 234.6501623376622
214.9058441558442 286.25243506493496
236.63311688311694 283.5365259740259
253.7045454545455 276.5527597402596
270.00000000000006 270.73295454545445
295.99512987013 269.1810064935064
175.71915584415586 267.24107142857133
163.30357142857144 275.3887987012986
129.5487012987013 281.98457792207785
189.29870129870136 254.8254870129869
173.39123376623382 248.22970779220768
152.8279220779221 248.22970779220768
133.04058441558442 240.0819805194804
268.83603896103904 244.73782467532456
240.12500000000006 246.67775974025963
224.21753246753252 254.4374999999999
207.53409090909093 262.58522727272714
230.03733766233773 268.0170454545454
246.72077922077926 238.14204545454533
206.75811688311694 243.96185064935054
314.46753246753235 284.3124999999999
295.06818181818176 295.9521103896103
369.56168831168816 317.291396103896
420.38798701298697 304.8758116883116
385.4691558441558 299.44399350649337
333.86688311688306 298.28003246753235
350.9383116883116 279.2686688311687
367.6217532467532 275.00081168831156
383.14123376623377 275.00081168831156
412.2402597402597 273.4488636363635
423.8798701298701 276.16477272727263
436.2954545454545 278.1047077922077
436.2954545454545 278.1047077922077
457.2467532467532 277.32873376623365
488.67370129870125 287.416396103896
504.9691558441558 298.6680194805194
338.13474025974017 272.2849025974025
312.91558441558436 266.8530844155843
369.94967532467524 256.7654220779219
387.79707792207785 252.88555194805184
399.4366883116883 245.12581168831156
373.8295454545454 245.51379870129858
478.97402597402595 230.38230519480507
499.92532467532465 226.50243506493493
499.5373376623376 237.3660714285713
358.3100649350649 231.54626623376612
336.5827922077921 238.14204545454533
319.5113636363635 236.59009740259728
420.38798701298697 253.27353896103884
478.1980519480519 247.45373376623365
455.69480519480516 255.98944805194793
504.5811688311688 212.14691558441544
457.6347402597402 232.3222402597401
448.7110389610389 231.93425324675312
428.14772727272725 229.99431818181804
411.46428571428567 228.830357142857
264.8051948051947 214.86282467532453
239.19805194805184 217.57873376623363
223.6785714285713 232.71022727272714
223.6785714285713 232.71022727272714
274.89285714285705 221.84659090909076
329.21103896103887 225.7264610389609
329.21103896103887 224.56249999999986
291.5762987012986 237.7540584415583
397.4967532467532 224.95048701298688
375.76948051948045 234.6501623376622
416.5081168831168 200.11931818181804
367.6217532467532 208.26704545454533
364.1298701298701 215.63879870129855
343.17857142857133 217.96672077922065
337.74675324675314 207.8790584415583
317.1834415584415 219.5186688311687
326.8831168831168 209.43100649350635
447.54707792207785 209.43100649350635
432.8035714285714 216.8027597402596
483.6298701298701 205.1631493506492
464.61850649350646 204.38717532467518
506.9090909090909 201.28327922077906
444.05519480519473 190.41964285714272
431.6396103896103 197.79139610389595
383.14123376623377 215.63879870129855
383.14123376623377 215.63879870129855
280.7126623376622 204.38717532467518
239.97402597402586 200.50730519480504
352.68425324675314 190.51663961038946
516.8457792207793 281.98457792207785
547.8847402597403 284.3124999999999
578.1477272727274 290.5202922077921
569.2240259740261 308.75568181818176
558.7483766233768 319.61931818181813
525.3814935064936 316.903409090909
514.5178571428571 325.8271103896103
538.573051948052 351.4342532467532
592.1152597402598 336.6907467532467
573.1038961038962 270.73295454545445
593.2792207792209 269.1810064935064
581.2516233766235 254.4374999999999
578.1477272727274 237.75405844155833
559.9123376623377 254.4374999999999
550.6006493506494 257.541396103896
517.2337662337663 256.765422077922
502.10227272727275 273.4488636363635
521.8896103896104 221.8465909090908
551.7646103896104 215.25081168831156
578.5357142857143 213.3108766233765
592.1152597402598 217.19074675324663
541.2889610389611 211.75892857142844
537.021103896104 202.4472402597401
552.5405844155845 198.17938311688297
566.896103896104 217.57873376623365
536.2451298701299 233.4862012987012
161.29383116883116 228.2483766233766
454.614448051948 193.1355519480519
478.2816558441558 194.29951298701292
472.4618506493506 184.98782467532465
485.6534090909091 181.49594155844153
502.7248376623377 176.45211038961034
536.0917207792207 171.02029220779215
480.2215909090909 176.45211038961034
456.1663961038961 176.45211038961034
348.6939935064935 210.59496753246748
560.5349025974026 203.61120129870125
347.1420454545455 180.71996753246748
366.5413961038961 195.85146103896102
415.03977272727275 193.52353896103892
317.65503246753246 203.22321428571425
524.4521103896104 191.58360389610385
535.7037337662338 187.3157467532467
577.2183441558441 184.2118506493506
572.1745129870129 203.22321428571425
582.2621753246754 203.61120129870125
584.2021103896103 194.29951298701292
569.4586038961039 193.52353896103892
327.7426948051948 190.80762987012986
404.56412337662334 203.22321428571425
403.01217532467535 216.8027597402597
395.64042207792204 181.49594155844153
384.0008116883117 176.84009740259734
508.93262987012986 187.3157467532467
382.0184815184815 345.8936063936065
531.7187812187811 248.94055944055953
514.3361638361637 200.08941058941065
533.516983016983 217.17232767232775
535.0154845154844 209.08041958041966
545.2052947052946 186.30319680319687
548.5019980019979 177.61188811188816
358.492007992008 292.9965034965036
11.139360639360646 216.87262737262745
7.542957042957056 258.2312687312688
122.02847152847147 244.14535464535473
112.7377622377622 243.54595404595415
104.94555444555441 219.86963036963047
136.11438561438558 227.36213786213796
130.1203796203796 212.37712287712296
103.74675324675322 208.18131868131877
114.8356643356643 211.77772227772238
146.30419580419579 219.5699300699302
159.19130869130862 210.27922077922088
146.6038961038961 205.18431568431578
151.09940059940055 194.69480519480527
135.81468531468528 199.7897102897104
173.57692307692304 223.76573426573435
196.05444555444546 227.36213786213796
196.35414585414577 212.67682317682326
212.83766233766227 217.77172827172836
225.72477522477513 218.07142857142867
221.52897102897094 210.57892107892116
225.72477522477513 202.4870129870131
251.7987012987012 219.5699300699302
264.6858141858141 223.76573426573435
278.7717282717282 237.25224775224785
280.56993006992997 257.9315684315685
373.02747252747247 228.26123876123884
381.41908091908084 223.76573426573435
386.5139860139859 234.25524475524483
346.35414585414577 236.95254745254752
323.8766233766233 240.54895104895112
296.0044955044954 218.97052947052956
288.8116883116883 211.77772227772235
293.90659340659334 202.78671328671336
303.19730269730263 206.98251748251755
263.9365634365634 202.18731268731275
267.532967032967 207.88161838161847
81.86863136863134 236.35314685314688
76.17432567432566 231.2582417582418
64.18631368631368 225.2642357642358
53.09740259740259 214.7747252747253
36.014485514485514 221.3681318681319
35.41508491508492 243.24625374625379
84.26623376623377 211.77772227772232
89.66083916083915 219.8696303696304
118.73176823176821 224.0654345654346
54.296203796203784 202.18731268731273
55.495004995004976 192.59690309690313
68.98151848151848 199.78971028971034
87.56293706293705 197.69180819180824
82.76773226773226 193.49600399600405
42.30819180819181 177.91158841158847
26.12437562437563 180.30919080919085
10.839660339660341 185.40409590409593
180.3201798201799 203.98551448551456
148.8516483516484 277.7117882117883
114.38611388611393 291.7977022977024
268.1323676323676 446.5929070929072
473.72677322677316 402.2372627372628
193.20729270729274 351.8876123876125
431.76873126873124 250.13936063936075
462.63786213786204 240.84865134865146
494.1063936063935 253.43606393606404
474.3261738261738 264.22527472527486
355.3451548451548 252.23726273726282
378.72177822177815 187.35214785214797
377.2232767232767 196.34315684315695
391.9085914085914 204.73476523476535
487.5129870129869 212.67682317682326
478.82167832167823 213.27622377622387
491.1093906093905 223.76573426573435
515.6848151848151 230.35914085914095
506.6938061938061 237.25224775224785
92.35814185814185 185.10439560439573
66.58391608391607 186.60289710289723
54.296203796203784 176.11338661338672
241.15934065934064 256.58291708291716
262.73776223776224 252.38711288711292
265.7347652347652 185.40409590409595
