7.078846014098004 505.4449531284062
72.5624591236101 567.6543855824433
99.57444953128399 465.3362400988301
189.61441755686351 503.8078628006686
269.0132984521473 470.24751108204356
282.9285662379187 408.03807862800676
354.1419954945135 428.5017077247294
454.8230506503888 470.24751108204356
506.39139597412975 570.9285662379189
620.1691737519076 553.739117796672
671.7375190756487 487.43695952329057
808.4345614417558 554.5576629605407
806.7974711140179 483.34423370394603
845.2690938158565 427.68316256086047
801.0676549669356 327.82065256885403
728.2171353826031 392.48572051449753
796.9749291475912 304.0828428166557
670.9189739117797 275.433762081244
607.0724511300051 315.5424751108205
548.137199331444 333.55046871593635
534.2219315456725 411.3122592834823
492.4761281883584 408.8566237918756
474.4681345832425 310.631204127607
417.988518276288 319.63520093016496
389.33943754087636 344.1915558462321
339.4081825448732 317.1795654385582
291.11401787660776 322.0908364217716
205.98532083424163 309.8126589637381
180.61042075430558 347.46573650170774
141.32025288859813 363.83663977908583
54.55446551849419 381.84463338420176
1.3490298670153469 353.1955526487901
76.65518494295462 272.9781265896374
2.986120194753174 250.058862001308
57.828646173969794 236.14359421553658
48.00610420754294 200.1276070053048
84.84063658164368 218.13560061042065
122.49371411961329 237.7806845432744
147.05006903568045 191.1236102027468
164.2395174769275 221.4097812658963
169.1507884601409 268.88540077029285
197.79986919555256 245.1475910180946
214.17077247293068 196.85342634982916
225.6304047670953 160.83743913959734
185.52169173751898 76.52728726110008
91.38899789259493 76.52728726110008
371.3314439357605 90.44255504687146
454.00450548651986 110.90618414359409
332.04127607005296 124.82145192936548
342.6823632003488 146.92217135382597
363.1459922970714 133.82544873192344
338.58963738100425 98.6280066855605
406.52888598212337 88.80546471913367
408.98452147373007 184.5752488917956
434.35942155366615 164.93016495894187
414.71433762081244 143.6479906983503
373.78707942736713 227.13959741297865
323.0372792674951 218.13560061042065
266.5576629605406 227.13959741297865
273.9245694353607 181.30106823631994
242.81985320834235 261.5184942954727
306.666375990117 257.42576847612816
399.1619795073033 285.25630404767094
416.3514279485503 248.4217716735702
444.18196352009306 223.0468715936341
474.4681345832425 209.9501489717316
484.2906765496694 178.02688758084432
462.1899571252089 141.19235520674357
570.2379187559044 93.71673570234711
526.0364799069835 140.3738100428747
509.6655766296055 160.83743913959734
541.5888380204927 151.83344233703937
575.1491897391178 151.01489717317048
620.9877189157766 138.7367197151369
642.2698931763682 113.36181963520082
652.9109803066638 100.26509701329832
787.9709323450331 78.16437758883794
837.0836421771675 102.72073250490504
889.4705326647772 107.6320034881185
904.2043456144178 180.48252307245104
864.0956325848413 187.0308843834023
825.6240098830027 204.22033282464935
824.8054647191339 154.2890778286461
801.0676549669356 175.57125208923765
750.3178548070634 162.47452946733515
711.846232105225 197.67197151369803
724.1244095632586 218.13560061042065
666.0077029285663 191.1236102027468
630.8102608822034 182.9381585640578
623.4433544073831 204.22033282464935
577.6048252307246 206.67596831625602
580.0604607223312 173.11561659763092
535.8590218734104 245.1475910180946
561.2339219533465 242.69195552648782
598.0684543274472 257.42576847612816
452.3674151587821 270.5224910980306
947.909423909424 137.7435897435896
970.4149184149185 182.75457875457863
932.5647685647687 217.5357975357974
979.6217116217117 214.46686646686635
987.805527805528 176.61671661671653
986.7825507825507 163.31801531801523
1008.2650682650684 107.05427905427892
