883.7398051483625 565.535180877854
886.1954406399692 550.8013679282138
896.0179826063961 554.0755485836894
902.5663439173475 538.5231904701802
902.5663439173475 525.4264678482779
884.5583503122316 536.0675549785735
891.1067116231827 511.51120006250636
901.7477987534784 505.7813839154241
896.836527770265 479.58793867161916
882.9212599844936 487.77339031030823
890.2881664593139 458.3057644110276
893.5623471147894 446.027586952994
906.6590697366919 452.57594826394524
896.0179826063961 427.20104818400915
878.8285341651491 456.66867408328983
870.6430825264601 455.031583755552
861.6390857239021 444.3904966252562
863.2761760516399 436.2050449865671
863.2761760516399 481.22502899935694
866.5503567071155 495.14029678512827
866.5503567071155 505.7813839154241
856.7278147406886 509.0555645708998
846.9052727742619 522.1522871928022
864.0947212155088 531.9748291592291
874.7358083458047 518.8781065373265
869.8245373625913 539.3417356340492
864.9132663793778 547.5271872727382
847.7238179381308 545.8900969450004
857.5463599045577 536.8861001424425
860.8205405600332 567.990816369461
833.8085501523593 567.990816369461
842.8125469549174 555.7126389114273
827.2601888414082 557.3497292391651
832.9900049884905 526.2450130121467
812.5263758917679 539.3417356340492
810.0707404001612 554.0755485836894
815.8005565472434 555.7126389114273
791.2442016311762 564.7166357139853
789.6071113034386 557.3497292391651
783.0587499924873 548.3457324366071
790.4256564673074 527.8821033398846
799.4296532698654 515.603925881851
808.4336500724232 514.785380717982
823.1674630220635 501.68865809607956
828.8972791691458 513.1482903902443
833.8085501523593 495.14029678512827
805.9780145808165 502.5072032599484
821.5303726943257 491.8661161296527
844.4496372826552 483.6806644909637
821.5303726943257 477.9508483438813
838.7198211355727 472.221032196799
831.3529146607526 459.9428547387654
845.2681824465241 455.8501289194209
850.9979985936063 457.4872192471587
830.5343694968838 447.6646772807319
835.4456404800972 446.027586952994
842.8125469549174 445.20904178912514
841.9940017910485 435.3864998226983
852.6350889213443 432.1123191672226
862.4576308877711 428.83813851174693
854.2721792490819 418.1970513814512
841.1754566271794 418.1970513814512
869.0059921987222 396.91487712085967
856.7278147406886 396.09633195699075
860.8205405600332 403.4632384318109
841.9940017910485 406.7374190872866
838.7198211355727 396.91487712085967
844.4496372826552 388.7294254821706
833.8085501523593 405.9188739234176
833.8085501523593 419.834141709189
828.8972791691458 432.9308643310915
820.7118275304568 445.20904178912514
817.4376468749813 435.3864998226983
810.8892855640299 443.57195146138724
810.8892855640299 468.12830637745446
796.1554726143896 447.6646772807319
802.703833925341 475.4952128522746
796.9740177782587 484.49920965483255
803.5223790892098 484.49920965483255
786.3329306479628 505.7813839154241
772.4176628621915 509.8741097347686
770.7805725344538 496.77738711286617
760.9580305680269 515.603925881851
766.6878467151091 531.9748291592291
750.3169434377311 553.2570034198206
742.950036962911 557.3497292391651
738.8573111435664 517.2410162095888
747.0427627822555 518.0595613734577
736.4016756519596 531.1562839953601
731.4904046687462 543.4344614533937
721.6678627023194 555.7126389114273
702.8413239333346 554.8940937475584
710.2082304081548 533.6119194869668
711.8453207358925 512.3297452263753
712.6638658997614 499.23302260447286
713.4824110636304 482.8621193270948
736.4016756519596 484.49920965483255
753.5911240932068 504.1442935876863
760.1394854041579 483.6806644909637
742.950036962911 482.8621193270948
741.3129466351731 473.0395773606679
723.3049530300573 470.58394186906116
734.7645853242219 466.4912160497167
723.3049530300573 459.9428547387654
739.6758563074353 450.9388579362074
764.2322112235024 460.7613999026343
780.6031145008806 473.8581225245368
763.4136660596336 473.0395773606679
789.6071113034386 477.13230318001246
781.4216596647494 462.39849023037215
769.1434822067158 450.1203127723385
754.4096692570756 444.3904966252562
756.8653047486823 433.7494094949604
739.6758563074353 441.11631596978054
728.2162240132707 444.3904966252562
724.942043357795 435.3864998226983
731.4904046687462 430.4752288394848
747.8613079461244 430.4752288394848
741.3129466351731 430.4752288394848
779.7845693370117 437.842135314305
778.9660241731427 428.83813851174693
795.3369274505209 425.5639578562714
802.703833925341 424.74541269240245
808.4336500724232 432.1123191672226
817.4376468749813 428.01959334787813
820.7118275304568 423.1083223646647
814.1634662195057 414.10432556210674
823.9860081859324 404.2817835956799
819.0747372027192 406.7374190872866
819.893282366588 399.3705126124664
827.2601888414082 396.09633195699075
830.5343694968838 383.81815449895726
817.4376468749813 383.81815449895726
822.3489178581948 361.7174350744968
813.3449210556367 371.53997704092365
812.5263758917679 365.81016089384127
801.8852887614721 364.1730705661035
794.518382286652 365.81016089384127
799.4296532698654 381.36251900735056
783.8772951563562 382.18106417121936
773.2362080260605 369.08434154931695
781.4216596647494 367.44725122157905
789.6071113034386 378.0883383518749
799.4296532698654 394.459241629253
799.4296532698654 407.5559642511555
805.1594694169477 405.1003287595488
765.0507563873714 414.92287072597554
747.8613079461244 417.3785062175823
759.3209402402891 407.5559642511555
755.2282144209445 398.55196744859745
754.4096692570756 390.3665158099085
768.3249370428471 388.7294254821706
681.5591496727432 554.8940937475584
679.1035141811363 543.4344614533937
657.0027947566759 549.1642776004761
643.0875269709045 553.2570034198206
659.4584302482826 535.2490098147047
664.369701231496 527.0635581760156
672.5551528701852 526.2450130121467
674.192243197923 516.4224710457198
681.5591496727432 505.7813839154241
687.2889658198254 510.69265489863756
699.567143277859 509.8741097347686
692.2002368030388 527.8821033398846
686.4704206559566 540.1602807979181
692.2002368030388 555.7126389114273
695.4744174585145 543.4344614533937
683.1962400004809 498.41447744060395
691.38169163917 482.8621193270948
693.8373271307767 459.12430957489653
691.38169163917 473.0395773606679
703.6598690972035 472.221032196799
702.0227787694657 446.8461321168629
715.9380465552371 447.6646772807319
716.756591719106 422.28977720079575
723.3049530300573 418.1970513814512
737.2202208158286 407.5559642511555
745.4056724545176 392.0036061376463
739.6758563074353 400.18905777633535
745.4056724545176 366.62870605771025
765.8693015512403 365.81016089384127
769.9620273705848 379.72542867961266
760.1394854041579 365.81016089384127
767.5063918789781 356.80616409128334
774.0547531899293 350.25780278033216
783.8772951563562 353.53198343580766
781.4216596647494 330.6127188474784
800.2481984337343 340.43526081390524
770.7805725344538 333.0683543390851
771.5991176983226 322.4272672087893
767.5063918789781 318.3345413894448
759.3209402402891 313.4232704062313
749.4983982738622 299.50800262045993
735.5831304880909 312.60472524236246
737.2202208158286 329.7941736836094
739.6758563074353 319.15308655331364
742.131491799042 325.70144786426494
761.7765757318957 339.6167156500363
758.5023950764202 330.6127188474784
755.2282144209445 337.16108015842957
728.2162240132707 335.5239898306918
737.2202208158286 338.79817048616746
726.579133685533 325.70144786426494
745.4056724545176 333.0683543390851
755.2282144209445 344.5279866332497
760.9580305680269 346.9836221248565
747.0427627822555 310.9676349146247
754.4096692570756 351.8948931080699
746.2242176183865 362.5359802383657
727.3976788494017 352.71343827193886
723.3049530300573 357.6247092551523
729.0347691771395 380.5439738434816
725.760588521664 394.459241629253
729.8533143410085 394.459241629253
712.6638658997614 392.0036061376463
725.760588521664 406.7374190872866
719.2122272107127 402.6446932679421
710.2082304081548 401.0076029402042
707.7525949165481 410.83014490663106
697.9300529501212 396.09633195699075
713.4824110636304 360.080344746759
702.8413239333346 378.0883383518749
703.6598690972035 387.0923351544328
699.567143277859 390.3665158099085
689.7446013114321 406.7374190872866
688.9260561475633 427.20104818400915
700.3856884417279 424.74541269240245
683.1962400004809 408.37450941502436
679.1035141811363 425.5639578562714
675.8293335256608 432.1123191672226
665.188246395365 424.74541269240245
665.188246395365 435.3864998226983
670.0995173785784 410.83014490663106
675.0107883617919 455.031583755552
665.188246395365 453.3944934278142
654.5471592650692 439.47922564204276
643.0875269709045 452.57594826394524
669.2809722147095 472.221032196799
671.7366077063162 479.58793867161916
652.9100689373314 477.13230318001246
642.2689818070357 477.13230318001246
643.0875269709045 462.39849023037215
629.1722591851332 466.4912160497167
627.5351688573954 484.49920965483255
634.9020753322155 481.22502899935694
643.0875269709045 486.95484514643925
660.2769754121516 502.5072032599484
656.1842495928071 488.5919354741771
670.9180625424473 495.14029678512827
675.8293335256608 485.3177548187015
643.0875269709045 511.51120006250636
635.7206204960844 496.77738711286617
609.5271752522796 500.87011293221065
622.6238978741819 522.9708323566712
634.9020753322155 518.0595613734577
595.611907466508 516.4224710457198
598.8860881219837 506.599929079293
607.0715397606727 533.6119194869668
594.7933623026393 533.6119194869668
626.7166236935265 537.7046453063114
623.4424430380509 529.5191936676223
627.5351688573954 552.4384582559517
620.1682623825752 557.3497292391651
639.813346315429 566.3537260417231
575.9668235336544 564.7166357139853
587.426455827819 552.4384582559517
571.0555525504409 546.7086421088694
574.3297332059166 532.7933743230979
544.862107306636 563.0795453862474
548.1362879621116 549.982822764345
560.4144654201451 527.0635581760156
540.7693814872915 542.6159162895248
530.1282943569956 544.2530066172627
529.3097491931268 555.7126389114273
522.7613878821757 563.0795453862474
506.3904846047975 548.3457324366071
504.7533942770596 567.990816369461
490.83812649128816 564.7166357139853
544.862107306636 528.7006485037534
544.043562142767 514.785380717982
527.6726588653889 516.4224710457198
571.8740977143099 515.603925881851
555.5031944369318 518.0595613734577
511.30175558801085 523.7893775205399
539.9508363234225 504.9628387515551
521.1242975544377 517.2410162095888
545.6806524705049 493.5032064573905
562.8701009117518 497.59593227673497
578.4224590252611 495.9588419489972
563.6886460756208 484.49920965483255
573.5111880420477 485.3177548187015
601.3417236135904 486.95484514643925
615.2569913993618 486.1362999825704
611.1642655800173 477.9508483438813
616.8940817270995 465.67267088584777
624.2609882019198 450.1203127723385
628.3537140212642 439.47922564204276
638.1762559876911 432.9308643310915
629.1722591851332 432.9308643310915
595.611907466508 464.85412572197885
583.3337300084745 475.4952128522746
571.0555525504409 472.221032196799
583.3337300084745 459.9428547387654
571.0555525504409 455.031583755552
583.3337300084745 437.842135314305
600.5231784497215 455.8501289194209
596.430452630377 441.11631596978054
609.5271752522796 435.3864998226983
607.0715397606727 428.01959334787813
620.9868075464442 428.83813851174693
585.7893655000813 426.38250302014035
595.611907466508 410.01159974276214
612.8013559077551 404.2817835956799
602.9788139413282 401.0076029402042
614.4384462354928 393.64069646538405
630.809349512871 401.8261481040731
646.3617076263802 412.46723523436884
646.3617076263802 404.2817835956799
660.2769754121516 415.7414158898445
638.1762559876911 419.834141709189
663.5511560676272 402.6446932679421
673.373698034054 401.0076029402042
678.2849690172675 395.27778679312195
672.5551528701852 393.64069646538405
652.0915237734624 397.73342228472865
631.6278946767399 392.8221513015152
634.9020753322155 387.91088031830174
618.5311720548375 386.27378999056396
621.8053527103131 378.0883383518749
635.7206204960844 376.4512480241371
647.180252790249 380.5439738434816
658.6398850844138 382.18106417121936
665.188246395365 380.5439738434816
692.2002368030388 378.9068835157438
682.3776948366119 379.72542867961266
675.8293335256608 366.62870605771025
670.9180625424473 373.1770673686614
673.373698034054 381.36251900735056
652.0915237734624 360.8988899106278
636.5391656599534 367.44725122157905
640.6318914792978 359.2617995828901
662.7326109037583 360.080344746759
657.8213399205449 358.4432544190211
666.8253367231029 355.9876189274144
666.8253367231029 346.9836221248565
662.7326109037583 338.79817048616746
675.0107883617919 358.4432544190211
679.9220593450052 355.16907376354555
683.1962400004809 355.16907376354555
675.8293335256608 348.62071245259426
685.6518754920876 351.8948931080699
693.0187819669078 353.53198343580766
691.38169163917 342.072351141643
706.9340497526791 347.8021672887254
698.74859811399 334.70544466682287
713.4824110636304 342.89089630551194
715.9380465552371 333.0683543390851
711.0267755720237 333.0683543390851
690.5631464753011 322.4272672087893
685.6518754920876 330.6127188474784
679.1035141811363 337.97962532229855
701.2042336055968 328.9756285197406
702.8413239333346 315.06036073396916
732.3089498326152 290.50400581790194
726.579133685533 302.78218327593555
723.3049530300573 292.9596413095087
724.942043357795 278.22582835986844
713.4824110636304 288.8669154901642
713.4824110636304 281.500009015344
712.6638658997614 270.04037672117937
696.2929626223834 283.95564450695076
720.8493175384505 319.9716317171826
712.6638658997614 319.15308655331364
692.2002368030388 294.59673163724653
702.0227787694657 283.13709934308184
683.1962400004809 304.4192736036734
667.6438818869717 331.4312640113473
685.6518754920876 319.9716317171826
667.6438818869717 317.51599622557586
675.0107883617919 309.3305445868868
670.0995173785784 303.6007284398045
668.4624270508406 292.9596413095087
678.2849690172675 281.500009015344
665.188246395365 287.22982516242644
664.369701231496 275.7701928682617
657.8213399205449 301.14509294819777
652.9100689373314 297.05236712885323
657.0027947566759 316.69745106170694
661.9140657398893 312.60472524236246
664.369701231496 310.9676349146247
649.6358882818557 311.7861800784935
645.5431624625113 312.60472524236246
640.6318914792978 316.69745106170694
632.4464398406088 317.51599622557586
644.7246172986423 328.15708335587163
638.9948011515601 324.882902700396
657.8213399205449 328.9756285197406
647.180252790249 333.886899502954
656.1842495928071 339.6167156500363
637.3577108238222 344.5279866332497
629.9908043490021 333.886899502954
632.4464398406088 326.5199930281338
622.6238978741819 321.6087220449204
622.6238978741819 333.886899502954
620.9868075464442 336.34253499456076
617.7126268909685 342.072351141643
618.5311720548375 351.07634794420096
631.6278946767399 354.35052859967664
623.4424430380509 356.80616409128334
593.9748171387703 357.6247092551523
604.615904269066 367.44725122157905
607.8900849245416 360.8988899106278
616.8940817270995 371.53997704092365
616.8940817270995 380.5439738434816
607.0715397606727 373.9956125325304
598.0675429581147 377.26979318800596
605.4344494329349 379.72542867961266
598.0675429581147 395.27778679312195
593.1562719749014 391.1850609737773
583.3337300084745 387.91088031830174
590.7006364832947 400.18905777633535
586.6079106639501 410.01159974276214
577.6039138613921 405.9188739234176
577.6039138613921 419.0155965453202
561.2330105840141 431.2937740033537
571.0555525504409 438.66068047817384
545.6806524705049 432.1123191672226
535.858110504078 453.3944934278142
559.5959202562763 455.031583755552
527.6726588653889 467.30976121358555
535.858110504078 467.30976121358555
520.3057523905688 491.8661161296527
520.3057523905688 477.9508483438813
517.8501168989621 505.7813839154241
506.3904846047975 501.68865809607956
503.9348491131908 488.5919354741771
499.84212329384616 463.217035394241
509.66466526027307 453.3944934278142
521.1242975544377 454.2130385916831
482.6526748525992 473.0395773606679
481.83412968873023 487.77339031030823
492.47521681902606 498.41447744060395
477.74140386938575 502.5072032599484
483.471220016468 513.9668355541131
498.2050329661084 521.3337420289332
505.5719394409286 513.1482903902443
492.47521681902606 531.9748291592291
485.92685550807477 541.7973711256559
475.28576837777905 542.6159162895248
459.73341026426976 525.4264678482779
467.1003167390899 516.4224710457198
476.10431354164785 516.4224710457198
464.6446812474832 562.2610002223786
456.4592296087942 566.3537260417231
475.28576837777905 563.8980905501164
419.62469723469354 559.8053647307718
436.81414567594044 545.0715517811315
454.0035941171875 543.4344614533937
412.2577907598734 571.2649970249365
401.61670362957756 552.4384582559517
402.4352487934465 538.5231904701802
426.1730585456448 545.8900969450004
419.62469723469354 539.3417356340492
420.44324239856235 520.5151968650644
435.1770553482027 530.3377388314913
449.09232313397405 515.603925881851
435.1770553482027 512.3297452263753
440.0883263314161 500.0515677683417
458.91486510040096 488.5919354741771
448.27377797010513 490.2290258019149
456.4592296087942 476.3137580161435
467.9188619029589 473.8581225245368
458.91486510040096 463.217035394241
465.46322641135214 461.5799450665032
481.83412968873023 456.66867408328983
492.47521681902606 450.1203127723385
479.37849419712353 442.75340629751844
483.471220016468 417.3785062175823
517.0315717350932 432.1123191672226
505.5719394409286 442.75340629751844
499.84212329384616 420.652686873058
511.30175558801085 416.55996105371344
521.9428427183067 418.1970513814512
553.047558945325 424.74541269240245
534.2210201763403 423.9268675285336
530.1282943569956 428.83813851174693
533.4024750124713 414.92287072597554
523.5799330460444 402.6446932679421
528.4912040292579 406.7374190872866
530.1282943569956 398.55196744859745
541.5879266511604 398.55196744859745
544.043562142767 409.1930545788933
553.047558945325 410.83014490663106
563.6886460756208 414.92287072597554
571.0555525504409 400.18905777633535
555.5031944369318 398.55196744859745
548.9548331259805 396.09633195699075
558.7773750924074 390.3665158099085
555.5031944369318 383.81815449895726
575.9668235336544 373.9956125325304
571.8740977143099 381.36251900735056
559.5959202562763 363.3545254022346
540.7693814872915 390.3665158099085
539.9508363234225 385.45524482669504
568.5999170588342 364.99161572997247
573.5111880420477 368.265796385448
572.6926428781787 351.07634794420096
585.7893655000813 347.8021672887254
594.7933623026393 335.5239898306918
589.8820913194257 361.7174350744968
602.1602687774594 335.5239898306918
607.8900849245416 332.24980917521617
599.7046332858527 330.6127188474784
614.4384462354928 319.15308655331364
603.7973591051972 312.60472524236246
608.7086300884106 326.5199930281338
609.5271752522796 308.5119994230179
617.7126268909685 308.5119994230179
622.6238978741819 315.06036073396916
625.0795333657886 315.06036073396916
628.3537140212642 295.4152768011154
638.1762559876911 301.14509294819777
610.3457204161483 286.41127999855746
602.1602687774594 292.14109614563984
593.1562719749014 292.14109614563984
620.9868075464441 292.3457324366071
625.0795333657886 305.03318247657506
641.4504366431668 307.4888179681818
645.9524350444457 319.7669954262154
665.5975189772994 322.22263091782213
677.875696435333 321.81335833588764
677.875696435333 330.4080825565111
776.9196612634705 341.86771485067584
793.699837122783 341.0491696868069
795.336927450521 342.6862600145447
737.629493397763 307.4888179681818
736.4016756519596 301.75900182109945
729.444041759074 309.53518087785403
694.2465997127111 327.13390190103553
689.3353287294977 331.22662772038007
718.3936820468438 342.27698743261027
716.756591719106 347.1882584158237
738.8573111435664 366.0147971848086
700.7949610236624 410.6255086156638
789.6071113034386 393.0267875924824
822.7581904401292 378.70224722477656
807.6151049085545 381.9764278802522
815.8005565472436 378.29297464284207
811.707830727899 399.1658763214991
769.5527547886504 411.44405377953274
773.6454806079948 393.0267875924824
747.8613079461244 326.3153567371666
733.9460401603529 341.86771485067584
744.9963998725832 358.23861812805393
731.8996772506807 423.31295865563186
697.9300529501212 291.11791469080373
709.3896852442858 286.6159162895247
717.9844094649094 314.037179279133
724.1234981939261 308.3073631320507
708.571140080417 302.98681956690285
636.1298930780188 310.35372604172295
615.2569913993618 333.68226321198676
622.2146252922474 330.4080825565111
650.0451608637902 339.82135194100357
589.8820913194257 343.5048051784137
591.5191816471636 331.6359003023145
587.0171832458846 323.04117608169094
605.0251768510005 304.62390989464063
585.3800929181467 305.03318247657506
598.4768155400492 304.62390989464063
579.24100418913 333.2729906300523
571.0555525504409 340.63989710487243
578.8317316071955 339.4120793590691
566.9628267310964 322.63190349975656
570.6462799685064 316.0835421888053
571.8740977143098 309.9444534597885
574.3297332059165 305.851727640444
578.0131864433266 302.1682744030339
564.9164638214241 318.539177680412
561.2330105840141 319.7669954262154
557.9588299285384 324.67826640942883
557.9588299285384 334.0915357939212
564.9164638214241 331.6359003023145
571.0555525504409 330.4080825565111
564.5071912394897 343.0955325964792
565.3257364033585 336.9564438674624
554.2753766911284 342.27698743261027
555.0939218549972 349.23462132549594
545.6806524705048 345.1418955061514
547.7270153801771 336.9564438674624
551.4104686175872 331.6359003023145
537.4952008318159 334.0915357939212
541.5879266511603 329.5895373926422
548.545560544046 322.63190349975656
541.5879266511603 313.21863411526414
537.4952008318159 322.22263091782213
545.6806524705048 309.9444534597885
550.5919234537182 303.3960921488372
557.9588299285384 304.21463731270615
572.2833702962444 285.7973711256558
565.3257364033585 282.9324630521146
580.8780945168677 283.7510082159835
589.0635461555568 281.7046453063113
571.8740977143098 266.970832356671
582.92445742654 274.33773883149115
579.24100418913 266.5615597747365
600.5231784497215 262.46883395539203
606.2529945968039 262.46883395539203
611.9828107438861 263.2873791192609
617.303354309034 262.8781065373264
624.6702607838541 262.8781065373264
606.6622671787383 271.8821033398844
641.8597092251011 256.3297452263752
662.7326109037583 259.60392588185084
659.0491576663483 265.7430146108676
649.6358882818557 257.96683555411306
659.0491576663483 253.46483715283406
652.9100689373314 253.0555645708996
548.1362879621115 361.922071365464
539.1322911595536 356.19225521838166
543.2250169788981 366.0147971848086
526.85411370152 360.6942536196606
525.6262959557166 348.0068035796926
533.8117475944057 351.2809842351682
530.9468395208646 341.86771485067584
526.0355685376511 340.63989710487243
518.668662062831 345.1418955061514
515.3944814073553 357.0108003822506
511.7110281699453 370.5167955860875
514.985208825421 366.42406976674295
522.352115300241 361.51279878352955
517.4408443170277 375.4280665693009
516.6222991531587 380.7486101344488
524.8077507918478 377.4744294789732
512.1203007518797 388.1155166092689
497.7957603841739 378.29297464284207
490.0195813274193 399.5751489034336
497.38648780223946 407.35132796018826
561.6422831659485 349.23462132549594
643.496799552839 368.47043267641527
625.0795333657886 370.10752300415305
608.2993575064761 385.2506085357278
603.3880865232626 284.56955337985244
597.6582703761803 284.16028079791795
594.7933623026391 286.2066437075903
638.5855285696255 294.3920953462793
627.1258962754608 356.19225521838166
663.5511560676272 371.3353407499564
669.2809722147095 363.96843427513625
663.9604286495615 214.07235114164297
677.6710601443658 231.05716329192276
686.4704206559564 239.03797863964456
695.4744174585144 239.03797863964456
709.594321535253 247.42806656930085
657.2074310476431 241.90288671318572
662.527974612791 243.33534074995632
661.709429448922 233.51279878352946
657.2074310476431 234.33134394739835
654.3425229741019 226.75980118161098
648.4080705360524 234.33134394739835
645.1338898805768 237.60552460287397
643.496799552839 230.64789070998827
638.1762559876911 230.64789070998827
636.3345293689861 224.91807456290596
637.3577108238221 221.02998503452866
639.4040737334944 225.9412560177421
644.9292535896096 225.73661972677485
645.5431624625113 222.66707536226644
649.021979408954 226.75980118161098
648.4080705360524 218.16507696098748
649.021979408954 213.86771485067572
653.3193415192659 219.80216728872531
640.4272551883306 211.61671565003627
634.0835301683466 209.77498903133122
633.4696212954448 203.22662772037995
628.3537140212642 202.40808255651106
629.1722591851332 205.68226321198668
629.5815317670675 199.33853819200266
631.0139858038382 211.0028067771346
623.6470793290181 207.9332624126262
620.5775349645096 203.6359003023144
617.5079906000012 202.20344626554385
620.7821712554769 195.0411760816909
620.1682623825751 192.17626800814978
608.2993575064761 192.5855405900842
611.9828107438861 199.95244706490433
605.6390857239021 191.97163171718253
608.9132663793778 180.92127200495233
596.6350889213442 190.12990509847748
578.422459025261 179.69345425914895
567.576735603998 181.94445345978843
565.3257364033585 186.65108815203465
571.4648251323754 190.53917768041194
582.3105485536383 189.31135993460856
585.9940017910484 192.99481317201867
586.6079106639501 195.45044866362537
581.901275971704 195.65508495459258
596.6350889213442 195.0411760816909
593.3609082658686 199.95244706490433
594.1794534297375 196.88290270039593
590.0867276103929 197.29217528233042
600.1139058677869 199.74781077393715
605.8437220148693 197.0875389913632
609.5271752522794 201.9988099745766
609.3225389613121 208.9564438674623
611.1642655800172 205.88689950295392
613.6199010716239 204.8637180481178
611.1642655800172 202.40808255651106
616.4848091451652 209.16108015842954
613.0059921987222 213.25380597777405
615.8709002722635 213.86771485067572
619.7589898006407 216.7326229242169
620.7821712554769 210.18426161326565
624.0563519109525 213.04916968680683
618.9404446367718 207.9332624126262
626.9212599844938 216.93725921518413
622.0099890012802 227.16907376354544
631.6278946767399 228.3968915093488
630.4000769309365 231.87570845579165
635.31134791415 233.30816249256225
637.7669834057567 239.65188751254624
635.5159842051171 241.28897784028405
638.7901648605928 247.22343027833364
642.6782543889701 244.97243107769413
647.5895253721834 246.81415769639918
652.9100689373313 241.4936141312513
624.6702607838541 246.4048851144647
626.1027148206248 240.67506896738237
628.1490777302971 236.9916157299723
622.8285341651491 236.9916157299723
618.3265357638702 232.69425361966057
610.7549929980828 235.55916169320173
617.9172631819357 242.5167955860874
608.0947212155088 229.2154366732177
613.6199010716239 231.87570845579165
611.7781744529188 225.12271085387317
612.1874470348533 218.36971325195472
615.0523551083945 222.257802780332
605.0251768510004 221.64389390743034
611.9828107438861 250.08833835187477
620.3728986735424 250.70224722477647
624.2609882019198 256.0227907899244
604.2066316871316 248.6558843151042
611.1642655800172 244.76779478672688
600.3185421587542 253.56715529831766
588.8589098645896 258.47842628153103
590.7006364832946 253.77179158928485
597.6582703761803 250.70224722477647
571.2601888414081 257.4552448266949
581.6966396807367 252.95324642541598
564.7118275304568 261.54797064603946
565.9396452762602 256.2274270808916
574.1250969149493 250.70224722477647
577.3992775704249 242.31215929512018
584.766184045245 245.99561253253026
585.1754566271795 240.67506896738237
596.6350889213442 241.0843415493168
596.430452630377 246.81415769639918
591.3145453561963 247.83733915123526
603.3880865232626 242.10752300415297
602.1602687774592 238.4240697667429
602.1602687774592 234.12670765643114
598.0675429581147 227.57834634547987
602.9788139413282 226.75980118161098
597.0443615032787 223.6902568171026
591.7238179381307 217.14189550615134
596.6350889213442 211.412079359069
599.7046332858525 217.96044067002026
604.2066316871316 212.63989710487235
602.5695413593936 214.89089630551186
607.8900849245416 217.3465317971186
591.109909065229 209.57035274036397
591.109909065229 209.57035274036397
592.5423631019996 208.54717128552787
595.4072711755408 205.27299063005225
592.1330905200653 201.9988099745766
590.2913639013602 199.5431744829699
585.1754566271795 198.72462931910098
581.2873670988023 199.74781077393715
580.6734582259005 206.91008095779003
587.6310921187862 204.0451728842489
586.1986380820156 208.54717128552787
587.0171832458846 211.82135194100346
586.1986380820156 216.52798663324967
590.0867276103929 212.02598823197067
588.0403647007206 223.0763479442009
584.9708203362122 231.26179958288998
589.268182446524 228.60152780031603
587.4264558278189 236.78697943900508
579.4456404800972 237.60552460287397
581.901275971704 236.58234314803784
590.2913639013602 231.46643587385717
580.6734582259005 231.46643587385717
574.3297332059165 235.3545254022345
570.4416436775391 235.96843427513616
570.6462799685064 228.19225521838158
575.7621872426871 222.87171165323372
574.7390057878509 225.73661972677485
581.6966396807367 217.96044067002026
576.9900049884905 220.416076161627
578.2178227342938 217.14189550615134
574.9436420788181 212.84453339583962
582.3105485536383 229.0108003822505
571.2601888414081 213.6630785597085
572.078734005277 205.06835433908498
574.1250969149493 200.9756285197405
573.7158243330148 197.0875389913632
567.3720993130307 195.85972124555985
562.4608283298174 189.31135993460856
559.3912839653091 186.85572444300186
552.6382863633905 182.3537260417229
546.4991976343738 180.1027268410834
552.229013781456 187.0603607339691
556.5263758917678 192.5855405900842
553.6614678182267 196.88290270039593
561.4376468749812 198.31535673716652
557.9588299285384 195.65508495459258
563.893282366588 195.65508495459258
562.0515557478828 193.60872204492034
561.4376468749812 203.6359003023144
568.5999170588341 205.47762692101946
568.8045533498014 199.33853819200266
559.8005565472434 211.20744306810178
558.3681025104728 206.7054446668228
555.5031944369317 202.61271884747828
558.5727388014401 203.6359003023144
553.8661041091939 215.30016888744635
564.9164638214241 218.57434954292194
557.9588299285384 215.70944146938075
559.5959202562761 219.39289470679083
563.2793734936863 223.6902568171026
567.3720993130307 221.64389390743034
572.8972791691459 221.02998503452866
555.9124670188661 226.9644374725782
567.9860081859324 235.96843427513616
562.4608283298174 235.55916169320173
569.0091896407687 224.91807456290596
561.4376468749812 240.2657963854479
558.1634662195057 236.9916157299723
555.9124670188661 233.30816249256225
560.4144654201451 243.74461333189078
572.8972791691459 240.67506896738237
565.3257364033585 248.86052060607142
555.7078307278989 246.81415769639918
549.5687419988822 239.03797863964456
547.1131065072755 227.16907376354544
549.9780145808165 232.28498103772608
545.4760161795376 239.2426149306118
539.7462000324552 180.92127200495233
527.0587499924873 176.41927360367336
517.6454806079948 169.87091229272207
518.2593894808965 178.26100022237839
515.189845116388 181.73981716882122
510.0739378422075 182.5583623326901
522.352115300241 182.3537260417229
525.4216596647493 184.19545266042792
532.9932024305368 189.10672364364137
537.4952008318159 188.28817847977245
540.9740177782586 187.0603607339691
537.6998371227829 184.6047252423624
545.6806524705048 186.85572444300186
543.4296532698653 180.1027268410834
546.9084702163082 192.79017688105145
548.7501968350132 190.12990509847748
550.7965597446855 192.79017688105145
546.0899250524392 196.67826640942874
547.7270153801771 197.9060841552321
543.2250169788981 194.22263091782202
539.7462000324552 193.19944946298585
536.8812919589142 195.24581237265818
539.7462000324552 202.40808255651106
549.7733782898493 203.43126401134722
546.9084702163082 204.65908175715057
545.2713798885704 201.3849011016749
543.4296532698653 207.11471724875727
547.9316516711442 212.43526081390516
541.3832903601931 212.02598823197067
547.1131065072755 209.36571644939676
543.2250169788981 217.75580437905305
540.5647451963242 230.4432544190211
544.043562142767 231.67107216482444
539.7462000324552 238.4240697667429
532.1746572666679 232.48961732869333
534.2210201763402 226.55516489064377
536.8812919589142 233.71743507449668
535.6534742131108 238.4240697667429
527.8772951563561 241.90288671318572
534.4256564673074 246.60952140543196
537.4952008318159 246.2002488234975
547.3177427982425 247.63270286026807
547.9316516711442 243.53997704092353
543.8389258517998 250.49761093380926
541.7925629421276 248.04197544220253
538.7230185776192 252.13470126154704
533.8117475944057 255.8181544989571
551.0011960356527 255.8181544989571
557.1402847646694 254.794973044121
553.4568315272594 252.13470126154704
551.0011960356527 250.08833835187477
560.6191017111124 252.7486101344487
545.0667435976031 260.52478919120335
540.3601089053569 259.9108803183017
529.9236580660283 202.20344626554385
526.6494774105528 195.24581237265818
526.2402048286183 191.7669954262153
522.352115300241 190.33454138944472
520.7150249725032 187.0603607339691
515.189845116388 186.03717927913297
512.7342096247813 189.72063251654305
508.4368475144696 185.4232704062313
508.2322112235024 188.4928147707397
507.82293864156793 195.0411760816909
513.1434822067159 194.22263091782202
518.668662062831 197.70144786426488
523.9892056279789 197.29217528233042
523.1706604641099 204.65908175715057
526.0355685376511 206.09153579392114
528.0819314473233 209.16108015842954
527.8772951563561 200.566355937806
523.3752967550772 211.61671565003627
520.1011160996015 211.412079359069
515.3944814073553 204.24980917521611
516.2130265712243 208.54717128552787
512.9388459157486 212.43526081390516
511.506391878978 209.57035274036397
506.3904846047974 203.6359003023144
509.8693015512402 204.24980917521611
510.0739378422075 199.13390190103544
506.59512089576464 200.15708335587158
516.2130265712243 216.32335034228242
520.3057523905687 218.57434954292194
526.2402048286183 217.5511680880858
522.7613878821755 221.23462132549588
531.5607483937662 224.30416569000428
524.3984782099133 225.73661972677485
520.3057523905687 225.12271085387317
519.0779346447654 227.57834634547987
524.193841918946 229.42007296418493
521.5335701363721 230.8525270009555
518.0547531899293 230.8525270009555
516.4176628621914 236.37770685707062
521.7382064273394 239.85652380351348
526.6494774105528 235.3545254022345
523.5799330460444 233.30816249256225
522.7613878821755 245.99561253253026
528.4912040292579 250.49761093380926
518.2593894808965 246.60952140543196
512.9388459157486 243.1307044589891
516.826935444126 241.90288671318572
520.7150249725032 241.90288671318572
509.0507563873713 246.60952140543196
508.4368475144696 251.7254286796126
511.09711929704355 252.13470126154704
511.9156644609125 258.0691536995966
507.82293864156793 258.6830625724983
502.2977587854529 251.7254286796126
501.88848620351837 257.4552448266949
504.34412169512507 262.7757883918428
516.2130265712243 268.71024082989237
518.0547531899293 255.20424562605544
529.514385484094 263.18506097377724
527.4680225744216 271.984421485368
540.5647451963242 282.4208723246966
555.0939218549972 273.6215118131058
551.4104686175872 265.4360601744167
534.8349290492419 290.60632396338553
527.6726588653889 287.5367795988772
530.53756693893 281.8069634517949
512.7342096247813 286.71823443500824
509.0507563873713 272.59833035826966
564.3025549485225 276.48641988664696
492.27058052805876 175.3960921488372
493.29376198289486 181.33054458688676
492.27058052805876 187.26499702493632
495.74939747450156 185.62790669719848
500.2513958757806 185.21863411526408
504.54875798609237 187.6742696068708
501.68384991255124 190.33454138944472
494.72621601966546 189.72063251654305
493.4983982738621 195.24581237265818
490.83812649128816 192.5855405900842
492.88448940096043 199.95244706490433
497.1818515112722 197.29217528233042
500.2513958757806 195.0411760816909
502.2977587854529 192.79017688105145
502.50239507642004 197.0875389913632
501.2745773306167 201.1802648107077
493.0891256919277 204.24980917521611
501.47921362158394 208.34253499456062
496.9772152203049 210.5935341952001
504.34412169512507 215.914077760348
500.660668457715 216.32335034228242
498.81894183901 217.5511680880858
494.72621601966546 226.9644374725782
502.70703136738734 222.66707536226644
507.20902976866626 223.28098423516812
511.7110281699453 221.84853019839755
509.0507563873713 226.35052859967652
504.13948540415794 225.53198343580763
503.1163039493217 230.64789070998827
509.0507563873713 232.28498103772608
506.7997571867318 228.80616409128325
513.1434822067159 229.42007296418493
512.5295733338141 234.5359802383656
511.506391878978 237.40088831190675
507.4136660596335 238.21943347577565
499.2282144209445 236.58234314803784
493.29376198289486 237.19625202093954
502.70703136738734 245.17706736866137
507.61830235060074 242.10752300415297
597.6582703761803 181.535180877854
568.5999170588341 188.90208735267413
492.475216819026 218.36971325195472
490.42885390935373 225.53198343580763
475.8996772506808 174.16827440303373
480.1970393609925 171.3033663294926
477.33213128745126 172.94045665723036
481.62949339776304 179.69345425914884
470.37449739456565 173.96363811206652
467.71422561199165 174.5775469849682
464.0307723745816 174.37291069400098
452.16186749848254 174.37291069400098
441.31614407721946 171.712638911427
446.02277876946573 180.30736313205054
416.5551528701851 173.55436553013206
421.6710601443658 174.16827440303373
411.64388188697166 170.48482116562366
404.07233912118426 170.89409374755812
393.84052457282297 172.94045665723036
400.38888588377426 177.23781876754214
395.27297860959357 179.07954538624716
382.79016486059277 183.99081636946062
370.1027148206247 177.23781876754214
373.78616805803483 175.39609214883708
375.0139858038382 181.94445345978835
376.24180354964153 186.65108815203453
371.94444143932975 184.40008895139505
366.6238978741819 185.21863411526397
364.5775349645096 179.07954538624716
352.5039937974433 187.8789058978379
356.18744703485334 190.94845026234628
354.5503567071155 196.06435753652696
356.3920833258206 200.3617196468387
359.46162769032895 203.2266277203799
364.9868075464441 196.26899382749417
364.7821712554769 192.38090429911688
367.4424430380508 191.97163171718245
342.272179249082 205.06835433908492
343.09072441295086 201.1802648107076
344.3185421587542 195.85972124555974
341.453634085213 208.34253499456054
338.38408972070465 209.16108015842943
335.7238179381307 213.04916968680675
378.08353016834656 190.53917768041183
375.0139858038382 194.63190349975636
384.83652777026504 192.58554059008412
383.8133463154289 189.51599622557572
392.20343424508513 186.44645186106732
403.2537939573154 186.2418155701001
410.82533672310274 189.92526880751015
413.89488108761117 188.90208735267404
414.50878996051284 185.01399782429672
411.64388188697166 179.07954538624716
420.033969816628 180.716635713985
417.37369803405403 179.07954538624716
426.99160370951364 178.87490909527997
423.5127867630708 179.28418167721438
430.87969323789093 183.99081636946062
434.7677827662682 182.96763491462445
443.15787069592454 186.65108815203453
440.7022352043178 186.44645186106732
450.5247771707447 187.2649970249362
456.254593317827 186.2418155701001
463.82613608361436 180.51199942301773
477.33213128745126 185.01399782429672
480.1970393609925 186.65108815203453
482.2434022706647 186.44645186106732
484.9036740532387 191.35772284428077
487.3593095448454 190.94845026234628
486.950036962911 187.6742696068707
487.1546732538782 195.24581237265807
486.950036962911 198.31535673716647
479.787766779058 195.6550849545925
472.6254965952051 194.2226309178219
476.3089498326152 193.1994494629858
486.13149179904207 206.7054446668227
486.74540067194374 212.63989710487226
480.60631194292694 205.8868995029538
471.19304255843457 208.34253499456054
464.0307723745816 197.0875389913631
466.07713528425387 195.85972124555974
462.1890457558766 191.1530865533135
461.37050059200766 194.63190349975636
456.8685021907287 189.72063251654293
458.09631993653204 199.74781077393703
452.16186749848254 191.1530865533135
454.82213928105637 200.97562851974038
449.29695942494135 205.27299063005213
453.7989578262203 206.7054446668227
457.8916836455648 207.1147172487572
461.77977317394215 203.4312640113471
460.756591719106 199.13390190103536
467.3049530300573 207.72862612165886
466.07713528425387 200.1570833558715
469.96522481263116 201.58953739264206
478.55994903325467 217.96044067002015
483.2665837255009 221.43925761646304
486.950036962911 221.43925761646304
477.33213128745126 205.8868995029538
468.3281344848933 214.07235114164288
465.4632264113522 212.23062452293783
473.03476917713954 220.82534874356136
467.3049530300573 219.59753099775799
473.6486780500412 224.71343827193863
470.1698611035984 222.05316648936468
468.94204335779506 227.98761892741425
481.42485710679586 232.69425361966046
485.9268555080748 231.2617995828899
487.9732184177471 228.1922552183815
484.6990377622715 227.57834634547982
479.5831304880908 224.3041656900042
489.8149450364522 232.0803447467588
487.76858212677985 238.83334234867726
481.01558452486137 244.76779478672682
483.47122001646807 243.7446133318907
476.51358612358246 234.94525282029997
472.4208603042379 236.9916157299722
474.87649579584456 242.51679558608734
470.57913368553284 242.92606816802177
472.2162240132707 247.632702860268
476.1043135416479 253.15788271638306
483.67585630743537 250.49761093380914
491.0427627822555 256.43206337185876
490.63349020032103 246.81415769639906
484.49440147130423 258.478426281531
489.4056724545177 261.3433343550721
484.6990377622715 267.68705937505615
490.63349020032103 266.86851421118723
496.36330634740335 251.9300649705797
496.1586700564361 259.7062440273343
477.7414038693858 261.7526069370066
467.50958932102446 257.2506085357276
477.53676757841856 268.0963319569906
467.10031673909 271.57514890343344
458.3009562274993 266.4592416292528
454.82213928105637 261.3433343550721
462.1890457558766 250.9068835157436
461.77977317394215 254.9996093350881
464.0307723745816 243.9492496228579
460.96122801007317 246.20024882349742
465.25859012038495 248.86052060607136
458.50559251846647 244.35852220479237
466.6910441571556 236.17307056610332
471.80695143133624 231.2617995828899
464.0307723745816 231.4664358738571
459.52877397330263 231.2617995828899
456.0499570268598 227.16907376354536
458.91486510040096 226.9644374725781
461.77977317394215 223.07634794420085
458.7102288094337 220.21143987065966
456.254593317827 211.20744306810167
450.1155045888102 214.68626001454456
446.8413239333346 217.14189550615126
448.6830505520397 220.21143987065966
456.0499570268598 217.14189550615126
454.82213928105637 220.41607616162688
451.75259491654805 225.53198343580755
449.50159571590854 222.46243907129914
442.9532344049573 225.941256017742
444.1810521507607 222.25780278033193
435.58632793013714 220.62071245259412
444.1810521507607 201.38490110167484
439.8836900404489 196.06435753652696
438.0419634217439 193.60872204492023
448.06914167913794 190.53917768041183
444.99959731462957 191.97163171718245
441.31614407721946 197.2921752823303
448.2737779701052 199.54317448296982
441.31614407721946 204.04517288424879
446.02277876946573 207.93326241262608
440.4975989133506 209.97962532229832
438.2465997127111 205.27299063005213
433.33532872949763 211.82135194100337
436.40487309400606 216.93725921518404
440.0883263314161 218.1650769609874
434.97241905723547 225.53198343580755
436.60950938497325 230.23861812805376
440.90687149528503 233.10352620159492
433.7446013114321 234.74061652933273
438.4512360036783 238.62870605771002
440.7022352043178 237.81016089384113
443.567143277859 240.0611600944806
449.0923231339741 239.85652380351337
451.75259491654805 239.44725122157894
454.61750299008924 235.55916169320164
451.95723120751524 230.44325441902097
447.6598690972035 229.2154366732176
444.7949610236624 234.3313439473983
450.32014087977745 234.53598023836548
443.7717795688262 245.58633995059571
434.7677827662682 242.10752300415288
437.2234182578749 245.79097624156293
438.86050858561276 242.51679558608734
453.3896852442859 248.0419754422024
449.0923231339741 244.35852220479237
447.2505965152691 254.18106417121922
452.3665037894497 254.7949730441209
447.45523280623627 260.320152900236
439.6790537494817 257.2506085357276
435.3816916391699 261.3433343550721
429.8565117830548 251.7254286796125
431.9028746927271 247.42806656930074
428.83333032821866 257.8645174086293
424.7406045088741 253.976427880252
432.51678356562877 262.36651580990826
432.51678356562877 189.72063251654293
429.44723920112034 192.38090429911688
428.83333032821866 189.51599622557572
427.1962400004808 197.2921752823303
424.53596821790694 194.42726720878915
422.8988778901691 197.49681157329752
425.3545133817758 200.56635593780592
430.061148074022 200.97562851974038
429.8565117830548 197.90608415523198
433.33532872949763 194.42726720878915
434.15387389336655 203.2266277203799
440.4975989133506 199.33853819200255
427.4008762914481 205.47762692101935
427.6055125824153 211.41207935906894
414.71342625148003 199.95244706490422
416.75978916115236 206.7054446668227
416.75978916115236 202.61271884747822
421.2617875624313 213.45844226874118
419.6246972346935 216.93725921518404
424.7406045088741 216.11871405131515
427.4008762914481 220.62071245259412
430.67505694692375 217.14189550615126
432.31214727466147 222.25780278033193
419.21542465275905 223.48562052613528
418.39687948889014 226.55516489064368
424.9452407998414 225.941256017742
425.9684222546775 230.6478907099882
430.26578436498926 225.73661972677476
432.9260561475632 230.85252700095543
424.3313319269397 234.94525282029997
428.42405774628423 233.9220713654638
423.5127867630708 239.2426149306117
428.0147851643498 245.17706736866126
426.37769483661197 241.08434154931675
415.1226988334145 240.26579638544786
412.871699632775 235.76379798416886
412.25779075987333 230.6478907099882
414.09951737857835 226.9644374725781
414.91806254244733 217.75580437905296
413.6902447966439 222.46243907129914
412.0531544689061 208.9564438674622
411.4392455960044 204.86371804811768
411.2346093050372 200.3617196468387
411.8485181779389 198.72462931910087
411.02997301407004 194.42726720878915
414.91806254244733 195.85972124555974
415.1226988334145 192.58554059008412
418.39687948889014 194.2226309178219
407.75579235859436 207.93326241262608
409.5975189772994 207.1147172487572
408.5743375224633 202.61271884747822
408.5743375224633 197.2921752823303
400.7981584657087 198.1107204461992
396.9100689373314 194.0179946268547
397.72861410120026 201.38490110167484
398.9564318470036 207.5239898306916
401.2074310476431 204.65908175715046
403.04915766634815 209.16108015842943
398.34252297410194 217.14189550615126
401.41206733861037 218.36971325195464
404.89088428505323 217.55116808808572
381.3577108238222 205.06835433908492
378.2881664593138 201.99880997457655
378.08353016834656 200.1570833558715
381.97161969672385 195.45044866362525
375.21862209480537 198.51999302813365
385.0411640612323 205.06835433908492
391.79416166315076 206.91008095778994
387.9060721347734 214.68626001454456
384.0179826063962 217.14189550615126
379.3113479141499 213.25380597777396
373.1722591851331 208.34253499456054
372.9676228941659 216.11871405131515
355.98281074388615 210.1842616132656
352.0947212155088 209.7749890313311
349.6390857239021 207.72862612165886
344.9324510316559 210.5935341952
343.29536070391805 216.32335034228237
347.38808652326264 213.66307855970842
362.32653576387014 217.96044067002015
362.5311720548374 212.23062452293783
383.8133463154289 210.38889790423278
386.0643455160684 209.7749890313311
396.9100689373314 206.5008083758555
388.11070842574065 223.8948931080697
390.36170762638017 219.39289470679074
394.24979715475746 223.07634794420085
393.84052457282297 226.9644374725781
384.0179826063962 224.71343827193863
381.97161969672385 220.82534874356136
377.8788938773793 219.59753099775799
368.8748970748214 223.07634794420085
378.08353016834656 225.53198343580755
379.7206204960844 230.03398183708651
388.9292535896095 235.55916169320164
386.0643455160684 238.4240697667428
393.4312519908885 231.2617995828899
386.67825438897006 230.44325441902097
380.5391656599533 233.10352620159492
401.2074310476431 223.69025681710252
395.682251191528 213.66307855970842
415.7366077063162 214.2769874326101
405.91406573988934 224.71343827193863
410.41606414116836 223.48562052613528
406.527974612791 231.87570845579157
399.9796133018398 233.30816249256213
403.2537939573154 237.19625202093945
402.23061250247923 234.74061652933273
399.5703407199053 237.40088831190664
396.5007963553969 241.08434154931675
403.6630665392499 243.7446133318907
415.531971415349 245.99561253253017
420.033969816628 245.3817036596285
423.5127867630708 248.4512480241369
415.7366077063162 254.9996093350881
405.30015686698766 255.61351820798978
402.02597621151205 250.49761093380914
408.36970123149604 245.79097624156293
393.84052457282297 258.478426281531
330.60791066395007 215.095532596479
340.0211800484425 218.77898583388907
335.5191816471635 219.18825841582353
344.52317844972146 222.46243907129914
338.5887260116719 223.07634794420085
335.10990906522903 225.73661972677476
329.3800929181467 224.3041656900042
330.4032743729828 229.62470925515208
337.56554455683573 232.48961732869324
334.0867276103929 230.44325441902097
337.9748171387702 229.42007296418484
342.0675429581147 228.80616409128316
338.9979985936063 226.55516489064368
345.54635990455756 231.4664358738571
348.0019953961643 229.2154366732176
351.0715397606727 225.73661972677476
349.22981314196767 221.84853019839747
354.5503567071155 231.67107216482432
359.05235510839447 224.3041656900042
355.98281074388615 225.32734714484033
348.0019953961643 217.75580437905296
360.89408172709955 238.21943347577556
359.46162769032895 228.60152780031592
363.75898980064073 227.16907376354536
366.4192615832146 225.1227108538731
361.5079906000012 221.64389390743023
367.8517156199852 216.32335034228237
372.35371402126424 230.23861812805376
373.5815317670676 236.58234314803778
372.5583503122314 221.2346213254958
367.8517156199852 198.92926561006814
350.457630887771 238.83334234867726
353.11790267034496 249.47442947897304
346.97881394132816 244.56315849575958
341.24899779424584 240.6750689673823
333.8820913194257 240.0611600944806
339.81654375747524 254.7949730441209
344.9324510316559 252.54397384348138
354.5503567071155 254.9996093350881
360.89408172709955 253.77179158928476
361.303354309034 248.0419754422024
369.48880594772305 241.90288671318564
368.8748970748214 238.62870605771002
364.7821712554769 242.92606816802177
361.71262689096847 241.08434154931675
358.4384462354928 206.29617208488827
395.27297860959357 210.1842616132656
405.30015686698766 222.25780278033193
397.72861410120026 247.8373391512352
391.180252790249 243.33534074995623
379.3113479141499 243.9492496228579
372.149077730297 249.88370206090747
377.0603487135104 248.2466117331697
375.83253096770704 254.18106417121922
390.7709802083146 253.15788271638306
363.75898980064073 258.478426281531
370.3073511115919 254.38570046218643
375.21862209480537 258.478426281531
376.03716725867434 268.0963319569906
385.85970922510114 263.79896984667886
381.76698340575666 257.8645174086293
370.9212599844936 263.3896972647444
345.13708732262313 264.2082424286133
349.6390857239021 263.5943335557116
336.74699939296687 256.84133595379313
332.0403647007206 243.33534074995623
329.9940017910484 249.88370206090747
333.8820913194257 251.7254286796125
340.4304526303769 249.67906576994025
335.7238179381307 265.4360601744167
334.7006364832946 269.32414970279393
429.8565117830548 270.3473311576301
417.78297061598846 263.5943335557116
411.4392455960044 261.7526069370066
404.68624799408593 261.1386980641049
404.07233912118426 265.8453327563511
395.682251191528 265.8453327563511
414.71342625148003 271.7797851944007
389.1338898805768 270.7566037395645
306.05155574788284 242.10752300415277
311.16746302206354 242.51679558608726
316.4880065872115 247.6327028602679
297.4568315272594 240.26579638544774
305.64228316594847 246.60952140543174
309.5303726943257 250.49761093380909
294.5919234537182 253.9764278802519
299.50319443693166 247.01879398736622
292.34092425307875 248.65588431510403
297.6614678182266 263.1850609737771
305.64228316594847 264.4128787195805
304.00519283821063 256.8413359537931
304.82373800207955 253.15788271638303
310.3489178581946 265.4360601744166
315.6694614233425 270.1426948666628
320.1714598246215 266.66387792021993
319.3529146607526 254.99960933508805
316.2833702962442 255.61351820798973
339.40727117554076 272.80296664923674
372.76298660319867 241.4936141312511
357.61990107162393 282.42087232469635
351.6854486335743 275.25860214084344
371.5351688573953 281.8069634517947
372.96762289416586 276.28178359567954
352.0947212155088 297.9732304382055
339.40727117554076 284.2625989434014
323.4456404800971 284.4672352343686
322.422459025261 293.6758683278938
298.88928556403 277.10032875954846
296.22901378145605 269.5287859937611
286.8157443969636 254.79497304412078
289.88528876147205 276.4864198866468
280.06274679504514 276.69105617761403
266.352115300241 287.9460521808115
251.82293864156793 286.1043255621064
288.45283472470146 286.9228707259754
271.6726588653889 293.0619594549921
291.93165167114427 303.29377400335346
310.9628267310963 305.1355006220585
303.8005565472434 291.42486912725434
315.46482513237527 293.0619594549921
320.58073240655597 304.726228040124
325.2873670988021 308.6143175685013
334.29136390136006 299.61032076594336
334.29136390136006 310.4560441872064
348.615904269066 304.93086433109124
260.21302657122425 298.38250302014
264.10111609960154 307.18186353173076
263.2825709357326 312.5024070968786
369.488805947723 301.8613199665828
379.31134791414985 304.5215917491568
377.8788938773793 287.12750701694256
383.60871002446163 283.4440537795325
404.2769754121515 289.9924150904837
407.7557923585943 277.9188739234174
400.79815846570864 274.64469326794176
395.47761490056075 274.2354206860073
361.91726318193565 264.82215130151485
354.34572041614825 265.6406964653838
357.21062848968944 270.96124003053166
352.91326637937766 242.72143187705444
357.00599219872225 240.26579638544774
336.95163568393406 241.4936141312511
393.8405245728229 313.32095226074756
403.4584302482826 301.6566836756156
396.7054326463641 294.69904978272996
388.5199810076751 318.2322232439609
392.20343424508513 322.3249490633055
410.6207004321355 320.2785861536332
403.6630665392498 313.32095226074756
417.57833432502116 324.575948263945
401.82133992054474 330.5104007019945
384.63189147929774 325.39449342781387
379.9252567870515 323.3481305181416
372.55835031223137 328.8733103742567
376.4464398406087 323.55276680910885
371.9444414393297 317.8229506620265
366.62389787418186 309.4328627323702
356.80135590775495 314.3441337155836
344.11390586778697 320.2785861536332
358.2338099445256 324.7805845549122
350.457630887771 326.82694746458446
344.52317844972146 327.44085633748614
342.27217924908194 334.603126521339
350.0483583058365 334.8077628123063
346.56954135939367 335.2170353942407
354.95962928904993 335.62630797617516
349.4344494329348 339.51439750455245
350.66226717873815 347.4952128522743
343.29536070391805 348.51839430711044
359.8709002722634 347.08594027033985
361.7126268909684 338.49121604971634
369.488805947723 337.46803459488024
390.9756164992818 338.6958523406836
395.8868874824952 335.42167168520797
405.09552057602036 337.263398303913
401.82133992054474 343.4024870329298
411.64388188697166 345.65348623356925
416.3505165792178 345.65348623356925
414.5087899605128 337.6726708858474
381.97161969672385 349.33693947097936
373.990804349002 345.24421365163477
376.4464398406087 339.30976121358526
374.6047132219037 333.17067248456846
336.54236310199957 336.4448531400441
336.3377268110324 330.919673283929
337.15627197490124 324.7805845549122
338.1794534297374 316.5951329162231
325.4920033897694 315.3673151704198
324.2641856439661 320.8924950265349
324.2641856439661 324.1666756820105
326.1059122626711 327.03158375555165
327.7430025904089 331.73821844779786
325.08273080783493 339.30976121358526
310.55355414916187 338.6958523406836
308.71182753045684 319.0507684078299
302.9820113833745 333.78458135747013
302.9820113833745 344.0163959058314
308.09791865755517 348.3137580161432
291.93165167114427 340.3329426684214
279.2442016311763 331.32894586586343
285.3832903601931 331.1243095748962
283.1322911595536 324.9852208458794
281.2905645408485 320.2785861536332
277.60711130343844 316.79976920719037
288.8621073066359 319.25540469879707
283.95083632342244 308.4096812775341
269.2170233737822 303.08913771238616
249.3673031499612 297.35932156530384
241.59112409320662 294.0851409098282
243.63748700287888 305.9540457859274
243.0235781299772 311.6838619330097
239.7493974745016 315.77658775235426
250.39048460479736 317.41367808009204
260.82693544412587 316.79976920719037
257.55275478865025 321.30176760846933
247.52557653125618 330.3057644110273
248.3441216951251 324.1666756820105
266.96602417314267 333.3753087755357
253.86930155124017 337.46803459488024
254.48321042414184 342.17466928712645
269.01238708281494 340.5375789593886
273.71902177506115 346.06275881550374
268.6031145008805 344.4256684877659
253.66466526027295 351.79257496258606
240.36330634740327 352.40648383548773
245.27457733061672 349.54157576194655
235.8613079461243 342.5839418690609
237.08912569192765 323.14349422717436
233.20103616355036 318.8461321168626
235.65667165515703 335.2170353942407
230.13149179904195 341.9700329961592
220.92285870551677 335.8309442671424
220.92285870551677 318.4368595349282
205.57513688297482 298.38250302014
218.8764957958445 300.63350222077946
214.37449739456554 310.4560441872064
195.95723120751515 332.96603619360127
206.80295462877817 337.87730717681467
213.3513159397294 339.71903379551975
190.63668764236726 325.59912971878106
191.65986909720343 334.3984902303718
193.092323133974 349.54157576194655
196.1618674984824 353.22502899935665
203.32413768233533 349.74621205291373
212.12349819392605 351.79257496258606
4.724617298642271 520.0036061376463
1.6550729341338992 481.12271085387334
10.249797154757399 482.7598011816112
4.929253589609515 461.2729906300524
10.659069736691851 465.97962532229866
3.7014358438061614 424.6430945469189
1.041164061232219 413.38809854372147
2.0643455160683506 447.357722844281
40.331331926939654 468.8445333958398
48.721419856595936 471.709441469381
42.58233112757915 488.89888991062793
48.5167835656287 511.2042456260556
41.14987709080855 507.31615609767834
57.52078036818665 484.39689150934896
63.65986909720345 500.15388591382543
74.09631993653198 517.5479706460396
62.227415060432854 513.8645174086296
80.44004495651602 489.3081624925624
63.864505388170684 486.44325441902123
58.13468924108833 476.41607616162713
59.77177956882615 466.59353419520033
54.45123600367826 447.357722844281
65.09232313397405 462.70544466682304
67.34332233461353 439.78618007849366
58.13468924108833 434.8749090952802
52.404873094006 434.2610002223785
31.122698833414482 398.2450130121467
45.44723920112031 427.0987300385256
41.55914967274301 420.3457324366072
68.16186749848242 418.9132783998366
67.75259491654798 401.31455737665516
81.25859012038491 404.9980106140652
102.74540067194364 417.480824363066
102.74540067194364 425.46163971078784
97.83412968873023 436.9212720049525
76.96122801007317 456.7709922287734
76.96122801007317 473.1418955061515
82.48640786618826 464.75180757649525
93.33213128745126 469.45844226874146
95.58313048809075 484.6015278003162
105.20103616355037 487.8757084557918
123.20902976866631 496.87970525834976
134.05475318992927 508.13470126154715
136.510388681536 484.6015278003162
139.78456933701162 495.6518875125464
151.24420163117628 486.0339818370868
164.7501968350132 507.1115198067111
175.39128396530896 509.36251900735056
172.32173960080058 497.69825042221873
174.1634662195056 476.41607616162713
180.50719123948963 521.0267875924825
213.65827037618024 514.0691536995968
203.63109211878623 507.93006497058
197.90127597170383 500.7677947867271
194.62709531622824 489.3081624925624
220.8205405600332 491.14988911126744
201.9940017910484 484.80616409128345
205.0635461555568 470.2769874326104
212.02118004844246 473.551168088086
219.79735910519705 464.3425349945608
213.45363408521303 463.5239898306919
218.16026877745927 450.01799462685494
183.16746302206357 448.38090429911716
185.6230985136703 439.78618007849366
212.43045263037695 443.2649970249365
197.90127597170383 458.8173551384457
185.6230985136703 470.89089630551206
182.14428156722744 476.6207124525944
161.4760161795376 465.97962532229866
146.1282943569956 472.73262292421714
151.85811050407798 469.45844226874146
124.0275749325352 469.2538059777742
130.78057253445368 464.54717128552807
115.22821442094445 456.7709922287734
129.3481184976831 449.6087220449205
149.40247501247126 460.45444546618353
151.03956534020907 449.6087220449205
154.10910970471747 438.1490897507558
161.88528876147203 437.1259082959197
167.41046861758716 429.75900182109956
164.7501968350132 419.73182356370546
181.12110011239133 425.0523671288534
190.32973320591648 427.0987300385256
196.67345822590048 430.9868195669029
208.1330905200652 421.16427760047605
226.55035670711553 433.0331824765752
220.615904269066 424.43845825595173
214.06754295811473 409.09073643340975
206.90527277426182 412.5695533798526
198.5151848446055 411.54637192501644
217.955632486492 398.6542855940812
198.1059122626711 401.31455737665516
206.29136390136014 398.449649303114
189.30655175108038 405.6119194869669
181.12110011239133 407.24900981470466
176.41446542014512 395.58474122957284
168.6382863633905 397.8357404302123
154.5183822866519 406.4304646508358
162.08992505243927 404.5887380321308
160.6574710156687 397.8357404302123
148.78856613956958 407.0443735237375
130.98520882542087 398.6542855940812
133.64548060799484 408.8861001424425
127.50639187897804 408.68146385147526
146.33293064796285 422.3920953462794
142.0355685376511 425.0523671288534
130.98520882542087 427.0987300385256
130.98520882542087 433.8517276404441
120.54875798609234 439.58154378752647
174.98201138337453 418.0947332359677
170.27537669112832 410.3185541792131
185.21382593173584 415.8437340353282
86.37449739456555 395.78937752054003
84.73740706682774 520.0036061376463
162.4991976343737 446.12990509847765
162.2945613434065 455.13390190103564
161.27137988857035 451.2458123726583
226.3457204161483 495.24261493061204
38.796559744685425 339.00280677713465
34.29456134340646 374.20024882349753
29.79256294212746 371.74461333189083
69.08273080783489 359.0571632919228
80.13309052006514 360.69425361966057
73.17545662717941 356.1922552183816
64.17145982462148 341.04916968680686
69.49200338976937 322.2226309178221
85.04436150327855 340.230624522938
95.68544863357431 338.1842616132657
102.64308252646 333.6822632119867
95.68544863357431 327.54317448296996
89.955632486492 332.86371804811785
142.3425229741019 297.6662760017549
124.74380195092046 291.1179146908037
137.02197940895402 316.90208735267413
147.6630665392498 310.35372604172295
165.67106014436573 308.71663571398517
178.7677827662682 302.9868195669028
144.38888588377415 317.7206325165431
163.215424652759 332.4544454661834
179.5863279301371 332.0451728842489
176.3121472746615 355.7829826364472
149.70942944892204 349.23462132549594
142.75179555603634 349.64389390743037
137.02197940895402 352.0995293990371
113.69344223869024 341.8677148506758
118.60471322190365 343.5048051784136
120.65107613157593 360.28498103772614
103.46162769032892 364.3777068570707
101.82453736259112 355.7829826364472
85.86290666714746 350.4624390712993
82.58872601167182 352.918074562906
76.04036470072062 352.918074562906
96.09472121550878 373.7909762415631
92.82054056003315 387.2969714454
84.6350889213441 385.2506085357278
77.67745502845841 370.5167955860875
93.2298131419676 363.1498891112673
100.1874470348533 348.0068035796926
41.763785963710234 351.587938671619
136.91966126347046 380.85092827993236
139.78456933701162 393.9476509018349
115.6374870028789 383.71583635347355
134.46402577186373 368.5727508218988
141.42165966474943 364.275388711587
148.58392984860234 389.44565250055587
165.15946941694767 374.0979306780139
178.46082832981736 369.80056856770216
167.2058323266199 365.5032064573904
184.39528076786692 365.7078427483577
172.5263758917678 365.09393387545595
162.08992505243927 355.88530078193077
162.2945613434065 366.32175162125935
97.22022081582855 387.6039258818508
57.52078036818665 397.8357404302122
64.27377797010513 352.8157564174224
6.770980208314555 393.3337420289332
189.7158243330148 390.05956137345754
178.46082832981736 380.44165569799793
162.70383392534094 385.14829039024414
173.75419363757115 388.8317436276542
198.1059122626711 369.1866596948005
222.25299459680377 349.1323031800123
223.48081234260712 362.433662092882
216.72781474068864 364.8892975844887
213.8629066671475 371.43765889544
200.97082033621223 376.34892987865334
222.45763088777096 380.85092827993236
224.70863008841047 399.06355817601553
226.3457204161483 378.1906564973584
236.88448940096043 367.8565238035135
227.8804925984025 360.4896173286933
229.92685550807474 351.0763479442009
258.98520882542084 367.8565238035135
269.21702337378224 370.7214318770546
245.88848620351843 383.8181544989571
248.3441216951251 373.9956125325303
253.25539267833855 369.08434154931683
44.526375891767756 368.67506896738234
237.2937619828949 394.45924162925286
229.92685550807474 391.5943335557117
240.15867005643602 402.23542068600744
236.88448940096043 416.5599610537133
273.71902177506115 362.9452528203
280.6766556679469 360.4896173286933
281.0859282498813 355.98761892741436
288.04356214276703 366.21943347577565
290.08992505243924 360.08034474675884
299.0939218549972 362.9452528203
301.1402847646695 352.30416569000425
306.8701009117519 355.5783463454799
306.46082832981733 362.1267076564311
312.59991705883414 363.35452540223446
303.5959202562762 375.22343027833364
301.1402847646695 371.53997704092353
309.3257364033586 373.9956125325303
293.3641057079149 382.59033675315374
295.0011960356527 372.35852220479245
281.0859282498813 374.81415769639915
271.67265886538894 379.3161560976781
275.35611210279893 384.636699662826
269.21702337378224 389.9572432279739
252.0275749325352 398.9612400305319
261.8501168989621 390.3665158099084
254.89248300607633 410.0115997427621
256.5295733338141 425.9732304382057
272.4912040292578 415.7414158898444
268.8077507918477 405.5096013414831
280.26738308601233 396.5056045389252
285.1786540692258 399.77978519440074
292.1362879621115 402.64469326794193
301.9588299285384 398.9612400305319
299.5031944369317 389.5479706460394
285.99719923309476 430.4752288394847
281.49520083181574 410.4208723246965
304.82373800207955 421.06195945499223
252.84612009640412 436.20504498656703
245.88848620351843 454.6223111736174
238.11230714676378 453.39449342781404
243.02357812997724 441.525588551715
232.79176358161592 429.24741109368136
274.53756693893007 447.25540469879724
274.9468395208645 437.4328627323704
294.1826508717837 442.3441337155838
292.9548331259805 459.9428547387653
272.4912040292578 465.2633983039132
263.07793464476543 475.90448543420894
270.85411370152 476.3137580161434
244.66066845771505 472.22103219679883
250.39048460479742 466.900488631651
250.79975718673182 490.63829838384925
265.53357013637213 487.36411772837357
270.03556853765105 497.1866596948005
243.02357812997724 498.0052048586694
243.02357812997724 506.19065649735853
235.65667165515706 510.69265489863744
227.8804925984025 506.19065649735853
214.7837699765 500.87011293221053
298.2753766911283 498.8237500225383
304.4144654201451 490.2290258019148
287.63428956083254 479.9972112535535
278.6302927582746 477.9508483438812
308.0979186575552 476.72303059807786
303.5959202562762 464.8541257219787
315.05555255044084 450.9388579362073
312.1906444768997 442.3441337155838
304.4144654201451 438.2514078962393
310.5535541491619 433.34013691302584
324.4688219349333 436.6143175685015
329.3800929181468 425.9732304382057
338.7933623026391 426.3825030201402
343.70463328585254 435.38649982269817
344.5231784497215 449.71104019040393
330.6079106639501 444.3904966252561
324.4688219349333 475.08594027034
332.2450009916879 473.85812252453667
315.05555255044084 473.0395773606678
317.10191546011316 489.00120805611147
315.46482513237527 500.0515677683417
304.00519283821063 509.05556457089966
339.61190746650806 511.9204726444408
326.5151848446055 505.781383915424
323.24100418912997 516.4224710457197
335.92845422909795 500.87011293221053
347.797359105197 499.23302260447275
351.89008492454155 488.18266289224255
363.3497172187063 500.4608403502761
347.797359105197 480.40648383548796
347.797359105197 465.2633983039132
328.5615477542778 458.3057644110275
367.0331704561164 461.98921764843755
376.03716725867434 474.26739510647116
370.3073511115919 473.4488499426022
364.1682623825751 486.95484514643914
375.21862209480537 487.36411772837357
377.2649850044777 495.14029678512827
357.2106284896895 487.7733903103081
388.72461729864233 501.2793855141451
388.72461729864233 514.3761081360475
359.6662639812962 516.4224710457197
395.27297860959357 493.09393387545595
398.5471592650692 487.36411772837357
390.3617076263801 484.90848223676693
389.5431624625112 475.08594027034
388.3153447167079 461.1706724845687
380.53916565995326 464.03558055810987
381.3577108238222 443.9812240433217
370.71662369352634 437.4328627323704
356.80135590775495 431.70304658528806
369.07953336578856 427.20104818400904
387.9060721347734 424.74541269240234
407.5511560676271 428.019593347878
409.59751897729944 442.7534062975183
407.14188348569274 452.9852208458796
410.8253367231028 475.08594027034
403.45843024828264 475.08594027034
419.82933352566073 465.2633983039132
441.93005295012114 456.6686740832897
444.7949610236624 448.07394986266615
438.6558722946456 436.6143175685015
428.4240577462843 464.03558055810987
431.6982384017598 470.9932144509955
436.2002368030388 480.8157564174224
445.20423360559676 482.4528467451602
455.02677557202367 478.7693935077501
432.9260561475632 494.7310242031937
417.78297061598846 496.77738711286605
414.5087899605129 490.63829838384925
426.37769483661197 485.7270274006358
431.6982384017598 421.8805046188612
413.28097221470955 419.0155965453201
395.27297860959357 418.6063239633856
382.5855285696255 417.37850621758224
388.3153447167079 414.51359814404105
376.4464398406087 411.6486900704999
370.71662369352634 418.6063239633856
364.9868075464441 416.5599610537133
362.12189947290295 421.4712320369268
346.16026877745924 414.51359814404105
340.8397252123114 420.65268687305786
325.2873670988021 403.05396584987636
332.2450009916879 397.324149702794
349.84372201486934 396.0963319569907
307.27937349368625 397.73342228472853
308.50719123948966 388.72942548217054
321.19464127945764 382.59033675315374
336.3377268110324 371.94924962285796
343.2953607039181 366.21943347577565
349.0251768510004 359.26179958289
333.47281873749125 355.98761892741436
333.47281873749125 344.11871405131524
328.9708203362122 362.53598023836554
327.7430025904089 371.94924962285796
318.3297332059165 351.8948931080698
326.1059122626711 353.5319834358076
287.63428956083254 417.78777879951673
247.9348491131907 412.0579626524343
398.5471592650692 394.86851421118735
393.22661569992135 404.69105617761414
389.9524350444457 405.91887392341755
386.67825438897 395.27778679312183
377.67425758641207 391.18506097377724
402.6398850844137 412.0579626524343
370.3073511115919 391.18506097377724
358.8477188174273 398.9612400305319
358.43844623549285 392.41287871958065
351.89008492454155 380.13470126154704
354.34572041614825 370.7214318770546
363.75898980064073 368.2657963854479
361.303354309034 362.9452528203
371.5351688573953 359.67107216482435
369.07953336578856 353.5319834358076
358.8477188174273 352.30416569000425
349.4344494329349 353.5319834358076
337.1562719749013 355.1690737635454
404.2769754121515 353.9412560177421
401.00279475667594 360.4896173286933
383.4040737334945 360.08034474675884
382.5855285696255 354.3505285996765
385.45043664316665 366.21943347577565
396.91006893733146 367.447251221579
387.08752697090455 371.94924962285796
374.80934951287094 367.8565238035135
378.0835301683465 376.45124802413693
376.85571242254315 382.59033675315374
392.40807053605243 378.08833835187477
400.5935221747415 381.7717915892849
407.96042864956155 373.5863399505958
402.6398850844137 371.1307044589891
414.5087899605129 365.4008883119068
407.96042864956155 363.76379798416895
417.37369803405403 358.8525270009555
422.69424159920186 351.4856205261354
430.879693237891 351.4856205261354
429.2426029101531 342.8908963055119
433.3353287294977 335.11471724875724
430.47042065595645 324.4736301184615
427.6055125824153 319.1530865533136
425.1498770908086 298.68945745659096
441.93005295012114 310.5583623326901
423.51278676307084 274.5423751224582
444.7949610236624 275.7701928682616
454.61750299008924 324.4736301184615
445.6135061875312 331.4312640113472
441.5207803681867 319.1530865533136
438.24659971271115 323.2458123726581
446.02277876946573 346.57434954292194
444.7949610236624 358.03398183708657
451.752594916548 359.26179958289
437.0187819669078 364.9916157299723
439.06514487657995 380.9532464254159
421.4664238533985 382.9996093350882
428.01478516434975 391.18506097377724
446.84132393333454 393.2314238834495
450.9340497526792 399.3705126124663
440.70223520431784 400.18905777633523
423.1035141811363 396.9148771208596
431.2889658198254 398.9612400305319
410.0067915592339 403.8725110137453
406.32333832182377 393.2314238834495
416.1458802882507 410.4208723246965
427.6055125824153 412.8765078163033
425.1498770908086 404.69105617761414
446.02277876946573 411.23941748856544
450.1155045888102 418.1970513814511
407.96042864956155 461.98921764843755
326.1059122626711 416.96923363564775
375.21862209480537 400.59833035826966
399.7749770108726 425.9732304382057
409.59751897729944 507.41847424316177
421.0571512714641 506.5999290792929
402.2306125024793 498.0052048586694
423.51278676307084 428.8381385117469
417.7829706159885 283.2394174885655
449.50159571590854 291.42486912725457
447.45523280623627 284.87650781630333
487.56394583581266 291.2202328362873
487.97321841774703 279.146691669221
473.2394054681068 280.57914570599155
457.6870473545976 276.69105617761426
447.86450538817076 266.2546053382857
442.1346892410884 266.8685142111874
512.1203007518798 306.36331836786206
518.4640257718637 301.4520473846486
500.2513958757806 296.1315038195008
494.1123071467639 300.63350222077975
488.3824909996815 302.88450142141926
486.950036962911 296.74541269240245
501.06994103964956 310.25140789623936
501.06994103964956 305.3401369130259
516.2130265712243 313.93486113364946
521.328933845405 314.54877000655114
518.0547531899293 307.3864998226982
528.4912040292579 313.93486113364946
532.7885661395696 311.4792256420427
537.4952008318159 318.2322232439612
556.3217396008006 318.027586952994
528.6958403202251 319.6646772807318
525.6262959557167 321.5064038994368
522.5567515912084 324.371311972978
516.826935444126 329.48721924715863
512.1203007518798 323.7574031000763
517.8501168989621 323.7574031000763
525.2170233737824 332.3521273206998
513.5527547886504 340.3329426684216
514.5759362434865 335.21703539424095
511.30175558801085 346.4720313974384
505.5719394409286 347.904485434209
501.68384991255124 354.86211932709466
500.66066845771513 346.67666768840564
501.8884862035185 338.49121604971657
504.3441216951252 324.5759482639452
496.36330634740335 320.89249502653513
488.17785470871434 313.525588551715
490.63349020032103 307.79577240463266
472.2162240132706 304.3169554581898
459.3241376823354 305.9540457859276
456.6638658997615 305.5447732039932
454.6175029900892 317.209041789125
454.20823040815475 311.4792256420427
473.64867805004127 315.36731517042
478.15067645132024 311.68386193300995
479.5831304880908 315.36731517042
469.760588521664 316.39049662525616
467.71422561199165 307.3864998226982
478.3553127422874 325.3944934278141
476.9228587055169 318.84613211686286
487.1546732538782 324.98522084587967
482.448038561632 319.0507684078301
484.08512888936974 335.21703539424095
475.4904046687463 334.8077628123065
465.4632264113522 332.1474910297326
470.7837699765001 323.7574031000763
456.6638658997615 333.7845813574704
472.8301328861723 338.08194346778214
484.9036740532387 344.0163959058317
493.7030345648294 343.19785074196284
492.0659442370916 335.01239910327376
495.7493974745017 329.48721924715863
480.1970393609925 364.0707524206199
491.8613079461244 365.093933875456
464.4400449565161 356.2945733638653
468.94204335779506 344.6303047787334
463.62149979264717 342.1746692871267
457.2777747726632 350.97402979871737
473.2394054681068 375.939657296719
482.448038561632 376.1442935876862
587.0171832458847 360.3872991832098
588.245000991688 366.9356604941611
591.3145453561963 372.6654766412434
652.500796355397 282.1139178882457
657.4120673386104 272.70064850375326
654.1378866831348 275.56555657729444
554.2753766911285 296.4384582559515
20.379293557635055 535.5583683429196
28.15547261438966 521.6431005571482
60.078734005276964 530.2378247777717
67.4456404800971 518.7781924836071
63.76218724268701 565.4352668241346
77.67745502845841 562.161086168659
80.54236310199958 551.9292716202978
102.64308252646 546.6087280551499
106.73580834580453 558.8869055131835
116.55835031223141 540.8789119080676
134.97561649928176 528.1914618680994
143.97961330183972 537.1954586706574
121.06034871351038 560.5239958409212
136.2034342450851 561.3425410047902
150.9372471947254 572.8021732989548
157.0763359237422 558.477632931249
156.2577907598733 532.284187687444
166.48960530823462 548.6550909648221
189.8181424784984 544.153092563543
182.04196342174382 540.8789119080676
198.4128666991219 538.0140038345263
204.9612280100731 529.8285521958373
206.1890457558765 541.6974570719364
217.23940546810672 533.5120054332474
205.3705005920076 560.1147232589868
177.94923760239925 564.2074490783313
182.8605085856127 553.1570893661011
187.77177956882613 563.7981764963969
225.83412968873023 562.5703587505935
229.92685550807474 534.7398231790507
243.02357812997724 541.288184490002
256.93884591574863 524.098736048755
265.94284271830657 509.77419568104915
263.89647980863424 535.9676409248541
261.8501168989621 547.0180006370844
260.62229915315874 565.8445394060692
250.79975718673182 565.0259942422002
245.47921362158394 556.8405426035113
242.20503296610835 569.5279926434791
277.4024750124712 537.6047312525919
283.95083632342244 549.0643635467566
287.63428956083254 556.0219974396423
272.9004766111923 568.3001748976758
297.4568315272594 553.1570893661011
298.2753766911283 531.8749151055096
288.45283472470146 528.600734450034
313.8277348046375 535.9676409248541
317.5111880420476 528.600734450034
332.6542735736223 538.8325489983953
327.33373000847445 565.8445394060692
312.59991705883414 552.3385442022322
306.0515557478829 560.9332684228557
323.24100418912997 555.2034522757733
349.0251768510004 558.0683603493146
361.303354309034 555.6127248577079
347.797359105197 547.8365458009532
349.4344494329349 529.0100070319684
346.56954135939367 540.0603667441986
364.57753496450965 530.2378247777717
360.0755365632306 544.5623651454777
378.9020753322155 564.6167216602659
378.49280275028104 547.8365458009532
387.08752697090455 537.1954586706574
392.8173431179868 529.0100070319684
401.82133992054486 528.600734450034
211.10031673908992 571.5743555531515
197.59432153525302 573.2114458808892
106.73580834580453 573.2114458808892
127.60871002446162 573.2114458808892
630.809349512871 570.7558103892825
667.2346093050372 571.9836281350858
687.6982384017598 573.2114458808892
706.5247771707446 570.7558103892825
750.7262160196656 571.9836281350858
766.2785741331747 567.4816297338069
912.0819314473233 567.8409452888817
928.6574710156686 570.5012170714556
949.5303726943257 571.7290348172589
981.0443615032785 568.0455815798489
969.3800929181467 558.4276759043893
985.5463599045577 544.5124081186178
968.5615477542777 526.0951419315675
953.8277348046374 539.8057734263717
941.3449210556367 552.6978597573069
942.7773750924072 535.0991387341255
921.6998371227829 547.5819524831262
915.1514758118317 535.7130476070272
915.5607483937662 555.1534952489137
917.4024750124712 506.2454217077466
925.1786540692258 502.56196847033647
944.4144654201451 504.8129676709759
948.916463821424 491.7162450490735
989.4344494329348 491.3069724671391
949.1211001123913 474.73143289879374
912.695840320225 492.3301539219752
928.9644254521196 456.5687600295702
910.1378866831348 468.028392323735
1001.9684222546774 544.8705216278105
998.0803327263001 529.2158453688178
979.3561121027989 557.0725614996724
1019.5169041484829 536.2225143277774
1013.3790420106208 560.7739628792259
908.0124086439876 435.9707660760291
397.5468741784531 572.0267101319732
427.2132078447868 571.0037331089962
