11.19930069930075 48.493006993006986
9.101398601398657 57.723776223776234
14.975524475524521 30.031468531468533
26.304195804195842 28.353146853146857
28.40209790209795 51.849650349650354
20.010489510489563 44.7167832167832
34.276223776223816 38.84265734265733
39.73076923076928 53.1083916083916
20.849650349650403 63.17832167832168
7.84265734265739 76.6048951048951
18.332167832167883 84.15734265734265
27.562937062937127 77.44405594405595
18.751748251748296 72.4090909090909
7.4230769230769775 90.87062937062936
13.71678321678327 97.16433566433567
29.241258741258775 94.64685314685316
5.325174825174884 113.52797202797203
22.52797202797207 114.36713286713288
32.17832167832174 112.68881118881121
29.241258741258775 126.11538461538461
6.1643356643357095 137.02447552447552
16.23426573426579 144.5769230769231
7.4230769230769775 161.36013986013987
32.597902097902136 159.2622377622378
21.269230769230816 168.9125874125874
8.262237762237817 174.7867132867133
46.8636363636364 163.45804195804197
62.807692307692356 167.23426573426576
75.39510489510494 172.26923076923077
76.65384615384619 150.03146853146853
59.03146853146857 138.7027972027972
47.70279720279726 137.02447552447552
52.31818181818187 126.53496503496504
51.05944055944059 108.493006993007
40.15034965034968 129.05244755244755
74.55594405594408 123.17832167832167
97.63286713286715 169.33216783216784
102.66783216783219 146.67482517482517
112.73776223776225 169.33216783216784
91.33916083916088 162.19930069930072
101.82867132867136 133.24825174825176
91.75874125874128 124.43706293706293
90.0804195804196 108.91258741258741
77.91258741258744 106.81468531468529
63.22727272727277 93.80769230769232
56.93356643356648 88.77272727272728
52.73776223776227 82.47902097902099
33.01748251748256 63.59790209790209
49.38111888111891 61.91958041958041
60.290209790209815 71.15034965034965
69.52097902097907 66.53496503496504
60.290209790209815 50.59090909090909
59.87062937062941 39.68181818181819
71.61888111888115 22.05944055944053
63.22727272727277 11.150349650349654
82.94755244755248 11.569930069930052
60.70979020979025 23.318181818181813
34.276223776223816 27.094405594405604
69.10139860139864 32.96853146853147
84.20629370629374 30.870629370629356
98.89160839160843 32.54895104895104
101.82867132867136 19.961538461538453
101.82867132867136 5.695804195804186
117.35314685314688 3.1783216783216517
131.61888111888115 19.1223776223776
149.66083916083917 19.1223776223776
150.0804195804196 6.115384615384613
157.21328671328675 9.472027972027973
162.6678321678322 19.1223776223776
171.89860139860141 11.989510489510481
183.64685314685315 6.534965034965013
206.72377622377624 4.437062937062933
201.68881118881117 11.989510489510481
201.68881118881117 22.05944055944053
181.9685314685315 16.604895104895093
174.83566433566435 22.05944055944053
169.3811188811189 29.61188811188811
165.60489510489512 35.9055944055944
159.73076923076925 40.101398601398614
141.26923076923077 34.22727272727272
130.7797202797203 32.12937062937061
120.70979020979024 36.744755244755254
125.32517482517487 30.870629370629356
118.19230769230772 24.99650349650349
106.44405594405598 30.870629370629356
93.01748251748253 53.52797202797203
113.99650349650352 57.723776223776234
107.70279720279723 57.723776223776234
127.00349650349654 45.55594405594405
134.9755244755245 49.75174825174826
147.9825174825175 48.493006993006986
155.53496503496504 45.97552447552448
161.4090909090909 57.723776223776234
152.17832167832168 60.24125874125874
141.6888111888112 58.98251748251748
112.73776223776225 40.101398601398614
77.91258741258744 53.1083916083916
74.97552447552451 42.61888111888112
67.84265734265739 48.493006993006986
81.68881118881123 60.66083916083916
95.11538461538464 73.66783216783217
85.88461538461542 75.76573426573427
77.07342657342662 82.8986013986014
75.39510489510494 92.96853146853145
85.88461538461542 90.87062937062936
95.11538461538464 85.41608391608392
97.21328671328675 95.06643356643357
103.92657342657344 115.2062937062937
103.50699300699304 104.71678321678321
114.83566433566436 139.12237762237763
121.54895104895108 120.24125874125876
130.36013986013987 123.17832167832167
130.36013986013987 154.22727272727275
126.16433566433568 146.67482517482517
136.65384615384616 170.1713286713287
151.75874125874128 155.486013986014
142.10839160839163 152.54895104895107
154.27622377622382 142.89860139860141
163.08741258741262 151.29020979020981
169.80069930069934 163.03846153846155
176.93356643356643 172.6888111888112
190.36013986013987 170.1713286713287
191.61888111888115 160.52097902097904
176.93356643356643 148.35314685314685
196.65384615384616 143.73776223776224
212.17832167832168 152.96853146853147
222.24825174825176 175.2062937062937
232.31818181818178 155.486013986014
247.00349650349654 154.22727272727275
257.07342657342656 177.72377622377624
237.35314685314688 170.1713286713287
283.92657342657344 150.45104895104896
289.3811188811188 168.0734265734266
275.534965034965 141.63986013986016
277.6328671328671 128.21328671328672
215.95454545454547 30.870629370629356
228.96153846153848 30.870629370629356
228.12237762237763 22.05944055944053
219.73076923076925 12.409090909090908
241.1293706293706 13.667832167832161
228.12237762237763 11.989510489510481
252.45804195804195 28.353146853146857
237.35314685314688 27.933566433566426
246.58391608391608 37.16433566433565
239.45104895104896 47.23426573426574
245.74475524475523 60.66083916083916
189.520979020979 27.094405594405604
186.16433566433565 40.94055944055944
178.1923076923077 44.7167832167832
190.7797202797203 44.2972027972028
205.46503496503496 37.16433566433565
183.22727272727272 54.78671328671327
173.15734265734264 58.14335664335664
158.8916083916084 69.47202797202797
146.72377622377624 71.15034965034965
142.10839160839163 86.25524475524475
133.29720279720283 95.06643356643357
119.87062937062939 87.0944055944056
123.64685314685318 74.92657342657343
116.09440559440561 69.89160839160839
106.02447552447555 75.34615384615384
134.55594405594408 73.66783216783217
152.5979020979021 95.06643356643357
144.20629370629374 101.77972027972028
145.04545454545456 114.36713286713288
160.5699300699301 97.16433566433567
171.89860139860141 82.05944055944056
171.479020979021 70.73076923076923
102.66783216783219 45.55594405594405
21.688811188811243 142.479020979021
140.01048951048952 126.53496503496504
154.6958041958042 123.59790209790211
161.82867132867133 116.46503496503496
171.479020979021 98.84265734265733
212.17832167832168 14.087412587412587
219.73076923076925 46.39510489510491
210.9195804195804 45.97552447552448
254.1363636363636 46.39510489510491
260.0104895104895 35.066433566433545
263.3671328671329 54.36713286713286
263.3671328671329 74.08741258741259
253.2972027972028 82.8986013986014
238.19230769230768 68.2132867132867
238.19230769230768 75.34615384615384
240.29020979020981 90.87062937062936
231.89860139860141 84.15734265734265
219.31118881118883 71.15034965034965
215.11538461538458 60.66083916083916
218.8916083916084 54.36713286713286
197.0734265734266 77.02447552447552
189.520979020979 81.22027972027972
187.84265734265736 67.7937062937063
193.71678321678323 61.91958041958041
178.61188811188813 96.74475524475525
195.39510489510488 96.74475524475525
199.5909090909091 87.93356643356643
207.56293706293704 91.70979020979021
215.95454545454547 90.87062937062936
236.09440559440557 99.68181818181819
228.54195804195803 101.77972027972028
214.27622377622373 111.84965034965035
206.3041958041958 109.75174825174827
185.32517482517486 115.2062937062937
172.73776223776227 123.17832167832167
197.91258741258744 131.9895104895105
209.66083916083917 135.76573426573427
222.24825174825176 131.9895104895105
228.12237762237763 118.56293706293705
241.1293706293706 120.24125874125876
249.94055944055947 133.24825174825176
259.17132867132864 133.24825174825176
250.77972027972032 107.65384615384616
249.520979020979 95.06643356643357
259.17132867132864 99.68181818181819
262.9475524475524 90.87062937062936
270.0804195804195 90.03146853146853
274.2762237762238 77.02447552447552
280.9895104895105 64.01748251748252
273.8566433566433 64.01748251748252
274.69580419580416 45.55594405594405
270.91958041958037 35.9055944055944
264.62587412587413 17.863636363636346
256.6538461538462 19.961538461538453
257.49300699300693 6.534965034965013
263.7867132867133 5.695804195804186
231.05944055944056 4.437062937062933
285.60489510489504 4.437062937062933
271.7587412587412 4.85664335664336
293.5769230769231 13.667832167832161
291.8986013986014 5.276223776223759
306.58391608391605 7.374125874125866
316.6538461538461 4.437062937062933
308.68181818181813 16.604895104895093
301.12937062937056 18.283216783216773
290.63986013986016 28.353146853146857
288.54195804195797 20.800699300699307
281.82867132867136 38.423076923076906
295.6748251748252 38.84265734265733
285.60489510489504 51.849650349650354
301.12937062937056 46.39510489510491
305.3251748251748 34.64685314685315
308.68181818181813 28.353146853146857
321.6888111888112 16.604895104895093
323.3671328671328 5.276223776223759
330.91958041958037 11.569930069930052
338.47202797202794 9.052447552447546
339.73076923076917 2.339160839160826
355.2552447552447 9.472027972027973
366.58391608391605 10.730769230769226
381.2692307692307 13.248251748251734
374.9755244755245 4.437062937062933
387.98251748251744 10.3111888111888
397.2132867132867 16.185314685314665
410.2202797202797 7.374125874125866
407.28321678321674 17.02447552447552
416.9335664335664 11.569930069930052
404.3461538461538 25.83566433566432
363.22727272727263 17.863636363636346
335.9545454545454 17.02447552447552
343.0874125874126 27.933566433566426
342.6678321678321 22.05944055944053
334.2762237762238 31.709790209790185
324.20629370629365 32.12937062937061
315.81468531468533 31.290209790209786
317.9125874125874 42.61888111888112
342.6678321678321 42.61888111888112
335.1153846153845 54.78671328671327
324.20629370629365 60.24125874125874
314.555944055944 56.04545454545455
318.75174825174827 69.89160839160839
326.30419580419573 72.4090909090909
313.71678321678314 82.8986013986014
319.17132867132864 98.84265734265733
291.8986013986014 70.73076923076923
289.3811188811188 79.12237762237763
284.3461538461538 87.93356643356643
290.63986013986016 94.22727272727272
296.9335664335664 82.05944055944056
299.0314685314685 111.43006993006995
289.8006993006993 109.33216783216783
287.28321678321674 124.43706293706293
294.41608391608395 125.27622377622379
307.8426573426573 123.17832167832167
297.77272727272725 130.31118881118883
299.0314685314685 135.76573426573427
288.96153846153845 138.2832167832168
299.0314685314685 150.45104895104896
310.36013986013984 133.24825174825176
320.0104895104895 150.8706293706294
322.9475524475524 165.13636363636365
331.33916083916085 152.54895104895107
365.3251748251748 160.1013986013986
357.77272727272725 152.96853146853147
374.1363636363636 152.54895104895107
382.52797202797194 150.03146853146853
389.24125874125866 176.8846153846154
372.8776223776223 179.40209790209792
345.18531468531467 175.2062937062937
333.8566433566433 168.9125874125874
334.69580419580416 131.15034965034965
348.96153846153845 117.30419580419581
344.3461538461538 109.33216783216783
342.6678321678321 99.68181818181819
347.28321678321674 90.87062937062936
348.1223776223776 84.15734265734265
337.6328671328671 79.96153846153847
328.8216783216783 98.0034965034965
326.7237762237762 88.77272727272728
305.3251748251748 88.35314685314685
356.513986013986 102.61888111888112
376.2342657342657 106.81468531468529
383.3671328671328 117.72377622377624
376.2342657342657 137.02447552447552
368.68181818181813 139.12237762237763
394.2762237762237 139.12237762237763
413.1573426573426 168.9125874125874
418.1923076923076 146.67482517482517
406.4440559440559 120.24125874125876
389.24125874125866 105.97552447552448
403.50699300699296 109.75174825174827
417.77272727272725 95.9055944055944
416.513986013986 79.54195804195804
415.2552447552447 66.95454545454545
401.4090909090909 69.05244755244755
396.79370629370624 63.59790209790209
388.8216783216783 66.95454545454545
380.43006993006986 82.8986013986014
390.0804195804195 91.70979020979021
371.61888111888106 72.4090909090909
362.80769230769226 66.53496503496504
348.96153846153845 75.34615384615384
343.0874125874126 66.53496503496504
351.4790209790209 53.1083916083916
354.8356643356643 46.39510489510491
354.8356643356643 39.68181818181819
362.80769230769226 32.54895104895104
369.1013986013986 30.031468531468533
384.62587412587413 23.737762237762237
380.84965034965035 32.12937062937061
395.534965034965 30.870629370629356
392.5979020979021 19.961538461538453
385.88461538461536 40.52097902097901
379.590909090909 49.75174825174826
373.2972027972028 59.40209790209791
404.3461538461538 40.94055944055944
400.15034965034965 54.78671328671327
390.91958041958037 49.75174825174826
385.88461538461536 60.66083916083916
23.786713286713336 12.409090909090908
5.325174825174884 35.9055944055944
413.1573426573426 37.58391608391608
417.77272727272725 111.43006993006995
275.534965034965 24.157342657342667
244.486013986014 22.898601398601386
