13.17415730337079 20.086376404494388
24.320224719101127 16.85042134831461
7.061797752808992 42.73806179775281
3.106741573033716 58.19873595505618
11.196629213483149 63.95154494382022
17.488764044943828 38.96278089887641
31.15168539325844 43.09761235955057
32.230337078651694 36.08637640449439
27.286516853932596 32.12219101123597
22.252808988764045 30.683988764044955
53.893258426966284 47.22331460674158
50.29775280898876 24.571629213483163
29.443820224719104 74.18960674157304
41.30898876404494 63.76264044943821
19.016853932584283 47.22331460674158
70.16292134831463 40.661516853932596
83.82584269662922 27.358146067415746
44.45505617977529 74.09971910112358
50.387640449438216 72.30196629213484
53.44382022471911 77.51544943820224
61.893258426966305 75.5379213483146
44.99438202247192 83.0884831460674
33.30898876404495 87.40308988764045
31.870786516853947 94.95365168539325
16.230337078651694 95.13342696629213
8.500000000000007 100.52668539325842
15.87078651685394 72.30196629213484
43.46629213483148 95.92415730337079
9.308988764044955 71.11516853932585
28.814606741573037 88.4634831460674
57.75842696629214 97.81179775280899
54.522471910112365 108.95786516853931
21.803370786516858 124.41853932584269
7.421348314606746 126.39606741573033
14.252808988764052 120.10393258426964
29.533707865168545 107.87921348314606
34.74719101123596 121.1825842696629
27.556179775280903 117.58707865168537
46.70224719101124 100.4185393258427
38.79213483146067 109.76685393258425
70.07303370786518 69.49719101123597
96.32022471910112 66.9803370786517
89.4887640449438 76.32865168539328
61.44382022471909 113.00280898876406
72.58988764044945 97.18258426966293
65.39887640449437 92.14887640449439
68.2752808988764 84.59831460674158
89.84831460674157 84.95786516853934
84.09550561797754 84.23876404494384
102.43258426966291 18.800561797752835
100.2752808988764 79.2050561797753
80.49999999999999 101.85674157303372
45.623595505617985 127.7443820224719
54.97191011235954 122.35112359550563
53.803370786516844 87.56460674157302
14.342696629213492 136.55337078651687
29.084269662921358 135.47471910112358
54.612359550561806 137.27247191011236
2.477528089887656 145.54213483146066
5.713483146067432 141.5870786516854
10.028089887640462 147.33988764044943
22.612359550561806 143.02528089887642
18.657303370786522 146.26123595505618
39.51123595505618 140.50842696629212
38.79213483146067 134.7556179775281
47.061797752809 139.07022471910113
67.55617977528091 136.1938202247191
68.9943820224719 127.9241573033708
79.061797752809 135.47471910112358
20.455056179775283 158.48595505617976
31.601123595505626 153.0926966292135
24.410112359550567 150.57584269662922
39.15168539325843 148.4185393258427
49.57865168539327 149.85674157303373
46.70224719101124 158.12640449438203
60.7247191011236 150.93539325842698
57.48876404494381 155.60955056179776
45.983146067415746 167.47471910112358
35.91573033707866 161.72191011235955
41.30898876404494 178.9803370786517
40.949438202247194 171.78932584269663
33.758426966292134 184.0140449438202
22.252808988764045 173.58707865168537
8.589887640449447 169.27247191011236
13.623595505617985 174.66573033707866
19.016853932584283 180.77808988764045
17.938202247191015 193.3623595505618
47.42134831460673 188.32865168539325
69.71348314606742 173.58707865168537
62.16292134831461 171.42977528089887
16.85955056179776 210.26123595505618
12.18539325842697 209.18258426966293
2.117977528089895 185.81179775280899
27.646067415730343 215.29494382022472
50.29775280898876 210.6207865168539
54.252808988764045 200.9129213483146
59.28651685393258 209.90168539325842
76.18539325842697 189.04775280898875
78.70224719101124 182.21629213483146
80.14044943820225 173.94662921348316
133.17415730337078 55.834269662921315
121.66853932584266 46.48595505617976
128.85955056179776 4.058988764044955
152.14044943820224 21.344803370786508
146.02808988764042 19.367275280898866
78.4325842696629 1.5695224719101049
66.92696629213481 3.9066011235955074
71.96067415730334 20.625702247191
127.15168539325842 49.38974719101123
120.67977528089887 69.16502808988764
108.09550561797751 66.46839887640448
107.73595505617976 71.86165730337078
150.1629213483146 66.82794943820224
156.99438202247188 68.62570224719101
108.63483146067415 79.67275280898878
148.0056179775281 88.12219101123597
157.53370786516854 88.84129213483146
173.7134831460674 70.68398876404495
165.4438202247191 68.88623595505618
165.62359550561797 88.6615168539326
177.48876404494382 88.6615168539326
92.99438202247191 105.20084269662922
103.06179775280899 104.84129213483146
111.69101123595505 109.51544943820224
122.29775280898876 105.38061797752809
125.17415730337079 116.52668539325842
134.16292134831463 90.63904494382024
153.93820224719101 111.13342696629215
140.45505617977528 114.18960674157304
153.93820224719101 99.08848314606743
144.9494382022472 98.90870786516855
106.3876404494382 90.17134831460673
119.3314606741573 98.8005617977528
137.6685393258427 82.98033707865169
118.97191011235954 78.3061797752809
113.21910112359551 79.38483146067415
93.80337078651685 112.10393258426966
86.97191011235954 114.26123595505618
79.061797752809 109.58707865168539
93.44382022471909 126.48595505617976
89.12921348314607 121.45224719101122
98.47752808988763 124.688202247191
103.15168539325843 125.76685393258425
128.32022471910113 106.35112359550561
71.87078651685393 145.54213483146066
89.4887640449438 144.82303370786516
110.34269662921348 137.99157303370782
123.64606741573031 139.42977528089887
121.12921348314605 130.80056179775278
95.96067415730336 167.47471910112358
85.53370786516852 161.00280898876403
72.23033707865169 159.92415730337078
102.79213483146067 145.1825842696629
99.91573033707864 136.91292134831457
92.00561797752808 158.84550561797752
130.11797752808985 153.81179775280899
125.08426966292133 163.16011235955054
113.938202247191 172.86797752808988
114.6573033707865 181.49719101123594
106.3876404494382 181.49719101123594
103.15168539325843 163.87921348314606
141.62359550561797 143.02528089887636
149.53370786516854 123.96910112359548
168.58988764044943 130.44101123595505
157.08426966292132 139.42977528089887
162.47752808988764 120.73314606741572
146.29775280898878 143.7443820224719
152.7696629213483 140.50842696629212
167.8707865168539 140.50842696629212
179.01685393258424 141.9466292134831
162.11797752808985 155.60955056179773
152.41011235955057 159.56460674157302
162.47752808988764 167.47471910112358
157.4438202247191 173.58707865168537
166.07303370786514 175.74438202247188
132.27528089887642 176.10393258426964
140.90449438202245 156.32865168539325
137.30898876404495 136.19382022471905
122.92696629213482 148.77808988764045
168.94943820224717 159.92415730337078
186.9269662921348 158.48595505617976
184.4101123595505 132.95786516853929
186.20786516853929 150.93539325842696
198.43258426966287 141.9466292134831
191.24157303370782 128.64325842696627
181.17415730337075 107.78932584269661
184.7696629213483 116.41853932584269
175.4213483146067 108.50842696629213
160.32022471910108 100.23876404494382
157.4438202247191 78.66573033707866
162.47752808988764 82.62078651685393
166.79213483146066 80.10393258426966
179.01685393258424 81.90168539325842
186.9269662921348 81.90168539325842
184.05056179775278 85.49719101123596
189.44382022471905 90.17134831460673
173.9831460674157 41.63202247191012
159.6011235955056 47.74438202247191
159.96067415730334 17.901685393258447
173.26404494382018 17.182584269662925
187.28651685393254 20.058988764044955
189.08426966292132 44.50842696629215
184.05056179775278 36.23876404494382
188.3651685393258 70.75561797752809
197.35393258426961 91.25
201.3089887640449 77.5870786516854
197.7134831460674 83.33988764044943
208.1404494382022 85.8567415730337
204.18539325842693 85.1376404494382
208.1404494382022 51.699438202247194
201.66853932584263 116.41853932584269
214.252808988764 102.03651685393258
218.20786516853929 90.17134831460673
223.24157303370782 90.53089887640449
213.89325842696627 117.1376404494382
211.01685393258424 77.5870786516854
232.94943820224717 65.00280898876406
238.70224719101117 63.20505617977528
242.29775280898872 33.00280898876406
225.75842696629206 24.37359550561797
245.17415730337075 71.11516853932585
237.26404494382018 77.5870786516854
212.0955056179775 70.39606741573036
226.47752808988758 125.76685393258425
245.89325842696627 121.09269662921348
239.4213483146067 131.1601123595505
239.4213483146067 140.50842696629212
253.08426966292132 136.91292134831457
248.05056179775278 152.37359550561797
248.76966292134824 169.99157303370785
244.81460674157296 162.44101123595505
233.3089887640449 162.08146067415728
234.02808988764042 171.7893258426966
224.6797752808988 167.11516853932582
223.24157303370782 159.92415730337078
223.60112359550556 147.33988764044943
232.23033707865164 149.8567415730337
220.3651685393258 135.47471910112358
216.7696629213483 148.77808988764045
212.0955056179775 149.49719101123594
205.26404494382018 147.33988764044943
196.99438202247188 161.00280898876403
198.79213483146066 155.60955056179773
50.65730337078652 174.30617977528087
29.443820224719104 173.58707865168537
27.646067415730343 164.59831460674155
205.26404494382018 154.53089887640448
220.00561797752806 171.7893258426966
250.9269662921348 177.54213483146066
235.8258426966292 105.27247191011236
230.07303370786514 88.37359550561797
218.20786516853929 73.27247191011236
228.6348314606741 69.31741573033707
223.24157303370782 73.63202247191012
230.7921348314606 76.86797752808988
246.61235955056173 88.73314606741573
248.05056179775278 97.72191011235955
240.1404494382022 97.72191011235955
249.8483146067415 104.55337078651685
255.96067415730334 162.0814606741573
270.34269662921344 160.28370786516854
184.76966292134827 168.55337078651687
142.34269662921346 176.46348314606743
181.89325842696627 191.56460674157304
170.02808988764042 189.76685393258427
177.21910112359546 186.17134831460675
153.12921348314606 188.68820224719101
148.45505617977526 182.93539325842698
184.41011235955054 177.18258426966293
188.36516853932582 184.373595505618
191.96067415730334 181.85674157303373
207.78089887640445 195.51966292134833
211.01685393258424 186.5308988764045
215.33146067415726 181.49719101123597
232.58988764044943 189.04775280898878
243.37640449438197 195.51966292134833
236.90449438202245 199.11516853932585
250.56741573033702 185.45224719101125
264.9494382022471 184.73314606741573
267.1067415730337 172.1488764044944
283.28651685393254 170.35112359550564
285.08426966292126 162.80056179775283
290.8370786516853 166.0365168539326
299.4662921348314 171.4297752808989
306.65730337078645 188.68820224719101
295.87078651685385 193.3623595505618
286.5224719101123 192.6432584269663
288.3202247191011 181.49719101123597
295.15168539325833 182.57584269662922
276.81460674157296 146.9803370786517
274.2977528089887 133.31741573033707
280.76966292134824 134.39606741573033
264.23033707865164 127.56460674157303
264.9494382022471 119.29494382022473
255.60112359550556 92.68820224719104
264.9494382022471 101.67696629213485
271.4213483146067 94.84550561797755
262.43258426966287 56.373595505618
272.49999999999994 47.74438202247194
281.8483146067415 57.811797752809014
267.1067415730337 68.23876404494385
269.2640449438202 86.57584269662925
292.9943820224718 89.09269662921352
294.0730337078651 100.95786516853936
301.2640449438202 86.57584269662925
307.376404494382 92.68820224719104
322.1179775280898 91.96910112359555
321.75842696629206 102.75561797752812
307.7359550561797 102.75561797752812
298.7471910112359 125.04775280898878
298.02808988764036 107.78932584269666
298.02808988764036 135.47471910112358
307.376404494382 122.53089887640449
317.8033707865168 125.40730337078652
336.49999999999994 114.2612359550562
328.9494382022471 90.17134831460677
334.3426966292134 85.85674157303373
323.55617977528084 132.95786516853934
318.5224719101123 137.99157303370788
331.82584269662914 140.1488764044944
337.5786516853932 138.7106741573034
317.8033707865168 145.54213483146066
307.376404494382 144.4634831460674
330.02808988764036 160.28370786516854
312.0505617977527 171.4297752808989
317.8033707865168 186.5308988764045
316.005617977528 178.62078651685394
321.03932584269654 164.59831460674155
340.81460674157296 172.50842696629215
326.7921348314606 196.59831460674158
336.14044943820215 196.59831460674158
331.82584269662914 178.9803370786517
320.320224719101 202.3511235955056
298.7471910112359 203.07022471910113
298.7471910112359 60.68820224719104
317.8033707865168 61.7668539325843
339.7359550561797 45.94662921348316
312.4101123595505 41.63202247191015
291.1966292134831 41.63202247191015
296.9494382022471 38.39606741573036
329.66853932584263 61.7668539325843
261.71348314606735 198.0365168539326
269.98314606741565 195.16011235955057
263.1516853932584 87.6544943820225
329.30898876404484 102.39606741573036
340.81460674157296 102.75561797752812
95.7808988764045 191.0252808988764
75.64606741573033 206.84550561797752
69.17415730337078 196.05898876404493
118.79213483146069 189.58707865168537
136.0505617977528 196.05898876404493
133.17415730337078 209.72191011235952
126.7022471910112 213.31741573033707
110.1629213483146 202.53089887640445
102.25280898876403 217.6320224719101
90.02808988764045 206.84550561797752
42.567415730337075 214.03651685393257
104.41011235955054 228.41853932584266
87.15168539325842 222.6657303370786
82.11797752808988 228.41853932584266
80.67977528089887 221.22752808988764
69.89325842696627 232.01404494382018
64.14044943820224 222.6657303370786
51.196629213483135 229.1376404494382
39.691011235955045 231.29494382022472
20.99438202247191 236.32865168539323
12.365168539325822 234.17134831460672
61.08426966292136 243.69943820224717
40.949438202247194 250.1713483146067
36.99438202247191 239.38483146067412
22.252808988764045 251.96910112359546
4.275280898876417 229.31741573033705
7.87078651685394 248.01404494382018
4.994382022471925 234.35112359550558
31.241573033707866 255.20505617977523
47.42134831460673 255.20505617977523
54.612359550561806 259.5196629213483
65.39887640449437 265.27247191011236
86.25280898876404 255.56460674157302
112.49999999999999 233.27247191011233
124.36516853932584 237.9466292134831
95.96067415730336 241.9016853932584
76.18539325842697 241.1825842696629
98.11797752808987 250.53089887640448
119.3314606741573 256.2837078651685
138.02808988764042 245.13764044943815
144.85955056179773 206.30617977528087
167.51123595505618 215.2949438202247
176.49999999999994 206.66573033707863
143.06179775280896 222.8455056179775
154.56741573033707 223.20505617977526
131.5561797752809 229.31741573033705
180.45505617977523 215.2949438202247
190.16292134831457 217.81179775280896
192.67977528089887 210.26123595505615
196.6348314606741 207.74438202247188
212.81460674157302 209.1825842696629
203.4662921348314 207.0252808988764
208.1404494382022 220.688202247191
185.48876404494376 233.27247191011233
197.7134831460674 234.35112359550558
166.07303370786514 236.86797752808985
176.85955056179773 242.6207865168539
153.12921348314603 246.93539325842693
161.75842696629212 247.65449438202245
193.75842696629212 244.41853932584266
183.33146067415726 245.85674157303367
141.62359550561797 260.23876404494376
130.83707865168537 263.1151685393258
162.11797752808985 262.75561797752806
170.3876404494382 255.20505617977523
152.7696629213483 263.8342696629213
175.78089887640448 260.23876404494376
186.9269662921348 262.75561797752806
206.70224719101117 269.5870786516854
197.35393258426961 256.2837078651685
205.6235955056179 253.04775280898872
211.01685393258424 245.85674157303367
225.0393258426966 246.21629213483143
244.0955056179775 245.49719101123594
249.48876404494376 228.2387640449438
245.53370786516848 214.21629213483143
237.6235955056179 221.76685393258424
225.0393258426966 213.85674157303367
224.32022471910108 225.36235955056176
227.55617977528084 199.47471910112358
219.28651685393254 206.30617977528087
243.37640449438197 259.5196629213483
234.38764044943815 261.3174157303371
102.43258426966291 260.23876404494376
102.43258426966291 277.8567415730337
91.64606741573034 283.24999999999994
97.75842696629213 291.1601123595505
109.98314606741572 275.69943820224717
111.78089887640449 289.7219101123595
65.75842696629213 281.81179775280896
61.08426966292136 286.8455056179775
39.15168539325843 268.86797752808985
47.061797752809 275.33988764044943
28.00561797752809 273.9016853932584
19.37640449438203 278.2162921348314
16.85955056179776 265.6320224719101
11.466292134831463 272.1039325842696
77.98314606741572 296.5533707865168
48.14044943820225 296.19382022471905
92.36516853932584 301.9466292134831
137.30898876404495 295.4747191011236
130.83707865168537 280.3735955056179
119.3314606741573 286.8455056179775
158.16292134831457 281.81179775280896
143.42134831460675 276.0589887640449
171.10674157303367 289.002808988764
182.252808988764 288.2837078651685
191.60112359550556 283.96910112359546
250.20786516853929 279.65449438202245
242.29775280898872 280.7331460674157
234.02808988764042 281.81179775280896
226.47752808988758 283.24999999999994
222.16292134831457 293.3174157303371
233.66853932584263 303.7443820224719
221.44382022471905 303.7443820224719
210.29775280898872 312.3735955056179
179.73595505617976 304.46348314606735
177.5786516853932 279.29494382022466
153.84831460674155 301.9466292134831
150.252808988764 318.126404494382
161.3988764044944 319.564606741573
199.51123595505612 325.6769662921348
204.90449438202245 303.02528089887636
194.11797752808985 317.4073033707865
238.70224719101117 336.46348314606735
170.3876404494382 338.62078651685385
118.61235955056178 308.7780898876404
128.32022471910113 312.73314606741565
136.94943820224717 308.7780898876404
92.36516853932584 323.5196629213483
79.061797752809 325.317415730337
73.30898876404494 308.7780898876404
68.9943820224719 310.57584269662914
59.64606741573034 315.24999999999994
49.57865168539327 318.4859550561797
31.960674157303373 314.8904494382022
22.612359550561806 317.76685393258424
19.37640449438203 325.6769662921348
16.500000000000014 295.8342696629213
12.904494382022477 337.54213483146066
33.39887640449439 331.42977528089887
53.17415730337079 343.29494382022466
63.96067415730336 345.09269662921344
77.62359550561798 343.65449438202245
92.36516853932584 347.60955056179773
113.21910112359551 327.8342696629213
127.24157303370787 339.3398876404494
311.3314606741572 199.07865168539308
300.18539325842687 216.33707865168523
285.8033707865168 214.53932584269646
282.20786516853923 221.37078651685377
271.42134831460663 213.4606741573032
263.51123595505607 215.97752808988747
256.6797752808988 211.3033707865167
261.71348314606735 229.6404494382021
256.6797752808988 246.53932584269643
265.66853932584263 249.77528089887625
283.2865168539325 245.46067415730317
275.0168539325842 244.0224719101122
305.2191011235954 237.19101123595487
301.62359550561786 243.30337078651667
310.97191011235947 217.77528089887625
309.1741573033707 207.70786516853917
332.5449438202246 215.97752808988747
336.4999999999999 225.6853932584268
335.78089887640436 237.19101123595487
329.6685393258426 232.87640449438186
318.88202247191003 237.9101123595504
318.52247191011224 250.4943820224717
310.6123595505617 256.9662921348313
282.20786516853923 258.04494382022455
276.81460674157296 282.49438202247177
259.91573033707857 277.10112359550544
256.320224719101 290.04494382022455
266.02808988764036 287.52808988764025
282.92696629213475 299.75280898876383
315.2865168539325 300.1123595505616
299.82584269662914 303.7078651685391
280.76966292134824 287.52808988764025
304.4999999999999 295.0786516853931
325.7134831460673 287.887640449438
304.8595505617977 268.83146067415714
309.5337078651684 283.21348314606723
324.9943820224718 260.9213483146066
329.30898876404484 276.3820224719099
340.81460674157296 292.9213483146066
344.0505617977527 274.94382022471893
341.1741573033707 248.696629213483
353.758426966292 295.0786516853931
349.8033707865167 285.7303370786515
336.8595505617977 313.0561797752807
359.51123595505607 310.8988764044942
355.91573033707857 269.1910112359549
377.4887640449437 304.0674157303369
386.11797752808974 309.4606741573032
397.9831460674156 293.64044943820204
366.7022471910111 256.60674157303356
354.83707865168526 256.9662921348313
353.3988764044943 233.9550561797751
354.4775280898875 249.05617977528073
355.19662921348305 217.77528089887625
343.69101123595493 199.43820224719084
361.30898876404484 207.70786516853917
369.2191011235954 207.70786516853917
376.05056179775266 191.52808988764028
380.72471910112347 182.89887640449422
374.6123595505617 182.17977528089872
363.46629213483135 192.9662921348313
356.2752808988763 163.84269662921332
355.5561797752808 156.29213483146052
355.91573033707857 196.92134831460658
373.5337078651684 227.1235955056178
384.67977528089875 240.42696629213464
359.8707865168538 238.26966292134813
361.6685393258426 246.1797752808987
395.10674157303356 231.07865168539308
386.4775280898875 209.50561797752792
395.8258426966291 202.67415730337063
397.62359550561786 190.44943820224702
381.0842696629212 172.11235955056162
381.443820224719 165.6404494382021
371.0168539325841 165.28089887640434
396.90449438202234 158.0898876404493
402.6573033707864 161.6853932584268
408.7696629213482 158.80898876404478
404.8146067415729 185.4157303370785
425.3089887640448 157.011235955056
430.7022471910111 178.94382022471893
439.33146067415714 191.52808988764028
445.0842696629212 178.94382022471893
407.3314606741572 208.42696629213467
410.56741573033696 228.20224719101105
420.27528089887625 218.49438202247174
426.7471910112358 209.50561797752792
434.2977528089886 208.78651685393243
442.2078651685392 208.78651685393243
427.46629213483135 232.15730337078634
396.5449438202246 244.7415730337077
416.67977528089875 235.7528089887639
418.11797752808974 256.9662921348313
425.3089887640448 251.93258426966275
440.7696629213482 238.98876404494365
371.0168539325841 278.8988764044942
396.1853932584268 269.9101123595504
411.2865168539324 311.25842696629195
409.1292134831459 297.9550561797751
415.6011235955055 300.1123595505616
430.3426966292133 297.9550561797751
429.9831460674156 319.52808988764025
443.2865168539324 290.04494382022455
425.6685393258426 277.10112359550544
435.73595505617965 270.6292134831459
446.88202247191 275.6629213483144
430.3426966292133 264.15730337078634
432.4999999999999 255.88764044943804
451.9157303370785 237.19101123595487
451.9157303370785 221.37078651685377
441.1292134831459 222.80898876404478
445.8033707865167 250.4943820224717
452.63483146067404 297.5955056179773
412.00561797752795 192.2471910112358
411.6460674157302 183.97752808988747
363.46629213483135 266.67415730337063
246.97191011235958 6.594101123595522
205.98314606741576 7.313202247191043
271.4213483146068 21.695224719101134
287.2415730337079 23.49297752808991
306.65730337078656 12.706460674157313
303.78089887640454 34.63904494382024
322.47752808988764 34.998595505618
340.09550561797755 27.088483146067432
349.0842696629214 22.414325842696655
336.8595505617978 1.919943820224745
348.36516853932585 1.919943820224745
353.7584269662921 7.313202247191043
364.5449438202247 4.077247191011253
375.69101123595505 21.695224719101134
358.0730337078652 45.78511235955057
367.42134831460675 45.066011235955074
386.47752808988764 25.650280898876417
386.47752808988764 41.11095505617979
398.7022471910112 2.639044943820238
416.32022471910113 4.077247191011253
342.9719101123596 62.324438202247194
358.79213483146066 63.04353932584271
370.6573033707865 62.324438202247194
386.8370786516854 63.04353932584271
398.7022471910112 63.76264044943821
404.4550561797753 67.35814606741573
417.0393258426966 63.76264044943821
420.63483146067415 44.70646067415731
413.4438202247191 72.39185393258428
420.2752808988764 71.31320224719101
345.8483146067416 86.41432584269661
351.9606741573034 85.69522471910113
361.30898876404495 85.69522471910113
365.62359550561797 84.97612359550563
369.93820224719104 86.41432584269661
380.0056179775281 81.38061797752809
380.7247191011236 87.4929775280899
390.79213483146066 83.17837078651687
409.1292134831461 87.4929775280899
410.20786516853934 81.38061797752809
359.5112359550562 93.60533707865169
355.19662921348316 108.34691011235954
376.41011235955057 103.313202247191
372.814606741573 98.27949438202246
372.09550561797755 110.86376404494382
344.05056179775283 98.63904494382022
328.2303370786517 124.88623595505618
347.64606741573033 121.65028089887637
346.92696629213486 109.42556179775279
363.46629213483146 128.48174157303367
364.185393258427 143.22331460674155
351.2415730337079 147.89747191011236
393.30898876404495 129.20084269662922
381.80337078651684 119.13342696629212
383.2415730337079 127.40308988764043
374.25280898876406 118.41432584269661
393.30898876404495 109.06601123595506
386.8370786516854 113.38061797752808
398.7022471910112 106.54915730337079
393.6685393258427 102.59410112359551
388.99438202247194 96.12219101123596
399.7808988764045 97.56039325842697
405.89325842696627 98.99859550561798
409.84831460674155 131.7176966292135
412.36516853932585 137.83005617977528
420.2752808988764 150.41432584269663
417.7584269662921 142.86376404494382
422.4325842696629 141.06601123595505
414.8820224719101 106.18960674157303
423.15168539325845 88.21207865168539
428.9044943820225 9.11095505617979
441.4887640449438 6.594101123595522
438.6123595505618 20.25702247191012
431.42134831460675 37.51544943820227
429.62359550561797 56.571629213483156
441.4887640449438 47.58286516853934
465.2191011235955 34.63904494382024
458.74719101123594 9.11095505617979
472.7696629213483 16.661516853932596
484.63483146067415 12.34691011235958
482.47752808988764 29.96488764044946
497.938202247191 27.088483146067432
513.0393258426966 22.054775280898895
524.185393258427 15.223314606741582
469.1741573033708 53.695224719101134
457.30898876404495 67.35814606741573
465.57865168539325 65.91994382022473
482.1179775280899 57.29073033707866
500.09550561797755 61.6053370786517
508.7247191011236 58.00983146067417
444.0056179775281 73.83005617977528
433.93820224719104 95.76264044943821
463.42134831460675 81.74016853932585
454.4325842696629 80.6615168539326
439.69101123595505 82.45926966292136
429.62359550561797 85.69522471910113
427.46629213483146 78.86376404494382
421.71348314606746 75.62780898876404
435.0168539325843 80.6615168539326
439.3314606741573 88.21207865168539
449.7584269662921 100.79634831460675
444.0056179775281 105.83005617977528
432.5 106.54915730337079
424.2303370786517 111.22331460674157
426.3876404494382 116.97612359550561
430.3426966292135 130.99859550561797
436.4550561797753 125.96488764044943
440.76966292134836 132.43679775280899
446.88202247191015 129.20084269662922
438.9719101123596 142.50421348314606
437.8932584269663 149.33567415730337
429.98314606741576 147.89747191011236
433.2191011235955 141.4255617977528
454.79213483146066 132.43679775280899
455.87078651685397 141.06601123595505
455.87078651685397 152.9311797752809
456.9494382022472 160.84129213483146
447.2415730337079 155.44803370786516
464.8595505617978 143.5828651685393
464.14044943820227 135.31320224719101
456.58988764044943 124.88623595505618
466.2977528089888 107.26825842696628
457.6685393258427 97.20084269662921
473.4887640449438 91.80758426966293
469.8932584269663 100.79634831460675
479.9606741573034 95.76264044943821
469.1741573033708 127.76264044943821
485.35393258426967 123.44803370786515
478.88202247191015 119.13342696629212
475.2865168539326 122.3693820224719
487.5112359550562 139.2682584269663
474.92696629213486 150.41432584269663
481.3988764044944 139.9873595505618
474.20786516853934 164.07724719101122
467.0168539325843 157.96488764044943
470.25280898876406 151.13342696629212
492.90449438202245 118.41432584269661
486.79213483146066 104.39185393258425
507.64606741573033 84.97612359550563
513.0393258426966 79.94241573033709
498.2977528089888 95.0435393258427
500.09550561797755 86.77387640449439
479.9606741573034 72.39185393258428
490.74719101123594 162.27949438202245
493.62359550561797 157.96488764044943
505.4887640449438 149.33567415730337
498.6573033707865 141.78511235955057
506.20786516853934 125.24578651685393
511.6011235955056 111.94241573033707
511.6011235955056 103.313202247191
511.2415730337079 95.0435393258427
493.98314606741576 98.27949438202246
491.10674157303373 88.21207865168539
520.9494382022472 58.36938202247193
521.6685393258426 104.75140449438203
530.2977528089888 103.313202247191
533.8932584269662 96.48174157303372
533.8932584269662 82.45926966292136
530.2977528089888 67.35814606741573
524.9044943820224 44.70646067415731
531.3764044943821 40.75140449438203
542.8820224719101 39.672752808988776
522.7471910112359 89.29073033707864
515.9157303370787 90.72893258426967
538.5674157303371 106.54915730337079
551.1516853932584 104.75140449438203
551.1516853932584 85.69522471910113
545.3988764044943 80.6615168539326
541.0842696629213 76.70646067415731
545.3988764044943 67.35814606741573
532.4550561797753 58.00983146067417
543.9606741573034 57.29073033707866
552.5898876404494 58.00983146067417
552.9494382022472 44.70646067415731
536.0505617977528 9.470505617977551
520.9494382022472 127.40308988764043
528.1404494382023 126.68398876404495
541.0842696629213 133.875
519.5112359550562 160.4817415730337
497.57865168539325 152.9311797752809
530.2977528089888 157.96488764044943
525.9831460674156 147.5379213483146
539.2865168539325 150.41432584269663
546.1179775280898 156.88623595505618
552.5898876404494 157.2457865168539
554.3876404494382 149.33567415730337
566.252808988764 141.78511235955057
573.8033707865168 145.3806179775281
574.1629213483145 129.20084269662922
575.6011235955057 122.72893258426967
566.9719101123595 120.9311797752809
570.2078651685392 108.34691011235954
573.443820224719 104.75140449438203
583.5112359550562 106.18960674157303
585.3089887640449 112.6615168539326
591.4213483146067 119.85252808988764
583.870786516854 122.72893258426967
578.1179775280898 116.97612359550561
561.5786516853932 95.0435393258427
565.1741573033707 85.69522471910113
567.6910112359551 95.76264044943821
535.3314606741574 126.68398876404495
543.2415730337078 127.76264044943821
558.3426966292134 133.51544943820224
564.4550561797753 134.23455056179776
586.0280898876404 150.05477528089887
578.4775280898876 84.97612359550563
575.9606741573034 74.90870786516855
569.129213483146 75.9873595505618
578.4775280898876 49.02106741573035
589.9831460674156 68.79634831460675
591.061797752809 87.4929775280899
586.3876404494381 91.08848314606742
591.7808988764045 81.02106741573034
577.3988764044943 31.76264044943821
566.6123595505618 31.043539325842715
553.3089887640449 10.549157303370805
580.9943820224719 10.189606741573044
589.6235955056179 12.706460674157313
564.4550561797753 167.31320224719101
593.5786516853932 156.52668539325842
461.26404494382024 186.13483146067392
465.93820224719104 198.71910112359524
474.20786516853934 196.9213483146065
469.1741573033708 209.50561797752783
476.7247191011236 208.06741573033685
476.0056179775281 223.16853932584246
482.47752808988764 227.48314606741548
486.7921348314607 191.5280898876402
477.8033707865169 183.61797752808963
485.7134831460674 175.34831460674133
478.52247191011236 172.83146067415706
498.2977528089888 178.94382022471885
514.4775280898876 174.98876404494357
509.80337078651684 169.23595505617953
503.69101123595505 177.50561797752783
509.80337078651684 190.44943820224694
500.09550561797755 190.44943820224694
502.6123595505618 199.43820224719076
494.3426966292135 199.07865168539303
499.73595505617976 219.5730337078649
527.7808988764045 177.8651685393256
541.0842696629213 170.67415730337055
547.9157303370787 172.4719101123593
563.7359550561798 177.50561797752783
572.7247191011236 181.10112359550538
578.8370786516854 173.9101123595503
543.6011235955057 183.61797752808963
554.7471910112359 201.23595505617953
546.8370786516854 197.99999999999974
535.6910112359551 192.9662921348312
541.8033707865168 193.6853932584267
526.3426966292135 195.48314606741548
534.9719101123595 205.55056179775255
515.9157303370787 221.73033707865142
546.1179775280898 218.8539325842694
506.5674157303371 236.4719101123593
525.9831460674156 226.40449438202222
532.0955056179776 230.3595505617975
551.5112359550562 225.6853932584267
550.0730337078651 234.67415730337052
543.9606741573034 234.67415730337052
568.0505617977528 218.13483146067392
575.6011235955057 212.38202247190986
576.6797752808989 237.19101123595482
564.0955056179776 243.3033707865166
524.5449438202247 249.0561797752806
515.1966292134832 249.0561797752806
491.82584269662925 251.5730337078649
481.03932584269666 246.53932584269637
461.98314606741576 245.82022471910085
454.4325842696629 252.29213483146037
446.52247191011236 259.84269662921326
455.87078651685397 263.7977528089885
461.26404494382024 271.70786516853906
464.14044943820227 283.2134831460671
475.64606741573033 268.4719101123593
481.03932584269666 269.91011235955034
495.42134831460675 264.516853932584
495.7808988764045 273.50561797752783
487.87078651685397 289.6853932584267
496.14044943820227 287.1685393258424
506.20786516853934 292.202247191011
469.1741573033708 297.2359550561795
515.1966292134832 283.9325842696627
507.2865168539326 277.4606741573031
522.7471910112359 264.1573033707863
523.8258426966293 295.07865168539297
524.9044943820224 281.0561797752806
542.5224719101124 252.29213483146037
540.0056179775281 268.83146067415703
554.3876404494382 276.38202247190986
566.6123595505618 286.80898876404467
571.2865168539325 296.1573033707863
570.2078651685392 263.43820224719076
587.8258426966293 276.38202247190986
586.3876404494382 248.33707865168515
592.8595505617977 259.1235955056177
589.9831460674156 286.0898876404492
573.443820224719 228.92134831460646
582.0730337078651 229.99999999999972
583.5112359550562 222.0898876404492
582.7921348314607 204.11235955056156
592.1404494382023 201.23595505617953
598.6123595505618 186.85393258426942
589.2640449438202 186.49438202247165
598.252808988764 169.95505617977503
598.252808988764 198.71910112359524
600.0505617977528 223.88764044943792
603.6460674157303 13.066011235955074
618.3876404494381 10.908707865168566
606.5224719101122 33.560393258426984
604.3651685393257 42.189606741573044
597.1741573033707 35.71769662921349
597.8932584269662 70.95365168539327
609.0393258426966 69.87500000000001
613.3539325842696 55.4929775280899
606.5224719101122 77.42556179775282
614.7921348314605 81.38061797752809
607.6011235955056 92.52668539325843
598.6123595505617 102.23455056179775
607.9606741573033 99.71769662921349
626.6573033707864 93.24578651685393
628.8146067415729 83.17837078651687
627.376404494382 71.67275280898878
629.5337078651685 66.63904494382024
629.8932584269662 57.29073033707866
630.9719101123595 42.549157303370805
629.1741573033707 30.683988764044955
631.3314606741573 20.25702247191012
645.7134831460673 16.661516853932596
654.3426966292134 14.86376404494382
648.949438202247 28.167134831460686
645.3539325842696 35.71769662921349
644.9943820224719 41.83005617977528
633.8483146067415 81.02106741573034
637.8033707865168 69.87500000000001
650.0280898876404 70.59410112359551
644.634831460674 74.90870786516855
641.3988764044943 81.02106741573034
643.9157303370786 84.97612359550563
651.4662921348314 95.0435393258427
649.6685393258426 90.00983146067416
634.2078651685392 99.35814606741572
636.005617977528 108.34691011235954
624.4999999999999 113.38061797752808
614.0730337078651 99.35814606741572
620.5449438202246 104.03230337078652
620.9044943820223 120.9311797752809
601.129213483146 130.6390449438202
611.5561797752808 135.67275280898875
629.5337078651685 129.91994382022472
636.3651685393257 123.44803370786515
626.6573033707864 147.89747191011236
610.1179775280898 143.94241573033707
610.8370786516853 163.71769662921346
603.2865168539325 161.2008426966292
607.6011235955056 153.6502808988764
651.8258426966291 148.9761235955056
655.4213483146067 137.83005617977528
661.1741573033707 101.15589887640449
640.320224719101 162.27949438202245
663.3314606741573 156.52668539325842
672.320224719101 150.7738764044944
660.0955056179774 147.5379213483146
676.634831460674 154.3693820224719
669.8033707865168 113.74016853932585
678.0730337078651 104.75140449438203
681.3089887640449 111.22331460674157
688.1404494382022 98.99859550561798
682.0280898876404 88.21207865168539
684.5449438202246 65.56039325842697
683.8258426966291 54.05477528089889
672.320224719101 60.52668539325844
664.0505617977527 62.324438202247194
655.4213483146067 65.56039325842697
650.3876404494381 58.00983146067417
652.9044943820223 78.50421348314607
663.691011235955 75.62780898876404
671.6011235955056 77.42556179775282
679.1516853932584 78.86376404494382
693.5337078651685 108.34691011235954
677.7134831460673 124.88623595505618
662.6123595505617 33.20084269662922
660.4550561797752 42.189606741573044
655.7808988764044 40.032303370786536
676.2752808988763 38.23455056179776
673.0393258426965 29.96488764044946
666.567415730337 19.178370786516865
677.7134831460673 11.627808988764059
675.1966292134831 20.61657303370788
692.814606741573 24.212078651685403
679.8707865168539 32.12219101123597
691.7359550561797 42.189606741573044
705.0393258426966 9.830056179775283
706.4775280898875 22.414325842696655
707.9157303370786 42.549157303370805
688.8595505617976 35.71769662921349
714.0280898876404 27.448033707865193
699.2865168539324 62.324438202247194
693.5337078651685 67.35814606741573
705.3988764044943 78.86376404494382
700.3651685393257 72.39185393258428
706.8370786516853 68.436797752809
718.7022471910111 42.189606741573044
724.814606741573 57.29073033707866
717.9831460674156 62.324438202247194
736.320224719101 9.11095505617979
724.814606741573 18.09971910112361
719.7808988764044 9.470505617977551
721.2191011235955 21.695224719101134
735.9606741573032 40.75140449438203
737.3988764044943 34.63904494382024
746.7471910112358 14.144662921348328
758.9719101123594 4.077247191011253
760.7696629213482 14.144662921348328
749.9831460674156 35.71769662921349
750.7022471910111 45.78511235955057
740.634831460674 56.2120786516854
732.3651685393257 68.07724719101124
740.9943820224718 68.07724719101124
746.7471910112358 71.31320224719101
786.2977528089887 9.470505617977551
799.9606741573032 15.223314606741582
814.7022471910111 8.391853932584297
790.6123595505617 32.48174157303373
801.3988764044943 39.672752808988776
799.2415730337077 52.97612359550563
787.0168539325841 48.661516853932596
790.9719101123594 45.78511235955057
775.511235955056 48.301966292134836
763.2865168539324 38.59410112359552
761.4887640449438 25.290730337078656
764.7247191011235 57.29073033707866
755.7359550561796 61.24578651685394
813.2640449438201 64.84129213483146
798.88202247191 70.59410112359551
786.2977528089887 74.90870786516855
791.6910112359549 71.31320224719101
782.3426966292134 81.38061797752809
767.2415730337077 74.90870786516855
777.3089887640449 72.39185393258428
773.7134831460673 87.4929775280899
751.7808988764043 90.00983146067416
742.7921348314605 96.12219101123596
737.0393258426966 90.72893258426967
719.7808988764044 86.41432584269661
719.0617977528088 81.02106741573034
709.7134831460673 86.41432584269661
726.9719101123594 78.14466292134831
727.6910112359549 86.05477528089888
748.5449438202246 84.25702247191012
730.2078651685392 104.39185393258425
715.1067415730336 106.18960674157303
710.7921348314605 99.71769662921349
707.9157303370786 93.60533707865169
694.9719101123594 85.69522471910113
719.0617977528088 114.09971910112358
713.6685393258426 119.85252808988764
704.6797752808989 124.16713483146066
707.196629213483 139.2682584269663
693.5337078651685 133.51544943820224
682.3876404494381 125.96488764044943
687.7808988764044 129.20084269662922
694.252808988764 155.44803370786516
698.567415730337 147.5379213483146
719.4213483146066 142.50421348314606
716.1853932584269 154.3693820224719
707.196629213483 157.2457865168539
709.7134831460673 166.23455056179773
724.0955056179774 135.31320224719101
723.3764044943819 122.72893258426967
711.511235955056 135.31320224719101
756.0955056179774 132.43679775280899
743.8707865168537 157.96488764044943
739.5561797752807 143.22331460674155
737.0393258426966 150.41432584269663
752.1404494382022 148.25702247191012
750.7022471910111 143.5828651685393
768.6797752808988 125.24578651685393
767.2415730337077 136.75140449438203
752.4999999999999 166.23455056179773
763.2865168539324 150.05477528089887
773.3539325842696 159.76264044943818
770.8370786516853 166.5941011235955
781.9831460674156 163.71769662921346
793.4887640449438 164.07724719101122
785.9382022471909 155.80758426966293
774.7921348314605 137.47050561797752
781.9831460674156 133.15589887640448
776.949438202247 120.9311797752809
759.6910112359549 121.65028089887637
755.7359550561796 102.23455056179775
761.4887640449438 95.76264044943821
755.3764044943819 81.38061797752809
772.634831460674 81.02106741573034
795.6460674157302 87.4929775280899
815.4213483146066 84.97612359550563
803.9157303370785 88.57162921348315
804.2752808988763 95.0435393258427
773.7134831460673 112.30196629213482
782.3426966292134 114.8188202247191
791.6910112359549 116.97612359550561
790.6123595505617 108.34691011235954
776.949438202247 98.27949438202246
777.6685393258426 105.83005617977528
771.9157303370785 103.313202247191
804.2752808988763 103.67275280898876
806.4325842696628 116.97612359550561
814.3426966292134 116.61657303370784
789.1741573033706 136.75140449438203
798.1629213483145 145.3806179775281
815.7808988764043 162.27949438202245
820.9044943820224 125.33567415730337
829.5337078651685 121.02106741573033
822.88202247191 90.27949438202248
837.8033707865168 92.79634831460675
832.4101123595505 93.69522471910113
824.6797752808988 103.94241573033707
840.4999999999999 102.3244382022472
843.196629213483 116.88623595505618
829.8932584269662 113.83005617977528
835.2865168539325 120.12219101123594
834.2078651685392 133.78511235955057
821.8033707865168 142.05477528089887
812.9943820224719 134.3244382022472
837.9831460674156 140.79634831460675
842.4775280898875 148.16713483146066
858.6573033707864 142.23455056179773
862.252808988764 150.86376404494382
863.5112359550561 133.24578651685394
856.4999999999999 121.56039325842696
852.5449438202246 110.23455056179776
858.4775280898875 90.27949438202248
866.567415730337 93.1558988764045
870.5224719101122 111.31320224719101
832.5898876404493 158.41432584269663
838.3426966292134 81.47050561797754
829.8033707865169 17.74016853932585
822.6123595505618 32.12219101123597
839.870786516854 37.15589887640451
841.6685393258427 26.72893258426967
860.7247191011236 11.98735955056182
885.1741573033707 23.13342696629215
873.6685393258427 42.189606741573044
853.8932584269663 36.796348314606746
855.6910112359551 55.4929775280899
842.7471910112359 58.00983146067417
824.0505617977528 67.35814606741573
854.2528089887641 68.436797752809
832.6797752808989 64.84129213483146
870.7921348314607 72.39185393258428
883.0168539325842 65.91994382022473
893.0842696629213 55.4929775280899
910.7022471910112 56.571629213483156
904.5898876404494 59.807584269662925
903.5112359550562 17.380617977528118
929.3988764044943 12.706460674157313
941.9831460674156 14.144662921348328
958.5224719101122 18.459269662921372
974.3426966292134 15.223314606741582
989.443820224719 10.549157303370805
1015.3314606741573 15.582865168539342
987.2865168539325 34.63904494382024
970.0280898876404 42.549157303370805
975.7808988764045 33.20084269662922
959.2415730337078 37.15589887640451
967.870786516854 31.76264044943821
947.7359550561798 34.998595505618
930.1179775280898 42.549157303370805
950.9719101123595 58.00983146067417
873.3089887640449 80.6615168539326
888.0505617977528 78.86376404494382
885.8932584269663 88.21207865168539
879.061797752809 85.69522471910113
894.8820224719101 81.74016853932585
915.3764044943821 81.74016853932585
918.252808988764 72.39185393258428
926.5224719101124 74.90870786516855
899.1966292134831 91.80758426966293
892.3651685393259 91.80758426966293
898.4775280898876 129.20084269662922
897.0393258426966 120.21207865168539
875.1067415730337 116.97612359550561
919.3314606741574 98.27949438202246
930.1179775280898 95.76264044943821
931.1966292134831 107.26825842696628
924.7247191011236 104.03230337078652
920.4101123595506 118.41432584269661
910.3426966292135 112.6615168539326
900.6348314606741 104.03230337078652
907.8258426966293 104.75140449438203
881.938202247191 117.69522471910113
873.6685393258427 150.41432584269663
892.3651685393259 145.3806179775281
883.0168539325842 150.41432584269663
915.3764044943821 145.02106741573033
910.7022471910112 146.45926966292134
918.9719101123595 153.29073033707866
921.129213483146 161.56039325842696
898.4775280898876 143.94241573033707
888.7696629213483 124.16713483146066
936.5898876404494 117.33567415730336
919.6910112359551 130.27949438202248
923.2865168539325 138.54915730337078
929.7584269662921 126.68398876404495
927.9606741573034 138.90870786516854
932.6348314606741 148.25702247191012
943.061797752809 155.80758426966293
944.8595505617977 109.06601123595506
953.4887640449438 90.72893258426967
953.8483146067415 74.18960674157304
945.9382022471909 82.45926966292136
942.7022471910112 70.95365168539327
933.3539325842696 78.14466292134831
935.5112359550562 81.38061797752809
936.2303370786517 90.72893258426967
978.6573033707864 56.2120786516854
988.3651685393259 46.14466292134833
1012.814606741573 42.189606741573044
969.3089887640449 72.39185393258428
964.9943820224719 66.63904494382024
991.9606741573034 60.8862359550562
990.5224719101122 68.79634831460675
997.3539325842696 67.35814606741573
990.8820224719101 65.56039325842697
1006.7022471910111 67.35814606741573
1018.9269662921348 68.79634831460675
998.0730337078651 73.83005617977528
994.4775280898875 90.00983146067416
1000.9494382022472 86.05477528089888
1014.6123595505617 85.69522471910113
1008.1404494382023 86.41432584269661
1008.1404494382023 77.42556179775282
1002.3876404494381 77.42556179775282
985.8483146067415 81.38061797752809
983.691011235955 75.9873595505618
978.2977528089887 72.39185393258428
968.9494382022472 83.17837078651687
955.2865168539325 80.6615168539326
962.8370786516854 74.90870786516855
955.6460674157303 109.42556179775279
971.8258426966293 92.52668539325843
979.7359550561797 82.45926966292136
982.6123595505617 91.08848314606742
984.7696629213483 99.35814606741572
993.0393258426966 106.54915730337079
978.6573033707864 107.62780898876404
964.6348314606741 114.45926966292133
981.5337078651685 114.09971910112358
982.9719101123595 123.44803370786515
971.4662921348314 126.68398876404495
971.4662921348314 120.9311797752809
961.7584269662921 124.88623595505618
957.0842696629213 125.96488764044943
948.0955056179776 137.83005617977528
951.3314606741573 150.41432584269663
963.5561797752808 135.67275280898875
976.1404494382023 141.78511235955057
979.0168539325842 132.79634831460675
978.2977528089887 155.44803370786516
992.3202247191011 155.44803370786516
1006.3426966292134 156.52668539325842
998.7921348314605 133.875
993.0393258426966 117.69522471910113
1000.9494382022472 116.97612359550561
1007.061797752809 111.94241573033707
1015.3314606741573 120.21207865168539
1022.1629213483145 106.18960674157303
1017.129213483146 108.34691011235954
1015.691011235955 103.313202247191
998.7921348314605 96.12219101123596
995.9157303370787 146.8188202247191
1016.0505617977528 162.99859550561797
958.7921348314607 137.91994382022472
959.3314606741574 146.54915730337078
963.2865168539327 152.4817415730337
943.870786516854 131.62780898876406
933.8033707865169 164.52668539325842
928.5898876404494 173.51544943820224
940.0955056179776 171.17837078651684
966.5224719101124 168.6615168539326
956.0955056179776 169.91994382022472
976.5898876404494 172.61657303370785
998.3426966292135 173.15589887640448
965.623595505618 165.2457865168539
1006.3426966292134 131.87921348314603
1007.4213483146067 138.35112359550558
1011.376404494382 183.2949438202247
985.8483146067415 178.6207865168539
967.5112359550561 181.13764044943815
964.9943820224719 175.74438202247188
970.0280898876404 172.50842696629212
941.2640449438202 189.40730337078648
934.0730337078651 185.81179775280896
913.9382022471909 181.13764044943815
910.3426966292135 164.95786516853929
901.7134831460673 173.58707865168537
883.0168539325842 166.03651685393254
863.6011235955056 166.3960674157303
843.4662921348314 169.99157303370782
836.6348314606741 168.91292134831457
822.9719101123595 157.40730337078648
816.1404494382023 153.81179775280896
811.8258426966293 145.54213483146066
621.6235955056179 222.44943820224694
607.9606741573033 210.22471910112336
615.8707865168539 209.1460674157301
627.7359550561797 211.66292134831437
608.6797752808989 218.85393258426942
605.443820224719 232.87640449438177
602.2078651685392 242.22471910112336
610.1179775280898 249.4157303370784
619.1067415730337 243.3033707865166
619.4662921348314 232.15730337078628
645.3539325842696 226.40449438202222
641.3988764044943 210.58426966292112
667.6460674157303 214.53932584269637
674.8370786516854 214.17977528089864
662.6123595505618 210.58426966292112
657.5786516853932 231.79775280898852
669.8033707865168 227.12359550561774
664.4101123595505 223.16853932584246
651.8258426966291 228.202247191011
637.8033707865168 244.38202247190986
627.376404494382 262.71910112359524
608.3202247191011 265.59550561797727
605.8033707865168 280.33707865168515
597.8932584269662 294.71910112359524
623.061797752809 287.16853932584246
618.3876404494381 283.9325842696627
639.6011235955056 269.55056179775255
633.129213483146 273.50561797752783
662.6123595505618 240.78651685393234
670.5224719101122 242.94382022471885
684.9044943820224 218.85393258426942
692.814606741573 230.3595505617975
689.2191011235955 246.53932584269637
693.1741573033707 258.76404494381995
682.0280898876404 263.43820224719076
670.5224719101122 273.8651685393256
661.5337078651685 265.95505617977506
637.0842696629213 298.3146067415728
628.814606741573 291.4831460674155
646.4325842696628 300.83146067415703
658.2977528089887 300.83146067415703
650.0280898876404 312.33707865168515
641.7584269662921 325.640449438202
615.1516853932584 331.39325842696604
628.814606741573 326.3595505617975
612.9943820224719 304.06741573033685
622.3426966292134 342.53932584269637
606.8820224719101 343.9775280898874
620.9044943820224 357.640449438202
657.5786516853932 354.76404494381995
639.2415730337078 352.60674157303345
655.4213483146067 342.17977528089864
662.9719101123595 325.640449438202
681.6685393258426 325.640449438202
683.8258426966291 313.77528089887613
686.3426966292134 295.7977528089885
698.9269662921348 308.7415730337076
705.0393258426966 232.87640449438177
702.8820224719101 221.73033707865144
700.3651685393257 213.82022471910088
710.7921348314607 207.34831460674133
723.0168539325841 212.38202247190986
735.9606741573033 215.61797752808965
741.7134831460673 226.40449438202222
729.4887640449438 236.83146067415706
727.691011235955 229.640449438202
712.9494382022472 232.15730337078628
707.5561797752808 241.50561797752783
710.7921348314607 274.5842696629211
710.0730337078651 292.92134831460646
718.7022471910111 301.55056179775255
734.1629213483145 265.59550561797727
731.2865168539325 253.01123595505592
750.3426966292134 282.1348314606739
737.0393258426966 281.0561797752806
736.6797752808989 305.50561797752783
720.1404494382022 283.2134831460672
736.3202247191011 295.43820224719076
752.5 317.3707865168537
708.634831460674 341.1011235955053
688.4999999999999 357.640449438202
682.3876404494381 373.46067415730306
688.4999999999999 373.46067415730306
716.5449438202247 371.30337078651655
728.4101123595506 370.22471910112336
743.8707865168539 352.60674157303345
755.7359550561797 335.34831460674127
767.9606741573033 330.6741573033705
771.196629213483 360.1573033707863
752.8595505617977 373.1011235955053
792.4101123595505 332.4719101123593
782.7022471910111 335.34831460674127
784.4999999999999 316.65168539325816
784.8595505617977 294.71910112359524
791.3314606741571 284.65168539325816
785.5786516853932 253.37078651685368
788.4550561797752 224.60674157303345
792.7696629213483 232.87640449438177
775.511235955056 244.38202247190986
770.4775280898875 255.16853932584246
764.005617977528 265.23595505617953
744.2303370786516 240.42696629213458
753.2191011235955 233.95505617977503
768.6797752808989 221.73033707865144
780.5449438202246 216.33707865168515
789.1741573033707 212.02247191011213
750.3426966292134 207.34831460674133
761.129213483146 243.3033707865166
766.1629213483145 247.9775280898874
749.6235955056179 241.8651685393256
748.1853932584269 268.83146067415703
775.8707865168539 269.55056179775255
808.5898876404493 259.4831460674155
801.0393258426966 268.4719101123593
836.2752808988763 249.77528089887616
819.0168539325841 278.8988764044941
813.9831460674156 269.55056179775255
832.6797752808988 290.4044943820222
835.196629213483 308.7415730337076
819.7359550561796 301.55056179775255
815.0617977528088 310.53932584269637
806.7921348314605 303.3483146067413
809.3089887640449 291.4831460674155
808.9494382022472 323.8426966292132
798.1629213483145 313.77528089887613
785.5786516853932 337.50561797752783
831.9606741573033 365.19101123595476
784.4999999999999 355.8426966292132
619.1067415730337 180.02247191011213
628.4550561797752 181.8202247191009
622.3426966292134 174.2696629213481
630.9719101123595 173.19101123595485
637.8033707865168 169.95505617977506
649.6685393258426 158.08988764044923
656.1404494382022 176.78651685393237
661.1741573033707 179.30337078651664
656.1404494382022 189.37078651685374
642.4775280898875 186.13483146067395
636.3651685393257 190.449438202247
637.0842696629213 182.53932584269643
639.6011235955056 201.95505617977506
684.9044943820224 181.8202247191009
674.8370786516853 181.8202247191009
671.2415730337077 198.7191011235953
673.7584269662921 190.0898876404492
681.3089887640449 203.0337078651683
700.7247191011236 200.8764044943818
702.1629213483145 193.325842696629
697.8483146067415 181.8202247191009
707.9157303370786 184.3370786516852
713.6685393258426 172.47191011235935
720.4999999999999 175.70786516853912
724.4550561797752 190.0898876404492
717.6235955056179 186.85393258426944
731.2865168539324 184.3370786516852
735.9606741573033 185.05617977528067
734.88202247191 176.78651685393237
746.3876404494381 173.5505617977526
757.8932584269662 177.5056179775279
765.8033707865168 181.8202247191009
761.8483146067415 189.37078651685374
767.9606741573033 197.99999999999977
776.9494382022472 198.7191011235953
793.129213483146 187.57303370786497
751.4213483146066 193.325842696629
653.9831460674156 210.22471910112336
738.8370786516853 201.95505617977506
759.6910112359549 217.7752808988762
842.3876404494382 196.92134831460655
821.1741573033707 184.3370786516852
813.2640449438202 179.30337078651667
802.4775280898876 196.56179775280881
811.8258426966293 193.32584269662902
810.0280898876405 209.86516853932565
818.6573033707865 209.86516853932565
815.4213483146067 221.37078651685374
847.7808988764045 230.35955056179756
850.2977528089888 217.41573033707846
859.2865168539325 213.82022471910093
858.9269662921348 204.8314606741571
862.1629213483146 197.2808988764043
858.9269662921348 193.32584269662902
859.2865168539325 183.97752808988747
850.2977528089888 183.6179775280897
859.6460674157304 176.7865168539324
877.2640449438202 190.08988764044926
889.4887640449438 190.80898876404476
885.1741573033707 205.91011235955037
876.185393258427 207.34831460674138
872.5898876404494 220.65168539325822
885.1741573033707 233.2359550561796
878.7022471910112 223.887640449438
889.129213483146 224.6067415730335
866.4775280898876 234.67415730337058
867.5561797752808 227.1235955056178
856.4101123595506 252.2921348314605
862.1629213483146 249.05617977528073
870.7921348314607 250.13483146067398
850.6573033707865 280.69662921348294
848.8595505617977 300.11235955056156
880.8595505617977 277.4606741573032
881.5786516853932 259.84269662921326
881.938202247191 248.3370786516852
898.8370786516854 221.37078651685374
903.5112359550562 226.40449438202228
909.6235955056179 219.21348314606723
898.1179775280898 232.15730337078634
922.5674157303371 249.05617977528073
918.9719101123595 241.5056179775279
926.1629213483145 229.99999999999983
897.3988764044943 272.78651685393237
900.9943820224719 287.52808988764025
884.0955056179776 300.83146067415714
905.3089887640449 300.11235955056156
910.7022471910112 282.8539325842695
920.4101123595506 279.9775280898874
940.5449438202247 275.30337078651667
949.8932584269662 280.69662921348294
946.2977528089887 293.9999999999998
927.2415730337078 302.62921348314586
915.0168539325842 318.0898876404492
902.0730337078651 319.52808988764025
891.2865168539325 327.4382022471908
933.7134831460673 325.64044943820204
953.8483146067415 309.4606741573032
940.185393258427 310.8988764044942
910.7022471910112 308.02247191011213
962.8370786516854 277.4606741573032
961.0393258426966 262.35955056179756
946.6573033707865 252.2921348314605
950.6123595505617 238.26966292134813
938.3876404494382 226.40449438202228
932.6348314606741 206.26966292134813
923.6460674157304 202.6741573033706
909.6235955056179 196.92134831460655
901.3539325842696 199.07865168539308
964.9943820224719 203.3932584269661
952.7696629213483 186.4943820224717
948.4550561797753 181.10112359550544
978.6573033707864 202.31460674157285
990.8820224719101 197.2808988764043
989.8033707865168 207.34831460674138
980.0955056179776 214.1797752808987
972.185393258427 216.3370786516852
951.6910112359551 219.93258426966273
947.7359550561798 212.74157303370768
941.2640449438202 205.19101123595487
961.7584269662921 232.15730337078634
977.2191011235955 232.51685393258407
999.870786516854 222.08988764044926
1013.8932584269662 205.19101123595487
1011.376404494382 228.20224719101105
1005.2640449438202 221.37078651685374
1011.7359550561797 250.4943820224717
1003.1067415730337 245.82022471910093
1014.252808988764 236.47191011235935
983.691011235955 244.74157303370765
985.4887640449438 257.325842696629
977.2191011235955 278.5393258426964
989.0842696629213 276.74157303370765
995.9157303370787 268.1123595505616
1008.1404494382023 278.1797752808987
1018.2078651685392 285.011235955056
1000.9494382022472 295.79775280898855
991.2415730337078 287.887640449438
983.3314606741573 289.325842696629
990.8820224719101 313.0561797752807
966.4325842696628 307.30337078651667
960.6797752808989 298.31460674157285
922.2078651685392 307.6629213483144
922.9269662921348 323.48314606741553
927.6011235955057 335.7078651685391
962.1179775280898 327.4382022471908
946.2977528089887 330.6741573033706
976.8595505617977 306.58426966292114
1017.4887640449438 319.887640449438
1010.2977528089887 315.21348314606723
974.7022471910111 324.202247191011
965.7134831460673 256.6067415730335
6.612359550561791 354.5842696629212
19.556179775280896 354.5842696629212
49.75842696629212 364.6516853932583
44.72471910112358 351.70786516853923
25.308988764044926 374.71910112359535
42.567415730337075 394.8539325842695
25.308988764044926 407.07865168539314
4.4550561797752835 407.07865168539314
28.185393258426956 391.9775280898875
56.949438202247194 381.19101123595493
68.45505617977528 369.68539325842687
82.83707865168537 362.49438202247177
103.69101123595502 361.7752808988763
111.60112359550558 343.79775280898866
114.47752808988761 351.70786516853923
122.38764044943818 362.49438202247177
155.46629213483143 357.4606741573033
138.92696629213484 374.71910112359535
98.65730337078648 373.28089887640436
61.98314606741573 406.3595505617976
45.443820224719104 421.4606741573033
10.207865168539314 430.0898876404493
9.48876404494382 458.13483146067404
77.80337078651684 402.0449438202246
90.02808988764045 396.29213483146054
101.53370786516851 397.01123595505607
116.63483146067412 396.29213483146054
134.61235955056176 394.8539325842695
148.2752808988764 396.29213483146054
147.55617977528087 381.91011235955045
169.84831460674158 386.22471910112347
166.25280898876403 401.3258426966291
180.63483146067412 364.6516853932583
196.45505617977526 373.28089887640436
207.96067415730337 356.7415730337077
223.7808988764045 359.6179775280898
222.34269662921346 334.44943820224705
254.7022471910112 335.1685393258426
269.0842696629213 346.67415730337063
283.4662921348314 338.7640449438201
301.44382022471905 336.60674157303356
307.1966292134831 324.38202247191
320.85955056179773 334.44943820224705
359.6910112359551 334.44943820224705
343.87078651685397 336.60674157303356
336.67977528089887 356.7415730337077
312.94943820224717 354.5842696629212
299.28651685393254 351.70786516853923
287.7808988764044 369.68539325842687
287.06179775280896 355.3033707865167
264.05056179775283 366.0898876404493
218.7471910112359 374.71910112359535
199.33146067415728 389.820224719101
161.93820224719101 420.02247191011224
104.41011235955054 416.4269662921347
123.1067415730337 430.0898876404493
150.4325842696629 432.2471910112358
92.90449438202248 425.0561797752808
74.92696629213481 430.0898876404493
51.91573033707863 436.56179775280884
49.03932584269663 464.60674157303356
192.85955056179776 414.9887640449437
210.8370786516854 401.3258426966291
224.49999999999997 418.5842696629212
211.55617977528087 436.56179775280884
220.90449438202248 433.68539325842687
170.56741573033705 447.3483146067414
183.51123595505615 432.9662921348313
123.82584269662922 448.06741573033696
107.28651685393257 432.2471910112358
103.69101123595502 441.59550561797744
79.96067415730337 441.59550561797744
66.29775280898875 446.6292134831459
69.89325842696627 471.79775280898866
95.06179775280899 456.696629213483
110.88202247191012 459.5730337078651
92.18539325842696 483.30337078651667
102.25280898876403 471.79775280898866
123.82584269662922 464.60674157303356
156.18539325842696 464.60674157303356
146.11797752808988 482.5842696629212
187.82584269662922 472.5168539325841
172.0056179775281 468.9213483146066
218.02808988764045 464.60674157303356
203.6460674157303 458.8539325842695
228.09550561797752 448.06741573033696
212.2752808988764 484.7415730337077
198.61235955056176 491.9325842696628
180.63483146067412 505.5955056179773
151.87078651685394 510.6292134831459
116.63483146067412 498.40449438202234
83.5561797752809 514.943820224719
27.466292134831463 498.40449438202234
19.556179775280896 473.95505617977517
5.89325842696627 479.70786516853923
12.365168539325822 515.6629213483145
35.376404494382 535.7977528089887
26.74719101123594 576.067415730337
118.79213483146069 550.8988764044943
159.7808988764045 545.8651685393257
207.96067415730337 525.7303370786516
249.66853932584266 533.640449438202
257.5786516853932 494.8089887640448
241.7584269662921 471.79775280898866
257.5786516853932 470.3595505617976
264.05056179775283 450.22471910112347
253.2640449438202 436.56179775280884
259.7359550561797 422.17977528089875
249.66853932584266 406.3595505617976
241.03932584269663 393.41573033707857
261.17415730337075 381.91011235955045
265.48876404494376 404.92134831460663
274.1179775280899 428.6516853932583
284.185393258427 433.68539325842687
293.5337078651685 426.49438202247177
297.8483146067416 402.0449438202246
315.1067415730337 393.41573033707857
302.1629213483146 391.258426966292
312.94943820224717 371.12359550561786
327.33146067415726 376.87640449438186
337.39887640449433 368.2471910112358
343.87078651685397 379.75280898876395
328.7696629213483 391.258426966292
336.67977528089887 418.5842696629212
336.67977528089887 406.3595505617976
318.7022471910112 411.39325842696616
323.7359550561797 425.0561797752808
295.691011235955 440.1573033707864
282.74719101123594 461.7303370786516
310.0730337078652 466.76404494382007
320.85955056179773 475.3932584269661
294.9719101123595 508.4719101123594
279.87078651685397 498.40449438202234
279.1516853932584 481.86516853932574
215.15168539325842 509.91011235955045
203.6460674157303 558.8089887640449
213.71348314606738 538.6741573033706
136.0505617977528 591.1685393258426
56.949438202247194 515.6629213483145
310.79213483146066 443.75280898876395
330.20786516853934 453.10112359550544
366.8820224719101 414.9887640449437
362.5674157303371 381.19101123595493
359.6910112359551 369.68539325842687
366.8820224719101 366.0898876404493
386.2977528089888 381.19101123595493
381.2640449438202 371.8426966292134
381.2640449438202 341.64044943820215
387.7359550561798 324.38202247191
401.39887640449444 338.7640449438201
417.21910112359546 344.5168539325841
426.5674157303371 332.29213483146054
465.39887640449444 309.9999999999999
473.3089887640449 317.19101123595493
462.52247191011236 328.696629213483
497.7584269662922 320.06741573033696
509.98314606741576 315.0337078651684
488.41011235955057 338.7640449438201
501.3539325842696 339.4831460674156
448.14044943820227 354.5842696629212
456.05056179775283 339.4831460674156
448.85955056179773 341.64044943820215
436.63483146067415 341.64044943820215
451.7359550561798 325.1011235955055
492.7247191011236 358.17977528089875
453.17415730337075 381.19101123595493
433.7584269662922 391.9775280898875
422.25280898876406 391.258426966292
415.06179775280896 368.2471910112358
404.9943820224719 361.7752808988763
396.36516853932585 391.258426966292
404.9943820224719 420.02247191011224
389.17415730337075 406.3595505617976
442.3876404494382 412.83146067415714
428.0056179775281 417.1460674157302
464.67977528089887 414.9887640449437
502.79213483146066 393.41573033707857
502.79213483146066 373.28089887640436
494.1629213483146 384.7865168539324
475.4662921348315 386.943820224719
461.8033707865169 359.6179775280898
507.1067415730337 414.9887640449437
486.25280898876406 413.5505617977527
479.78089887640454 432.2471910112358
453.8932584269663 445.1910112359549
446.7022471910112 456.696629213483
421.5337078651686 455.25842696629195
423.6910112359551 430.0898876404493
410.74719101123594 440.1573033707864
380.5449438202247 435.1235955056178
391.33146067415726 443.03370786516837
379.1067415730337 494.0898876404493
318.7022471910112 507.03370786516837
406.4325842696629 481.86516853932574
448.14044943820227 473.95505617977517
344.58988764044943 507.03370786516837
488.41011235955057 455.25842696629195
491.28651685393254 442.3146067415729
474.0280898876405 464.60674157303356
506.3876404494382 448.7865168539324
494.8820224719101 430.0898876404493
420.09550561797755 525.011235955056
359.6910112359551 532.9213483146066
356.814606741573 571.0337078651685
317.2640449438202 586.8539325842696
310.79213483146066 542.9887640449438
284.185393258427 576.067415730337
248.9494382022472 577.5056179775279
206.52247191011233 591.1685393258426
58.38764044943818 558.0898876404493
423.6910112359551 560.2471910112358
458.20786516853934 535.7977528089887
32.859550561797676 621.7303370786515
76.005617977528 621.7303370786515
54.43258426966287 673.5056179775279
76.005617977528 588.6516853932583
235.64606741573033 627.4831460674155
211.19662921348305 670.6292134831459
278.7921348314606 610.2247191011235
344.9494382022471 643.3033707865167
406.7921348314606 600.1573033707864
411.10674157303373 620.2921348314605
432.6797752808988 673.5056179775279
513.2191011235955 637.5505617977526
570.747191011236 613.1011235955054
613.8932584269662 650.4943820224718
494.5224719101123 591.5280898876402
518.9719101123596 541.1910112359549
523.2865168539327 498.0449438202245
516.0955056179776 466.4044943820223
526.1629213483145 434.76404494382
517.5337078651685 418.9438202247189
517.5337078651685 388.74157303370765
531.9157303370787 371.4831460674155
518.9719101123596 361.41573033707846
517.5337078651685 328.3370786516852
546.2977528089887 311.0786516853931
536.2303370786517 301.01123595505595
556.3651685393259 308.20224719101105
569.6685393258426 304.2471910112357
582.6123595505617 324.38202247190986
572.5449438202246 327.97752808988736
556.7247191011235 330.13483146067387
547.376404494382 326.53932584269637
538.7471910112358 333.0112359550559
548.0955056179774 349.5505617977525
531.5561797752808 349.5505617977525
566.7921348314605 353.14606741573004
586.2078651685392 343.07865168539297
586.2078651685392 363.2134831460671
553.8483146067415 393.41573033707834
545.9382022471909 379.03370786516825
559.6011235955056 379.03370786516825
558.88202247191 413.5505617977525
543.0617977528088 443.7528089887638
552.4101123595505 450.2247191011233
582.6123595505617 440.87640449438175
558.88202247191 477.5505617977525
602.7471910112358 472.516853932584
606.3426966292134 445.19101123595476
596.9943820224718 427.2134831460671
592.6797752808988 413.5505617977525
586.9269662921347 406.3595505617975
576.8595505617976 402.04494382022443
586.9269662921347 389.82022471910085
608.4999999999999 399.1685393258424
615.691011235955 409.955056179775
613.5337078651685 429.3707865168536
632.2303370786516 414.2696629213481
630.0730337078651 381.9101123595503
644.4550561797752 388.38202247190986
657.3988764044943 408.516853932584
647.3314606741573 416.4269662921346
637.9831460674156 436.56179775280873
625.7584269662921 439.4382022471907
630.0730337078651 462.4494382022469
643.0168539325841 474.6741573033705
653.8033707865168 451.66292134831434
627.196629213483 488.33707865168503
630.7921348314605 507.03370786516825
663.1516853932583 484.022471910112
658.8370786516853 517.8202247191009
575.4213483146067 522.8539325842694
581.8932584269662 539.393258426966
550.252808988764 531.4831460674154
676.0955056179774 452.3820224719098
676.814606741573 469.6404494382019
685.443820224719 431.5280898876402
678.9719101123595 419.30337078651655
663.1516853932583 419.30337078651655
676.0955056179774 404.20224719101094
696.9494382022472 390.53932584269637
707.7359550561797 399.1685393258424
704.8595505617977 418.5842696629211
682.567415730337 394.8539325842694
725.7134831460673 428.65168539325816
739.376404494382 423.61797752808957
744.4101123595505 399.1685393258424
765.9831460674156 405.6404494382019
781.0842696629213 411.393258426966
791.1516853932584 388.38202247190986
806.9719101123595 383.34831460674127
804.0955056179774 420.0224719101121
794.0280898876404 438.71910112359524
753.7584269662921 448.7865168539323
772.4550561797752 439.4382022471907
772.4550561797752 465.3258426966289
809.129213483146 466.76404494381995
699.1067415730337 535.078651685393
691.9157303370786 522.8539325842694
727.8707865168539 507.7528089887637
758.7921348314605 528.6067415730334
740.814606741573 538.6741573033705
791.1516853932584 531.4831460674154
808.4101123595505 522.8539325842694
795.4662921348314 504.15730337078617
780.3651685393257 512.7865168539323
815.6011235955056 492.65168539325816
794.7471910112358 488.33707865168503
801.2191011235955 475.393258426966
765.2640449438202 386.9438202247188
821.3539325842696 370.4044943820222
710.6123595505617 458.8539325842694
586.2078651685392 453.82022471910085
602.7471910112358 515.6629213483143
691.9157303370786 443.7528089887638
723.5561797752808 446.6292134831458
772.4550561797752 498.4044943820221
648.4101123595506 590.0898876404493
602.3876404494381 569.9550561797752
559.2415730337079 561.325842696629
700.185393258427 590.0898876404493
694.4325842696628 656.2471910112358
744.7696629213483 572.8314606741571
757.7134831460673 555.573033707865
815.2415730337079 626.0449438202246
887.1516853932585 637.5505617977526
874.2078651685392 611.6629213483144
867.0168539325844 575.7078651685391
864.1404494382023 508.1123595505617
836.814606741573 559.887640449438
868.4550561797753 469.2808988764043
835.3764044943821 485.10112359550544
921.6685393258426 522.4943820224718
944.6797752808989 554.134831460674
1000.7696629213483 601.5955056179773
1009.3988764044943 654.8089887640448
995.0168539325844 551.258426966292
984.9494382022472 532.5617977528088
999.3314606741574 509.5505617977526
957.6235955056179 508.1123595505617
918.7921348314605 487.97752808988736
902.9719101123596 475.0337078651683
894.3426966292134 441.95505617977506
1013.7134831460673 569.9550561797752
849.7584269662921 424.69662921348294
833.9382022471909 456.33707865168526
843.6460674157303 337.3258426966289
859.4662921348315 344.516853932584
879.6011235955057 352.4269662921345
895.4213483146068 340.92134831460646
904.0505617977528 342.35955056179745
925.623595505618 350.98876404494354
925.623595505618 343.07865168539297
942.8820224719101 353.8651685393255
975.2415730337078 356.0224719101121
974.5224719101124 343.07865168539297
990.3426966292135 356.0224719101121
1014.7921348314607 340.92134831460646
1015.5112359550562 358.8988764044941
1018.3876404494382 368.9662921348312
1007.6011235955057 381.19101123595476
1017.6685393258427 381.19101123595476
990.3426966292135 391.25842696629184
981.7134831460675 398.4494382022469
994.6573033707865 407.79775280898843
997.5337078651686 419.30337078651655
1017.6685393258427 427.9325842696626
1001.8483146067416 436.5617977528087
992.5 454.5393258426963
1008.3202247191011 486.8988764044941
982.4325842696629 496.2471910112356
977.3988764044944 466.04494382022443
948.6348314606741 464.6067415730334
954.3876404494382 449.5056179775278
953.6685393258427 435.8426966292132
971.6460674157304 437.9999999999997
970.9269662921348 424.3370786516851
949.3539325842696 423.61797752808957
952.9494382022472 413.5505617977525
938.5674157303371 381.19101123595476
925.623595505618 372.56179775280873
914.1179775280899 368.9662921348312
914.8370786516854 392.6966292134829
915.556179775281 407.79775280898843
922.7471910112359 426.4943820224716
903.3314606741573 421.46067415730306
883.9157303370787 394.8539325842694
875.2865168539325 373.99999999999966
862.3426966292135 371.1235955056177
860.9044943820224 354.5842696629211
848.6797752808989 366.08988764044915
846.5224719101124 469.6404494382019
879.6011235955057 439.4382022471907
916.2752808988764 455.97752808988736
991.061797752809 367.52808988764014
892.5449438202247 511.34831460674127
884.6348314606741 527.1685393258424
839.3314606741573 512.7865168539322
885.3539325842697 502.7191011235951
852.1283716283717 664.2377622377622
898.1623376623377 670.3756243756244
752.8996003996003 667.3066933066933
955.4490509490511 664.2377622377622
