97.04545454545456 603.5340909090909
42.636363636363626 563.375
69.84090909090907 461.0340909090908
235.65909090909093 521.9204545454545
274.5227272727273 692.9204545454545
264.15909090909093 779.7159090909091
374.2727272727272 726.6022727272727
446.8181818181818 624.2613636363636
392.40909090909093 527.1022727272727
394.99999999999994 467.5113636363636
345.7727272727273 401.4431818181818
253.79545454545456 388.4886363636364
198.09090909090907 322.42045454545456
80.20454545454544 291.32954545454544
27.090909090909065 350.92045454545456
40.04545454545456 415.6931818181818
543.9772727272727 562.0795454545455
483.09090909090907 503.7840909090909
600.9772727272727 431.2386363636364
642.4318181818182 433.8295454545454
682.590909090909 492.125
702.0227272727273 571.1477272727273
660.5681818181818 705.875
955.9318181818182 743.4431818181818
976.659090909091 635.9204545454545
634.659090909091 567.2613636363636
854.8863636363637 575.0340909090909
1012.9318181818182 549.125
967.590909090909 458.4431818181818
892.4545454545455 479.17045454545456
786.2272727272727 594.4659090909091
777.159090909091 362.57954545454544
830.2727272727273 344.4431818181818
703.3181818181818 389.78409090909093
997.3863636363637 426.05681818181813
1012.9318181818182 353.5113636363636
994.7954545454545 322.42045454545456
1015.5227272727273 273.19318181818176
1009.0454545454545 137.1704545454545
961.1136363636365 203.2386363636364
958.5227272727273 163.0795454545455
908.0 196.76136363636363
876.909090909091 213.60227272727275
932.6136363636365 248.5795454545455
901.5227272727273 262.8295454545455
893.75 317.2386363636364
861.3636363636365 264.125
778.4545454545455 207.12500000000003
834.159090909091 166.96590909090912
806.9545454545455 291.32954545454544
712.3863636363637 302.9886363636364
687.7727272727273 253.76136363636363
703.3181818181818 222.67045454545453
656.6818181818182 261.534090909091
632.0681818181818 221.375
639.840909090909 181.21590909090912
722.75 151.4204545454545
755.1363636363637 151.4204545454545
676.1136363636365 182.51136363636363
607.4545454545455 248.5795454545455
613.9318181818182 277.0795454545455
578.9545454545455 270.60227272727275
543.9772727272727 335.375
551.75 299.10227272727275
490.8636363636363 308.17045454545456
394.99999999999994 322.42045454545456
441.63636363636357 299.10227272727275
295.24999999999994 293.92045454545456
317.2727272727273 277.0795454545455
225.29545454545456 295.21590909090907
159.2272727272727 269.30681818181824
5.068181818181813 252.46590909090904
230.4772727272727 235.625
221.40909090909093 194.1704545454545
169.59090909090907 212.30681818181824
308.20454545454544 182.51136363636363
369.09090909090907 181.21590909090912
446.8181818181818 231.73863636363637
505.1136363636363 243.39772727272725
502.5227272727272 181.21590909090912
468.84090909090907 194.1704545454545
1014.2272727272727 209.71590909090912
461.0681818181818 134.5795454545455
385.9318181818182 195.46590909090912
236.95454545454544 99.60227272727275
211.04545454545456 64.625
173.4772727272727 72.39772727272725
157.9318181818182 52.96590909090912
130.7272727272727 55.55681818181824
94.45454545454544 107.375
18.022727272727252 82.76136363636363
65.95454545454544 196.76136363636363
109.99999999999994 194.1704545454545
82.79545454545456 137.1704545454545
106.11363636363632 155.30681818181824
143.6818181818182 117.73863636363636
168.29545454545456 143.64772727272725
186.4318181818182 157.89772727272725
147.5681818181818 10.215909090909122
122.95454545454544 21.875
84.09090909090907 5.034090909090878
29.681818181818187 3.7386363636363735
46.52272727272725 76.28409090909088
3.772727272727252 43.89772727272725
308.20454545454544 49.079545454545496
275.8181818181818 43.89772727272725
247.3181818181818 34.829545454545496
370.38636363636357 103.48863636363637
423.49999999999994 176.03409090909088
398.88636363636357 151.4204545454545
532.3181818181818 63.32954545454549
476.6136363636363 90.53409090909088
598.3863636363637 86.64772727272725
594.5 52.96590909090912
961.1136363636365 50.375
940.3863636363637 3.7386363636363735
485.6818181818182 5.034090909090878
461.0681818181818 16.69318181818187
417.0227272727272 59.44318181818186
393.70454545454544 82.76136363636363
527.1363636363635 98.30681818181824
356.13636363636357 49.079545454545496
380.74999999999994 41.306818181818244
282.29545454545456 16.69318181818187
249.90909090909093 21.875
213.63636363636357 7.625
181.24999999999994 12.806818181818244
349.65909090909093 12.806818181818244
440.34090909090907 94.4204545454545
569.8863636363637 67.21590909090912
568.590909090909 36.125
541.3863636363635 28.352272727272748
974.0681818181818 264.125
426.09090909090907 749.9204545454545
348.3636363636363 786.1931818181818
280.99999999999994 191.5795454545455
