82.88148148148139 617.1833333333334
138.37037037037035 619.7055555555556
88.76666666666667 552.4462962962963
54.296296296296255 501.16111111111115
85.4037037037037 488.55000000000007
5.533333333333304 484.34629629629626
118.19259259259259 506.2055555555555
180.40740740740742 536.4722222222223
235.8962962962963 575.9870370370371
314.08518518518525 600.3685185185185
387.22962962962964 631.4759259259259
442.7185185185186 606.2537037037038
498.2074074074074 645.7685185185186
565.4666666666668 570.9425925925926
602.4592592592594 539.8351851851852
652.0629629629631 639.8833333333334
636.9296296296297 591.9611111111111
697.462962962963 508.72777777777776
678.125925925926 471.7351851851852
605.8222222222223 485.18703703703704
779.0148148148149 541.5166666666667
759.6777777777779 602.8907407407407
805.9185185185187 649.9722222222223
871.4962962962965 573.4648148148149
878.2222222222223 507.0462962962963
787.4222222222223 465.00925925925924
778.1740740740742 507.8870370370371
813.4851851851853 356.55370370370366
895.0370370370371 385.13888888888886
894.1962962962965 342.2611111111111
871.4962962962965 327.1277777777778
880.7444444444446 302.7462962962963
826.0962962962964 319.5611111111111
796.6703703703705 333.01296296296294
813.4851851851853 302.7462962962963
826.0962962962964 282.5685185185185
874.8592592592594 274.1611111111111
753.7925925925927 379.2537037037037
742.862962962963 354.8722222222222
758.8370370370371 331.3314814814815
770.6074074074075 333.8537037037037
750.4296296296297 341.42037037037034
755.4740740740742 297.7018518518518
700.8259259259261 313.6759259259259
715.9592592592594 304.42777777777775
667.1962962962964 359.9166666666667
685.6925925925927 362.43888888888887
673.0814814814815 392.7055555555555
581.4407407407408 418.76851851851853
542.7666666666668 445.6722222222222
553.6962962962964 412.0425925925926
528.4740740740742 394.38703703703703
477.1888888888889 421.2907407407407
488.95925925925934 391.8648148148148
450.2851851851852 401.11296296296297
423.38148148148156 449.8759259259259
494.0037037037037 542.3574074074074
488.11851851851856 496.1166666666667
395.63703703703703 542.3574074074074
404.8851851851852 502.8425925925926
361.1666666666667 463.3277777777778
391.43333333333334 437.2648148148148
377.98148148148147 396.9092592592593
425.062962962963 359.9166666666667
473.825925925926 344.7833333333333
494.0037037037037 327.1277777777778
560.4222222222223 334.6944444444444
627.6814814814816 339.7388888888889
293.06666666666666 458.2833333333333
257.7555555555556 469.21296296296293
299.7925925925926 418.76851851851853
227.4888888888889 426.3351851851852
187.13333333333335 458.2833333333333
208.99259259259262 502.0018518518518
272.0481481481482 537.312962962963
322.49259259259264 549.924074074074
348.5555555555556 364.1203703703704
366.21111111111117 331.3314814814815
395.63703703703703 341.42037037037034
347.7148148148148 338.0574074074074
320.8111111111112 338.0574074074074
337.62592592592597 305.26851851851853
345.1925925925926 283.4092592592593
383.86666666666673 270.79814814814813
404.04444444444454 280.04629629629625
406.56666666666666 302.7462962962963
438.5148148148149 331.3314814814815
446.9222222222223 307.7907407407407
468.78148148148153 303.587037037037
489.8 280.04629629629625
437.6740740740741 276.68333333333334
453.6481481481482 259.02777777777777
532.6777777777779 265.7537037037037
559.5814814814815 265.7537037037037
524.2703703703705 293.4981481481481
515.0222222222224 308.63148148148144
592.3703703703704 293.4981481481481
580.6000000000001 323.76481481481477
575.5555555555557 304.42777777777775
638.6111111111112 322.92407407407404
651.2222222222223 312.83518518518514
626.8407407407409 303.587037037037
647.0185185185186 284.24999999999994
658.788888888889 250.62037037037038
608.3444444444445 256.50555555555553
697.462962962963 269.9574074074074
710.9148148148149 252.30185185185184
706.7111111111112 232.96481481481482
680.6481481481483 295.1796296296296
731.9333333333334 286.7722222222222
746.225925925926 261.55
768.0851851851853 258.187037037037
807.6 268.27592592592595
805.0777777777779 243.89444444444445
840.388888888889 243.05370370370366
883.2666666666668 247.25740740740736
858.8851851851854 274.1611111111111
108.10370370370369 425.4944444444444
142.57407407407405 444.83148148148155
197.2222222222222 401.11296296296297
140.05185185185186 386.82037037037037
12.259259259259212 436.42407407407404
6.374074074074032 408.67962962962963
46.72962962962959 396.0685185185185
15.62222222222218 367.4833333333333
38.3222222222222 361.59814814814814
73.63333333333334 352.34999999999997
68.58888888888886 380.93518518518516
150.9814814814815 355.71296296296293
203.1074074074074 366.64259259259256
271.20740740740746 364.9611111111111
266.162962962963 335.5351851851852
243.46296296296296 336.3759259259259
267.8444444444445 311.9944444444444
255.23333333333332 296.8611111111111
214.03703703703704 325.4462962962963
179.5666666666667 320.40185185185186
204.78888888888886 295.1796296296296
170.31851851851852 302.7462962962963
187.97407407407408 276.68333333333334
156.86666666666665 296.8611111111111
132.4851851851852 276.68333333333334
153.50370370370368 266.59444444444443
182.9296296296296 247.25740740740736
241.7814814814815 265.7537037037037
244.3037037037037 246.41666666666669
228.32962962962964 240.53148148148142
217.4 237.1685185185185
189.65555555555554 227.92037037037034
292.225925925926 277.52407407407406
315.7666666666667 274.1611111111111
337.62592592592597 253.9833333333333
342.67037037037045 236.32777777777773
285.50000000000006 246.41666666666669
278.7740740740741 235.487037037037
273.72962962962964 212.787037037037
317.44814814814816 224.55740740740737
331.7407407407408 211.10555555555555
315.7666666666667 201.01666666666665
340.1481481481482 183.3611111111111
359.48518518518523 192.6092592592592
365.3703703703704 211.94629629629628
379.66296296296304 215.30925925925925
393.9555555555556 200.17592592592592
415.81481481481484 204.37962962962962
435.99259259259264 206.90185185185186
422.5407407407408 225.3981481481481
426.74444444444447 238.84999999999997
462.8962962962964 222.03518518518518
481.3925925925926 233.80555555555554
498.2074074074074 222.03518518518518
511.6592592592593 207.7425925925926
478.0296296296297 192.6092592592592
462.8962962962964 201.01666666666665
543.6074074074075 220.35370370370367
562.1037037037038 195.97222222222223
524.2703703703705 206.90185185185186
526.7925925925927 188.4055555555555
590.688888888889 238.00925925925924
591.5296296296298 218.67222222222222
621.7962962962964 216.9907407407407
607.5037037037038 189.2462962962963
573.8740740740742 189.2462962962963
591.5296296296298 193.45
584.8037037037038 174.11296296296297
621.7962962962964 168.22777777777765
628.5222222222224 168.22777777777765
648.7000000000002 203.53888888888883
661.3111111111112 192.6092592592592
660.4703703703705 177.47592592592588
673.0814814814815 168.22777777777765
684.0111111111112 230.44259259259258
692.4185185185187 208.58333333333331
695.7814814814816 191.76851851851848
701.6666666666667 174.9537037037037
702.5074074074075 158.97962962962958
730.2518518518519 185.88333333333333
736.9777777777779 211.10555555555555
731.9333333333334 239.69074074074075
777.3333333333335 213.62777777777774
792.4666666666668 208.58333333333331
831.1407407407409 206.06111111111107
840.388888888889 190.08703703703702
873.1777777777778 179.1574074074074
883.2666666666668 203.53888888888883
871.4962962962965 157.29814814814802
859.7259259259259 151.41296296296287
863.0888888888891 139.64259259259245
868.9740740740741 129.5537037037036
874.8592592592594 117.78333333333319
897.5592592592594 122.82777777777767
846.2740740740743 117.78333333333319
829.4592592592593 138.80185185185178
825.2555555555556 169.06851851851843
841.2296296296298 164.86481481481474
824.414814814815 187.56481481481478
798.351851851852 123.66851851851845
797.5111111111112 143.00555555555547
789.1037037037038 149.7314814814814
782.3777777777779 169.06851851851843
779.8555555555557 193.45
770.6074074074075 124.50925925925912
754.6333333333334 145.52777777777771
749.588888888889 160.66111111111104
749.588888888889 181.67962962962957
729.4111111111113 122.82777777777767
738.6592592592593 113.5796296296295
701.6666666666667 118.62407407407397
692.4185185185187 128.71296296296293
678.125925925926 144.68703703703693
672.2407407407409 150.5722222222222
645.3370370370371 159.82037037037026
639.451851851852 143.00555555555547
659.6296296296298 127.03148148148136
679.8074074074075 116.10185185185173
635.2481481481483 128.71296296296293
606.6629629629631 144.68703703703693
593.2111111111112 134.59814814814808
598.2555555555557 121.14629629629621
608.3444444444445 114.42037037037028
568.8296296296297 146.36851851851839
556.2185185185186 136.27962962962954
571.351851851852 128.71296296296293
559.5814814814815 121.987037037037
574.7148148148149 164.02407407407395
631.8851851851853 154.7759259259259
547.8111111111112 168.22777777777765
559.5814814814815 168.22777777777765
533.5185185185186 147.20925925925917
522.588888888889 121.987037037037
511.6592592592593 140.48333333333323
496.52592592592595 143.00555555555547
483.0740740740741 155.61666666666656
472.98518518518523 164.86481481481474
493.16296296296304 174.11296296296297
487.27777777777777 185.0425925925926
457.0111111111111 173.27222222222218
436.8333333333334 191.76851851851848
420.01851851851853 179.99814814814812
438.5148148148149 170.74999999999994
442.7185185185186 160.66111111111104
442.7185185185186 135.43888888888875
475.50740740740747 132.07592592592584
491.4814814814816 125.34999999999991
456.17037037037045 127.03148148148136
462.8962962962964 123.66851851851845
402.36296296296297 158.97962962962958
412.4518518518519 156.45740740740735
408.24814814814823 137.961111111111
418.3370370370371 130.3944444444444
406.56666666666666 116.94259259259252
383.02592592592595 119.46481481481476
369.5740740740741 125.34999999999991
371.25555555555565 142.1648148148147
361.1666666666667 158.1388888888888
347.7148148148148 166.5462962962962
372.0962962962963 170.74999999999994
350.23703703703706 117.78333333333319
337.62592592592597 147.20925925925917
326.69629629629634 164.02407407407395
314.08518518518525 169.90925925925922
303.1555555555556 161.5018518518517
298.11111111111114 125.34999999999991
298.9518518518519 116.10185185185173
299.7925925925926 144.68703703703693
286.3407407407408 140.48333333333323
266.162962962963 138.80185185185178
250.1888888888889 142.1648148148147
237.57777777777775 154.7759259259259
249.34814814814817 164.86481481481474
250.1888888888889 180.83888888888885
280.4555555555556 164.02407407407395
291.3851851851852 155.61666666666656
248.50740740740738 226.23888888888888
245.14444444444447 116.94259259259252
228.32962962962964 132.91666666666663
218.24074074074073 121.14629629629621
213.1962962962963 158.97962962962958
196.38148148148147 154.7759259259259
187.97407407407408 177.47592592592588
212.35555555555558 177.47592592592588
208.15185185185183 193.45
125.75925925925925 233.80555555555554
141.73333333333332 191.76851851851848
158.54814814814816 190.92777777777775
173.68148148148148 169.90925925925922
170.31851851851852 143.84629629629626
184.61111111111111 123.66851851851845
197.2222222222222 126.1907407407407
150.1407407407407 129.5537037037036
137.52962962962962 127.87222222222215
139.21111111111108 142.1648148148147
144.25555555555556 152.25370370370365
135.84814814814817 165.70555555555552
146.7777777777778 166.5462962962962
126.59999999999998 177.47592592592588
108.10370370370369 169.06851851851843
102.21851851851848 145.52777777777771
125.75925925925925 131.23518518518506
103.89999999999999 129.5537037037036
78.67777777777776 145.52777777777771
63.54444444444443 162.3425925925925
66.06666666666662 142.1648148148147
38.3222222222222 148.89074074074063
43.366666666666625 120.30555555555543
16.462962962962933 180.83888888888885
9.737037037037 231.2833333333333
7.214814814814788 214.46851851851847
35.79999999999996 226.23888888888888
56.818518518518495 233.80555555555554
88.76666666666667 202.6981481481481
117.3518518518518 201.85740740740738
101.37777777777775 235.487037037037
97.17407407407406 253.9833333333333
90.44814814814812 272.47962962962964
92.12962962962963 295.1796296296296
67.74814814814813 317.03888888888883
50.09259259259256 322.92407407407404
19.825925925925905 290.13518518518515
28.233333333333295 270.79814814814813
43.366666666666625 257.3462962962963
29.07407407407405 328.80925925925925
1.3296296296295793 317.03888888888883
371.25555555555565 248.93888888888887
451.96666666666675 231.2833333333333
524.2703703703705 245.5759259259259
1020.9195804195801 107.7612387612387
994.3221778221775 534.3426573426573
999.4370629370628 491.3776223776223
975.9085914085913 444.32067932067923
1003.5289710289708 587.5374625374624
1018.8736263736262 623.3416583416582
1006.5979020979019 666.3066933066932
997.3911088911086 361.4595404595404
963.632867132867 349.1838161838161
1011.7127872127871 333.83916083916074
1012.735764235764 293.9430569430569
1007.620879120879 279.62137862137854
978.9775224775224 267.3456543456543
996.3681318681317 245.8631368631368
963.632867132867 253.02397602397593
926.8056943056943 285.7592407592407
930.8976023976022 263.25374625374616
930.8976023976022 247.90909090909088
943.1733266733265 238.70229770229764
933.9665334665333 226.42657342657338
926.8056943056943 214.15084915084913
938.0584415584415 325.6553446553446
952.3801198801198 348.1608391608391
924.75974025974 375.7812187812187
900.2082917082917 257.11588411588406
982.0464535464534 233.58741258741253
976.9315684315682 209.03596403596396
970.7937062937062 179.36963036963033
923.7367632367632 182.4385614385614
960.5639360639359 163.001998001998
912.4840159840157 169.13986013986005
906.3461538461536 132.31268731268733
942.1503496503494 135.3816183816184
942.1503496503494 120.03696303696302
942.1503496503494 108.7842157842158
904.3001998001996 111.85314685314688
902.2542457542456 104.69230769230762
934.9895104895104 91.39360639360643
999.4370629370628 95.4855144855145
986.1383616383614 92.41658341658342
980.0004995004992 69.91108891108888
995.3451548451546 68.8881118881119
998.4140859140857 58.65834165834167
992.2762237762236 43.313686313686276
991.2532467532467 28.992007992007984
961.586913086913 53.5434565434565
978.9775224775224 49.45154845154843
950.3341658341656 46.382617382617354
931.9205794205793 47.40559440559434
868.4960039960038 65.81918081918081
891.0014985014984 105.71528471528472
867.4730269730269 101.62337662337654
855.1973026973026 97.53146853146848
850.0824175824175 78.09490509490502
840.8756243756243 76.04895104895104
827.5769230769229 67.8651348651349
818.3701298701296 72.98001998001996
817.3471528471528 88.32467532467535
833.714785214785 102.64635364635365
835.7607392607392 89.34765234765234
798.9335664335663 81.1638361638361
803.0254745254745 58.65834165834167
794.8416583416581 57.63536463536457
782.565934065934 60.704295704295646
775.4050949050948 78.09490509490502
777.4510489510487 87.30169830169825
775.4050949050948 114.92207792207785
765.1753246753244 100.60039960039956
750.8536463536461 90.37062937062933
747.784715284715 75.02597402597405
756.9915084915083 74.00299700299695
761.0834165834165 59.68131868131866
735.5089910089907 65.81918081918081
720.1643356643356 69.91108891108888
722.2102897102895 83.20979020979019
724.2562437562435 96.50849150849149
732.4400599400597 104.69230769230762
714.0264735264734 89.34765234765234
704.8196803196802 108.7842157842158
706.8656343656342 102.64635364635365
696.635864135864 92.41658341658342
700.727772227772 88.32467532467535
694.5899100899098 81.1638361638361
703.7967032967031 78.09490509490502
694.5899100899098 68.8881118881119
667.9925074925072 68.8881118881119
651.624875124875 69.91108891108888
660.8316683316682 88.32467532467535
654.693806193806 92.41658341658342
635.2572427572427 103.66933066933063
639.3491508491506 98.55444555444558
634.2342657342656 87.30169830169825
634.2342657342656 72.98001998001996
628.0964035964034 61.72727272727275
576.9475524475522 79.11788211788212
596.3841158841158 75.02597402597405
606.6138861138859 70.93406593406587
609.682817182817 82.1868131868132
614.7977022977022 104.69230769230762
604.5679320679319 96.50849150849149
571.8326673326671 115.94505494505495
576.9475524475522 109.80719280719279
543.1893106893106 68.8881118881119
545.2352647352645 77.07192807192803
548.3041958041956 88.32467532467535
536.0284715284713 100.60039960039956
504.3161838161837 86.27872127872126
515.5689310689309 81.1638361638361
525.7987012987012 70.93406593406587
504.3161838161837 68.8881118881119
496.13236763236756 77.07192807192803
485.90259740259734 85.25574425574428
479.7647352647352 70.93406593406587
474.64985014985 79.11788211788212
471.58091908091893 86.27872127872126
464.4200799200798 85.25574425574428
465.4430569430568 106.73826173826171
451.1213786213785 109.80719280719279
428.61588411588406 106.73826173826171
414.29420579420565 105.71528471528472
422.4780219780219 93.43956043956041
427.59290709290696 87.30169830169825
430.66183816183803 72.98001998001996
439.86863136863127 71.95704295704297
409.1793206793206 81.1638361638361
404.0644355644354 94.4625374625374
394.8576423576423 107.7612387612387
353.9385614385613 104.69230769230762
376.44405594405583 94.4625374625374
369.2832167832167 83.20979020979019
383.604895104895 87.30169830169825
383.604895104895 75.02597402597405
391.7887112887112 88.32467532467535
353.9385614385613 74.00299700299695
358.0304695304695 84.23276723276717
345.75474525474516 81.1638361638361
341.6628371628371 92.41658341658342
330.4100899100899 98.55444555444558
328.3641358641358 113.89910089910086
301.7667332667332 108.7842157842158
310.9735264735264 99.57742257742257
317.1113886113886 89.34765234765234
329.3871128871128 84.23276723276717
329.3871128871128 71.95704295704297
304.83566433566426 82.1868131868132
289.49100899100887 94.4625374625374
277.21528471528467 97.53146853146848
266.98551448551444 82.1868131868132
241.41108891108883 82.1868131868132
218.90559440559434 70.93406593406587
249.59490509490502 100.60039960039956
265.96253746253734 107.7612387612387
240.38811188811184 103.66933066933063
145.25124875124868 67.8651348651349
124.79170829170823 90.37062937062933
106.37812187812182 88.32467532467535
85.91858141858137 96.50849150849149
67.50499500499495 56.61238761238758
64.43606393606393 80.1408591408591
73.64285714285711 101.62337662337654
39.88461538461536 87.30169830169825
23.516983016982977 109.80719280719279
9.195304695304685 91.39360639360643
22.494005994005988 92.41658341658342
4.080419580419573 115.94505494505495
3.0574425574425277 132.31268731268733
10.21828171828173 144.58841158841153
36.81568431568428 37.17582417582412
71.59690309690308 35.12987012987014
62.39010989010984 35.12987012987014
81.8266733266733 27.969030969030996
101.2632367632367 20.80819180819185
130.9295704295704 24.900099900099917
206.62987012987008 31.037962037962075
222.9975024975024 31.037962037962075
283.3531468531468 22.854145854145827
307.90459540459534 26.946053946053894
336.5479520479519 22.854145854145827
27.35314685314688 23.441308691308677
41.16333666333668 35.71703296703299
89.75474525474527 15.257492507492486
114.81768231768234 12.188561438561408
108.16833166833169 35.20554445554444
151.13336663336665 14.746003996003992
135.7887112887113 18.326423576423565
178.7537462537463 15.257492507492486
181.82267732267732 23.441308691308677
203.30519480519482 18.83791208791206
219.1613386613387 18.326423576423565
247.80469530469534 17.81493506493507
259.0574425574425 27.02172827172825
270.8216783216783 15.257492507492486
299.97652347652354 16.791958041958026
325.55094905094904 14.746003996003992
363.9125874125874 24.975774225774217
379.2572427572428 13.211538461538453
398.69380619380627 15.257492507492486
391.5329670329671 13.723026973026947
420.1763236763237 18.326423576423565
465.6988011988012 17.81493506493507
443.1933066933068 21.395354645354644
498.94555444555454 18.326423576423565
504.0604395604396 13.211538461538453
68.27222777222778 21.906843156843138
78.50199800199803 180.97977022977022
34.51398601398603 179.44530469530469
172.10439560439565 125.22752247752248
258.03446553446554 128.29645354645356
183.35714285714286 216.78396603396604
448.8196803196804 148.2445054945055
431.94055944055947 154.38236763236762
497.411088911089 113.97477522477521
410.45804195804203 74.59015984015986
505.59490509490513 170.75
402.2742257742258 202.9737762237762
387.461038961039 24.142197646103824
435.461038961039 12.921418425324617
460.08441558441564 10.42791193181813
523.3571428571429 15.103236607142804
533.9545454545455 11.051288555194759
603.461038961039 11.986353490259688
572.6038961038962 69.02531452922074
572.2922077922078 99.88245738636361
558.2662337662338 91.7785612824675
529.9025974025974 117.64869115259738
538.0064935064935 115.15518465909088
546.7337662337662 115.46687297077919
546.7337662337662 105.1811586850649
520.2402597402597 171.259080762987
450.73376623376623 99.88245738636361
346.62987012987014 149.80519480519465
352.3961038961039 11.36297686688306
367.3571428571428 6.999340503246685
294.1103896103896 7.622717126623314
212.1363636363636 10.73960024350643
33.7467532467532 13.647352647352704
52.160339660339616 14.670329670329693
21.471028971028943 7.509490509490546
9.195304695304685 10.578421578421626
654.693806193806 7.509490509490546
634.2342657342656 7.509490509490546
457.25924075924064 571.1698301698301
