11.693181818181756 960.7150974025974
18.089285714285552 907.9472402597403
24.48538961038946 879.1647727272727
37.27759740259728 869.5706168831169
38.87662337662323 923.9375
67.65909090909076 936.7297077922078
42.07467532467524 855.1793831168832
48.47077922077915 813.6047077922078
114.83035714285711 872.3689123376623
114.83035714285711 844.3859577922078
120.42694805194805 827.5961850649351
112.43181818181819 810.8064123376623
131.62012987012986 818.0020292207793
129.22159090909088 803.6107954545455
86.04788961038957 777.2268668831169
54.06737012987014 809.2073863636365
63.66152597402595 805.2098214285714
58.864448051948045 790.8185876623377
59.66396103896102 777.2268668831169
58.06493506493507 766.8331980519481
23.6858766233766 766.0336850649351
6.096590909090935 762.8356331168832
58.06493506493507 842.7869318181819
65.26055194805195 844.3859577922078
5.297077922077904 969.9094967532467
3.6980519480519547 890.7577110389611
118.02840909090907 904.3494318181819
138.01623376623377 917.1416396103896
123.625 978.7041396103896
46.87175324675326 718.0629058441559
62.86201298701298 715.6643668831169
74.05519480519479 726.8575487012988
14.091720779220793 702.0726461038962
18.888798701298697 663.6960227272727
3.6980519480519547 678.0872564935065
16.490259740259717 633.3145292207793
10.094155844155864 601.3340097402598
6.896103896103909 581.3461850649351
11.693181818181813 550.9646915584417
25.284902597402606 525.3802759740261
8.495129870129858 522.9817370129871
30.08198051948051 542.9695616883118
46.07224025974028 540.5710227272727
71.65665584415586 532.5758928571429
77.25324675324674 558.9598214285716
65.26055194805195 573.3510551948052
74.85470779220776 587.7422889610391
49.27029220779218 596.5369318181819
37.277597402597394 603.7325487012988
69.25811688311688 622.1213474025975
38.07711038961037 661.2974837662339
49.27029220779218 633.3145292207793
59.66396103896102 649.3047889610391
50.86931818181819 659.6984577922078
71.65665584415586 635.7130681818182
72.45616883116884 647.705762987013
89.24594155844153 671.6911525974026
59.66396103896102 691.6789772727274
83.64935064935065 697.2755681818182
108.43425324675326 702.8721590909091
117.22889610389609 677.2877435064936
119.62743506493507 666.0945616883117
102.83766233766232 646.90625
109.23376623376623 634.9135551948052
95.64204545454544 618.1237824675325
122.82548701298703 630.9159902597403
140.4147727272727 633.3145292207793
124.42451298701296 599.7349837662339
151.6079545454545 596.5369318181819
159.60308441558442 610.1286525974026
146.01136363636363 688.4809253246754
144.41233766233762 658.8989448051949
159.60308441558442 661.2974837662339
169.19724025974023 682.8843344155845
130.0211038961039 711.666801948052
119.62743506493507 738.0507305194806
86.04788961038957 747.6448863636365
90.04545454545456 761.2366071428571
99.63961038961037 766.0336850649351
122.82548701298703 753.2414772727273
137.21672077922074 749.2439123376623
152.40746753246754 778.0263798701299
152.40746753246754 794.8161525974026
159.60308441558442 789.2195616883117
173.19480519480516 786.8210227272727
174.7938311688311 767.6327110389611
174.7938311688311 751.6424512987014
181.189935064935 714.065340909091
74.05519480519479 503.7934253246754
90.04545454545456 503.7934253246754
114.83035714285711 498.1968344155845
113.23133116883116 521.3827110389611
137.21672077922074 530.9768668831169
154.00649350649348 519.7836850649351
168.3977272727273 520.5831980519481
175.59334415584414 510.1895292207793
181.189935064935 534.174918831169
162.0016233766234 547.7666396103897
160.40259740259734 566.1554383116884
143.61282467532465 570.1530032467533
118.02840909090907 571.7520292207793
96.44155844155841 573.3510551948052
159.60308441558442 590.140827922078
193.1826298701298 570.1530032467533
198.7792207792208 586.9427759740261
203.57629870129864 609.3291396103897
185.18749999999994 622.1213474025975
199.5787337662337 646.1067370129871
200.37824675324674 633.3145292207793
193.98214285714283 671.6911525974026
193.1826298701298 689.2804383116884
203.57629870129864 703.6716720779222
216.36850649350646 700.4736201298701
215.56899350649343 719.6619318181819
217.9675324675324 775.627840909091
225.96266233766227 799.6132305194806
209.17288961038963 803.6107954545455
197.97970779220776 819.6010551948052
190.78409090909093 831.59375
184.38798701298703 842.7869318181819
178.79139610389603 861.1757305194806
182.78896103896096 920.3396915584416
266.7378246753246 806.8088474025974
285.1266233766233 823.5986201298701
265.93831168831167 825.9971590909091
256.34415584415586 839.5888798701299
233.1582792207792 839.5888798701299
197.97970779220776 952.3202110389611
207.57386363636357 928.3348214285714
221.16558441558442 932.3323863636364
237.15584415584414 926.7357954545455
255.54464285714283 896.3543019480519
262.74025974025966 873.9679383116884
267.5373376623376 853.9801136363637
267.5373376623376 837.190340909091
273.93344155844153 931.5328733766235
312.3100649350649 893.15625
329.89935064935065 915.5426136363637
324.30275974025966 899.5523538961039
345.88961038961037 932.3323863636364
319.5056818181818 932.3323863636364
341.89204545454544 950.7211850649351
396.2589285714285 933.1318993506493
415.4472402597402 947.5231331168832
429.03896103896096 955.518262987013
445.0292207792207 977.1051136363636
473.0121753246753 955.518262987013
485.804383116883 973.9070616883117
464.2175324675324 927.5353084415585
439.4326298701298 915.5426136363637
458.62094155844153 897.953327922078
394.65990259740255 879.5645292207793
330.69886363636357 872.3689123376623
313.9090909090908 865.1732954545455
285.9261363636363 806.8088474025974
301.91639610389603 807.6083603896104
315.5081168831169 807.6083603896104
343.4910714285714 836.390827922078
358.6818181818182 825.1976461038962
342.69155844155836 866.7723214285714
369.87499999999994 812.4054383116884
377.0706168831169 809.2073863636365
392.26136363636357 794.0166396103896
413.8482142857143 778.8258928571429
418.6452922077921 770.03125
432.237012987013 764.4346590909091
463.4180194805194 753.2414772727273
489.002435064935 742.0482954545455
475.4107142857143 784.4224837662339
439.4326298701298 816.4030032467533
421.84334415584414 833.1927759740261
419.44480519480516 852.3810876623377
414.6477272727272 866.7723214285714
461.8189935064934 881.9630681818182
473.8116883116882 881.9630681818182
483.40584415584414 881.1635551948052
475.4107142857143 868.3713474025974
465.01704545454544 855.5791396103896
474.61120129870125 847.5840097402597
485.804383116883 847.5840097402597
195.58116883116878 543.7690746753248
203.57629870129864 539.7715097402598
217.9675324675324 530.9768668831169
195.58116883116878 514.1870941558443
205.1753246753247 515.7861201298701
201.9772727272727 502.99391233766244
244.35146103896096 519.7836850649351
268.33685064935065 546.1676136363637
258.74269480519473 543.7690746753248
245.150974025974 550.9646915584417
236.3563311688311 545.3681006493507
248.3490259740259 573.3510551948052
221.96509740259734 578.9476461038962
206.77435064935065 581.3461850649351
266.7378246753246 574.9500811688313
223.5641233766234 620.5223214285716
224.36363636363632 635.7130681818182
250.74756493506487 629.3169642857143
249.94805194805198 654.90137987013
224.36363636363632 672.4906655844156
244.35146103896096 689.2804383116884
265.93831168831167 650.104301948052
281.12905844155836 652.502840909091
293.9212662337662 539.7715097402598
293.12175324675326 528.578327922078
315.5081168831169 529.377840909091
329.89935064935065 520.5831980519481
342.69155844155836 542.9695616883118
327.50081168831167 543.7690746753248
317.10714285714283 545.3681006493507
301.1168831168831 556.5612824675326
288.3246753246753 564.5564123376624
289.92370129870125 575.7495941558443
305.11444805194805 580.5466720779222
313.9090909090908 592.5393668831169
284.32711038961037 612.5271915584416
299.51785714285705 626.9184253246754
320.30519480519473 630.1164772727274
340.2930194805195 602.1335227272727
341.0925324675324 577.3486201298701
361.08035714285705 565.3559253246754
375.4715909090908 573.3510551948052
388.26379870129864 556.5612824675326
379.46915584415575 562.1578733766235
369.87499999999994 542.9695616883118
384.2662337662337 539.7715097402598
369.87499999999994 517.3851461038962
261.1412337662337 530.9768668831169
399.4569805194805 526.1797889610391
233.1582792207792 698.0750811688313
265.13879870129864 719.6619318181819
277.93100649350646 746.0458603896104
249.14853896103892 782.8234577922078
303.515422077922 740.4492694805195
315.5081168831169 736.4517045454546
299.51785714285705 719.6619318181819
301.1168831168831 705.2706980519481
312.3100649350649 698.0750811688313
297.9188311688311 671.6911525974026
332.2978896103895 657.299918831169
343.4910714285714 661.2974837662339
348.28814935064935 647.705762987013
374.6720779220779 654.90137987013
385.06574675324674 646.1067370129871
361.08035714285705 683.6838474025974
354.68425324675314 696.4760551948052
357.88230519480516 709.268262987013
338.6939935064934 728.4565746753248
358.6818181818182 730.8551136363637
361.8798701298701 749.2439123376623
377.0706168831169 749.2439123376623
350.6866883116882 756.4395292207793
347.4886363636363 777.2268668831169
400.2564935064934 742.0482954545455
432.237012987013 736.4517045454546
443.43019480519473 736.4517045454546
452.2248376623376 719.6619318181819
462.61850649350646 717.2633928571429
481.8068181818181 714.065340909091
488.202922077922 705.2706980519481
461.0194805194805 682.8843344155845
445.0292207792207 682.8843344155845
430.6379870129869 697.2755681818182
406.65259740259734 708.46875
406.65259740259734 698.0750811688313
381.86769480519473 721.2609577922078
381.86769480519473 691.6789772727274
405.0535714285714 666.8940746753248
422.64285714285705 666.0945616883117
434.63555194805184 655.7008928571429
453.02435064935054 661.2974837662339
473.0121753246753 675.6887175324675
483.40584415584414 669.2926136363637
436.2345779220779 626.9184253246754
449.82629870129864 621.3218344155845
473.0121753246753 613.3267045454546
484.20535714285705 606.9306006493507
438.63311688311677 599.7349837662339
428.23944805194805 590.940340909091
412.2491883116882 599.7349837662339
402.6550324675324 603.7325487012988
388.26379870129864 610.1286525974026
406.65259740259734 554.9622564935066
433.0365259740259 548.5661525974026
446.62824675324674 559.7593344155845
459.42045454545445 558.9598214285716
473.8116883116882 558.9598214285716
490.60146103896096 554.9622564935066
458.62094155844153 590.140827922078
440.23214285714283 577.3486201298701
426.640422077922 577.3486201298701
474.61120129870125 586.9427759740261
475.4107142857143 575.7495941558443
461.0194805194805 518.1846590909092
481.00730519480516 530.9768668831169
426.640422077922 502.99391233766244
409.85064935064935 521.3827110389611
394.65990259740255 517.3851461038962
442.6306818181818 501.39488636363643
485.804383116883 511.78855519480527
467.4155844155843 511.78855519480527
393.8603896103895 772.429788961039
441.8311688311688 705.2706980519481
454.6233766233766 784.4224837662339
542.569805194805 977.1051136363636
560.9586038961038 977.1051136363636
529.7775974025972 949.1221590909091
542.569805194805 941.1270292207793
542.569805194805 901.9508928571429
539.3717532467531 885.1611201298701
543.369318181818 872.3689123376623
544.9683441558439 855.5791396103896
565.7556818181815 847.5840097402597
542.569805194805 810.8064123376623
494.5990259740258 834.791801948052
507.3912337662336 790.0190746753246
492.99999999999983 794.0166396103896
512.1883116883114 770.03125
521.7824675324673 758.8380681818182
551.3644480519479 758.8380681818182
500.9951298701297 641.3096590909091
520.9829545454543 634.9135551948052
536.1737012987012 626.9184253246754
535.3741883116882 651.703327922078
544.168831168831 686.8818993506494
529.7775974025972 686.8818993506494
568.1542207792206 706.0702110389611
556.1615259740258 730.8551136363637
579.3474025974024 750.0434253246754
572.1517857142856 758.8380681818182
580.1469155844154 779.6254058441559
551.3644480519479 794.8161525974026
561.7581168831166 784.4224837662339
596.1371753246751 810.8064123376623
592.9391233766232 821.9995941558442
582.5454545454543 836.390827922078
622.5211038961038 816.4030032467533
619.3230519480517 859.5767045454545
606.5308441558439 873.9679383116884
604.132305194805 896.3543019480519
589.7410714285713 907.5474837662338
597.7362012987012 932.3323863636364
585.7435064935062 921.1392045454545
607.3303571428569 960.315340909091
623.3206168831166 978.7041396103896
656.9001623376621 937.1294642857143
667.293831168831 921.1392045454545
656.9001623376621 898.752840909091
664.895292207792 909.9460227272727
700.0738636363635 904.3494318181819
704.8709415584412 942.7260551948052
508.1907467532466 577.3486201298701
496.99756493506476 602.1335227272727
515.3863636363635 608.5296266233767
504.19318181818164 623.7203733766235
645.7069805194803 619.7228084415585
506.5917207792206 554.1627435064936
502.5941558441557 525.3802759740261
498.59659090909076 506.1919642857144
490.6014610389609 508.5905032467533
534.5746753246751 539.7715097402598
518.5844155844154 530.9768668831169
523.3814935064934 523.78125
529.7775974025972 517.3851461038962
544.9683441558441 515.7861201298701
533.7751623376621 502.99391233766244
521.7824675324673 503.7934253246754
524.1810064935064 562.1578733766235
529.7775974025972 556.5612824675326
534.5746753246751 573.3510551948052
546.5673701298699 586.143262987013
544.168831168831 595.737418831169
534.5746753246751 602.1335227272727
556.9610389610389 618.1237824675325
567.3547077922076 616.5247564935066
563.3571428571427 646.90625
546.5673701298699 654.1018668831169
565.7556818181816 636.5125811688313
584.1444805194803 643.7081980519481
528.9780844155842 705.2706980519481
508.1907467532466 694.0775162337663
489.0024350649349 756.4395292207793
601.7337662337661 770.03125
620.1225649350647 761.2366071428571
596.9366883116882 738.0507305194806
611.3279220779219 732.4541396103897
609.728896103896 706.0702110389611
578.5478896103895 702.8721590909091
592.1396103896102 707.6692370129871
590.5405844155842 666.8940746753248
609.728896103896 663.6960227272727
613.7264610389609 653.302353896104
622.5211038961038 647.705762987013
594.5381493506492 637.3120941558442
599.335227272727 626.1189123376624
590.5405844155842 610.1286525974026
608.929383116883 602.9330357142858
577.7483766233765 586.9427759740261
572.1517857142856 558.9598214285716
556.1615259740258 521.3827110389611
564.1566558441557 512.5880681818182
640.1103896103893 651.703327922078
619.3230519480518 622.1213474025975
616.1249999999998 598.9354707792209
619.3230519480518 568.5539772727274
596.9366883116882 574.9500811688313
589.7410714285713 585.34375
588.1420454545453 565.3559253246754
584.1444805194803 553.3632305194806
595.3376623376621 554.1627435064936
609.728896103896 546.1676136363637
616.1249999999998 545.3681006493507
621.7215909090908 542.1700487012988
601.7337662337661 521.3827110389611
584.9439935064934 531.77637987013
580.9464285714284 539.7715097402598
636.9123376623374 598.9354707792209
663.2962662337661 621.3218344155845
648.1055194805192 646.1067370129871
660.0982142857142 643.7081980519481
656.1006493506491 663.6960227272727
651.3035714285713 682.8843344155845
635.3133116883116 688.4809253246754
628.9172077922076 725.2585227272727
652.9025974025972 788.4200487012988
656.1006493506491 777.2268668831169
668.0933441558441 774.0288149350649
675.2889610389609 771.6302759740261
681.6850649350647 777.2268668831169
654.5016233766232 845.1854707792209
665.694805194805 838.7893668831169
678.4870129870128 827.5961850649351
686.4821428571427 816.4030032467533
700.0738636363635 814.8039772727273
708.8685064935064 814.8039772727273
728.056818181818 924.3372564935065
730.4553571428569 956.3177759740261
743.2475649350647 923.5377435064936
725.6582792207789 909.9460227272727
719.2621753246751 857.1781655844156
696.0762987012986 851.5815746753246
712.0665584415583 796.4151785714287
727.257305194805 762.8356331168832
696.0762987012986 755.6400162337663
676.8879870129867 744.4468344155845
682.4845779220777 738.0507305194806
692.0787337662337 732.4541396103897
685.6826298701296 694.0775162337663
695.2767857142856 696.4760551948052
692.8782467532467 681.2853084415585
679.2865259740258 664.4955357142858
674.4894480519479 632.5150162337663
681.6850649350647 621.3218344155845
689.6801948051946 601.3340097402598
660.897727272727 578.9476461038962
642.5089285714284 573.3510551948052
632.9147727272725 567.7544642857143
678.4870129870128 582.1456980519481
690.4797077922076 574.1505681818182
693.6777597402595 566.1554383116884
706.4699675324673 570.9525162337663
714.4650974025972 584.5442370129871
711.2670454545453 602.1335227272727
703.2719155844154 601.3340097402598
635.3133116883116 534.174918831169
646.5064935064934 542.1700487012988
655.3011363636363 569.3534902597403
664.0957792207791 554.9622564935066
672.8904220779218 549.3656655844156
714.4650974025972 743.6473214285716
736.0519480519479 749.2439123376623
753.6412337662337 746.0458603896104
749.6436688311687 717.2633928571429
728.856331168831 694.8770292207793
728.856331168831 827.5961850649351
753.6412337662337 848.3835227272727
759.2378246753244 839.5888798701299
764.8344155844154 811.6059253246754
750.4431818181815 794.0166396103896
756.0397727272725 783.6229707792209
752.8417207792206 768.432224025974
773.6290584415583 762.8356331168832
779.2256493506491 779.6254058441559
795.215909090909 760.4370941558442
816.8027597402595 795.6156655844156
787.2207792207789 814.8039772727273
797.6144480519479 818.0020292207793
788.819805194805 856.3786525974026
791.2183441558439 879.5645292207793
826.3969155844154 849.9825487012988
826.3969155844154 833.1927759740261
843.1866883116882 827.5961850649351
874.3676948051946 816.4030032467533
894.3555194805192 831.59375
890.3579545454543 814.8039772727273
903.9496753246751 805.2098214285714
913.543831168831 820.4005681818182
924.7370129870128 798.0142045454545
896.7540584415583 792.4176136363637
881.5633116883114 798.0142045454545
848.7832792207789 774.0288149350649
830.3944805194803 778.8258928571429
812.8051948051946 718.0629058441559
780.8246753246751 721.2609577922078
777.6266233766232 699.6741071428572
788.020292207792 691.6789772727274
800.0129870129867 714.065340909091
808.0081168831166 685.2828733766235
816.0032467532465 674.0896915584416
842.3871753246751 705.2706980519481
849.582792207792 703.6716720779222
863.1745129870128 705.2706980519481
899.1525974025972 714.065340909091
902.3506493506491 703.6716720779222
926.3360389610386 734.0531655844156
921.5389610389609 762.8356331168832
878.3652597402595 758.8380681818182
887.1599025974024 751.6424512987014
895.1550324675322 750.8429383116884
905.5487012987012 744.4468344155845
943.9253246753244 771.6302759740261
957.5170454545453 771.6302759740261
944.7248376623374 712.4663149350649
919.9399350649348 702.8721590909091
943.1258116883114 686.8818993506494
953.5194805194803 681.2853084415585
947.9228896103893 669.2926136363637
961.5146103896102 674.8892045454546
899.1525974025972 679.6862824675325
884.7613636363635 652.502840909091
853.5803571428569 686.8818993506494
688.0811688311687 658.0994318181819
696.0762987012986 652.502840909091
705.6704545454543 634.9135551948052
712.8660714285713 642.9086850649351
731.2548701298699 654.90137987013
736.8514610389609 674.8892045454546
762.4358766233765 666.0945616883117
773.6290584415583 664.4955357142858
791.2183441558439 653.302353896104
836.7905844155841 664.4955357142858
848.7832792207789 659.6984577922078
830.3944805194803 649.3047889610391
806.4090909090908 626.9184253246754
779.2256493506491 638.1116071428572
759.2378246753244 634.9135551948052
754.4407467532465 648.5052759740261
748.0446428571427 636.5125811688313
735.2524350649348 590.140827922078
745.6461038961038 586.9427759740261
755.2402597402595 582.1456980519481
768.8319805194803 579.7471590909092
808.8076298701296 592.5393668831169
819.2012987012986 593.33887987013
825.5974025974024 610.1286525974026
834.3920454545453 610.9281655844156
839.9886363636363 591.739853896104
863.1745129870128 601.3340097402598
884.7613636363635 618.1237824675325
896.7540584415583 613.3267045454546
908.7467532467531 634.9135551948052
915.1428571428569 636.5125811688313
922.3384740259737 629.3169642857143
932.7321428571427 618.9232954545455
936.7297077922076 615.7252435064936
930.3336038961036 606.9306006493507
943.9253246753244 601.3340097402598
931.9326298701296 592.5393668831169
940.7272727272725 571.7520292207793
951.1209415584412 567.7544642857143
963.113636363636 581.3461850649351
814.4042207792206 705.2706980519481
814.4042207792206 623.7203733766235
800.0129870129867 615.7252435064936
764.0349025974024 614.9257305194806
780.8246753246751 612.5271915584416
787.2207792207789 640.5101461038962
763.2353896103893 554.9622564935066
728.856331168831 556.5612824675326
720.0616883116882 550.9646915584417
676.0884740259739 522.9817370129871
696.8758116883116 522.9817370129871
707.2694805194803 519.7836850649351
712.8660714285713 506.1919642857144
760.0373376623374 532.5758928571429
752.8417207792206 514.1870941558443
765.6339285714284 506.99147727272737
752.8417207792206 502.99391233766244
739.2499999999998 498.1968344155845
728.856331168831 503.7934253246754
677.6874999999998 506.1919642857144
688.8806818181815 512.5880681818182
758.4383116883114 511.78855519480527
772.8295454545453 504.5929383116884
790.418831168831 498.9963474025975
798.4139610389609 501.39488636363643
824.7978896103893 510.1895292207793
823.1988636363635 522.9817370129871
812.8051948051946 518.1846590909092
808.8076298701296 523.78125
790.418831168831 526.979301948052
795.215909090909 519.7836850649351
776.0275974025972 529.377840909091
788.819805194805 542.9695616883118
773.6290584415583 547.7666396103897
769.6314935064934 553.3632305194806
808.8076298701296 562.1578733766235
806.4090909090908 547.7666396103897
797.6144480519479 543.7690746753248
812.8051948051946 538.1724837662339
821.5998376623374 534.9744318181819
846.38474025974 522.9817370129871
844.785714285714 534.174918831169
855.179383116883 542.1700487012988
847.9837662337661 546.1676136363637
840.7881493506491 556.5612824675326
857.5779220779218 570.9525162337663
846.38474025974 726.8575487012988
867.9715909090908 727.6570616883117
872.7686688311687 718.0629058441559
925.5365259740258 706.0702110389611
873.5681818181815 554.9622564935066
875.1672077922076 542.1700487012988
883.1623376623374 536.5734577922078
897.5535714285713 537.3729707792209
905.5487012987012 530.9768668831169
914.3433441558439 538.1724837662339
906.348214285714 559.7593344155845
890.3579545454543 562.9573863636365
863.9740259740258 580.5466720779222
886.3603896103893 590.940340909091
896.7540584415583 587.7422889610391
901.5511363636363 580.5466720779222
911.944805194805 579.7471590909092
923.9374999999998 578.9476461038962
941.5267857142856 547.7666396103897
921.5389610389609 553.3632305194806
951.1209415584412 548.5661525974026
957.5170454545453 537.3729707792209
959.9155844155841 519.7836850649351
946.3238636363635 526.1797889610391
931.1331168831166 521.3827110389611
923.9374999999998 537.3729707792209
930.3336038961036 536.5734577922078
936.7297077922076 514.1870941558443
899.1525974025972 506.99147727272737
898.3530844155841 517.3851461038962
874.3676948051946 526.1797889610391
862.3749999999998 522.9817370129871
879.9642857142856 522.9817370129871
867.9715909090908 508.5905032467533
874.3676948051946 501.39488636363643
891.1574675324673 497.3973214285715
908.7467532467531 495.79829545454555
945.5243506493505 494.9987824675326
18.089285714285722 486.2041396103898
33.280032467532465 487.0036525974028
50.86931818181819 492.6002435064937
78.85227272727275 487.80316558441575
81.25081168831167 475.81047077922096
80.4512987012987 467.01582792207813
87.64691558441558 470.2138798701301
106.83522727272725 474.211444805195
122.025974025974 475.010957792208
130.0211038961039 487.80316558441575
141.21428571428572 492.6002435064937
166.79870129870125 492.6002435064937
160.40259740259734 486.2041396103898
183.588474025974 481.4070616883119
199.5787337662337 489.40219155844176
208.3733766233766 482.2065746753249
229.16071428571428 479.8080357142859
249.14853896103892 491.0012175324677
265.13879870129864 485.4046266233768
294.7207792207792 478.20900974025994
308.31249999999994 498.99634740259756
315.5081168831169 483.8056006493508
283.52759740259734 470.2138798701301
5.297077922077904 464.61728896103915
6.096590909090935 442.2309253246755
4.497564935064929 399.8567370129872
12.492694805194787 226.36241883116907
32.48051948051949 220.76582792207813
34.87905844155841 237.55560064935088
52.468344155844136 234.35754870129892
55.66639610389609 229.56047077922102
64.46103896103898 226.36241883116907
70.05762987012986 223.96387987013009
74.05519480519479 236.7560876623379
81.25081168831167 227.96144480519501
86.8474025974026 239.15462662337683
98.04058441558442 240.75365259740283
103.6371753246753 234.35754870129892
50.86931818181819 279.1302759740262
54.06737012987014 270.33563311688334
62.0625 279.9297889610392
77.25324675324674 253.5458603896106
88.44642857142856 254.34537337662357
94.04301948051949 257.5434253246755
101.23863636363637 251.14732142857167
111.63230519480516 250.34780844155864
121.22646103896102 247.94926948051972
134.01866883116884 263.14001623376646
148.4099025974026 264.7390422077924
156.40503246753246 261.5409902597405
169.19724025974023 261.5409902597405
116.42938311688312 267.1375811688314
42.0746753246753 330.29910714285734
63.66152597402595 312.7098214285717
82.84983766233768 309.51176948051966
100.43912337662334 313.50933441558465
122.025974025974 316.7073863636366
131.62012987012986 306.31371753246776
155.6055194805195 307.11323051948074
172.39529220779224 305.51420454545473
187.58603896103892 303.9151785714288
199.5787337662337 303.9151785714288
227.56168831168833 298.3185876623379
235.5568181818182 298.3185876623379
3.6980519480519547 352.68547077922096
22.08685064935065 349.48741883116907
29.282467532467535 346.28936688311705
41.27516233766232 346.28936688311705
16.490259740259717 371.07426948051966
29.282467532467535 378.2698863636366
35.678571428571445 376.6708603896106
45.27272727272725 372.67329545454567
54.866883116883116 369.4752435064937
64.46103896103898 367.07670454545473
93.24350649350646 341.4922889610392
138.81574675324674 337.4947240259742
162.80113636363632 352.68547077922096
169.19724025974023 333.4971590909093
183.588474025974 331.8981331168833
126.02353896103892 356.6830357142859
189.9845779220779 337.4947240259742
221.16558441558442 330.29910714285734
227.56168831168833 326.3015422077924
236.3563311688311 312.7098214285717
29.282467532467535 404.65381493506516
24.485389610389632 383.06696428571445
50.86931818181819 393.4606331168833
58.06493506493507 387.8640422077924
72.45616883116884 383.8664772727275
81.25081168831167 379.86891233766255
102.03814935064935 413.448457792208
64.46103896103898 416.64650974025994
65.26055194805195 400.6562500000002
48.47077922077921 416.64650974025994
77.25324675324674 397.4581980519482
93.24350649350646 391.06209415584436
116.42938311688312 399.8567370129872
117.22889610389609 411.04991883116907
126.02353896103892 416.64650974025994
129.22159090909088 405.45332792207813
130.0211038961039 399.8567370129872
130.82061688311688 391.86160714285734
138.01623376623377 382.26745129870153
141.21428571428572 365.4776785714288
151.6079545454545 387.8640422077924
164.40016233766227 387.8640422077924
162.80113636363632 408.6513798701301
171.5957792207792 408.6513798701301
142.81331168831167 423.04261363636385
142.81331168831167 439.03287337662357
125.22402597402596 450.2260551948054
117.22889610389609 437.4338474025976
104.43668831168833 451.8250811688314
148.4099025974026 455.8226461038963
154.80600649350646 446.22849025974045
89.24594155844153 367.07670454545473
94.84253246753246 361.48011363636385
118.02840909090907 357.4825487012989
102.03814935064935 372.67329545454567
92.44399350649348 379.86891233766255
4.497564935064929 260.7414772727273
2.0990259740260058 184.7877435064936
13.292207792207819 177.59212662337666
10.094155844155864 148.0101461038962
26.883928571428555 149.60917207792215
34.87905844155841 144.01258116883128
31.68100649350652 131.22037337662346
18.888798701298697 135.21793831168839
3.6980519480519547 132.8193993506494
7.695616883116884 116.82913961038969
1.2995129870129745 123.2252435064936
11.693181818181813 101.63839285714295
23.6858766233766 100.03936688311694
16.490259740259717 88.04667207792215
26.883928571428555 86.4476461038962
39.676136363636374 92.04423701298708
36.47808441558442 116.02962662337666
18.888798701298697 121.62621753246759
43.6737012987013 132.01988636363643
12.492694805194787 199.97849025974028
30.881493506493484 190.38433441558448
46.07224025974028 204.77556818181824
58.06493506493507 143.21306818181824
66.06006493506493 142.41355519480527
76.45373376623377 155.20576298701303
74.85470779220776 175.9931006493507
65.26055194805195 131.22037337662346
51.66883116883116 117.62865259740266
40.47564935064935 110.43303571428578
49.27029220779218 109.6335227272728
53.26785714285717 108.83400974025983
67.65909090909088 103.2374188311689
64.46103896103898 116.82913961038969
77.25324675324674 124.02475649350657
74.05519480519479 136.81696428571433
86.8474025974026 150.40868506493513
87.64691558441558 138.41599025974028
95.64204545454544 132.01988636363643
100.43912337662334 125.62378246753251
98.8400974025974 116.82913961038969
90.04545454545456 101.63839285714295
101.23863636363637 164.7999188311689
105.2362012987013 151.2081980519481
100.43912337662334 144.01258116883128
128.4220779220779 175.9931006493507
138.81574675324674 163.2008928571429
131.62012987012986 142.41355519480527
118.82792207792204 125.62378246753251
110.83279220779218 118.42816558441564
106.83522727272725 104.03693181818187
84.44886363636363 90.44521103896113
90.84496753246754 81.65056818181824
70.85714285714283 84.04910714285722
161.20211038961037 176.79261363636368
154.00649350649348 153.60673701298708
175.59334415584414 143.21306818181824
141.21428571428572 128.0223214285715
283.52759740259734 312.70982142857144
280.32954545454544 332.69764610389615
255.54464285714283 332.69764610389615
240.35389610389603 347.8883928571429
226.7621753246753 343.091314935065
211.5714285714285 343.89082792207796
199.5787337662337 354.2844967532468
189.18506493506487 365.4776785714286
209.17288961038963 383.06696428571433
192.38311688311688 399.856737012987
127.62256493506491 295.92004870129875
156.40503246753246 463.8177759740262
140.4147727272727 467.8153409090911
175.59334415584414 447.02800324675354
188.38555194805195 438.2333603896106
169.99675324675326 470.2138798701301
185.98701298701297 467.8153409090911
194.78165584415586 456.6221590909093
201.17775974025966 454.22362012987037
198.7792207792208 419.0450487012989
191.58360389610385 428.63920454545473
183.588474025974 426.2406655844158
176.39285714285717 427.0401785714288
78.85227272727275 424.6416396103898
30.08198051948051 426.2406655844158
52.468344155844136 435.8348214285717
31.68100649350652 453.42410714285734
43.6737012987013 465.4168019480522
30.08198051948051 471.81290584415603
49.27029220779218 449.4265422077924
68.45860389610391 448.62702922077943
82.05032467532465 414.24797077922096
218.76704545454544 406.2528409090911
234.75730519480516 400.6562500000002
217.9675324675324 386.26501623376646
242.752435064935 411.84943181818204
234.75730519480516 420.6440746753249
227.56168831168833 423.04261363636385
213.96996753246748 430.23823051948074
233.1582792207792 454.22362012987037
238.75487012987008 432.63676948051966
245.95048701298703 431.83725649350674
261.94074675324674 456.6221590909093
249.94805194805198 459.0206980519483
268.33685064935065 447.82751623376646
285.1266233766233 443.0304383116885
244.35146103896096 375.8713474025976
253.94561688311688 367.07670454545473
258.74269480519473 351.88595779220805
269.13636363636357 359.0815746753249
290.7232142857143 338.29423701298725
292.3222402597402 349.48741883116907
301.1168831168831 342.2918019480522
306.713474025974 335.0961850649353
299.51785714285705 318.30641233766255
265.93831168831167 397.4581980519483
277.93100649350646 389.4630681818184
289.12418831168833 386.26501623376646
285.9261363636363 430.23823051948074
300.3173701298701 419.0450487012989
305.91396103896096 400.6562500000002
301.1168831168831 388.66355519480544
305.91396103896096 383.8664772727275
318.7061688311688 381.4679383116885
329.0998376623376 389.4630681818184
306.713474025974 436.6343344155846
291.5227272727272 441.43141233766255
324.30275974025966 452.62459415584436
317.10714285714283 460.6197240259742
312.3100649350649 451.0255681818184
339.49350649350646 403.0547889610392
353.8847402597402 397.4581980519483
370.674512987013 395.05965909090935
369.0754870129869 407.05235389610414
363.47889610389603 451.0255681818184
353.0852272727272 453.42410714285734
340.2930194805195 475.010957792208
345.88961038961037 490.20170454545473
374.6720779220779 498.19683441558465
395.4594155844156 490.20170454545473
407.45211038961037 486.2041396103898
423.4423701298701 482.2065746753249
437.0340909090908 487.00365259740283
408.2516233766233 445.4289772727275
392.26136363636357 452.62459415584436
383.4667207792207 462.2187500000002
365.077922077922 463.8177759740262
369.87499999999994 471.81290584415603
397.05844155844153 467.8153409090911
118.82792207792204 98.44034090909099
122.82548701298703 106.43547077922085
126.02353896103892 97.64082792207796
126.82305194805195 92.04423701298708
139.61525974025972 86.4476461038962
139.61525974025972 105.63595779220788
148.4099025974026 105.63595779220788
162.80113636363632 116.02962662337666
158.0040584415584 124.02475649350657
147.61038961038957 136.81696428571433
175.59334415584414 125.62378246753251
170.79626623376618 115.23011363636374
162.80113636363632 106.43547077922085
166.79870129870125 95.24228896103904
165.1996753246753 84.04910714285722
174.7938311688311 82.45008116883128
184.38798701298703 81.65056818181824
10.094155844155864 16.890016233766346
14.091720779220793 2.4987824675325783
25.284902597402606 4.897321428571502
25.284902597402606 16.090503246753315
40.47564935064935 23.2861201298702
44.47321428571428 8.095373376623456
56.465909090909065 4.897321428571502
54.866883116883116 17.68952922077932
65.26055194805195 16.890016233766346
77.25324675324674 24.885146103896204
81.25081168831167 16.890016233766346
119.62743506493507 19.28855519480527
167.59821428571428 20.088068181818244
187.58603896103892 17.68952922077932
191.58360389610385 4.897321428571502
203.57629870129864 5.696834415584476
201.17775974025966 23.2861201298702
206.77435064935065 16.890016233766346
216.36850649350646 4.897321428571502
223.5641233766234 5.696834415584476
227.56168831168833 25.68465909090918
177.99188311688312 106.43547077922085
195.58116883116878 97.64082792207796
205.97483766233762 94.44277597402606
217.9675324675324 92.04423701298708
231.55925324675326 92.04423701298708
228.36120129870125 82.45008116883128
244.35146103896096 89.6456980519481
244.35146103896096 78.45251623376629
255.54464285714283 23.2861201298702
265.13879870129864 22.486607142857224
177.19237012987008 117.62865259740266
189.18506493506487 112.83157467532476
202.77678571428572 107.23498376623382
283.52759740259734 22.486607142857224
279.5300324675324 13.691964285714391
275.5324675324675 5.696834415584476
309.9115259740259 8.095373376623456
294.7207792207792 6.496347402597507
290.7232142857143 16.890016233766346
314.70860389610385 19.28855519480527
322.7037337662337 16.090503246753315
328.3003246753246 6.496347402597507
330.69886363636357 21.68709415584425
340.2930194805195 21.68709415584425
345.88961038961037 6.496347402597507
360.28084415584414 8.095373376623456
350.6866883116882 17.68952922077932
358.6818181818182 19.28855519480527
380.2686688311688 19.28855519480527
397.85795454545445 8.89488636363643
413.04870129870125 8.095373376623456
420.2443181818181 8.89488636363643
433.0365259740259 16.090503246753315
413.8482142857143 24.885146103896204
437.0340909090908 6.496347402597507
445.0292207792207 5.696834415584476
444.22970779220776 19.28855519480527
466.6160714285714 6.496347402597507
480.2077922077921 13.691964285714391
477.0097402597402 2.4987824675325783
181.189935064935 171.99553571428578
181.98944805194805 159.20332792207796
191.58360389610385 161.60186688311694
186.786525974026 149.60917207792215
194.78165584415586 143.21306818181824
206.77435064935065 136.81696428571433
197.18019480519473 133.61891233766244
199.5787337662337 120.02719155844159
207.57386363636357 122.42573051948057
217.1680194805195 125.62378246753251
224.36363636363632 114.43060064935071
227.56168831168833 108.83400974025983
238.75487012987008 107.23498376623382
239.55438311688312 132.8193993506494
230.75974025974023 128.0223214285715
223.5641233766234 139.21550324675331
213.17045454545456 139.21550324675331
230.75974025974023 144.01258116883128
227.56168831168833 148.80965909090912
205.1753246753247 148.0101461038962
218.76704545454544 161.60186688311694
208.3733766233766 156.00527597402606
193.98214285714283 174.39407467532476
192.38311688311688 184.7877435064936
184.38798701298703 187.9857954545455
209.97240259740255 182.38920454545462
208.3733766233766 173.59456168831173
219.56655844155847 179.99066558441564
223.5641233766234 174.39407467532476
221.16558441558442 195.98092532467535
213.17045454545456 195.98092532467535
208.3733766233766 204.77556818181824
242.752435064935 212.7706980519481
242.752435064935 190.38433441558448
241.9529220779221 160.002840909091
253.94561688311688 157.604301948052
245.150974025974 171.19602272727275
254.74512987012977 183.1887175324676
251.5470779220779 195.98092532467535
259.54220779220776 193.58238636363643
257.9431818181818 205.57508116883122
274.73295454545456 212.7706980519481
273.93344155844153 203.9760551948052
302.71590909090907 295.92004870129875
310.7110389610389 273.5336850649351
322.7037337662337 295.92004870129875
327.50081168831167 313.5093344155845
337.8944805194805 312.70982142857144
321.9042207792208 311.1107954545455
345.09009740259734 285.5263798701299
366.67694805194805 283.12784090909093
382.66720779220776 279.929788961039
394.65990259740255 280.729301948052
399.4569805194805 312.70982142857144
263.5397727272727 84.8486201298702
272.3344155844156 84.04910714285722
279.5300324675324 84.04910714285722
284.32711038961037 78.45251623376629
288.3246753246753 92.84375000000006
273.93344155844153 97.64082792207796
268.33685064935065 90.44521103896113
263.5397727272727 97.64082792207796
273.93344155844153 108.83400974025983
257.1436688311688 108.83400974025983
281.12905844155836 120.82670454545462
294.7207792207792 93.64326298701303
305.11444805194805 94.44277597402606
311.51055194805195 94.44277597402606
309.112012987013 83.24959415584425
325.1022727272727 84.8486201298702
328.3003246753246 80.85105519480527
351.48620129870125 83.24959415584425
364.27840909090907 84.8486201298702
393.0608766233766 80.85105519480527
397.85795454545445 80.85105519480527
415.4472402597402 84.8486201298702
437.0340909090908 81.65056818181824
449.82629870129864 19.28855519480527
444.22970779220776 83.24959415584425
476.2102272727272 90.44521103896113
482.6063311688311 92.04423701298708
481.00730519480516 82.45008116883128
263.5397727272727 176.79261363636368
272.3344155844156 179.19115259740266
269.9358766233766 167.99797077922085
596.9366883116882 184.7877435064936
238.75487012987008 124.02475649350657
265.13879870129864 132.01988636363643
252.3465909090908 136.81696428571433
261.1412337662337 144.8120941558442
273.93344155844153 140.0150162337663
299.51785714285705 104.8364448051949
314.70860389610385 103.2374188311689
322.7037337662337 93.64326298701303
334.6964285714285 96.04180194805201
328.3003246753246 103.2374188311689
293.12175324675326 115.23011363636374
306.71347402597405 134.61830357142867
310.31128246753246 124.62439123376635
289.5239448051948 127.42268668831179
333.4971590909091 125.82366071428581
337.49472402597405 135.01806006493516
344.29058441558436 133.8187905844157
350.6866883116883 144.2124594155845
331.49837662337654 145.0119724025975
319.10592532467535 143.01318993506504
304.7146915584416 149.00953733766244
296.3198051948052 149.8090503246754
282.72808441558436 145.0119724025975
279.929788961039 170.1966314935066
290.7232142857142 135.81757305194816
320.7049512987013 123.02536525974034
328.30032467532465 110.63291396103907
342.6915584415584 103.83705357142867
349.0876623376623 97.0411931818183
352.2857142857142 106.23559253246765
356.28327922077915 93.44338474025983
365.87743506493507 93.84314123376635
375.8713474025974 106.23559253246765
366.676948051948 105.03632305194816
357.8823051948052 112.23193993506504
357.8823051948052 121.42633928571439
355.48376623376623 125.0241477272728
345.0900974025974 121.82609577922088
359.48133116883116 133.8187905844157
361.87987012987014 147.01075487012997
376.6708603896103 146.21124188311697
376.2711038961039 131.02049512987023
369.4752435064935 119.02780032467541
382.6672077922078 120.62682629870142
378.2698863636364 112.23193993506504
382.6672077922078 105.03632305194816
393.8603896103896 99.03997564935077
387.8640422077922 89.4458198051949
382.2674512987013 95.4421672077923
415.4472402597403 93.84314123376635
403.4545454545454 89.84557629870142
322.30397727272725 138.6158685064936
404.65381493506493 122.22585227272737
411.84943181818176 121.82609577922088
412.2491883116883 112.23193993506504
398.257711038961 107.8346185064936
392.2613636363636 111.03267045454555
390.6623376623377 130.22098214285722
383.86647727272725 130.22098214285722
386.26501623376623 144.2124594155845
395.0596590909091 141.41416396103904
400.2564935064935 151.0083198051949
407.4521103896103 145.0119724025975
410.2504058441558 136.61708603896113
425.0413961038961 145.81148538961048
421.04383116883116 154.20637175324686
421.04383116883116 204.57568993506504
424.6416396103896 220.96570616883128
385.0657467532467 244.95109577922088
376.2711038961039 245.75060876623385
366.676948051948 243.7518262987014
355.48376623376623 242.55255681818193
327.90056818181813 248.9486607142858
317.1071428571428 250.54768668831179
297.91883116883116 244.1515827922079
291.92248376623377 213.7700892857144
293.1217532467532 204.57568993506504
298.7183441558441 206.5744724025975
289.9237012987013 194.5817775974027
283.9273538961039 179.39103084415595
291.52272727272725 164.99979707792218
286.3258928571428 162.6012581168832
308.3125 170.1966314935066
305.913961038961 182.5890827922079
293.5215097402597 178.99127435064946
318.3064123376623 178.59151785714295
317.1071428571428 187.7859172077923
325.90178571428567 170.1966314935066
334.29667207792204 168.19784902597414
343.89082792207785 176.59273538961048
348.6879058441558 188.98518668831179
356.28327922077915 186.18689123376632
336.2954545454545 187.3861607142858
337.09496753246754 176.59273538961048
327.90056818181813 194.1820211038962
316.7073863636364 203.77617694805204
307.9127435064935 215.76887175324686
323.9030032467532 213.7700892857144
328.30032467532465 222.56473214285725
336.2954545454545 202.17715097402606
341.8920454545454 194.1820211038962
350.6866883116883 200.9778814935066
359.08157467532465 213.7700892857144
342.6915584415584 222.96448863636374
367.87621753246754 220.56594967532476
366.2771915584416 202.57690746753258
373.4728084415584 196.58056006493516
374.27232142857144 189.78469967532476
362.27962662337654 192.58299512987023
140.4147727272727 250.54768668831179
259.1424512987013 158.20393668831179
78.85227272727275 104.03693181818176
71.65665584415586 97.64082792207785
184.38798701298703 126.42329545454538
380.26866883116884 210.372159090909
390.6623376623377 199.17897727272725
402.65503246753246 195.98092532467524
401.0560064935065 207.1741071428571
386.66477272727275 221.56534090909088
433.836038961039 221.56534090909088
446.6282467532467 221.56534090909088
457.82142857142856 221.56534090909088
433.836038961039 203.9760551948051
485.00487012987014 218.36728896103887
490.601461038961 221.56534090909088
522.5819805194805 241.55316558441552
537.7727272727273 245.55073051948045
508.1907467532467 268.73660714285705
501.7946428571428 273.533685064935
487.403409090909 273.533685064935
468.2150974025974 275.13271103896096
450.6258116883116 279.1302759740259
435.43506493506493 279.92978896103887
440.2321428571428 280.7293019480519
421.04383116883116 285.5263798701298
417.84577922077915 303.9151785714285
437.0340909090909 311.1107954545454
314.7086038961039 330.29910714285705
342.6915584415584 335.096185064935
345.8896103896104 325.50202922077915
350.6866883116883 311.1107954545454
360.2808441558441 316.7073863636363
368.27597402597405 322.3039772727272
360.2808441558441 346.2893668831168
351.4862012987013 346.2893668831168
333.0974025974026 343.89082792207785
321.90422077922074 359.88108766233756
314.7086038961039 347.0888798701298
331.49837662337666 363.0791396103895
294.72077922077926 363.0791396103895
271.5349025974026 372.6732954545454
269.1363636363636 364.6781655844155
346.2893668831168 364.87804383116884
343.0913149350648 355.283887987013
353.88474025974017 357.28267045454544
341.8920454545454 376.8707386363636
330.29910714285705 381.66781655844153
360.6806006493506 390.06270292207785
369.8749999999999 386.46489448051943
371.47402597402584 377.6702516233766
378.26988636363626 372.07366071428567
380.66842532467524 362.07974837662334
399.85673701298697 357.28267045454544
406.25284090909076 356.48315746753246
400.6562499999999 336.8950892857143
388.6635551948051 335.2960633116883
380.66842532467524 330.09922889610385
406.6525974025973 320.9048295454545
437.4338474025973 302.9157873376623
451.42532467532453 306.51359577922074
456.622159090909 301.3167613636364
464.21753246753235 298.5184659090909
454.62337662337654 311.3106737012987
446.6282467532467 315.3082386363636
469.0146103896103 320.50507305194805
478.2090097402596 297.31919642857144
484.205357142857 296.5196834415584
493.3997564935064 296.1199269480519
480.20779220779207 325.30215097402595
206.7743506493506 444.429586038961
377.87012987012974 416.44663149350646
389.0633116883116 406.8524756493506
394.260146103896 388.0639204545454
407.4521103896103 391.66172889610385
417.0462662337661 388.8634334415584
418.24553571428567 406.4527191558441
403.4545454545454 408.0517451298701
401.85551948051943 416.8463879870129
376.2711038961038 433.63616071428567
387.46428571428567 423.64224837662334
411.44967532467524 427.6398133116883
427.43993506493496 416.44663149350646
427.43993506493496 402.0553977272727
436.63433441558436 403.2546672077922
441.8311688311687 414.04809253246754
450.6258116883116 400.4563717532467
460.2199675324674 411.24979707792204
469.81412337662323 416.8463879870129
459.8202110389609 436.43445616883116
447.0280032467532 442.830560064935
435.0353084415583 439.23275162337654
422.2431006493506 445.62885551948045
438.2333603896103 460.41984577922074
449.42654220779207 454.42349837662334
472.2126623376622 449.6264204545454
473.01217532467524 468.8147321428571
429.0389610389609 355.68364448051943
421.04383116883105 360.0809659090909
418.64529220779207 369.2753652597402
438.6331168831168 364.87804383116884
447.8275162337661 342.89143668831167
441.8311688311687 384.46611201298697
459.8202110389609 378.8695211038961
470.61363636363626 376.8707386363636
468.2150974025973 362.07974837662334
464.61728896103887 342.49168019480516
483.4058441558441 351.286323051948
492.20048701298686 347.6885146103896
489.00243506493496 390.06270292207785
476.21022727272714 397.2583198051948
467.41558441558436 404.05418019480516
475.4107142857142 410.8500405844155
488.60267857142844 430.03835227272725
481.0073051948051 437.6337256493506
491.40097402597394 451.62520292207785
487.0036525974025 471.2132711038961
494.59902597402584 398.4575892857142
271.5349025974025 266.53794642857144
298.7183441558441 266.53794642857144
266.33806818181813 346.4892451298701
506.5917207792207 366.676948051948
518.5844155844154 369.07548701298697
528.9780844155844 365.877435064935
510.5892857142856 370.674512987013
511.3887987012985 346.68912337662334
500.19561688311677 332.2978896103896
504.1931818181817 321.10470779220776
514.5868506493505 325.1022727272727
522.5819805194803 323.5032467532467
530.5771103896102 315.5081168831168
521.7824675324673 309.91152597402595
505.79220779220765 307.51298701298697
503.39366883116867 295.5202922077922
513.7873376623374 293.92126623376623
522.5819805194803 285.9261363636364
539.3717532467531 301.9163961038961
553.762987012987 298.71834415584414
557.7605519480519 393.8603896103896
536.9732142857142 384.26623376623377
527.3790584415583 391.4618506493506
504.1931818181817 389.86282467532465
498.5965909090908 383.46672077922074
508.19074675324663 400.2564935064935
499.39610389610374 408.25162337662334
513.7873376623374 409.8506493506493
517.7849025974024 402.65503246753246
505.3924512987012 459.6203327922079
518.5844155844155 441.2315340909092
497.39732142857133 435.2351866883118
509.78977272727263 423.64224837662346
523.7812499999999 422.44297889610397
538.5722402597402 414.84760551948057
530.5771103896103 405.25344967532476
540.1712662337661 400.05661525974034
548.965909090909 403.2546672077923
552.1639610389609 446.82812500000006
554.5624999999999 439.2327516233767
543.7690746753246 434.83543019480527
526.5795454545454 466.0164366883117
525.7800324675324 482.40645292207796
538.1724837662337 482.0066964285715
551.364448051948 468.8147321428572
561.7581168831168 456.82203733766244
575.3498376623376 472.81229707792215
572.5515422077921 452.0249594155845
583.7447240259739 446.82812500000006
593.3388798701297 446.82812500000006
583.3449675324674 433.6361607142858
596.1371753246752 430.4381087662338
603.7325487012986 424.84151785714295
593.3388798701297 405.25344967532476
591.3400974025973 396.8585633116884
579.3474025974025 394.06026785714295
569.3534902597402 416.84638798701303
563.7568993506493 424.04200487013
560.5588474025973 430.4381087662338
574.1505681818181 424.84151785714295
592.1396103896103 465.61668019480527
600.1347402597402 463.21814123376635
608.9293831168831 462.4186282467533
620.9220779220778 462.4186282467533
614.5259740259739 446.82812500000006
621.7215909090909 441.2315340909092
634.5137987012986 439.2327516233767
646.106737012987 433.6361607142858
637.3120941558441 423.64224837662346
630.9159902597402 406.8524756493507
623.7203733766233 402.45515422077926
608.5296266233765 404.4539366883118
612.5271915584415 395.6592938311689
596.5369318181818 386.86465097402606
608.12987012987 382.0675730519481
602.9330357142857 356.88291396103904
584.544237012987 364.47828733766244
570.9525162337661 356.08340097402606
558.5600649350648 352.08583603896113
545.7678571428571 352.08583603896113
535.3741883116883 346.4892451298702
554.1627435064934 336.4953327922079
560.1590909090909 334.4965503246754
574.5503246753246 343.69094967532476
612.5271915584415 350.88656655844164
618.1237824675324 349.28754058441564
636.1128246753245 352.08583603896113
644.9074675324674 361.67999188311694
636.9123376623376 366.0773133116884
626.1189123376622 368.07609577922085
628.1176948051947 390.4624594155845
640.1103896103896 389.26318993506504
654.1018668831168 373.27293019480527
657.2999188311687 386.46489448051955
642.908685064935 361.67999188311694
648.9050324675324 349.28754058441564
672.890422077922 355.28388798701303
685.6826298701297 350.4868100649351
645.3072240259739 336.4953327922079
612.127435064935 336.4953327922079
638.91112012987 490.4015827922079
646.9062499999999 491.20109577922085
662.8965097402596 484.80499188311694
645.3072240259739 520.3833198051949
682.0848214285713 483.205965909091
666.4943181818181 472.81229707792215
662.0969967532467 454.42349837662346
672.090909090909 448.42715097402606
672.090909090909 432.43689123376635
664.4955357142857 434.83543019480527
664.4955357142857 418.0456574675326
650.1043019480519 451.2254464285715
642.109172077922 454.42349837662346
636.512581168831 457.6215503246754
634.1140422077921 470.8135146103897
679.6862824675324 447.62763798701303
683.2840909090909 398.85734577922085
672.4906655844155 377.6702516233767
686.0823863636363 373.6726866883117
618.5235389610389 423.64224837662346
504.59293831168844 189.78469967532473
491.8007305194807 173.794439935065
480.60754870129887 172.994926948052
469.414366883117 168.99736201298708
454.62337662337677 168.1978490259741
453.4241071428573 156.2051542207793
465.8165584415586 160.6024756493507
453.02435064935077 139.41538149350657
447.02800324675337 139.01562500000006
436.2345779220781 153.40685876623382
435.0353084415586 163.0010146103897
439.8323863636365 145.01197240259745
420.24431818181836 117.4287743506494
422.2431006493508 128.22219967532476
423.44237012987026 111.43242694805201
429.83847402597416 106.23559253246759
440.232142857143 105.8358360389611
449.02678571428584 105.43607954545462
461.0194805194807 105.8358360389611
474.21144480519496 103.03754058441564
486.20413961038975 102.63778409090915
490.2017045454547 108.23437500000006
477.80925324675337 116.62926136363643
472.61241883116895 119.42755681818187
467.41558441558453 119.42755681818187
461.41923701298714 125.82366071428578
448.6270292207794 121.42633928571433
438.633116883117 121.42633928571433
436.63433441558453 129.8212256493507
468.21509740259756 131.0204951298702
475.41071428571445 129.42146915584422
491.00121753246765 130.6207386363637
498.59659090909105 133.41903409090918
492.60024350649365 154.60612824675331
481.40706168831184 151.00831980519487
474.6112012987014 158.60369318181824
473.81168831168844 139.01562500000006
471.4131493506495 147.81026785714292
506.19196428571445 167.3983360389611
549.3656655844158 287.72504058441564
562.9573863636365 286.1260146103897
576.1493506493507 285.32650162337666
584.5442370129872 290.52333603896113
556.1615259740261 264.1394074675325
560.159090909091 242.15280032467538
571.7520292207794 247.3496347402598
589.3413149350652 239.75426136363643
594.5381493506495 239.75426136363643
604.5320616883118 256.94379058441564
566.555194805195 225.76278409090915
580.5466720779223 224.5635146103897
572.5515422077924 226.16254058441564
589.7410714285716 217.7676542207793
598.5357142857144 207.37398538961045
588.9415584415585 191.3837256493507
577.7483766233768 193.38250811688317
571.7520292207794 199.3788555194806
562.5576298701301 198.1795860389611
555.7617694805197 197.38007305194813
546.5673701298703 197.38007305194813
543.3693181818182 206.57447240259748
536.1737012987014 199.77861201298708
523.3814935064936 195.38129058441567
538.5722402597404 187.78591720779227
543.3693181818182 180.1905438311689
532.9756493506495 176.99249188311694
505.79220779220793 180.59030032467538
514.5868506493507 113.83096590909099
511.7885551948053 100.63900162337669
497.39732142857156 90.24533279220788
499.79586038961054 81.8504464285715
521.7824675324676 77.85288149350657
537.7727272727275 77.45312500000006
544.1688311688313 87.04728084415592
534.174918831169 100.63900162337669
544.1688311688313 98.64021915584422
549.3656655844158 103.03754058441564
542.9695616883118 113.83096590909099
539.3717532467533 123.82487824675331
529.377840909091 108.63413149350657
519.3839285714287 97.04119318181824
553.3632305194807 118.6280438311689
563.7568993506495 118.22828733766241
564.5564123376626 107.43486201298708
557.3607954545456 98.64021915584422
572.9512987012988 70.25750811688317
590.1408279220781 77.45312500000006
583.3449675324676 87.04728084415592
576.9488636363637 86.24776785714292
568.5539772727275 89.84557629870136
558.9598214285716 78.65239448051955
576.9488636363637 100.63900162337669
593.7386363636365 88.64630681818187
603.3327922077924 101.83827110389618
604.9318181818182 113.03145292207799
594.9379058441559 111.83218344155853
598.5357142857144 122.22585227272734
596.1371753246755 129.8212256493507
590.940340909091 133.81879058441564
580.5466720779223 126.62317370129875
573.3510551948053 133.41903409090918
572.5515422077924 108.63413149350657
585.3437500000001 108.23437500000006
541.3705357142858 143.812702922078
527.3790584415585 127.82244318181824
521.3827110389611 115.82974837662346
514.5868506493507 131.0204951298702
513.3875811688313 145.41172889610397
507.3912337662339 145.01197240259745
502.9939123376625 155.0058847402598
510.58928571428584 155.0058847402598
508.9902597402599 168.59760551948057
524.1810064935066 168.1978490259741
522.1822240259742 154.60612824675331
522.1822240259742 146.21124188311694
540.5710227272729 155.8053977272728
536.9732142857144 166.19906655844164
550.1651785714287 165.79931006493513
558.5600649350652 157.80418019480527
565.755681818182 157.80418019480527
559.7593344155846 145.41172889610397
576.9488636363637 165.79931006493513
571.7520292207794 168.99736201298708
561.758116883117 176.99249188311694
584.5442370129872 184.98762175324683
585.3437500000001 174.1941964285715
595.3376623376626 176.59273538961045
606.9306006493507 174.99370941558448
604.1323051948053 193.38250811688317
602.9330357142858 132.61952110389618
482.60633116883133 144.612215909091
704.0714285714286 443.0304383116884
704.8709415584416 459.8202110389611
716.8636363636364 466.216314935065
708.0689935064935 479.8080357142857
735.2524350649351 470.2138798701299
742.4480519480519 464.617288961039
744.8465909090908 457.4216720779221
714.4650974025974 444.62946428571433
722.4602272727273 436.6343344155845
709.6680194805194 423.84212662337666
693.6777597402597 426.24066558441564
680.086038961039 429.43871753246754
695.2767857142857 396.65868506493507
704.0714285714286 384.6659902597403
713.6655844155844 375.0718344155845
704.0714285714286 368.67573051948057
697.6753246753246 356.6830357142858
705.6704545454545 356.6830357142858
698.4748376623377 341.492288961039
710.4675324675325 341.492288961039
715.2646103896104 334.2966720779221
717.6631493506493 323.9030032467533
691.2792207792207 329.4995941558442
728.8563311688312 365.4776785714286
736.851461038961 364.67816558441564
745.6461038961039 361.4801136363637
756.8392857142857 359.8810876623377
752.8417207792207 345.4898538961039
744.047077922078 348.68790584415586
736.851461038961 350.28693181818187
724.0592532467532 350.28693181818187
548.1663961038961 322.3039772727273
554.5625 306.31371753246754
554.5625 319.10592532467535
569.7532467532467 323.9030032467533
584.9439935064935 315.1083603896104
584.1444805194806 300.71712662337666
595.3376623376623 300.71712662337666
604.9318181818182 299.9176136363637
613.726461038961 291.1229707792208
579.3474025974026 330.29910714285717
604.9318181818182 322.3039772727273
600.9342532467533 311.1107954545455
616.125 308.7122564935065
624.9196428571429 311.91030844155847
598.5357142857142 328.7000811688312
588.1420454545455 334.2966720779221
591.3400974025974 314.30884740259745
529.3778409090909 305.31432629870136
613.726461038961 209.7725243506494
621.3218344155844 204.1759334415585
630.1164772727273 202.976663961039
638.9111201298701 202.976663961039
634.1140422077922 234.557426948052
622.9208603896104 236.55620941558448
612.5271915584415 238.15523538961045
624.1201298701299 256.94379058441564
614.9257305194806 256.94379058441564
633.3145292207791 254.1454951298702
567.7544642857142 304.11505681818187
641.309659090909 288.5245535714286
638.9111201298701 265.338676948052
963.9131493506493 640.5101461038961
941.5267857142857 649.304788961039
936.7297077922078 659.6984577922078
927.9350649350649 668.4931006493507
918.3409090909091 671.6911525974026
891.9569805194805 664.4955357142858
975.9058441558442 642.9086850649351
963.9131493506493 614.1262175324675
975.9058441558442 578.9476461038961
968.7102272727273 558.1603084415585
738.8502435064936 398.85734577922074
749.2439123376623 395.65929383116884
748.8441558441559 384.0663555194805
756.0397727272727 376.0712256493506
773.229301948052 373.67268668831167
782.4237012987013 370.87439123376623
784.8222402597403 357.6824269480519
782.0239448051948 342.0919237012987
758.8380681818182 337.69460227272725
743.2475649350649 332.49776785714283
731.6546266233767 323.703125
763.2353896103896 328.10044642857144
770.830762987013 323.703125
778.0263798701299 319.70556006493507
801.2122564935065 325.30215097402595
799.6132305194806 333.6970373376623
793.2171266233767 338.09435876623377
795.2159090909091 346.8890016233766
808.8076298701299 354.0846185064935
810.0068993506493 366.4770698051948
797.2146915584416 371.2741477272727
787.6205357142858 389.66294642857144
778.0263798701299 393.6605113636364
763.2353896103896 389.66294642857144
772.0300324675325 407.2522321428571
762.0361201298701 408.05174512987014
736.8514610389611 415.24736201298697
742.0482954545455 409.6507711038961
749.2439123376623 412.44906655844153
792.8173701298701 402.4551542207792
778.4261363636364 406.45271915584414
737.650974025974 433.2364042207792
766.0336850649351 426.44054383116884
769.231737012987 441.6312905844155
729.6558441558442 450.82568993506493
727.2573051948052 462.01887175324674
756.0397727272727 462.8183847402597
761.2366071428571 451.6252029220779
782.0239448051948 454.42349837662334
794.4163961038962 452.4247159090909
786.8210227272727 477.609375
773.6290584415585 488.80255681818176
808.4078733766235 497.19744318181813
817.2025162337662 493.5996347402597
824.7978896103896 495.9981737012987
838.7893668831168 486.8037743506493
843.9862012987013 480.40767045454544
874.3676948051948 488.00304383116884
869.5706168831168 475.210836038961
886.7601461038962 472.01278409090907
896.3543019480519 461.21935876623377
909.1465097402597 475.61059253246754
923.5377435064936 462.01887175324674
933.9314123376623 464.8171672077922
947.5231331168832 459.2205762987013
940.3275162337662 498.3967126623377
947.5231331168832 433.63616071428567
960.315340909091 406.8524756493506
949.921672077922 398.05783279220776
939.5280032467533 410.8500405844156
933.1318993506493 411.24979707792204
927.5353084415585 413.648336038961
918.3409090909091 425.24127435064935
904.7491883116884 437.6337256493506
893.5560064935065 439.63250811688306
881.5633116883117 452.8244724025974
871.9691558441559 446.02861201298697
859.5767045454545 452.8244724025974
836.7905844155844 453.2242288961039
728.0568181818182 387.6641639610389
797.6144480519481 395.65929383116884
798.8137175324675 384.46611201298697
802.4115259740261 404.45393668831167
810.0068993506493 391.2619724025974
818.8015422077922 387.6641639610389
816.0032467532468 402.4551542207792
828.3956980519481 396.4588068181818
829.994724025974 390.0627029220779
836.7905844155844 380.46854707792204
826.3969155844156 365.2778003246753
819.2012987012988 327.3009334415584
837.9898538961039 334.8963068181818
831.9935064935065 350.48681006493507
822.3993506493507 354.0846185064935
872.7686688311688 358.88169642857144
852.3810876623377 333.6970373376623
858.7771915584416 346.8890016233766
849.5827922077922 508.390625
818.8015422077922 476.010349025974
809.6071428571429 452.4247159090909
807.6083603896104 437.6337256493506
814.4042207792209 434.83543019480516
821.5998376623377 439.63250811688306
790.8185876623377 423.64224837662334
798.0142045454545 420.4441964285714
804.8100649350649 418.04565746753246
816.8027597402597 419.2449269480519
826.3969155844156 417.64590097402595
834.3920454545455 414.04809253246754
842.7869318181819 409.6507711038961
849.5827922077922 415.24736201298697
857.1781655844156 414.04809253246754
856.3786525974026 427.2400568181818
844.3859577922078 432.0371347402597
837.5900974025974 437.6337256493506
866.7723214285714 432.0371347402597
871.9691558441559 423.64224837662334
883.5620941558442 427.6398133116883
869.9703733766235 412.44906655844153
942.3262987012988 474.8110795454545
929.9338474025974 428.4393262987013
938.7284902597403 426.44054383116884
950.3214285714287 392.4612418831169
951.9204545454545 376.8707386363636
938.3287337662338 378.4697646103896
923.137987012987 395.2595373376623
916.3421266233767 388.06392045454544
906.3482142857143 390.0627029220779
900.7516233766235 396.8585633116883
895.1550324675325 401.65564123376623
886.3603896103896 408.05174512987014
893.955762987013 419.2449269480519
901.9508928571429 423.64224837662334
842.7869318181819 393.26075487012986
852.3810876623377 393.6605113636364
862.7747564935065 387.26440746753246
859.9764610389611 398.05783279220776
835.1915584415585 347.6885146103896
891.557224025974 385.66538149350646
880.3640422077922 389.66294642857144
875.9667207792209 374.07244318181813
849.1830357142858 379.66903409090907
882.7625811688313 343.29119318181813
875.5669642857143 330.8987418831168
881.5633116883117 325.70190746753246
888.359172077922 326.9011769480519
832.7930194805194 326.50142045454544
807.6083603896104 327.3009334415584
860.3762175324675 322.5038555194805
909.1465097402597 322.90361201298697
915.5426136363637 323.703125
943.9253246753246 334.8963068181818
957.117288961039 334.09679383116884
955.1185064935065 361.6799918831168
942.7260551948052 365.2778003246753
820.0008116883117 398.05783279220776
842.7869318181819 322.90361201298697
883.5620941558443 960.7150974025975
955.5182629870128 936.7297077922078
970.2093141233768 529.9774756493507
980.2032264610391 561.9579951298701
983.401278409091 530.7769886363636
979.0039569805197 507.59111201298697
982.6017654220781 489.2023133116883
965.4122362012988 479.20840097402595
983.8010349025975 471.6130275974026
498.9963474025975 674.8892045454547
511.7885551948052 638.9111201298704
446.2284902597404 526.9793019480521
422.2431006493507 537.372970779221
147.01075487012992 348.6879058441559
979.5036525974028 754.4407467532468
965.1124188311687 770.4310064935065
977.9046266233768 714.4650974025975
652.5028409090911 321.304586038961
647.3060064935066 321.304586038961
639.7106331168833 326.101663961039
620.9220779220781 325.30215097402595
649.7045454545456 250.1479301948052
661.2974837662339 248.54890422077924
652.1030844155846 233.3581574675325
659.2987012987014 205.77495941558442
641.3096590909092 190.58421266233768
618.1237824675327 186.98640422077924
610.1286525974028 185.78713474025977
679.2865259740261 378.0700081168831
724.0592532467534 316.9072646103896
708.0689935064936 314.9084821428571
702.4724025974028 320.50507305194805
714.4650974025976 309.31189123376623
682.4845779220781 303.71530032467535
677.2877435064936 313.7092126623377
671.6911525974028 300.1174918831169
658.898944805195 304.51481331168833
665.2950487012988 321.304586038961
691.279220779221 302.9157873376623
664.8952922077924 289.72382305194805
654.101866883117 288.1247970779221
651.7033279220781 271.33502435064935
660.497970779221 274.5330762987013
672.8904220779223 250.1479301948052
673.2901785714287 234.15767045454547
664.8952922077924 228.56107954545456
675.2889610389611 200.17836850649354
699.6741071428573 224.96327110389612
689.2804383116885 227.7615665584416
683.6838474025976 253.34598214285717
676.0884740259742 260.14184253246754
661.2974837662339 262.94013798701303
645.3072240259742 261.341112012987
691.6789772727275 281.7286931818182
695.2767857142859 272.53429383116884
708.4687500000002 271.73478084415586
709.2682629870131 262.140625
695.2767857142859 258.5428165584416
688.880681818182 260.54159902597405
672.0909090909092 272.93405032467535
678.8867694805197 270.5355113636364
683.2840909090911 220.5659496753247
678.4870129870131 233.3581574675325
713.2658279220781 224.96327110389612
723.2597402597404 222.16497564935065
752.4419642857144 294.1211444805195
742.0482954545456 295.320413961039
734.8526785714287 292.5221185064935
737.6509740259742 306.5135957792208
751.6424512987014 307.31310876623377
764.4346590909092 304.51481331168833
768.4322240259742 301.7165178571429
769.6314935064936 293.3216314935065
782.023944805195 304.51481331168833
790.8185876623378 299.3179788961039
784.8222402597404 286.9255275974026
789.6193181818184 288.1247970779221
718.062905844156 282.9279626623377
717.6631493506495 298.9182224025974
726.4577922077924 272.53429383116884
734.8526785714287 267.73721590909093
748.8441558441559 269.7359983766234
759.2378246753249 268.5367288961039
769.6314935064936 267.3374594155844
787.2207792207794 276.9316152597403
717.6631493506495 256.1442775974026
711.2670454545456 246.15036525974028
719.2621753246755 245.35085227272728
742.0482954545456 222.96448863636365
747.2451298701301 233.3581574675325
763.6351461038962 228.16132305194807
771.2305194805197 220.9657061688312
780.424918831169 226.5622970779221
773.2293019480521 242.15280032467535
781.224431818182 242.15280032467535
786.8210227272729 248.94866071428572
772.8295454545456 251.74695616883116
758.4383116883118 252.14671266233768
744.0470779220781 256.9437905844156
739.2500000000002 245.75060876623377
731.2548701298704 227.7615665584416
800.8125000000002 212.17106331168833
812.005681818182 210.97179383116884
804.8100649350652 220.9657061688312
790.8185876623378 224.16375811688312
799.2134740259742 238.9547483766234
799.6132305194807 252.94622564935065
796.4151785714287 261.341112012987
788.4200487012988 257.74330357142856
778.825892857143 263.3398944805195
799.6132305194807 274.1333198051948
815.2037337662339 250.9474431818182
820.0008116883118 226.5622970779221
815.6034902597404 219.3666801948052
824.7978896103898 210.97179383116884
825.1976461038962 243.35206980519482
770.0312500000002 313.7092126623377
791.6181006493508 314.9084821428571
801.2122564935066 304.51481331168833
809.2073863636365 296.91943993506493
800.8125000000002 289.72382305194805
802.4115259740261 281.3289366883117
813.6047077922079 285.32650162337666
692.0787337662339 246.15036525974028
780.8246753246755 186.18689123376626
773.2293019480521 184.58786525974028
800.0129870129872 186.98640422077924
807.208603896104 185.78713474025977
821.5998376623378 261.341112012987
816.4030032467533 259.742086038961
820.8003246753249 296.11992694805195
826.7966720779223 308.51237824675326
816.80275974026 244.5513392857143
818.4017857142859 183.3885957792208
966.1623376623377 392.62012987013
981.7662337662338 399.5551948051949
973.0974025974026 403.6006493506494
967.8961038961039 438.27597402597416
960.3831168831168 435.9642857142858
963.2727272727273 423.82792207792215
950.5584415584416 423.82792207792215
909.525974025974 409.9577922077923
885.831168831169 370.08116883116895
895.077922077922 371.2370129870131
895.6558441558442 358.52272727272737
888.7207792207793 340.607142857143
899.7012987012988 336.5616883116884
905.4805194805194 340.607142857143
903.1688311688313 352.74350649350663
912.9935064935065 351.0097402597404
904.3246753246754 356.78896103896113
923.9740259740261 369.50324675324686
921.6623376623377 351.0097402597404
920.5064935064936 342.34090909090924
922.2402597402597 316.9123376623378
926.8636363636364 314.02272727272737
858.0909090909091 271.2564935064936
839.5974025974026 282.2370129870131
845.3766233766235 268.36688311688323
850.0 290.9058441558443
841.909090909091 291.48376623376635
849.422077922078 303.04220779220793
859.8246753246754 299.57467532467547
862.7142857142858 293.7954545454547
871.3831168831169 300.7305194805196
877.1623376623377 290.3279220779222
902.012987012987 300.1525974025975
891.0324675324675 297.84090909090924
899.7012987012988 286.86038961038975
869.6493506493507 316.9123376623378
876.0064935064936 319.22402597402606
882.9415584415585 314.60064935064946
895.077922077922 322.1136363636365
906.6363636363637 314.60064935064946
843.6428571428571 451.568181818182
868.4935064935065 265.47727272727286
867.9155844155845 279.9253246753248
977.1428571428571 467.172077922078
973.0974025974026 459.659090909091
983.5 415.73701298701303
965.0064935064936 368.92532467532476
974.8311688311688 368.92532467532476
967.3181818181819 360.8344155844157
966.7402597402597 348.69805194805207
967.8961038961039 334.2500000000001
975.409090909091 329.0487012987014
978.8766233766235 319.80194805194816
978.2987012987013 363.146103896104
981.1883116883117 349.27597402597416
958.0714285714287 327.3149350649352
953.4480519480519 320.9577922077923
937.8441558441559 322.6915584415585
954.025974025974 306.5097402597404
957.4935064935065 314.02272727272737
966.1623376623377 305.9318181818183
970.2077922077922 296.68506493506504
951.1363636363637 295.5292207792209
934.9545454545455 297.84090909090924
937.8441558441559 309.97727272727286
925.1298701298701 294.37337662337677
911.2597402597403 298.4188311688313
903.1688311688313 267.78896103896113
949.9805194805194 269.52272727272737
925.1298701298701 334.82792207792215
907.7922077922078 308.82142857142867
618.5649350649348 80.54220779220782
633.5909090909088 84.00974025974028
621.4545454545453 88.63311688311694
609.3181818181815 96.724025974026
619.7207792207789 96.14610389610391
625.4999999999998 107.1266233766234
615.6753246753244 107.1266233766234
613.363636363636 119.26298701298705
623.1883116883114 120.41883116883119
622.6103896103893 128.50974025974028
619.1428571428569 136.0227272727273
635.3246753246751 135.4448051948052
618.5649350649348 176.47727272727275
628.9675324675322 177.6331168831169
648.6168831168828 132.55519480519484
646.3051948051946 114.06168831168833
631.8571428571427 115.2175324675325
649.194805194805 94.99025974025977
654.9740259740257 94.99025974025977
649.194805194805 86.89935064935071
643.9935064935062 80.54220779220782
639.3701298701296 88.05519480519484
663.0649350649348 76.49675324675331
679.246753246753 76.49675324675331
675.2012987012984 85.16558441558448
663.0649350649348 86.89935064935071
675.2012987012984 94.99025974025977
668.8441558441556 92.10064935064942
677.5129870129867 103.08116883116887
671.7337662337659 103.65909090909093
683.8701298701296 112.3279220779221
664.798701298701 115.79545454545456
656.1298701298699 113.48376623376627
654.9740259740257 101.9253246753247
655.8409090909089 132.69967532467538
693.983766233766 105.53733766233773
688.2045454545453 104.67045454545462
699.7629870129867 105.24837662337669
709.8766233766232 104.09253246753252
711.0324675324673 94.84577922077929
694.5616883116882 83.8652597402598
692.2499999999998 76.64123376623382
711.0324675324673 76.06331168831176
713.9220779220777 87.04383116883122
704.6753246753244 92.53409090909096
739.0616883116882 74.90746753246759
718.2564935064934 75.77435064935071
610.4740259740257 72.59577922077929
748.5974025974024 74.04058441558448
719.4123376623374 167.08603896103904
699.4740259740258 167.08603896103904
693.405844155844 151.48214285714292
678.957792207792 150.03733766233773
667.1103896103893 141.36850649350657
658.7305194805192 139.63474025974034
670.5779220779218 132.69967532467538
679.246753246753 136.74512987012992
683.0032467532466 141.94642857142864
690.8051948051946 130.6769480519481
693.983766233766 118.54058441558448
708.7207792207789 120.56331168831176
705.2532467532465 111.60551948051955
724.9025974025972 153.79383116883122
712.4772727272725 137.75649350649354
701.4967532467531 136.0227272727273
700.3409090909089 141.80194805194807
700.3409090909089 148.15909090909093
713.6331168831166 149.89285714285717
726.9253246753244 144.69155844155847
723.457792207792 140.06818181818184
719.4123376623374 122.15259740259742
713.0551948051946 111.17207792207796
724.6136363636361 100.19155844155847
724.035714285714 93.83441558441564
733.2824675324673 85.74350649350652
724.035714285714 83.43181818181824
763.9123376623374 78.80844155844159
780.0941558441556 76.49675324675331
791.6525974025972 74.76298701298703
815.3474025974024 113.48376623376627
814.1915584415582 122.15259740259742
802.0551948051946 115.79545454545456
798.5876623376621 107.1266233766234
733.8603896103893 129.66558441558445
737.905844155844 111.17207792207796
736.1720779220777 103.65909090909093
739.0616883116882 93.83441558441564
754.0876623376621 89.78896103896108
752.931818181818 103.08116883116887
762.1785714285712 111.17207792207796
754.0876623376621 112.90584415584419
753.50974025974 120.99675324675329
740.7954545454543 131.97727272727275
741.3733766233764 141.80194805194807
742.5292207792206 148.15909090909093
739.0616883116882 164.34090909090912
728.6590909090908 172.4318181818182
750.6201298701296 176.47727272727275
757.5551948051946 169.54220779220782
742.5292207792206 119.26298701298705
744.8409090909089 125.6201298701299
761.6006493506491 129.66558441558445
763.3344155844154 119.26298701298705
759.2889610389608 92.67857142857143
770.2694805194803 86.89935064935071
772.5811688311686 95.56818181818187
870.8279220779218 234.26948051948054
862.1590909090907 235.42532467532467
855.8019480519478 244.6720779220779
844.2435064935063 244.6720779220779
839.6201298701296 234.84740259740263
839.6201298701296 223.28896103896105
839.6201298701296 212.88636363636365
857.5357142857142 219.2435064935065
850.022727272727 234.84740259740263
870.8279220779218 254.49675324675326
873.1396103896102 242.9383116883117
882.3863636363634 233.11363636363637
893.944805194805 234.26948051948054
903.1915584415582 231.3798701298701
908.3928571428569 244.09415584415586
897.9902597402595 251.0292207792208
890.4772727272725 255.07467532467538
914.1720779220777 266.6331168831169
920.5292207792205 269.52272727272725
926.3084415584414 270.67857142857144
924.5746753246751 263.1655844155844
933.2435064935063 258.5422077922078
940.1785714285712 270.67857142857144
943.0681818181815 263.7435064935065
955.2045454545452 260.8538961038961
962.1396103896101 271.8344155844156
959.8279220779218 281.08116883116884
947.6915584415582 279.9253246753247
939.6006493506491 281.08116883116884
926.2360998376624 238.1552353896103
919.440239448052 247.74939123376618
934.2312297077923 253.34598214285705
943.4256290584416 236.95596590909082
954.2190543831169 239.7542613636363
957.8168628246754 230.95961850649343
969.4098011363636 229.36059253246748
965.4122362012987 211.77130681818176
978.2044439935065 211.77130681818176
957.0173498376623 188.58543019480516
893.0563108766235 160.60247564935062
913.4438920454546 178.99127435064932
912.2446225649351 189.38494318181813
898.6529017857143 199.37885551948045
884.2616680194806 191.3837256493506
879.0648336038962 188.18567370129867
869.8704342532468 187.38616071428567
860.276278409091 193.38250811688306
861.075791396104 178.19176136363632
843.4865056818182 174.9937094155844
840.2884537337663 181.78956980519476
822.2994115259742 177.79200487012983
821.4998985389611 162.2015016233766
827.896002435065 174.5939529220779
808.7076907467533 178.99127435064932
808.3079342532469 162.6012581168831
803.510856331169 164.99979707792204
897.0538758116884 266.93770292207785
955.0185673701299 252.1467126623376
968.6102881493507 259.74208603896096
977.8046875 260.54159902597394
970.6090706168832 279.33015422077915
983.4012784090909 283.7274756493506
973.4073660714286 247.74939123376618
979.8034699675325 240.95353084415578
937.4292816558442 213.37033279220773
929.4341517857143 226.9620535714285
913.0441355519481 216.1686282467532
905.8485186688313 216.5683847402597
897.0538758116884 218.96692370129864
931.0331777597403 206.97422889610385
939.0283076298701 204.17593344155839
831.4938108766235 256.9437905844155
780.1251014610391 124.62439123376615
792.5175527597404 125.02414772727265
875.6669034090911 172.59517045454538
865.6729910714288 169.39711850649343
854.4798092532469 163.80052759740252
843.6863839285716 161.00223214285705
832.4932021103898 159.0034496753246
835.2914975649353 151.8078327922077
846.8844358766236 152.6073457792207
862.4749391233768 151.8078327922077
814.5041599025976 76.25385551948045
838.8893060064937 72.2562905844155
852.4810267857144 73.45556006493499
866.4725040584417 71.45677759740252
901.2513189935066 79.05215097402589
917.6413352272729 73.0558035714285
922.0386566558443 83.04971590909082
930.8332995129872 75.85409902597394
942.825994318182 73.0558035714285
951.6206371753249 71.85653409090901
960.4152800324678 76.65361201298691
955.6182021103898 90.2453327922077
940.0276988636365 91.4446022727272
928.8345170454547 81.45068993506487
912.844257305195 92.64387175324669
939.2281858766236 102.63778409090901
955.2184456168833 146.2112418831168
964.0130884740262 134.21854707792198
954.8186891233768 123.82487824675316
955.2184456168833 97.0411931818181
940.427455357143 120.22706980519473
929.2342735389612 116.2295048701298
925.6364650974027 124.62439123376615
914.8430397727275 116.62926136363626
900.4518060064937 114.6304788961038
912.4445008116885 124.62439123376615
918.0410917207794 142.21367694805187
932.8320819805197 140.6146509740259
930.4335430194807 131.02049512987006
910.445718344156 131.42025162337654
894.8552150974027 141.41416396103887
884.8613027597404 133.419034090909
903.250101461039 140.81452922077926
890.4578936688312 122.42573051948057
655.401075487013 254.14549512987017
790.1190137987013 100.63900162337666
798.9136566558442 95.04241071428578
805.7095170454546 101.03875811688317
828.0958806818182 92.24411525974028
820.5005073051949 85.44825487012992
834.4919845779222 82.25020292207796
844.4858969155845 91.04484577922082
860.4761566558442 107.83461850649354
845.6851663961039 120.22706980519484
855.6790787337662 125.42390422077926
842.8868709415585 136.61708603896108
830.4944196428572 145.41172889610394
822.0995332792209 152.60734577922082
823.2988027597403 135.8175730519481
810.906351461039 135.0180600649351
805.3097605519481 128.62195616883122
790.9185267857143 148.6097808441559
798.9136566558442 145.41172889610394
772.9294845779222 147.01075487012992
639.8105722402598 213.77008928571433
764.9343547077922 142.21367694805198
778.9258319805195 153.8066152597403
749.7436079545455 155.4056412337663
759.3377637987013 152.60734577922082
753.3414163961039 142.21367694805198
764.1348417207793 174.19419642857147
773.3292410714287 174.99370941558445
771.3304586038962 163.00101461038966
771.7302150974026 157.40442370129875
780.924614448052 165.7993100649351
789.7192573051949 157.40442370129875
789.7192573051949 174.59395292207796
796.5151176948052 174.59395292207796
808.9075689935065 155.4056412337663
830.0946631493507 110.63291396103901
866.4725040584416 124.62439123376629
866.0727475649351 116.22950487012992
872.0690949675325 111.83218344155847
882.0630073051949 115.03023538961043
886.4603287337662 107.83461850649354
878.0654423701299 124.62439123376629
855.6790787337662 143.41294642857147
848.0837053571429 144.21245941558445
912.8442573051949 17.88940746753252
880.0642248376624 17.08989448051952
808.9075689935065 17.88940746753252
794.1165787337662 19.4884334415585
753.7411728896104 19.888189935064986
740.5492086038962 19.888189935064986
707.3694196428572 18.28916396103901
726.9574878246754 111.83218344155847
969.6096793831168 140.81452922077926
976.0057832792207 138.41599025974028
976.0057832792207 128.82183441558442
968.8101663961039 148.0101461038961
975.2062702922078 104.03693181818181
978.4043222402597 97.64082792207796
977.6048092532468 84.84862012987014
968.0106534090909 73.65543831168833
865.6729910714286 87.24715909090912
852.0812702922078 82.45008116883116
828.0958806818181 120.82670454545456
771.3304586038961 135.21793831168833
492.9000608766236 8.095373376623286
503.29372970779247 4.897321428571331
515.2864245129872 17.68952922077915
511.2888595779223 4.897321428571331
524.8805803571431 6.496347402597337
524.0810673701301 19.2885551948051
547.2669439935066 17.68952922077915
542.4698660714287 4.897321428571331
559.2596387987014 16.090503246753144
571.2523336038962 16.89001623376612
569.6533076298704 5.696834415584306
582.4455154220782 17.68952922077915
585.6435673701301 8.89488636363626
609.6289569805197 19.2885551948051
606.4309050324678 8.095373376623286
617.6240868506495 8.095373376623286
624.8197037337663 8.095373376623286
623.2206777597405 16.89001623376612
644.807528409091 19.2885551948051
652.8026582792209 23.286120129870028
640.8099634740261 8.095373376623286
683.9836647727275 10.493912337662266
718.3627232142858 5.696834415584306
725.5583400974026 4.897321428571331
738.3505478896104 11.29342532467524
775.9276582792209 8.095373376623286
798.3140219155846 10.493912337662266
804.7101258116884 5.696834415584306
810.3067167207794 8.89488636363626
771.1305803571429 107.23498376623365
778.32619724026 104.83644480519467
785.5218141233768 117.62865259740249
510.06460531655847 708.46875
52.743176745129915 531.7763798701299
384.5410663555195 571.7520292207793
109.37118252840911 130.62073863636368
114.16826045048701 143.81270292207796
140.15243252840907 97.04119318181822
152.1451273336039 181.78956980519484
51.00673447646103 204.17593344155847
239.69179941152595 20.2879464285715
238.49252993100646 196.58056006493507
3.0359552556818135 5.496956168831247
174.53149096996754 5.496956168831247
59.80137733360389 159.40320616883122
469.56427556818204 496.5978084415585
427.5898437500001 559.5594561688313
537.9226359577922 738.2506087662337
778.1762885551948 620.3224431818184
780.1750710227273 602.7331574675327
869.3207690746754 667.893465909091
871.7193080357142 658.2993100649352
881.7132203733765 502.79403409090935
600.1597250405845 16.89001623376629
826.42190036526 8.894886363636374
813.6296925730521 2.4987824675325214
822.424335430195 2.4987824675325214
851.2068029626626 4.897321428571445
836.0160562094156 8.894886363636374
864.7985237418832 8.0953733766234
882.387809456169 4.897321428571445
892.7814782873379 4.897321428571445
981.5274198457795 19.288555194805213
977.5298549107146 8.0953733766234
826.42190036526 268.536728896104
817.2275010146107 274.93283279220793
765.658913352273 283.3277191558443
775.2530691964288 277.73112824675337
611.4778307629871 269.7359983766233
464.7671976461039 140.61465097402578
529.5277495941559 185.5872564935064
531.126775568182 168.7974837662337
269.41119622564946 151.2081980519481
109.50859882305195 112.03206168831173
143.14481707317074 219.27210365853654
