56.71074380165288 285.26584022038566
108.31404958677689 277.27961432506885
142.10192837465564 293.25206611570246
180.80440771349862 289.5661157024793
239.16528925619832 268.064738292011
183.26170798898073 267.45041322314046
180.1900826446281 246.56336088154268
155.61707988980714 245.33471074380162
132.88705234159778 267.45041322314046
109.54269972451789 254.54958677685948
81.28374655647383 253.93526170798896
124.90082644628097 233.66253443526168
148.8595041322314 186.9738292011019
150.70247933884298 181.4449035812672
171.58953168044076 206.01790633608812
188.79063360881543 223.21900826446276
243.46556473829202 225.67630853994487
270.495867768595 245.33471074380162
213.9779614325069 296.32369146005504
288.92561983471074 271.75068870523415
299.36914600550966 255.77823691460054
290.7685950413223 225.67630853994487
306.1267217630854 255.16391184573
311.6556473829201 221.3760330578512
328.8567493112948 253.93526170798896
339.91460055096417 287.72314049586777
363.8732782369146 255.77823691460054
365.10192837465564 237.96280991735534
402.57575757575756 269.90771349862257
407.4903581267218 261.30716253443524
427.14876033057845 276.6652892561983
411.17630853994496 237.34848484848482
425.3057851239669 232.43388429752062
395.20385674931134 203.56060606060603
389.06060606060606 216.46143250688704
424.0771349862259 205.40358126721762
442.5068870523416 198.64600550964184
366.94490358126717 194.9600550964187
368.7878787878788 181.4449035812672
347.28650137741045 202.33195592286498
346.05785123966945 185.74517906336087
393.9752066115703 174.07300275482092
409.9476584022039 158.71487603305783
427.76308539944904 148.27134986225892
410.56198347107437 126.15564738292008
401.9614325068871 125.54132231404955
384.7603305785124 128.6129476584022
380.4600550964188 155.64325068870522
387.831955922865 125.54132231404955
390.2892561983471 102.8112947658402
417.9338842975207 113.8691460055096
411.17630853994496 105.26859504132227
428.9917355371901 99.73966942148758
428.9917355371901 138.44214876033055
357.11570247933884 147.65702479338842
342.3719008264463 160.5578512396694
361.4159779614325 120.01239669421487
367.55922865013775 111.41184573002752
358.9586776859504 82.53856749311291
372.473829201102 77.00964187327821
397.04683195592287 65.33746556473827
410.56198347107437 81.30991735537188
421.0055096418733 77.00964187327821
409.3333333333333 73.9380165289256
419.77685950413223 65.33746556473827
427.14876033057845 68.40909090909088
425.9201101928375 77.00964187327821
404.4187327823691 68.40909090909088
323.32782369146 188.8168044077135
327.0137741046832 180.21625344352614
308.58402203856747 178.3732782369146
302.44077134986225 204.17493112947656
270.495867768595 194.34573002754817
272.95316804407713 214.61845730027548
248.38016528925618 186.9738292011019
231.79338842975207 202.33195592286498
209.6776859504132 199.26033057851237
223.80716253443526 174.07300275482092
205.9917355371901 165.47245179063358
92.95592286501378 198.0316804407713
62.85399449035814 210.31818181818178
54.2534435261708 160.5578512396694
48.110192837465576 193.73140495867767
19.85123966942149 197.41735537190078
21.079889807162544 183.90220385674928
25.38016528925621 222.60468319559226
44.424242424242436 241.6487603305785
9.407713498622599 245.94903581267215
85.5840220385675 178.3732782369146
107.69972451790636 162.400826446281
133.5013774104683 166.70110192837464
33.98071625344352 157.48622589531678
34.595041322314046 138.44214876033055
15.550964187327821 135.37052341597794
6.336088154269987 147.65702479338842
36.43801652892563 115.71212121212119
51.18181818181819 120.01239669421487
17.393939393939405 105.88292011019281
5.721763085399459 102.8112947658402
24.765840220385684 86.8388429752066
11.865013774104682 82.53856749311291
11.865013774104682 68.40909090909088
8.179063360881543 68.40909090909088
35.8236914600551 85.61019283746555
46.26721763085399 95.43939393939391
68.38292011019283 131.07024793388427
68.38292011019283 141.51377410468316
86.81267217630855 130.45592286501375
87.42699724517905 108.34022038567491
67.1542699724518 105.26859504132227
62.239669421487605 101.58264462809916
65.92561983471074 77.00964187327821
49.95316804407713 78.8526170798898
47.49586776859505 72.70936639118455
59.168044077134994 65.33746556473827
59.168044077134994 51.20798898071624
47.49586776859505 46.29338842975204
29.68044077134988 52.436639118457265
18.622589531680433 41.9931129476584
5.721763085399459 27.24931129476579
37.05234159779616 27.863636363636317
25.99449035812671 32.16391184573001
40.7382920110193 42.6074380165289
58.553719008264466 25.406336088154262
68.99724517906336 26.02066115702479
52.41046831955924 25.406336088154262
64.08264462809919 16.805785123966928
57.32506887052341 17.420110192837456
48.724517906336104 11.891184573002759
75.75482093663913 10.662534435261705
87.42699724517905 3.904958677685954
83.12672176308541 30.32093663911843
76.36914600550963 35.849862258953124
104.0137741046832 35.849862258953124
92.34159779614325 29.7066115702479
98.4848484848485 45.064738292010986
79.44077134986227 42.6074380165289
108.31404958677689 104.03994490358124
95.41322314049586 94.21074380165288
83.74104683195591 71.48071625344352
107.08539944903583 131.07024793388427
134.73002754820936 123.08402203856747
120.60055096418733 114.48347107438013
131.04407713498625 100.96831955922863
113.22865013774106 87.45316804407713
135.95867768595042 92.3677685950413
146.40220385674934 102.8112947658402
145.17355371900828 113.8691460055096
168.51790633608817 125.54132231404955
133.5013774104683 138.44214876033055
191.86225895316807 168.5440771349862
221.9641873278237 159.94352617079886
236.70798898071624 171.00137741046828
261.2809917355372 169.77272727272725
247.15151515151513 153.80027548209364
235.47933884297518 110.1831955922865
235.47933884297518 94.21074380165288
250.22314049586777 84.3815426997245
253.29476584022044 95.43939393939391
269.8815426997245 99.73966942148758
259.43801652892563 120.01239669421487
282.168044077135 132.91322314049583
264.3526170798898 143.97107438016528
300.59779614325066 132.29889807162533
303.6694214876033 143.97107438016528
287.08264462809916 163.0151515151515
318.41322314049586 159.94352617079886
319.0275482093664 151.34297520661156
302.44077134986225 164.24380165289253
327.0137741046832 131.6845730027548
327.6280991735537 145.81404958677683
339.30027548209364 122.46969696969694
352.8154269972452 91.75344352617077
190.01928374655648 73.9380165289256
162.98898071625342 77.00964187327821
221.9641873278237 129.84159779614322
239.77961432506882 121.85537190082641
188.1763085399449 132.29889807162533
182.6473829201102 112.64049586776855
202.30578512396693 107.11157024793386
175.88980716253445 104.03994490358124
187.56198347107437 104.03994490358124
209.6776859504132 89.91046831955919
221.34986225895318 96.05371900826444
223.19283746556476 86.8388429752066
228.72176308539943 72.70936639118455
229.9504132231405 56.73691460055096
195.54820936639118 68.40909090909088
213.9779614325069 62.88016528925618
209.6776859504132 42.6074380165289
183.26170798898073 53.05096418732779
175.88980716253445 61.65151515151513
168.51790633608817 45.064738292010986
163.60330578512395 62.265840220385655
143.3305785123967 42.6074380165289
139.64462809917353 58.579889807162516
156.23140495867767 69.63774104683193
155.61707988980714 40.76446280991735
180.1900826446281 40.76446280991735
186.33333333333331 36.46418732782365
185.7190082644628 17.420110192837456
159.91735537190084 26.02066115702479
173.43250688705234 22.949035812672147
147.0165289256198 29.092286501377377
134.73002754820936 33.39256198347107
129.8154269972452 51.20798898071624
117.5289256198347 44.45041322314046
126.74380165289256 29.7066115702479
119.37190082644628 34.0068870523416
120.60055096418733 20.49173553719004
151.93112947658403 12.505509641873232
162.3746556473829 8.205234159779593
135.3443526170799 24.792011019283734
269.8815426997245 51.20798898071624
252.68044077134988 48.75068870523416
260.05234159779616 41.9931129476584
253.29476584022044 31.549586776859485
239.77961432506882 29.7066115702479
252.06611570247938 14.348484848484816
239.77961432506882 4.519283746556425
242.23691460055093 23.56336088154268
217.66391184573 26.02066115702479
217.66391184573 14.962809917355344
210.90633608815426 34.0068870523416
193.7052341597796 54.27961432506885
196.1625344352617 30.32093663911843
194.31955922865012 38.92148760330576
204.1487603305785 17.420110192837456
188.1763085399449 13.119834710743758
201.07713498622587 3.290633608815426
255.13774104683193 6.362258953168009
233.02203856749313 14.962809917355344
271.7245179063361 8.819559228650121
272.3388429752066 19.26308539944904
264.3526170798898 21.106060606060566
268.03856749311296 35.849862258953124
279.7107438016529 31.549586776859485
284.0110192837466 16.805785123966928
303.0550964187328 14.962809917355344
311.6556473829201 14.962809917355344
327.6280991735537 26.02066115702479
328.24242424242425 16.1914600550964
318.41322314049586 3.290633608815426
344.21487603305786 7.590909090909065
290.1542699724518 6.362258953168009
297.5261707988981 34.0068870523416
295.6831955922865 20.49173553719004
295.6831955922865 47.5220385674931
282.168044077135 48.75068870523416
281.55371900826447 40.15013774104682
316.5702479338843 35.849862258953124
323.94214876033055 47.5220385674931
315.3415977961433 65.33746556473827
286.46831955922863 79.46694214876032
286.46831955922863 65.33746556473827
268.03856749311296 70.86639118457299
264.3526170798898 75.16666666666664
272.3388429752066 82.53856749311291
289.5399449035813 91.13911845730024
287.08264462809916 104.65426997245177
297.5261707988981 99.73966942148758
312.26997245179064 77.00964187327821
124.90082644628097 62.88016528925618
110.15702479338842 20.49173553719004
113.22865013774106 5.133608815426953
27.223140495867767 72.70936639118455
341.75757575757575 35.849862258953124
346.6721763085399 25.406336088154262
351.58677685950414 33.39256198347107
358.3443526170799 31.549586776859485
366.3305785123967 25.406336088154262
360.801652892562 16.805785123966928
375.54545454545456 22.949035812672147
383.53168044077137 14.348484848484816
393.9752066115703 23.56336088154268
390.2892561983471 38.307162534435236
395.20385674931134 52.436639118457265
381.07438016528926 56.73691460055096
355.27272727272725 55.508264462809905
360.1873278236914 68.40909090909088
345.4435261707989 62.88016528925618
339.91460055096417 49.979338842975174
331.31404958677683 37.69283746556471
330.69972451790636 74.5523415977961
333.1570247933884 92.98209366391183
421.61983471074376 29.7066115702479
410.56198347107437 38.92148760330576
410.56198347107437 10.662534435261705
422.23415977961434 3.290633608815426
403.8044077134986 24.792011019283734
433.29201101928373 58.579889807162516
412.4049586776859 49.36501377410465
416.70523415977965 289.5661157024793
230.56473829201104 46.29338842975204
401.3471074380165 92.3677685950413
388.4462809917355 64.10881542699724
17.393939393939405 14.962809917355344
443.73553719008265 29.7066115702479
436.9779614325069 27.24931129476579
127.70579420579423 202.29820179820183
207.01448551448556 228.1403596403597
211.47002997003 250.41808191808192
