58.74725274725276 405.66433566433574
47.49450549450548 389.8081918081919
23.96603396603395 399.01498501498503
7.086913086913085 332.00999000999
16.80519480519479 314.1078921078921
27.03496503496503 319.73426573426576
38.79920079920079 326.3836163836164
35.73026973026971 315.64235764235764
49.028971028971036 319.73426573426576
63.86213786213786 323.31468531468533
75.11488511488511 315.64235764235764
68.46553446553445 301.32067932067935
75.11488511488511 285.4645354645355
56.7012987012987 286.999000999001
48.51748251748252 284.95304695304696
33.17282717282716 288.53346653346654
102.22377622377621 313.0849150849151
88.4135864135864 293.6483516483517
84.83316683316684 312.06193806193806
102.73526473526472 358.6073926073926
96.0859140859141 369.3486513486514
106.82717282717284 370.88311688311694
121.14885114885115 386.2277722277722
113.47652347652347 393.9000999001
96.5974025974026 387.25074925074927
76.13786213786213 384.1818181818182
81.76423576423578 374.975024975025
78.18381618381618 411.8021978021979
134.95904095904095 410.26773226773224
135.47052947052947 386.7392607392607
160.02197802197801 407.1988011988012
155.93006993006995 383.6703296703297
158.999000999001 371.39460539460543
156.44155844155844 359.1188811188811
129.84415584415586 368.8371628371629
131.8901098901099 355.53846153846155
123.7062937062937 362.1878121878122
162.06793206793205 342.2397602397603
178.43556443556446 350.935064935065
174.85514485514483 362.1878121878122
176.3896103896104 385.7162837162837
192.24575424575428 402.0839160839161
201.4525474525475 381.1128871128871
194.8031968031968 374.975024975025
207.5904095904096 364.2337662337663
190.71128871128874 354.51548451548456
192.75724275724278 338.1478521478522
208.6133866133866 340.19380619380627
183.03896103896105 284.95304695304696
169.22877122877122 287.51048951048955
145.7002997002997 284.95304695304696
133.42457542457544 298.25174825174827
124.72927072927072 296.7172827172827
115.5224775224775 284.95304695304696
106.82717282717284 298.76323676323676
97.62037962037962 285.4645354645355
100.17782217782218 278.3036963036963
128.82117882117885 280.86113886113884
189.68831168831173 272.1658341658342
199.4065934065934 284.95304695304696
207.0789210789211 283.93006993007
204.00999000999005 271.14285714285717
211.17082917082917 271.65434565434566
219.86613386613388 260.40159840159845
226.00399600399604 279.32667332667336
235.7222777222777 271.65434565434566
232.14185814185814 260.40159840159845
244.41758241758242 265.51648351648356
251.5784215784216 258.35564435564436
244.92907092907095 241.98801198801203
258.2277722277722 244.5454545454546
252.08991008991012 273.1888111888112
242.88311688311688 287.51048951048955
272.54945054945057 279.83816183816185
264.3656343656343 269.09690309690313
282.7792207792208 258.35564435564436
282.7792207792208 243.52247752247757
273.5724275724276 246.07992007992013
294.54345654345656 238.40759240759243
295.0549450549451 265.51648351648356
282.7792207792208 280.34965034965035
297.10089910089914 277.7922077922078
307.8421578421578 289.55644355644364
318.58341658341664 285.976023976024
315.51448551448556 265.004995004995
326.76723276723277 260.40159840159845
329.83616383616385 247.10289710289715
327.7902097902098 239.94205794205797
321.65234765234766 231.75824175824178
337.50849150849155 225.62037962037965
344.1578421578422 225.10889110889113
362.0599400599401 244.5454545454546
359.5024975024975 235.33866133866132
365.12887112887114 229.71228771228772
369.22077922077926 210.2757242757243
379.9620379620379 214.3676323676324
385.0769230769232 231.75824175824178
397.86413586413596 211.2987012987013
391.72627372627386 207.2067932067932
407.07092907092914 211.8101898101898
429.064935064935 205.6723276723277
449.5244755244756 217.43656343656346
453.61638361638364 223.0629370629371
404.51348651348655 262.959040959041
386.09990009990025 278.3036963036963
366.6633366633367 285.4645354645355
347.73826173826177 291.0909090909091
340.5774225774226 311.0389610389611
354.38761238761236 304.3896103896104
352.8531468531468 314.1078921078921
356.4335664335664 318.7112887112888
351.31868131868134 328.42957042957045
359.5024975024975 328.42957042957045
368.7092907092907 337.12487512487513
338.01998001998004 328.941058941059
329.83616383616385 318.1998001998002
318.58341658341664 322.80319680319684
305.2847152847153 320.75724275724275
283.2907092907093 332.00999000999
273.06093906093906 323.82617382617383
257.7162837162837 322.80319680319684
244.41758241758242 338.65934065934067
250.0439560439561 335.0789210789211
234.6993006993007 346.33166833166837
234.6993006993007 361.16483516483515
209.63636363636365 354.51548451548456
221.40059940059942 389.29670329670336
231.63036963036964 379.0669330669331
252.6013986013986 385.20479520479523
264.3656343656343 389.8081918081919
261.2967032967033 365.76823176823183
263.8541458541458 349.40059940059945
264.3656343656343 336.10189810189814
273.5724275724276 340.19380619380627
288.9170829170829 356.0499500499501
283.2907092907093 369.8601398601399
283.2907092907093 381.1128871128871
286.35964035964037 389.29670329670336
309.37662337662334 384.1818181818182
322.6753246753247 380.6013986013986
324.72127872127874 363.7222777222778
301.1928071928072 352.4695304695305
298.12387612387613 340.19380619380627
311.4225774225774 336.10189810189814
319.6063936063936 339.17082917082917
334.9510489510489 356.5614385614386
356.94505494505495 375.4865134865135
340.5774225774226 393.9000999001
348.24975024975026 414.3596403596404
371.2667332667333 399.01498501498503
389.1688311688313 379.0669330669331
384.56543456543454 358.6073926073926
366.6633366633367 350.4235764235765
378.42757242757244 333.54445554445556
375.87012987012986 322.80319680319684
372.2897102897103 303.3666333666334
384.56543456543454 299.2747252747253
384.56543456543454 311.55044955044957
384.56543456543454 322.80319680319684
399.3986013986015 332.00999000999
395.8181818181819 348.37762237762246
411.1628371628372 356.5614385614386
401.44455544455553 305.92407592407596
393.7722277722279 286.999000999001
409.62837162837167 297.2287712287713
413.72027972027973 314.61938061938065
404.51348651348655 316.6653346653347
422.4155844155844 334.05594405594405
421.9040959040959 344.28571428571433
432.1338661338661 324.3376623376624
421.3926073926074 305.41258741258747
416.2777222777223 286.999000999001
417.3006993006993 272.6773226773227
423.95004995004996 268.07392607392615
431.1108891108891 274.72327672327674
434.1798201798203 283.4185814185815
437.76023976023987 293.6483516483517
448.5014985014986 307.4585414585415
450.0359640359641 320.24575424575426
464.86913086913086 307.4585414585415
468.961038961039 291.6023976023977
454.6393606393607 297.2287712287713
452.59340659340666 277.7922077922078
443.89810189810197 269.09690309690313
438.27172827172836 256.8211788211788
454.6393606393607 255.7982017982018
462.8231768231768 287.51048951048955
480.72527472527486 308.4815184815185
475.0989010989011 320.24575424575426
465.3806193806194 327.91808191808195
464.86913086913086 343.26273726273735
475.0989010989011 333.03296703296706
487.37462537462545 327.91808191808195
499.6503496503497 312.06193806193806
499.6503496503497 291.0909090909091
504.7652347652348 280.86113886113884
490.44355644355653 275.23476523476523
478.16783216783216 274.72327672327674
479.19080919080915 263.982017982018
494.5354645354646 254.77522477522479
503.7422577422578 261.42457542457544
501.69630369630374 213.34465534465537
475.0989010989011 211.2987012987013
464.86913086913086 212.83316683316687
510.39160839160843 201.0689310689311
283.2907092907093 430.21578421578425
271.01498501498503 444.5374625374626
258.2277722277722 457.3246753246753
223.95804195804195 461.4165834165835
213.72827172827175 448.62937062937067
205.03296703296706 469.0889110889111
171.78621378621378 484.4335664335665
168.2057942057942 476.24975024975026
146.21178821178822 480.34165834165844
108.87312687312688 491.59440559440566
91.73826173826176 508.985014985015
66.1638361638362 506.939060939061
30.359640359640384 500.8011988011989
34.451548451548454 523.3066933066934
77.41658341658345 601.0529470529472
105.03696303696306 658.3396603396604
151.0709290709291 601.0529470529472
119.35864135864142 604.1218781218782
144.93306693306698 576.5014985014986
204.2657342657343 641.9720279720282
271.7822177822178 639.9260739260741
329.06893106893114 615.3746253746255
361.80419580419584 605.1448551448553
390.4475524475525 589.8001998002
331.11488511488517 580.5934065934067
296.3336663336664 584.6853146853148
283.0349650349651 508.985014985015
268.7132867132868 486.4795204795206
235.97802197802207 495.6863136863138
216.5414585414586 493.64035964035975
292.2417582417583 489.5484515484517
289.1728271728272 469.0889110889111
292.2417582417583 450.67532467532476
308.6093906093907 451.6983016983018
303.4945054945055 473.1808191808192
329.06893106893114 462.951048951049
316.7932067932068 508.985014985015
313.7242757242758 524.3296703296705
356.68931068931073 517.1688311688312
349.5284715284715 495.6863136863138
367.94205794205794 502.8471528471529
374.07992007992016 486.4795204795206
352.59740259740266 467.0429570429571
351.57442557442556 450.67532467532476
358.73526473526476 431.2387612387614
369.988011988012 424.0779220779221
386.3556443556444 445.5604395604397
384.3096903096904 429.1928071928074
387.3786213786214 466.0199800199801
410.90709290709304 451.6983016983018
429.3206793206794 461.928071928072
423.18281718281725 449.65234765234777
411.93006993007003 430.21578421578437
414.9990009990011 400.5494505494507
382.26373626373635 408.7332667332668
394.53946053946055 392.36563436563443
416.0219780219781 374.975024975025
423.18281718281725 390.3196803196804
449.7802197802199 390.3196803196804
439.55044955044957 400.5494505494507
442.61938061938065 362.6993006993008
452.849150849151 371.906093906094
464.1018981018982 388.27372627372637
484.5614385614386 385.2047952047953
470.2397602397603 362.6993006993008
491.7222777222779 355.53846153846166
517.2967032967034 352.4695304695305
517.2967032967034 326.895104895105
513.2047952047953 308.4815184815185
522.4115884115884 307.4585414585415
525.4805194805195 292.1138861138862
521.3886113886115 277.79220779220793
514.2277722277723 265.5164835164835
525.4805194805195 265.5164835164835
512.1818181818182 250.17182817182825
537.756243756244 250.17182817182825
537.756243756244 261.42457542457544
550.0319680319682 250.17182817182825
530.5954045954047 496.7092907092908
616.5254745254745 530.4675324675326
694.2717282717284 518.1918081918083
785.3166833166836 502.8471528471529
954.1078921078922 502.8471528471529
453.87212787212803 511.0309690309691
420.1138861138862 525.3526473526475
432.3896103896104 505.916083916084
468.19380619380627 486.4795204795206
461.0329670329671 466.0199800199801
410.90709290709304 489.5484515484517
492.7452547452547 447.60639360639374
466.1478521478522 441.4685314685316
455.40659340659334 428.16983016983033
462.5674325674326 406.68731268731284
442.1078921078921 432.77322677322695
502.97502497502495 405.15284715284736
511.6703296703297 371.39460539460555
514.7392607392608 387.25074925074944
524.4575424575424 384.18181818181836
535.1988011988012 408.73326673326693
524.9690309690309 434.819180819181
542.3596403596404 422.03196803196823
565.3766233766233 444.02597402597416
547.986013986014 441.98001998002013
538.2677322677323 443.51448551448567
580.2097902097902 461.4165834165836
578.6753246753248 437.3766233766235
567.9340659340659 411.80219780219795
588.3936063936064 399.52647352647364
554.123876123876 388.2737262737264
574.5834165834166 381.1128871128873
569.98001998002 369.3486513486515
541.3366633366634 362.69930069930086
530.5954045954046 356.56143856143876
537.2447552447552 343.2627372627374
539.2907092907093 329.96403596403616
531.6183816183816 328.94105894105917
542.8711288711288 314.6193806193808
537.2447552447552 302.85514485514506
554.123876123876 287.5104895104897
544.9170829170829 276.76923076923094
539.2907092907093 272.6773226773228
574.071928071928 322.803196803197
563.3306693306694 304.38961038961054
568.957042957043 290.57942057942074
566.9110889110889 338.65934065934084
553.100899100899 356.04995004995027
586.3476523476523 370.88311688311705
595.042957042957 350.9350649350651
584.3016983016984 337.6363636363638
606.8071928071928 322.803196803197
598.6233766233765 322.803196803197
588.3936063936064 314.6193806193808
580.2097902097902 305.4125874125876
595.5544455544456 299.786213786214
599.6463536463536 290.57942057942074
578.6753246753248 267.5624375624377
564.3536463536464 274.2117882117884
565.8881118881119 267.0509490509492
566.9110889110889 259.3786213786216
572.025974025974 249.14885114885135
588.3936063936064 247.10289710289726
589.4165834165834 257.3326673326675
600.6693306693307 245.05694305694323
614.9910089910089 262.44755244755265
619.5944055944055 288.0219780219782
614.4795204795205 301.832167832168
622.6633366633367 305.4125874125876
625.7322677322678 317.68831168831184
633.916083916084 321.7802197802199
619.0829170829171 347.3546453546455
612.945054945055 333.54445554445573
614.9910089910089 375.9980019980022
604.7612387612388 386.2277722277724
615.5024975024975 390.831168831169
617.5484515484516 408.73326673326693
602.7152847152847 422.5434565434567
600.1578421578422 448.6293706293707
641.0769230769231 437.3766233766235
654.3756243756244 422.5434565434567
634.4275724275725 397.4805194805196
628.8011988011989 382.1358641358643
640.5654345654345 369.3486513486515
647.2147852147853 344.79720279720294
657.4445554445555 373.44055944055964
663.5824175824175 409.2447552447554
685.0649350649351 396.4575424575426
669.7202797202797 437.3766233766235
674.3236763236763 453.7442557442559
617.036963036963 470.11188811188833
599.6463536463536 463.4625374625377
589.4165834165834 475.2267732267734
604.2497502497503 484.9450549450551
714.2197802197802 466.01998001998027
741.3286713286714 449.65234765234777
716.7772227772228 446.5834165834167
737.2367632367632 433.28471528471545
749.0009990009991 437.3766233766235
763.8341658341659 434.3076923076925
774.5754245754244 449.1408591408593
792.4775224775225 422.03196803196823
856.4135864135864 464.9970029970032
850.7872127872128 421.00899100899125
733.6563436563437 382.6473526473528
724.961038961039 401.5724275724278
698.8751248751249 392.3656343656345
700.9210789210789 378.04395604395626
690.17982017982 366.27972027972044
682.5074925074925 354.51548451548473
671.2547452547453 331.4985014985017
661.5364635364635 329.96403596403616
664.6053946053946 314.10789210789227
655.3986013986014 305.4125874125876
642.6113886113886 303.87812187812204
635.4505494505495 295.69430569430585
637.4965034965035 278.815184815185
626.2437562437563 277.792207792208
622.1518481518483 240.45354645354647
601.1808191808193 202.09190809190812
619.0829170829172 196.97702297702298
633.4045954045955 197.4885114885115
641.5884115884118 240.45354645354647
664.0939060939062 238.91908091908095
647.7262737262738 260.40159840159845
663.0709290709291 272.16583416583416
649.7722277722279 291.0909090909091
659.4905094905096 289.0449550449551
668.1858141858144 294.6713286713287
680.973026973027 289.0449550449551
680.4615384615386 310.01598401598403
689.6683316683318 297.74025974025983
694.7832167832169 317.68831168831167
700.4095904095906 305.92407592407596
711.1508491508492 313.5964035964036
714.2197802197803 299.78621378621386
719.3346653346655 316.15384615384613
713.7082917082919 332.52147852147857
700.9210789210791 349.91208791208794
730.0759240759241 362.69930069930075
741.8401598401599 362.18781218781226
733.1448551448552 349.91208791208794
750.0239760239762 344.28571428571433
751.0469530469533 312.06193806193806
739.2827172827174 301.8321678321679
729.5644355644356 291.6023976023976
721.892107892108 278.81518481518486
723.4265734265736 266.53946053946055
727.5184815184816 253.7522477522478
728.0299700299701 239.94205794205797
719.3346653346655 243.52247752247754
714.7312687312689 253.7522477522478
694.7832167832169 265.004995004995
695.806193806194 248.63736263736263
707.0589410589412 242.49950049950053
688.6453546453548 238.91908091908095
701.9440559440561 190.83916083916083
710.6393606393608 193.3966033966034
690.6913086913088 192.3736263736264
676.3696303696305 189.8161838161838
567.934065934066 192.88511488511492
531.1068931068933 200.55744255744258
522.923076923077 203.11488511488514
730.5874125874127 184.70129870129873
767.4145854145855 191.86213786213784
764.857142857143 219.4825174825175
754.1158841158842 231.75824175824178
745.4205794205797 240.965034965035
739.7942057942059 269.0969030969031
750.0239760239762 277.2807192807193
764.3456543456545 299.2747252747253
780.713286713287 311.0389610389611
774.5754245754247 298.2517482517483
779.1788211788213 285.976023976024
787.3626373626374 267.05094905094904
778.1558441558442 258.3556443556444
764.857142857143 251.19480519480527
761.2767232767234 257.84415584415586
780.713286713287 246.07992007992007
778.1558441558442 232.7812187812188
786.3396603396603 231.75824175824178
783.782217782218 191.86213786213784
804.2417582417584 289.0449550449551
801.1728271728273 278.81518481518486
795.5464535464536 252.2177822177823
805.7762237762239 238.40759240759243
814.9830169830171 229.20079920079922
804.2417582417584 227.1548451548452
801.1728271728273 185.21278721278722
823.6783216783217 181.12087912087915
815.4945054945056 310.5274725274725
812.4255744255745 326.89510489510496
818.5634365634367 341.72827172827175
799.6383616383616 351.4465534465535
782.2477522477523 338.1478521478522
777.6443556443559 354.00399600399606
775.5984015984017 374.975024975025
772.5294705294706 390.3196803196804
792.9890109890111 402.5954045954046
806.7992007992009 373.44055944055947
824.7012987012988 361.6763236763237
835.4425574425576 381.1128871128871
858.4595404595406 390.8311688311689
840.5574425574428 358.6073926073927
838.0 313.5964035964036
820.0979020979022 298.2517482517483
817.0289710289711 282.90709290709293
821.6323676323677 273.18881118881126
816.0059940059941 258.3556443556444
831.862137862138 252.72927072927078
831.862137862138 241.988011988012
839.5344655344658 230.22377622377624
850.2757242757244 184.70129870129873
875.85014985015 182.65534465534466
895.7982017982018 182.65534465534466
917.7922077922078 177.54045954045958
936.2057942057942 183.1668331668332
933.1368631368632 221.52847152847153
903.4705294705296 222.03996003996005
890.1718281718283 229.7122877122877
872.781218781219 226.13186813186817
866.6433566433567 250.68331668331675
846.1838161838161 260.91308691308694
842.0919080919081 276.76923076923083
831.862137862138 285.4645354645355
844.1378621378622 286.999000999001
857.4365634365636 284.44155844155847
870.7352647352648 275.7462537462538
873.8041958041961 262.959040959041
888.1258741258742 250.17182817182825
889.1488511488513 268.0739260739261
902.4475524475525 267.05094905094904
918.3036963036965 268.0739260739261
925.9760239760241 252.2177822177823
933.6483516483519 243.52247752247754
945.4125874125878 253.2407592407593
931.0909090909091 277.7922077922078
917.2807192807195 288.53346653346654
917.7922077922078 301.8321678321679
949.5044955044958 288.02197802197804
952.0619380619382 276.76923076923083
953.5964035964039 260.40159840159845
963.8261738261741 271.65434565434566
981.2167832167834 268.5854145854146
979.6823176823177 254.26373626373632
974.5674325674327 240.45354645354647
962.803196803197 225.62037962037965
942.3436563436563 230.73526473526474
967.4065934065935 212.8331668331668
958.1998001998003 178.5634365634366
972.0099900099902 180.60939060939063
994.5154845154847 170.8911088911089
1020.6013986013988 165.77622377622376
1001.1648351648355 211.2987012987013
991.9580419580423 222.55144855144854
997.5844155844158 243.52247752247754
990.4235764235766 270.6313686313686
1010.8831168831169 261.936063936064
959.2227772227773 319.7342657342657
954.1078921078922 303.36663336663344
923.93006993007 354.51548451548456
903.4705294705296 365.76823176823183
897.3326673326675 336.10189810189814
992.2137862137864 384.1818181818183
956.9210789210791 379.0669330669331
936.4615384615383 382.1358641358642
940.0419580419581 365.25674325674333
994.7712287712288 302.3436563436564
860.2497502497503 311.5504495504496
791.1988011988013 298.25174825174827
981.4725274725275 351.958041958042
