153.60014546429684 254.9408413946305
176.55042211553211 230.4346137839894
119.75821209722102 228.87866282458364
66.46689173757296 241.71525823968136
3.839865621490172 241.32627049982992
10.8416449388162 183.3670972619645
54.0192840623267 198.92660685602235
67.24486721727584 192.3138152785478
91.36210708806547 210.5962390515657
80.47045037222499 181.03317082285582
66.46689173757296 170.5305018468668
54.79725954202957 158.08289417162052
35.347872549457286 165.473661228798
21.73330165465669 150.3031393745916
14.342534597479204 139.0224949188997
10.452657198964744 121.51804662558463
34.18090932990294 125.01893628424763
60.243087899949835 139.80047039860258
83.97134003088803 153.8040290332546
90.5841316083626 142.5233845775627
78.52551167296777 130.8537523820193
65.68891625787006 116.85019374736727
55.96422276158392 108.29246347063547
30.680019671239936 107.51448799093257
23.678240353913907 100.51270867360657
11.619620418519093 96.23384353524065
29.902044191537044 87.2871255186574
19.399375215548012 86.5091500389545
26.401154532874042 78.72939524192559
8.118730759856067 69.00470174563945
3.0618901417872797 80.28534620133136
2.6729024019358443 89.23206421791464
2.6729024019358443 100.51270867360657
3.0618901417872797 56.16810633054174
5.006828841044499 49.16632701321573
16.67646103658788 49.555314753067165
25.23419131331969 51.50025345232439
38.459774468268854 58.50203276965039
45.07256604574343 52.667216671878734
52.074345363069455 59.28000824935331
43.516615086337644 83.0082603802915
64.91094077816719 97.78979449464643
66.46689173757296 84.5642113396973
66.85587947742441 73.6725546238568
64.91094077816719 67.44875078623366
72.30170783534463 54.22316763128452
79.30348715267068 46.4434128342556
55.96422276158392 46.4434128342556
54.79725954202957 71.72761592459958
84.36032777073946 67.8377385260851
91.75109482791694 49.16632701321573
87.86121742940247 42.9425231755926
100.30882510464875 45.66543735455269
119.36922435736959 47.61037605380991
119.36922435736959 40.997584476335334
111.20048182048923 61.61393468846196
97.19692318583718 68.615714005788
90.5841316083626 77.56243202237124
83.58235229103656 97.01181901494354
90.5841316083626 98.56776997434932
90.97311934821404 83.78623585999438
84.7493155105909 115.2942427879615
104.19870250316322 122.29602210528752
110.8114940806378 167.02961218820377
121.70315079647828 187.64596240033038
139.5965868296448 191.53583979884488
169.15965505835467 205.15041069364548
175.3834588959778 188.03495014018182
192.4989194494414 176.7543056844899
181.9962504734524 161.58378383028352
157.10103512295984 170.9194895867182
211.1703309623108 188.4239378800333
222.45097541800274 198.92660685602235
134.15075847172452 153.8040290332546
138.81861134994188 135.52160526023667
162.15787574102862 143.30136005726558
156.32305964325693 114.5162673082586
128.31594237395285 112.57132860900136
129.87189333335863 101.29068415330943
115.86833469870658 93.51092935628051
120.1471998370725 76.78445654266837
115.86833469870658 69.39368948549088
127.1489791543985 58.11304502979896
139.20759908979335 63.55887338771918
149.71026806578234 72.89457914415388
153.98913320414826 61.61393468846196
150.09925580563385 49.9443024929186
171.88256923731475 51.11126571247295
168.38167957865176 57.724057289947524
173.82750793657203 61.22494694861053
160.2129370417714 40.997584476335334
171.88256923731475 72.89457914415388
163.71382670043442 77.9514197622227
167.6037040989489 84.5642113396973
141.15253778905057 81.06332168103427
133.37278299202165 89.23206421791464
142.3195010086049 96.23384353524065
155.15609642370262 102.06865963301235
167.99269183880034 97.01181901494354
111.9784573001921 84.5642113396973
190.9429684900356 133.57666656097945
212.72628192171658 163.13973478968933
182.77422595315525 116.07221826766438
193.2768949291443 109.07043895033836
184.71916465241247 92.73295387657764
188.22005431107553 76.39546880281691
196.3887968479559 69.00470174563945
188.9980297907784 66.28178756667931
189.7760052704813 59.668995989204745
193.2768949291443 54.612155371135955
199.8896865066189 51.50025345232439
217.39413479993394 66.28178756667931
210.39235548260794 61.22494694861053
218.5610980194883 51.11126571247295
214.28223288112238 43.33151091544403
233.73161987369465 44.88746187484981
241.51137467072357 51.11126571247295
214.28223288112238 91.56599065702329
215.83818384052816 78.72939524192559
199.111711026916 93.51092935628051
227.50781603607155 95.45586805553775
227.896803775923 108.29246347063547
220.89502445859694 126.57488724365342
213.11526966156802 114.5162673082586
239.9554237113178 175.58734246493557
247.7351785083467 217.98700610874312
272.6303938588392 181.8111463025587
304.91637626650925 202.03850877483393
262.5167126227017 169.36353862731247
308.0282781853208 170.5305018468668
330.9785548365561 193.4807784981021
361.70858628482034 254.9408413946305
371.4332797811065 181.03317082285582
350.038954089277 172.86442828597546
326.69968969819024 173.2534160258269
338.75830963358504 153.8040290332546
371.04429204125506 154.97099225280897
364.4315004637805 140.96743361815692
355.09579470734576 130.46476464216786
349.6499663494255 116.07221826766438
332.92349353581335 135.52160526023667
322.0318368199729 123.46298532484185
307.2503027056179 149.52516389488872
299.4705479085891 139.80047039860258
271.4634306392849 146.80224971592858
255.51493330537568 111.79335312929848
246.95720302864385 109.07043895033836
260.96076166329584 97.78979449464643
280.0211609160167 111.01537764959558
240.7333991910207 83.78623585999438
232.17566891428888 79.50737072162848
234.898583093249 65.50381208697644
260.96076166329584 58.50203276965039
256.29290878507857 55.00114311098739
266.4065900212161 69.39368948549088
259.79379844374154 64.72583660727354
262.12772488285026 76.78445654266837
283.13306283482825 76.00648106296545
258.2378474843357 44.1094863951469
261.3497494031473 37.1077070778209
281.1881241355711 35.55175611841511
290.91281763185725 47.61037605380991
274.18634481824506 48.38835153351282
279.6321731761653 53.834179891433045
283.13306283482825 65.50381208697644
292.8577563311144 57.724057289947524
300.2485233882919 69.78267722534231
296.3586459897775 93.51092935628051
281.96609961527395 85.73117455925161
313.8630942830925 76.78445654266837
315.4190452424983 86.5091500389545
312.3071433236868 98.56776997434932
340.3142605929908 88.0651009983603
343.8151502516539 71.72761592459958
362.09757402467176 81.06332168103427
323.9767755192301 70.94964044489667
316.9749962019041 65.50381208697644
316.1970207222012 57.33506955009609
322.0318368199729 52.667216671878734
337.59134641403074 60.83595920875909
355.09579470734576 69.78267722534231
347.3160399103169 65.11482434712501
368.3213778622949 65.50381208697644
362.48656176452323 60.057983729056176
350.8169295689799 55.7791185906903
361.70858628482034 49.16632701321573
374.1561939600666 50.33329023277004
349.6499663494255 30.105927760494886
342.6481870320995 39.44163351692955
373.3782184803637 30.494915500346323
355.09579470734576 40.997584476335334
351.2059173088313 47.99936379366138
369.4883410818493 40.6085967364839
335.2574199749221 47.61037605380991
334.8684322350706 30.105927760494886
322.8098122996758 38.66365803722668
320.4758858605671 46.054425094404166
312.3071433236868 40.6085967364839
300.6375111281434 36.32973159811798
77.02600811262235 272.42186567033895
107.80542277004739 421.01214332687346
4.853587536591271 506.98223254244
137.52347830135437 515.4731055513848
247.90482741763725 428.4416572097003
256.39570042658204 588.706885253534
424.0904423532425 564.2956253528176
221.3708492646846 383.86457391273984
398.61782332640803 428.4416572097003
549.3308192351788 476.20281788501495
572.6807200097771 605.6886312714237
749.9276940715005 584.4614487490617
911.2542812414525 631.1612502982582
863.4931205661378 496.36864128125893
1002.5311660876094 462.40514924547955
880.4748665840275 421.01214332687346
720.2096385401936 395.539524300039
684.1234282521781 478.32553613725116
589.6624660276669 387.0486512910942
478.2197577852658 364.760109642614
320.07724799366827 358.39195488590536
217.1254127602122 311.69215333670877
291.4205515884795 284.096816057638
346.61122614662094 320.18302634565356
416.66092847041574 288.34225256211045
432.5813153621873 338.2261314896614
488.83334904644687 297.89448469717337
550.3921783612969 345.6556453724881
628.9327536940368 355.207877507551
718.0869202879576 345.6556453724881
832.7137059087128 357.3305957597873
975.9971879346568 378.55777828214934
970.6903923040663 331.85797673295275
787.0752634856343 316.99894896729927
676.6939143693514 305.32399858000014
580.1102338926038 301.0785620755277
507.93781331657283 263.930992661394
469.728884776321 240.58109188679575
409.2314145875891 264.9923517875121
391.1883094435812 242.70381013903196
431.51995623606916 223.59934586890603
469.728884776321 202.3721633465439
487.77198992032874 196.00400858983534
528.1036367128169 207.67895897713444
516.4286863255177 194.9426494637173
536.5945097217616 173.71546694135517
508.99917244269085 233.15157800396895
559.9444104963599 231.02885975173285
564.1898470008323 259.6855561569216
596.0306207843755 274.54458392257504
565.2512061269505 202.3721633465439
577.9875156403677 192.819931211481
596.0306207843755 215.10847285996127
629.9941128201549 226.78342324726037
619.3805215589739 200.24944509430782
635.3009084507453 257.5628379046854
654.4053727208712 283.0354569315199
690.4915830088869 262.8696335352759
700.0438151439498 234.21293713008708
661.834886603698 225.72206412114232
685.1847873782963 207.67895897713444
735.0686663058472 225.72206412114232
724.455075044666 211.92439548160692
752.0504123237369 243.76516926515
773.277594846099 244.82652839126814
767.9707992155085 290.46497081434666
831.6523467825946 269.23778829198454
856.0636066833111 290.46497081434666
940.9723367727594 301.0785620755277
1019.5129121054993 295.7717664449372
999.3470887092552 257.5628379046854
946.27913240335 252.25604227409488
885.781662214618 243.76516926515
864.5544796922559 235.27429625620522
823.9046039422456 248.0106057696225
813.2910126810644 225.19138455808326
818.5978083116551 206.08692028795733
801.6160622937655 190.6972129592448
852.0306207843754 190.6972129592448
855.7453777257887 211.92439548160692
789.4104323434071 211.92439548160692
837.171593018722 129.6690632074538
760.7537359382184 201.84148378348493
787.81839365423 167.87799174770558
896.0770245182769 207.14827941407546
900.322461022749 185.92109689171338
911.9974114100482 212.455075044666
939.06206912606 220.4152684905518
968.7801246573669 210.8630363554888
993.7220641211422 215.63915242302028
1015.4799262065635 225.72206412114227
1019.7253627110358 175.3075056305323
983.6391524230203 191.75857208536294
1003.8049758192643 160.97915742793788
918.3655661667569 173.1847873782961
907.2212953425168 155.1416822342883
928.9791574279379 146.6508092253435
949.144980824182 137.09857709028054
970.3721633465439 158.3257596126426
965.5960472790126 142.93605228393008
987.8845889274928 123.83158801380425
1002.7436166931461 138.15993621639862
1020.256042274095 117.99411282015465
1010.703810139032 106.31916243285555
1018.1333240218588 96.23625073473356
994.7834232472604 95.17489160861541
1008.5810918867958 81.90790253213913
1018.1333240218588 71.82499083401714
1022.378760526331 84.03062078437533
1005.9276940715006 67.04887476648565
983.6391524230203 58.0273221944818
994.7834232472604 57.49664263142273
983.6391524230203 67.57955432954472
974.6175998510164 70.23295214483998
970.902842909603 58.0273221944818
960.8199312114809 60.68072000977706
982.047113733843 79.25450471684387
987.3539093644338 86.15333903661157
961.8812903375991 91.46013466720206
954.4517764547725 81.37722296908007
953.3904173286543 67.04887476648565
946.4915830088868 55.37392437918653
934.2859530585285 68.11023389260379
930.0405165540559 62.80343826201326
922.6110026712292 70.23295214483998
936.4086713107648 78.19314559072578
945.4302238827686 75.00906821237145
922.6110026712292 54.31256525306844
905.6292566533398 58.0273221944818
915.1814887884027 52.72052656389127
898.1997427705129 51.128487874714104
885.9941128201547 54.31256525306844
893.9543062660406 73.41702952319432
899.2611018966309 63.33411782507229
905.6292566533398 87.7453777257887
908.282654468635 77.13178646460764
900.322461022749 102.07372592838311
882.8100354418004 106.31916243285555
906.6906157794579 121.70886976156807
935.3473121846466 105.2578033067374
928.4484778648789 102.60440549144214
951.267699076418 102.07372592838311
957.1051742700678 101.01236680226502
947.5529421350047 119.58615150933183
798.431984915411 145.58945009922536
785.1649958389348 154.0803231081702
795.2479075370568 131.26110189663098
781.9809184605805 124.89294713992236
793.6558688478796 110.56459893732793
784.6343162758757 102.07372592838311
803.2081009829425 95.17489160861541
810.1069353027102 84.03062078437533
820.7205265638913 81.90790253213913
808.514896613533 70.76363170789905
814.8830513702417 70.23295214483998
806.922857924356 63.86479738813136
818.5978083116551 62.80343826201326
816.4750900594189 56.43528350530463
822.8432448161276 48.47509005941884
987.8845889274928 48.74042984094833
990.007307179729 41.84159552118068
987.3539093644338 31.228004259999622
980.985754607725 8.939462611519453
958.1665333961857 8.939462611519453
1008.0504123237369 25.921208629409094
1012.8265283912681 45.02567289953497
1005.3970145084414 58.292661976011296
965.5960472790126 48.209750277889306
956.0438151439497 20.61441299881857
959.758572085363 26.451888192468164
941.184787378296 9.47014217457848
938.0007099999418 21.675772124936703
940.123428252178 26.98256775552723
943.3075056305323 37.59615901670825
933.2245939324104 37.59615901670825
933.7552734954694 45.02567289953497
940.654107815237 47.67907071483024
952.3290582025362 46.087032025653066
913.5894500992255 9.47014217457848
914.1201296622845 20.61441299881857
914.6508092253436 33.35072251223582
914.1201296622845 44.49499333647594
921.5496435451112 40.24955683200351
893.9543062660406 5.224705670106091
890.2395493246271 26.451888192468164
897.1383836443948 25.390529066350066
893.9543062660406 20.61441299881857
890.7702288876861 13.71557867905091
900.8531405858081 21.145092561877636
901.3838201488671 13.71557867905091
903.5065384011035 25.390529066350066
892.8929471399224 37.59615901670825
889.7088697615679 42.37227508423971
832.3954769511905 6.286064796224188
824.4352835053046 10.00082173763755
822.8432448161276 18.491694746582372
827.619360883659 25.921208629409094
823.9046039422456 35.47344076447205
811.6989739918874 8.939462611519453
807.453537487415 12.654219552932814
802.1467418568245 21.675772124936703
806.922857924356 32.82004294917679
799.4933440415292 43.96431377341688
790.4717914695253 54.047225471538866
784.6343162758757 58.292661976011296
788.3490732172891 66.78353498495612
791.0024710325844 82.17324231366862
781.4502388975214 73.15168974166474
781.4502388975214 78.98916493531429
777.735481956108 88.01071750731823
771.8980067624585 99.15498833155827
761.8150950643366 108.70722046662124
748.5481059878601 134.71051905651476
757.038978996805 121.97420954309752
759.6923768121003 149.03886725910922
743.2413103572696 151.6922650744045
746.9560672986829 180.87964104265237
688.0506357991283 193.08527099301054
698.1335474972502 177.69556366429802
704.5017022539589 166.0206132769989
711.4005365737264 153.8149833266407
712.4618956998446 141.60935337628248
718.2993708934941 127.81168473674711
716.707332204317 103.93110439908978
734.7504373483248 94.37887226402681
748.5481059878601 85.88799925508201
758.1003381229231 81.11188318755053
767.1218906949271 68.37557367413328
768.7139293841042 58.292661976011296
772.4286863255174 55.10858459765696
753.8549016184506 64.13013716966086
781.9809184605805 33.35072251223582
786.2263549650529 25.390529066350066
783.0422775866986 18.491694746582372
784.1036367128166 10.00082173763755
761.8150950643366 20.61441299881857
761.2844155012775 34.942761201412985
748.0174264248011 26.451888192468164
751.7321833662146 12.654219552932814
752.2628629292735 42.37227508423971
737.40383516362 33.881402075294886
750.1401446770374 56.169943723775056
743.2413103572696 65.19149629577899
732.0970395330295 70.49829192636948
729.9743212807934 83.23460143978672
715.6459730781991 83.7652810028458
718.2993708934941 66.25285542189704
713.5232548259627 57.76198241295222
703.4403431278407 50.3324685301255
713.5232548259627 50.3324685301255
702.3789840017226 43.96431377341688
700.2562657494865 35.47344076447205
722.0141278349075 25.390529066350066
731.0356804069115 14.776937805169009
709.8084978845494 18.491694746582372
696.0108292450141 25.390529066350066
688.5813153621873 16.899656057405203
680.6211219163015 12.123539989873745
671.0688897812386 20.61441299881857
658.8632598308803 11.062180863755646
653.5564642002898 16.368976494346175
649.3110276958174 25.921208629409094
671.0688897812386 39.71887726894448
677.9677241010063 43.96431377341688
691.2347131774826 55.63926416071603
680.6211219163015 54.57790503459793
680.6211219163015 69.96761236331045
695.4801496819549 62.538098480483725
688.5813153621873 75.27440799390098
701.3176248756046 80.05052406143244
707.1551000692541 96.50159051626301
688.0506357991283 88.01071750731823
683.2745197315968 101.27770658379451
693.8881109927778 115.60605478638892
684.8665584207739 127.28100517368804
675.84500584877 140.54799425016438
665.231414587589 153.8149833266407
665.7620941506481 173.9808067228847
649.3110276958174 185.65575711018383
628.6145247365143 183.5330388579476
597.8351100790893 175.57284541206184
576.0772479936683 162.30585633558553
620.1236517275696 159.65245852029025
609.5100604663885 151.1615855113454
633.3906408040458 144.26275119157773
615.3475356600381 132.58780080427857
648.2496685696993 129.9344029889833
658.8632598308803 117.19809347556605
649.8417072588765 110.82993871885746
646.6576298805221 101.27770658379451
660.9859780831166 98.09362920544022
655.148502889467 89.60275619649535
669.4768510920613 77.39712624613718
658.8632598308803 71.55965105248757
667.8848124028842 62.538098480483725
665.231414587589 51.92450721930267
654.0871437633489 49.80178896706647
654.0871437633489 41.84159552118068
644.0042320652269 36.53479989059015
643.4735525021678 46.087032025653066
634.451999930164 52.455186782361736
641.8815138129906 59.88470066518846
650.3723868219355 58.292661976011296
633.9213203671048 70.49829192636948
640.2894751238135 80.05052406143244
636.5747181824001 97.56294964238114
625.9611269212191 117.19809347556605
599.4271487682665 133.6491599303967
584.0374414395541 147.97750813299112
591.4669553223807 119.32081172780225
578.1999662459044 126.75032561062902
569.1784136739005 136.833237308751
554.3193859082471 149.03886725910922
525.6626895030583 161.2444972094674
538.9296785795347 134.71051905651476
546.8898720254205 124.09692779533376
564.4022976063691 118.25945260168419
578.7306458089635 110.82993871885746
580.8533640611997 99.15498833155827
544.7671537731841 107.11518177744406
537.3376398903574 97.56294964238114
521.4172529985859 92.7868335748497
524.6013303769402 116.66741391250703
541.0523968317708 82.17324231366862
553.7887063451881 89.60275619649535
576.0772479936683 84.8266401289639
581.3840436242588 88.54139707037726
604.733944398857 94.37887226402681
612.1634582816838 98.09362920544022
618.0009334753333 84.8266401289639
606.3259830880341 76.33576712001903
579.7920049350816 78.45848537225527
580.3226844981406 67.84489411107421
595.1817122637941 73.6823693047238
597.3044305160304 60.94605979130656
614.28617653392 54.047225471538866
607.3873422141523 47.14839115177121
614.28617653392 39.71887726894448
626.4918064842782 45.55635246259405
630.7372429887506 24.329169940231967
639.2281159976955 11.062180863755646
630.2065634256916 14.776937805169009
626.4918064842782 6.8167443592832155
619.0622926014514 16.368976494346175
607.9180217772113 6.286064796224188
608.4487013402704 14.776937805169009
603.672585272739 13.71557867905091
597.3044305160304 15.838296931287106
591.4669553223807 6.8167443592832155
584.5681210026131 11.062180863755646
575.0158888675501 18.491694746582372
582.9760823134359 28.04392688164533
558.0341428496605 30.69732469694055
566.5250158586053 41.31091595812161
575.5465684306091 48.209750277889306
583.5067618764949 43.96431377341688
590.9362757593217 39.71887726894448
604.203264835798 33.881402075294886
597.8351100790893 31.228004259999622
588.8135575070855 33.35072251223582
593.0589940115578 47.67907071483024
580.8533640611997 58.292661976011296
568.1170545477825 60.94605979130656
564.9329771694281 71.55965105248757
557.5034632866013 60.415380228247486
557.5034632866013 50.86314809318457
556.9727837235424 43.4336342103578
546.8898720254205 67.31421454801519
529.9081260075307 60.415380228247486
538.9296785795347 50.3324685301255
537.8683194534165 72.62101017860572
521.4172529985859 73.15168974166474
521.4172529985859 64.13013716966086
522.478612124704 48.74042984094833
524.0706508138811 19.553053872700467
415.0688897812387 171.85808847064845
458.5846139520809 154.8763424527588
497.3242220553918 160.18313808334932
510.060531568809 147.97750813299112
400.20986201558526 155.40702201581786
407.63937589841186 141.07867381322345
394.37238682193566 130.99576211510146
385.3508342499318 114.54469566027079
395.4337459480538 103.93110439908978
403.3939393939395 110.82993871885746
420.9063649748883 117.72877303862512
412.4154919659433 100.2163474576764
427.2745197315968 108.70722046662124
437.88811099277785 140.54799425016438
457.52325482596274 132.58780080427857
479.28111691138395 145.8547898807549
496.26286292927364 136.30255774569198
508.99917244269085 126.21964604756998
486.1799512311517 117.72877303862512
501.5696585598642 95.44023139014496
486.7106307942107 103.93110439908978
452.2164591953724 111.89129784497553
443.72558618642745 104.99246352520787
426.21316060547883 85.88799925508201
440.0108292450141 91.72547444873155
446.3789840017228 83.23460143978672
458.05393438902183 86.9493583812001
470.25956433938006 94.37887226402681
462.8300504565533 76.33576712001903
474.5050008438525 81.11188318755053
490.42538773562404 85.88799925508201
479.28111691138395 65.72217585883801
489.3640286095059 73.15168974166474
504.2230563751594 84.8266401289639
488.83334904644687 64.66081673271992
497.3242220553918 59.354021102129394
508.99917244269085 57.2313028498932
512.7139293841043 71.55965105248757
379.5133590562822 71.55965105248757
388.004232065227 59.88470066518846
393.84170725887657 62.538098480483725
391.7189890066403 51.393827656243595
388.004232065227 46.087032025653066
380.0440386193413 43.4336342103578
396.49510507417193 32.82004294917679
398.08714376334893 22.206451687995735
308.40229760636913 19.02237430964144
324.8533640611998 18.491694746582372
418.783646722652 65.72217585883801
404.4552985200576 58.82334153907032
403.9246189569986 47.14839115177121
416.1302489073568 53.51654590847979
403.3939393939395 28.04392688164533
420.37568541182924 23.26781081411383
425.68248104241974 30.166645133881524
427.80519929465584 48.74042984094833
423.0290832271244 43.4336342103578
433.1119949252464 60.94605979130656
441.60286793419135 56.169943723775056
445.8483044386637 46.087032025653066
446.3789840017228 32.82004294917679
458.05393438902183 53.51654590847979
465.4834482718486 49.271109404007404
460.70733220431714 42.90295464729878
462.8300504565533 32.82004294917679
462.8300504565533 25.390529066350066
482.9958738527973 45.02567289953497
493.07878555091924 39.71887726894448
479.811796474443 30.166645133881524
476.09703953302966 24.329169940231967
485.11859210503354 15.838296931287106
474.5050008438525 11.062180863755646
455.40053657372664 6.286064796224188
493.07878555091924 11.062180863755646
511.1218906949271 9.47014217457848
504.7537359382184 18.491694746582372
538.1865484109388 11.062180863755646
553.5762557396513 1.509948728692729
