34.423456790123424 573.2141975308641
6.425925925925895 638.2672839506173
98.65308641975307 643.2080246913581
128.2975308641975 625.9154320987655
94.53580246913575 600.3882716049384
158.7654320987654 646.5018518518519
188.40987654320983 620.1512345679013
224.64197530864195 577.3314814814815
291.34197530864196 651.4425925925926
312.7518518518518 635.796913580247
288.04814814814813 625.0919753086421
262.52098765432095 607.7993827160494
301.22345679012346 588.8598765432099
360.51234567901236 598.7413580246914
390.98024691358023 639.9141975308643
386.03950617283954 596.2709876543211
423.0950617283951 552.6277777777779
459.32716049382714 629.2092592592593
462.62098765432097 658.0302469135803
439.56419753086425 657.2067901234568
519.4395061728395 617.6808641975309
504.6172839506173 563.3327160493827
531.7913580246914 554.2746913580247
563.9061728395062 581.4487654320988
606.7259259259259 570.7438271604939
613.3135802469136 619.3277777777778
573.7876543209877 646.5018518518519
642.1345679012346 584.7425925925927
661.0740740740741 565.8030864197531
691.541975308642 568.2734567901235
713.7753086419754 583.9191358024692
694.8358024691358 602.8586419753087
675.0728395061728 637.4438271604939
774.7111111111111 610.2697530864198
788.7098765432099 645.6783950617285
865.2913580246914 644.854938271605
880.1135802469137 618.5043209876544
887.5246913580247 569.9203703703704
828.2358024691359 562.5092592592594
795.2975308641976 535.3351851851853
732.7148148148149 527.1006172839507
716.2456790123457 544.3932098765433
647.8987654320988 541.9228395061729
815.883950617284 520.512962962963
885.8777777777777 513.101851851852
829.0592592592593 494.1623456790124
785.4160493827161 474.39938271604944
764.0061728395062 483.45740740740746
768.9469135802469 466.9882716049383
759.0654320987654 446.4018518518519
809.2962962962963 443.1080246913581
838.9407407407407 453.812962962963
876.8197530864197 448.04876543209883
857.8802469135803 397.81790123456796
710.4814814814815 469.4586419753087
710.4814814814815 440.6376543209877
689.8950617283951 445.57839506172843
648.7222222222223 445.57839506172843
647.0753086419753 476.8697530864198
642.1345679012346 513.9253086419753
610.0197530864198 504.8672839506173
598.4913580246914 486.7512345679013
599.3148148148149 454.63641975308644
572.1407407407407 492.5154320987655
582.0222222222222 522.15987654321
523.5567901234568 521.3364197530865
505.4407407407408 497.4561728395062
521.0864197530865 484.2808641975309
433.80000000000007 504.0438271604939
442.0345679012346 471.92901234567904
465.9148148148148 458.75370370370376
448.62222222222226 527.1006172839507
457.6802469135803 556.7450617283951
423.91851851851857 524.6302469135803
390.98024691358023 532.8648148148148
393.4506172839506 494.1623456790124
383.5691358024692 482.633950617284
379.45185185185187 460.4006172839507
413.2135802469136 448.87222222222226
395.09753086419755 448.04876543209883
399.2148148148149 430.75617283950623
421.4481481481481 425.8154320987655
442.0345679012346 420.05123456790125
460.1506172839506 432.40308641975315
507.91111111111115 434.05
522.7333333333333 433.2265432098766
532.6148148148148 410.99320987654323
552.3777777777779 415.11049382716055
572.1407407407407 410.99320987654323
569.6703703703704 437.34382716049384
591.0802469135803 415.11049382716055
633.0765432098766 415.933950617284
361.33580246913584 539.4524691358025
329.220987654321 550.980864197531
300.4 555.9216049382717
250.99259259259256 549.333950617284
246.0518518518518 519.6895061728396
290.5185185185185 525.4537037037037
274.8728395061728 522.15987654321
278.9901234567901 489.22160493827164
260.0506172839506 490.0450617283951
311.10493827160496 504.8672839506173
322.6333333333333 472.7524691358025
319.3395061728395 453.812962962963
325.92716049382716 427.4623456790124
365.45308641975305 435.6969135802469
351.45432098765434 423.3450617283951
372.0407407407407 406.0524691358025
310.2814814814815 405.22901234567905
298.7530864197531 395.34753086419755
304.5172839506173 428.28580246913583
279.8135802469136 429.93271604938275
261.69753086419746 405.22901234567905
287.22469135802464 457.9302469135803
255.9333333333333 462.0475308641976
236.9938271604938 452.9895061728395
219.7012345679012 427.4623456790124
210.64320987654318 407.6993827160494
201.58518518518517 488.3981481481482
210.64320987654318 519.6895061728396
184.29259259259257 560.038888888889
126.6506172839506 564.1561728395062
151.3543209876543 592.9771604938272
79.71358024691355 554.2746913580247
72.30246913580245 509.80802469135807
150.5308641975308 498.27962962962965
173.58765432098764 485.1043209876544
190.05679012345675 457.9302469135803
155.47160493827155 445.57839506172843
117.59259259259258 490.86851851851856
114.29876543209875 523.8067901234568
100.29999999999998 524.6302469135803
3.132098765432062 480.1635802469136
17.954320987654285 459.5771604938272
15.48395061728391 434.8734567901235
49.24567901234562 438.16728395061733
49.24567901234562 476.04629629629636
88.77160493827157 447.22530864197535
83.00740740740738 471.1055555555556
116.7691358024691 445.57839506172843
95.35925925925923 480.1635802469136
124.18024691358019 426.6388888888889
156.29506172839504 421.69814814814816
138.17901234567896 392.8771604938272
104.41728395061725 377.2314814814815
97.00617283950615 410.99320987654323
73.94938271604937 389.58333333333337
87.12469135802465 370.64382716049386
69.83209876543205 364.0561728395062
47.5987654320987 378.87839506172844
7.249382716049325 354.1746913580247
19.6012345679012 406.87592592592597
41.01111111111109 410.99320987654323
41.83456790123452 356.6450617283951
51.71604938271602 335.23518518518523
22.071604938271577 309.70802469135805
79.71358024691355 331.11790123456797
86.30123456790122 313.0018518518519
108.53456790123451 323.7067901234568
125.82716049382711 317.11913580246915
157.11851851851847 304.7672839506173
176.88148148148147 316.2956790123457
194.17407407407407 321.23641975308647
201.58518518518517 343.4697530864198
190.05679012345675 358.291975308642
164.52962962962962 359.1154320987655
142.29629629629628 354.9981481481482
139.00246913580244 339.3524691358025
115.94567901234566 343.4697530864198
145.5901234567901 324.5302469135803
219.7012345679012 315.4722222222223
213.11358024691353 329.470987654321
235.34691358024688 318.7660493827161
243.58148148148146 335.23518518518523
232.87654320987653 374.7611111111111
222.99506172839503 368.1734567901235
211.4666666666666 380.52530864197536
187.5864197530864 387.93641975308645
267.46172839506175 364.0561728395062
277.34320987654314 382.9956790123457
308.6345679012346 348.4104938271605
336.63209876543215 345.1166666666667
339.1024691358025 360.76234567901236
371.21728395061734 363.23271604938276
370.39382716049386 345.1166666666667
317.69259259259263 380.52530864197536
323.4567901234568 368.1734567901235
388.5098765432099 337.7055555555556
405.80246913580254 331.9413580246914
423.0950617283951 331.9413580246914
416.5074074074074 368.99691358024694
423.0950617283951 385.4660493827161
416.5074074074074 410.99320987654323
460.9740740740741 404.40555555555557
478.26666666666665 387.112962962963
462.62098765432097 387.93641975308645
468.38518518518515 370.64382716049386
483.20740740740746 346.76358024691365
464.26790123456794 331.11790123456797
480.7370370370371 323.7067901234568
446.1518518518519 345.1166666666667
455.20987654320993 354.1746913580247
496.3827160493828 375.5845679012346
507.91111111111115 356.6450617283951
521.9098765432099 333.5882716049383
544.1432098765432 336.88209876543215
542.4962962962964 355.82160493827166
529.320987654321 382.9956790123457
529.320987654321 371.46728395061734
568.0234567901235 339.3524691358025
580.3753086419754 345.1166666666667
586.1395061728396 332.7648148148148
599.3148148148149 345.94012345679016
590.2567901234568 367.35
594.3740740740741 384.6425925925926
607.5493827160494 387.112962962963
630.6061728395063 362.40925925925933
617.4308641975309 345.94012345679016
633.9 345.1166666666667
610.8432098765433 331.9413580246914
612.4901234567901 317.94259259259263
638.0172839506173 324.5302469135803
664.367901234568 327.00061728395065
652.0160493827161 330.2944444444445
654.4864197530865 376.40802469135804
666.8382716049383 387.93641975308645
639.6641975308643 377.2314814814815
657.7802469135803 417.5808641975309
648.7222222222223 405.22901234567905
683.3074074074075 414.28703703703707
692.3654320987655 361.58580246913584
680.837037037037 357.4685185185185
676.7197530864198 335.23518518518523
685.7777777777778 335.23518518518523
724.4802469135802 365.70308641975316
708.8345679012345 360.76234567901236
698.1296296296297 388.7598765432099
713.7753086419754 380.52530864197536
732.7148148148149 408.5228395061729
776.3580246913581 422.52160493827165
790.3567901234568 410.99320987654323
815.883950617284 405.22901234567905
782.1222222222223 390.4067901234568
807.6493827160493 379.70185185185187
838.1172839506173 368.99691358024694
894.9358024691358 345.1166666666667
871.0555555555557 377.2314814814815
864.467901234568 338.529012345679
820.0012345679013 336.05864197530866
804.3555555555556 342.6462962962963
793.6506172839506 353.35123456790126
824.941975308642 353.35123456790126
852.116049382716 331.9413580246914
860.3506172839507 312.17839506172845
796.9444444444445 321.23641975308647
780.4753086419754 333.5882716049383
762.3592592592593 343.4697530864198
754.1246913580247 364.8796296296297
761.5358024691359 383.8191358024692
747.5370370370371 405.22901234567905
750.0074074074074 332.7648148148148
735.1851851851852 329.470987654321
714.5987654320988 328.64753086419756
876.8197530864197 266.06481481481484
884.230864197531 245.4783950617284
875.172839506173 229.0092592592593
859.5271604938273 230.6561728395062
842.2345679012346 253.712962962963
843.8814814814816 289.1216049382716
829.8827160493827 295.7092592592593
824.941975308642 284.1808641975309
830.7061728395063 275.1228395061729
816.7074074074073 315.4722222222223
787.8864197530864 308.06111111111113
771.4172839506173 317.11913580246915
776.3580246913581 290.76851851851853
801.8851851851853 276.76975308641977
740.1259259259259 307.23765432098764
726.9506172839507 297.3561728395062
741.7728395061729 276.76975308641977
759.0654320987654 270.1820987654321
755.7716049382716 252.06604938271607
773.8876543209877 259.4771604938272
771.4172839506173 273.47592592592594
813.4135802469136 233.95000000000005
826.588888888889 239.71419753086423
828.2358024691359 255.3598765432099
871.879012345679 206.77592592592595
858.7037037037037 211.7166666666667
877.6432098765433 191.9537037037037
864.467901234568 196.89444444444445
862.820987654321 188.65987654320992
872.7024691358026 182.89567901234568
862.820987654321 174.66111111111115
852.9395061728396 168.89691358024692
843.8814814814816 183.71913580246917
810.9432098765433 199.36481481481485
810.9432098765433 187.012962962963
824.941975308642 170.54382716049383
814.237037037037 167.25
819.1777777777779 156.54506172839507
708.0111111111112 261.1240740740741
714.5987654320988 250.41913580246916
699.7765432098765 249.59567901234573
702.246913580247 236.4203703703704
694.8358024691358 279.2401234567901
705.5407407407408 308.06111111111113
690.7185185185185 308.06111111111113
698.9530864197532 296.53271604938277
682.483950617284 286.65123456790127
640.4876543209876 301.47345679012346
663.5444444444445 292.41543209876545
641.3111111111111 269.3586419753087
670.1320987654321 273.47592592592594
684.9543209876543 234.77345679012348
670.1320987654321 235.5969135802469
667.6617283950618 219.95123456790122
681.6604938271605 212.54012345679013
701.4234567901235 208.42283950617286
718.716049382716 208.42283950617286
733.5382716049384 243.00802469135806
734.3617283950617 215.01049382716053
747.5370370370371 200.18827160493828
766.4765432098766 185.36604938271608
775.5345679012346 177.954938271605
559.7888888888889 316.2956790123457
570.4938271604939 298.17962962962963
590.2567901234568 281.7104938271605
612.4901234567901 282.53395061728395
616.6074074074074 295.7092592592593
643.7814814814815 238.0672839506173
632.2530864197531 257.0067901234568
605.9024691358024 265.2413580246914
621.5481481481481 235.5969135802469
635.546913580247 211.7166666666667
607.5493827160494 219.1277777777778
603.4320987654321 201.01172839506177
579.5518518518519 228.1858024691358
572.1407407407407 242.18456790123457
562.2592592592592 233.95000000000005
545.7901234567902 239.71419753086423
559.7888888888889 270.1820987654321
558.9654320987654 282.53395061728395
563.0827160493827 295.7092592592593
549.9074074074074 297.3561728395062
538.379012345679 295.7092592592593
530.1444444444445 308.8845679012346
530.9679012345679 319.58950617283955
497.20617283950617 297.3561728395062
508.73456790123464 292.41543209876545
515.3222222222222 282.53395061728395
500.5 269.3586419753087
515.3222222222222 242.18456790123457
523.5567901234568 186.18950617283951
566.3765432098766 177.1314814814815
534.2617283950617 147.487037037037
504.6172839506173 179.60185185185185
613.3135802469136 174.66111111111115
610.8432098765433 154.89814814814815
659.4271604938272 171.36728395061732
644.604938271605 182.89567901234568
633.9 165.60308641975308
643.7814814814815 154.07469135802467
651.1925925925926 149.95740740740746
749.183950617284 146.66358024691363
758.241975308642 148.31049382716049
754.1246913580247 123.60679012345679
709.658024691358 138.42901234567898
701.4234567901235 142.5462962962963
664.367901234568 160.6623456790124
672.6024691358025 149.95740740740746
688.2481481481482 155.72160493827164
679.1901234567902 165.60308641975308
694.8358024691358 157.36851851851856
694.8358024691358 126.07716049382714
724.4802469135802 120.31296296296296
635.546913580247 149.13395061728397
645.4283950617285 135.13518518518515
622.3716049382716 138.42901234567898
629.7827160493828 120.31296296296296
605.9024691358024 140.07592592592596
538.379012345679 126.07716049382714
560.6123456790124 131.84135802469132
567.2 160.6623456790124
494.7358024691358 241.36111111111114
487.32469135802467 275.1228395061729
473.32592592592596 275.1228395061729
479.09012345679014 298.17962962962963
460.1506172839506 298.17962962962963
441.2111111111111 286.65123456790127
451.9160493827161 273.47592592592594
459.32716049382714 264.4179012345679
451.0925925925926 255.3598765432099
449.44567901234575 239.71419753086423
470.8555555555556 226.5388888888889
477.4432098765433 243.83148148148155
482.383950617284 227.36234567901238
498.85308641975314 227.36234567901238
487.32469135802467 162.3092592592593
479.9135802469136 143.3697530864198
486.5012345679013 135.13518518518515
499.6765432098765 131.84135802469132
505.4407407407408 131.01790123456794
501.3234567901235 117.84259259259261
362.1592592592592 306.4141975308642
344.0432098765432 322.8833333333333
386.862962962963 309.70802469135805
409.09629629629626 297.3561728395062
396.7444444444444 277.59320987654326
371.21728395061734 297.3561728395062
366.27654320987654 280.8870370370371
377.8049382716049 262.770987654321
394.27407407407406 251.2425925925926
407.4493827160494 261.1240740740741
429.68271604938275 255.3598765432099
432.1530864197531 272.6524691358025
438.74074074074076 301.47345679012346
423.91851851851857 238.0672839506173
395.92098765432104 237.24382716049388
393.4506172839506 226.5388888888889
391.8037037037037 199.36481481481485
412.3901234567901 189.48333333333335
425.5654320987654 201.8351851851852
430.50617283950623 210.06975308641978
456.0333333333333 199.36481481481485
390.15679012345686 174.66111111111115
401.6851851851852 160.6623456790124
395.09753086419755 119.48950617283947
405.80246913580254 130.19444444444446
409.91975308641975 118.6660493827161
418.1543209876544 129.37098765432097
408.2728395061729 141.72283950617282
397.5679012345679 142.5462962962963
388.5098765432099 131.01790123456794
439.56419753086425 125.25370370370376
446.9753086419753 120.31296296296296
434.62345679012344 117.01913580246912
377.8049382716049 140.89938271604944
367.1 140.07592592592596
366.27654320987654 131.84135802469132
540.025925925926 274.2993827160494
295.4592592592593 337.7055555555556
302.8703703703703 329.470987654321
327.57407407407413 302.29691358024695
339.925925925926 303.94382716049387
338.279012345679 285.8277777777778
330.0444444444445 266.88827160493827
318.516049382716 291.59197530864196
302.8703703703703 298.17962962962963
302.8703703703703 313.8253086419753
280.637037037037 306.4141975308642
283.10740740740744 322.8833333333333
265.8148148148148 322.8833333333333
260.8740740740741 303.94382716049387
260.8740740740741 279.2401234567901
276.51975308641977 273.47592592592594
297.92962962962963 280.8870370370371
312.7518518518518 278.4166666666667
315.2222222222223 260.30061728395066
330.86790123456785 249.59567901234573
353.9246913580247 239.71419753086423
363.8061728395062 237.24382716049388
381.09876543209873 232.30308641975313
359.68888888888887 263.59444444444443
347.337037037037 231.47962962962964
334.1617283950617 225.71543209876546
300.4 245.4783950617284
291.34197530864196 261.9475308641976
269.9320987654321 259.4771604938272
274.8728395061728 243.83148148148155
250.99259259259256 227.36234567901238
256.75679012345677 248.77222222222224
251.81604938271605 265.2413580246914
237.81728395061728 271.0055555555556
226.28888888888886 242.18456790123457
211.4666666666666 257.83024691358025
218.05432098765428 276.76975308641977
227.93580246913578 298.17962962962963
238.6407407407407 299.0030864197531
251.81604938271605 317.94259259259263
202.4086419753086 297.3561728395062
185.9395061728395 298.17962962962963
170.2938271604938 294.06234567901237
150.5308641975308 289.1216049382716
167.8234567901234 273.47592592592594
180.1753086419753 263.59444444444443
185.9395061728395 252.06604938271607
207.34938271604935 248.77222222222224
200.76172839506168 238.89074074074074
204.05555555555551 224.06851851851854
213.93703703703702 215.01049382716053
223.81851851851852 215.83395061728396
229.5827160493827 191.13024691358027
235.34691358024688 174.66111111111115
238.6407407407407 145.84012345679014
253.46296296296296 202.65864197530868
243.58148148148146 189.48333333333335
290.5185185185185 161.48580246913582
197.46790123456785 166.42654320987657
194.9975308641975 151.60432098765432
208.99629629629626 148.31049382716049
213.93703703703702 149.95740740740746
222.1716049382716 149.95740740740746
218.87777777777777 131.84135802469132
276.51975308641977 128.5475308641976
288.8716049382716 139.25246913580247
293.8123456790123 140.89938271604944
42.65802469135801 294.06234567901237
15.48395061728391 280.8870370370371
8.072839506172784 268.53518518518524
28.659259259259215 272.6524691358025
57.4802469135802 272.6524691358025
76.41975308641972 272.6524691358025
92.88888888888883 280.0635802469136
104.41728395061725 279.2401234567901
111.82839506172834 271.0055555555556
125.82716049382711 269.3586419753087
125.82716049382711 246.3018518518519
116.7691358024691 245.4783950617284
152.17777777777772 252.06604938271607
137.35555555555553 249.59567901234573
160.4123456790123 241.36111111111114
172.76419753086415 236.4203703703704
87.12469135802465 248.77222222222224
44.304938271604925 241.36111111111114
41.83456790123452 224.89197530864203
40.187654320987605 205.12901234567903
68.18518518518513 209.24629629629635
87.94814814814814 219.1277777777778
92.0654320987654 205.12901234567903
104.41728395061725 205.95246913580252
111.82839506172834 193.60061728395067
104.41728395061725 233.12654320987656
100.29999999999998 249.59567901234573
92.88888888888883 188.65987654320992
74.7728395061728 195.24753086419753
70.65555555555554 184.5425925925926
79.71358024691355 178.77839506172842
89.59506172839505 182.07222222222225
95.35925925925923 176.308024691358
88.77160493827157 167.25
83.00740740740738 155.72160493827164
64.06790123456787 170.54382716049383
53.36296296296294 184.5425925925926
1.485185185185145 207.59938271604938
134.88518518518518 172.19074074074075
131.59135802469135 159.8388888888889
115.12222222222218 170.54382716049383
60.774074074074036 159.8388888888889
173.58765432098764 123.60679012345679
160.4123456790123 124.43024691358028
188.40987654320983 141.72283950617282
194.9975308641975 134.31172839506178
166.99999999999997 138.42901234567898
157.11851851851847 133.4882716049383
105.24074074074068 126.90061728395062
92.0654320987654 127.72407407407411
89.59506172839505 140.07592592592596
74.7728395061728 141.72283950617282
67.3617283950617 147.487037037037
83.00740740740738 121.95987654320993
143.9432098765432 116.19567901234575
148.06049382716046 112.90185185185192
910.0904095904096 546.7872127872128
962.0384615384615 467.8661338661339
998.0024975024975 572.7612387612388
964.0364635364634 572.7612387612388
962.0384615384615 615.7182817182817
935.0654345654347 628.7052947052947
917.0834165834166 595.7382617382617
942.0584415584416 656.6773226773226
905.0954045954046 659.6743256743257
945.0554445554445 574.7592407592408
922.0784215784216 330.003996003996
974.0264735264735 334.0
44.9555444555445 519.8141858141857
128.8716283716284 499.83416583416584
146.8536463536464 467.8661338661339
117.88261738261741 463.87012987012986
71.9285714285715 413.92007992007996
78.92157842157849 425.90809190809193
68.93156843156845 571.7622377622378
215.78471528471533 656.6773226773226
319.6808191808192 533.8001998001998
339.66083916083915 529.8041958041958
357.6428571428571 506.82717282717283
342.6578421578422 487.84615384615387
479.520979020979 548.7852147852147
581.4190809190809 632.7012987012987
577.4230769230769 551.7822177822178
568.432067932068 556.7772227772227
632.3681318681319 442.8911088911089
679.3211788211788 430.9030969030969
820.1803196803197 382.95104895104896
802.1983016983016 595.7382617382617
736.2642357642358 558.7752247752247
798.2022977022976 435.8981018981019
811.1893106893107 419.91408591408594
834.1663336663336 393.94005994005994
851.1493506493506 377.95604395604397
857.1433566433567 367.966033966034
868.1323676323676 350.983016983017
851.1493506493506 345.98801198801203
843.1573426573426 317.01698301698303
963.0374625374626 548.7852147852147
202.54795204795204 597.1535964035963
447.80269730269725 402.3484015984016
443.30719280719285 391.35939060939063
428.3221778221778 372.87787212787214
451.29920079920083 365.3853646353647
88.16233766233766 349.9008491508492
122.62787212787212 359.3913586413587
203.04745254745256 389.86088911088916
196.05444555444558 405.3454045954046
180.0704295704296 416.8339160839161
194.55594405594405 429.8209290709291
223.02747252747253 388.36238761238764
264.9855144855145 402.84790209790214
244.00649350649354 417.8329170829171
34.21628371628371 394.3563936063936
336.9135864135864 385.8648851148851
275.47502497502495 349.9008491508492
228.02247752247752 352.8978521478522
238.51198801198802 360.88986013986016
212.53796203796207 354.39635364635365
283.96653346653346 351.8988511488512
299.95054945054943 353.39735264735265
144.6058941058941 552.1985514485515
291.459040959041 539.2115384615385
391.85864135864136 509.2415084915085
58.69180819180819 491.758991008991
94.65584415584415 491.758991008991
108.14235764235765 420.91308691308694
160.0904095904096 402.4315684315685
290.95954045954045 419.91408591408594
493.25724275724275 410.92307692307696
478.2722277722277 418.91508491508495
7.742757242757264 334.4995004995005
40.21028971028973 366.4675324675325
22.727772227772235 293.04095904095914
42.208291708291725 276.55744255744264
37.213286713286735 265.5684315684316
63.68681318681318 259.5744255744256
60.68981018981019 250.08391608391617
89.66083916083916 264.06993006993014
106.64385614385615 259.5744255744256
83.66683316683317 297.5364635364636
116.63386613386614 318.01598401598403
119.13136863136863 304.02997002997006
149.1013986013986 309.0249750249751
175.07542457542456 281.5524475524476
202.04845154845157 280.55344655344663
255.99450549450552 291.5424575424576
286.96353646353646 248.08591408591417
314.43606393606393 245.58841158841165
305.9445554445554 261.5724275724276
323.4270729270729 243.59040959040965
345.4050949050949 240.09390609390616
379.37112887112886 249.08491508491517
410.8396603396604 231.60239760239767
407.84265734265733 241.59240759240765
430.3201798201798 227.60639360639368
455.79470529470524 239.59440559440566
419.3311688311688 268.06593406593413
399.85064935064935 184.6493506493507
403.84665334665334 198.63536463536468
387.36313686313684 193.6403596403597
470.77972027972027 206.6273726273727
49.20129870129871 203.1308691308692
85.66483516483517 196.63736263736268
101.14935064935067 225.60839160839168
93.65684315684315 231.60239760239767
97.65284715284714 238.09590409590416
88.66183816183816 237.59640359640366
10.739760239760258 257.07692307692315
12.737762237762254 265.5684315684316
52.697802197802204 261.07292707292714
88.66183816183816 274.55944055944065
134.6158841158841 265.06893106893114
132.11838161838165 332.50149850149853
281.469030969031 411.4225774225775
386.8636363636364 406.4275724275725
104.64585414585416 163.67032967032975
116.63386613386614 158.17582417582423
92.65784215784215 148.68531468531478
116.63386613386614 139.69430569430574
132.61788211788212 145.18881118881126
138.6118881118881 134.69930069930075
174.5759240759241 165.16883116883122
182.56793206793208 164.66933066933075
207.04345654345656 162.17182817182822
196.55394605394605 159.67432567432576
231.0194805194805 141.19280719280727
305.44505494505495 159.67432567432576
299.45104895104896 150.68331668331678
309.44105894105894 143.69030969030973
318.4320679320679 139.19480519480527
316.4340659340659 154.17982017982024
339.9105894105894 161.17282717282723
350.4000999000999 157.17682317682323
351.8986013986014 163.17082917082922
359.89060939060937 149.68431568431578
342.9075924075924 145.68831168831173
348.4020979020979 132.20179820179828
373.3771228771229 129.70429570429576
411.3391608391608 151.68231768231777
416.8336663336664 157.67632367632376
398.3521478521479 150.68331668331678
388.8616383616383 154.17982017982024
400.3501498501499 175.65834165834173
104.14635364635366 350.983016983017
99.65084915084914 317.51648351648356
162.58791208791212 325.0089910089911
162.58791208791212 342.99100899100904
186.56393606393607 344.98901098901104
250.99950049950053 354.47952047952054
288.96153846153845 295.5384615384616
198.55194805194805 261.15609390609393
232.0184815184815 229.68756243756243
250.99950049950053 240.67657342657344
261.489010989011 242.17507492507494
272.47802197802196 297.6196303696304
311.93856143856146 285.1321178821179
335.9145854145854 276.64060939060937
415.8346653346653 309.60764235764236
470.28021978021974 259.6575924075924
51.19930069930071 327.5896603396603
33.217282717282714 212.70454545454547
36.713786213786236 215.70154845154846
106.64385614385615 190.22702297702298
134.11638361638364 183.7335164835165
128.62187812187813 171.74550449550452
101.64885114885116 155.76148851148852
9.241258741258761 194.22302697302698
23.726773226773233 201.216033966034
20.23026973026974 209.20804195804197
33.217282717282714 195.72152847152847
45.20529470529472 188.229020979021
15.23526473526475 137.27997002997006
6.743756243756266 154.76248751248752
2.2482517482517608 144.27297702297705
2.74775224775226 163.253996003996
365.3851148851149 120.29695304695306
354.8956043956044 122.29495504495506
338.9115884115884 116.80044955044957
345.4050949050949 109.80744255744258
342.9075924075924 129.78746253746255
335.9145854145854 123.29395604395606
329.92057942057943 128.28896103896105
326.92357642357643 137.27997002997006
336.9135864135864 136.78046953046953
347.9025974025974 142.77447552447555
337.4130869130869 139.77747252747255
326.4240759240759 101.8154345654346
323.92657342657344 89.3279220779221
343.9065934065934 96.32092907092908
354.8956043956044 98.8184315684316
327.92257742257743 112.30494505494505
283.96653346653346 158.25899100899102
273.47702297702295 154.26298701298703
282.96753246753246 141.27597402597405
273.47702297702295 140.27697302697305
258.492007992008 173.74350649350652
251.499000999001 191.72552447552448
259.491008991009 188.7285214785215
272.47802197802196 168.249000999001
275.9745254745255 182.7345154845155
281.96853146853147 171.74550449550452
292.95754245754244 171.24600399600402
331.9185814185814 192.22502497502498
121.62887112887113 147.76948051948054
122.12837162837162 141.27597402597405
92.15834165834166 118.79845154845157
104.14635364635366 119.79745254745256
96.15434565434565 112.30494505494505
104.14635364635366 112.30494505494505
93.65684315684315 99.8174325674326
98.65184815184814 99.8174325674326
101.64885114885116 88.3289210789211
110.63986013986015 91.32592407592409
124.62587412587412 89.3279220779221
130.1203796203796 96.32092907092908
140.11038961038963 96.82042957042958
121.62887112887113 106.31093906093906
111.63886113886115 110.30694305694306
132.61788211788212 113.30394605394608
139.6108891108891 105.31193806193806
152.0984015984016 101.31593406593407
158.59190809190812 108.80844155844159
167.08341658341658 107.80944055944059
169.5809190809191 95.82142857142858
162.0884115884116 98.8184315684316
162.0884115884116 90.3269230769231
147.6028971028971 92.82442557442559
153.0974025974026 87.8294205794206
147.10339660339662 75.8414085914086
133.11738261738265 85.3319180819181
127.62287712287711 81.33591408591411
168.5819180819181 120.29695304695306
203.54695304695304 144.77247752247754
204.54595404595403 135.78146853146853
202.04845154845157 127.28996003996005
206.54395604395603 121.29595404595406
212.53796203796207 117.29995004995007
218.03246753246754 106.81043956043959
210.04045954045955 104.8124375624376
196.55394605394605 107.30994005994006
201.54895104895104 98.8184315684316
207.04345654345656 89.8274225774226
206.54395604395603 80.33691308691311
186.56393606393607 88.8284215784216
185.56493506493507 96.32092907092908
185.0654345654346 110.30694305694306
175.5749250749251 107.80944055944059
197.05344655344658 76.34090909090912
189.0614385614386 81.33591408591411
207.04345654345656 173.24400599400602
216.53396603396607 168.249000999001
232.0184815184815 136.78046953046953
232.0184815184815 124.29295704295706
240.0104895104895 130.28696303696307
230.0204795204795 129.78746253746255
223.52697302697305 136.28096903096906
179.07142857142856 147.76948051948054
169.08141858141857 150.26698301698303
170.5799200799201 130.78646353646354
182.0684315684316 138.27897102897106
163.5869130869131 115.30194805194807
114.63586413586414 120.29695304695306
120.62987012987013 128.28896103896105
129.1213786213786 128.28896103896105
139.11138861138863 124.79245754245756
139.11138861138863 116.30094905094907
121.12937062937063 114.30294705294708
108.14235764235765 154.26298701298703
79.17132867132868 164.7524975024975
135.6148851148851 92.32492507492509
145.10539460539462 87.3299200799201
121.12937062937063 64.35289710289715
118.13236763236763 79.83741258741259
107.64285714285715 80.83641358641358
33.217282717282714 81.33591408591411
37.712787212787234 85.3319180819181
36.713786213786236 95.82142857142858
28.222277722277724 92.32492507492509
39.21128871128873 52.86438561438564
49.20129870129871 84.3329170829171
45.70479520479522 70.8464035964036
55.1953046953047 111.30594405594405
58.69180819180819 122.79445554445556
57.193306693306695 142.27497502497505
70.6798201798202 136.28096903096906
62.687812187812185 136.78046953046953
22.228271728271736 123.29395604395606
188.56193806193806 57.85939060939063
215.03546453546454 66.85039960039961
207.54295704295703 72.34490509490513
219.03146853146853 80.33691308691311
231.51898101898104 75.34190809190812
130.61988011988012 70.8464035964036
128.1223776223776 60.856393606393624
20.23026973026974 133.28396603396607
29.221278721278722 130.28696303696307
73.67682317682319 166.250999000999
107.14335664335665 144.27297702297705
149.60089910089914 126.79045954045955
153.59690309690313 121.79545454545456
188.56193806193806 122.29495504495506
217.53296703296706 176.241008991009
211.53896103896102 185.232017982018
379.8706293706294 120.79645354645356
381.8686313686314 135.28196803196806
309.44105894105894 235.18206793206795
418.83166833166837 170.74650349650352
447.30319680319684 289.1281218781219
282.96753246753246 67.34990009990014
283.467032967033 77.83941058941059
304.44605394605395 77.33991008991012
311.93856143856146 76.34090909090912
316.93356643356645 68.34890109890114
310.93956043956047 63.85339660339662
295.45504495504497 49.36788211788212
258.9915084915085 33.88336663336668
247.00349650349654 32.88436563436568
206.04445554445556 11.905344655344663
288.96153846153845 22.39485514485517
331.9185814185814 16.400849150849183
326.92357642357643 11.405844155844193
337.4130869130869 10.906343656343665
343.9065934065934 13.90334665334666
387.8626373626374 18.39885114885118
378.8716283716284 17.89935064935065
369.3811188811189 12.40484515484519
366.88361638361636 19.897352647352648
359.89060939060937 10.906343656343665
404.8456543456544 13.90334665334666
404.8456543456544 25.391858141858165
396.8536463536463 20.396853146853175
389.86063936063937 29.387862137862157
492.7577422577422 51.86538461538464
486.76373626373623 46.87037962037965
482.76773226773224 48.86838161838165
475.2752247752248 55.361888111888106
486.2642357642357 65.85139860139861
477.2732267732268 67.34990009990014
474.27622377622373 66.85039960039961
464.7857142857143 78.33891108891112
470.77972027972027 74.8424075924076
478.2722277722277 73.8434065934066
467.2832167832168 86.3309190809191
474.27622377622373 17.89935064935065
461.2892107892108 116.30094905094907
460.29020979020976 123.79345654345656
469.2812187812188 127.28996003996005
468.28221778221774 113.30394605394608
484.2662337662337 123.29395604395606
497.75274725274727 122.29495504495506
350.4000999000999 118.79845154845157
353.3971028971029 86.8304195804196
360.88961038961037 81.83541458541461
354.3961038961039 76.84040959040959
341.40909090909093 84.3329170829171
345.4050949050949 79.33791208791212
328.92157842157843 79.33791208791212
323.4270729270729 83.83341658341661
312.43806193806194 86.8304195804196
294.95554445554444 60.35689310689315
315.43506493506493 54.362887112887165
313.93656343656346 43.87337662337666
293.457042957043 72.8444055944056
419.3311688311688 109.80744255744258
414.33616383616385 100.8164335664336
424.32617382617383 95.82142857142858
422.32817182817183 88.3289210789211
411.3391608391608 90.3269230769231
399.3511488511488 94.32292707292709
400.8496503496503 103.8134365634366
386.36413586413585 93.32392607392609
389.36113886113884 88.8284215784216
391.85864135864136 95.32192807192808
381.36913086913086 86.3309190809191
369.88061938061935 85.3319180819181
360.88961038961037 86.8304195804196
430.3201798201798 109.80744255744258
431.31918081918076 102.8144355644356
419.3311688311688 118.29895104895107
425.8246753246753 125.29195804195805
435.8146853146853 106.31093906093906
437.31318681318686 96.82042957042958
445.80469530469526 96.32092907092908
448.3021978021978 81.33591408591411
451.79870129870125 72.8444055944056
447.80269730269725 74.8424075924076
443.80669330669326 70.34690309690313
449.80069930069925 62.85439560439562
495.25524475524475 35.381868131868146
485.7647352647353 26.390859140859163
470.28021978021974 93.32392607392609
412.8376623376624 169.24800199800202
414.8356643356644 178.7385114885115
404.8456543456544 183.234015984016
421.3291708291708 191.22602397602398
491.7587412587413 59.857392607392626
487.7627372627373 55.361888111888106
478.77172827172825 60.35689310689315
343.9065934065934 218.69855144855146
346.4040959040959 208.20904095904098
203.54695304695304 310.60664335664336
350.4000999000999 283.6336163836164
383.36713286713285 273.6436063936064
411.8386613386613 274.1431068931069
405.84465534465534 280.63661338661336
418.83166833166837 253.66358641358642
393.85664335664336 215.20204795204796
327.4230769230769 238.67857142857144
414.33616383616385 58.85839160839163
379.8706293706294 96.32092907092908
363.88661338661336 91.82542457542459
355.3951048951049 87.3299200799201
345.4050949050949 86.3309190809191
345.9045954045954 86.3309190809191
345.9045954045954 86.3309190809191
345.9045954045954 86.3309190809191
349.4010989010989 112.30494505494505
349.4010989010989 117.29995004995007
346.4040959040959 90.8264235764236
350.4000999000999 83.33391608391611
351.8986013986014 82.33491508491511
353.3971028971029 81.33591408591411
353.3971028971029 81.33591408591411
353.8966033966034 81.33591408591411
353.3971028971029 90.8264235764236
351.8986013986014 107.30994005994006
359.89060939060937 147.76948051948054
377.8726273726274 175.242007992008
382.36813186813185 146.77047952047954
403.5969030969031 312.10514485514483
530.9695304695305 269.6476023976024
534.9655344655345 258.6585914085914
523.9765234765234 260.1570929070929
511.489010989011 262.6545954045954
513.9865134865134 249.66758241758242
592.4080919080918 243.17407592407594
609.8906093906094 239.67757242757244
603.8966033966034 233.68356643356645
635.3651348651349 238.17907092907095
657.8426573426573 239.17807192807194
650.8496503496503 228.18906093906094
650.8496503496503 264.6525974025974
655.8446553446554 275.1421078921079
630.3701298701299 314.60264735264735
657.8426573426573 315.1021478521479
675.8246753246754 311.10614385614383
518.482017982018 307.60964035964037
454.54595404595403 121.29595404595406
551.9485514485514 127.28996003996005
559.4410589410589 116.80044955044957
543.9565434565434 111.80544455544458
546.9535464535464 102.31493506493507
517.483016983017 24.392857142857167
511.489010989011 29.387862137862157
506.494005994006 25.891358641358693
506.99350649350646 37.87937062937067
503.497002997003 34.38286713286715
510.49000999001 47.86938061938065
514.9855144855144 46.87037962037965
510.98951048951045 58.85839160839163
499.500999000999 51.86538461538464
495.0054945054945 39.877372627372665
495.0054945054945 48.36888111888112
540.9595404595404 59.3578921078921
546.4540459540459 58.35889110889116
543.9565434565434 46.87037962037965
539.9605394605394 37.37987012987014
536.4640359640359 24.392857142857167
531.9685314685314 32.38486513486515
527.4730269730269 24.392857142857167
531.4690309690309 17.89935064935065
519.9805194805194 11.405844155844193
535.9645354645354 14.402847152847187
524.9755244755245 31.88536463536468
520.9795204795205 54.362887112887165
526.9735264735265 51.86538461538464
532.9675324675325 47.36988011988012
527.9725274725274 46.87037962037965
552.4480519480519 47.86938061938065
528.9715284715285 93.32392607392609
524.476023976024 71.34590409590413
538.4620379620379 68.34890109890114
530.9695304695305 61.35589410589415
553.9465534465535 139.77747252747255
543.9565434565434 141.27597402597405
557.9425574425575 150.26698301698303
561.4390609390609 124.79245754245756
567.9325674325673 121.79545454545456
571.9285714285713 155.76148851148852
583.9165834165834 159.25799200799202
581.4190809190809 149.76748251748253
588.4120879120878 141.27597402597405
597.4030969030969 128.78846153846155
592.4080919080918 123.29395604395606
610.8896103896104 120.79645354645356
614.3861138861139 127.78946053946055
634.8656343656344 135.78146853146853
657.3431568431567 131.78546453546454
660.3401598401598 122.79445554445556
673.3271728271727 133.78346653346654
674.3261738261738 126.29095904095905
679.3211788211788 121.29595404595406
663.8366633366634 146.77047952047954
654.8456543456543 142.77447552447555
661.8386613386613 137.27997002997006
666.3341658341658 152.76448551448553
651.8486513486514 164.252997002997
641.3591408591408 164.252997002997
627.3731268731269 181.236013986014
629.3711288711288 172.74450549450552
620.3801198801199 169.74750249750252
607.8926073926074 164.252997002997
580.9195804195804 213.20404595404597
593.4070929070929 258.1590909090909
578.422077922078 268.1491008991009
599.9005994005994 275.1421078921079
552.9475524475524 255.1620879120879
572.4280719280719 281.1361138861139
578.422077922078 302.6146353646354
582.418081918082 320.09715284715287
619.3811188811189 264.6525974025974
694.3061938061937 220.69655344655345
689.3111888111888 212.70454545454547
734.2662337662337 259.15809190809193
727.7727272727273 273.1441058941059
757.7427572427573 261.15609390609393
805.1953046953047 218.19905094905096
780.2202797202797 205.71153846153848
780.7197802197802 193.22402597402598
796.2042957042956 197.22002997002997
789.2112887112887 191.22602397602398
822.6778221778222 194.22302697302698
831.668831168831 187.7295204795205
829.6708291708292 145.77147852147854
834.1663336663337 254.6625874125874
820.6798201798201 249.66758241758242
647.3531468531469 128.78846153846155
645.8546453546453 118.79845154845157
552.4480519480519 20.896353646353646
565.4350649350649 18.39885114885118
578.422077922078 19.897352647352648
580.4200799200798 31.385864135864153
573.9265734265734 23.89335664335664
595.9045954045954 16.900349650349654
602.8976023976024 20.896353646353646
607.8926073926074 25.891358641358693
595.4050949050949 28.38886113886116
597.9025974025974 36.380869130869144
587.9125874125874 36.380869130869144
606.3941058941059 33.88336663336668
614.3861138861139 32.38486513486515
623.3771228771229 33.88336663336668
639.8606393606393 20.896353646353646
632.3681318681319 22.39485514485517
643.3571428571429 30.886363636363683
638.8616383616384 37.87937062937067
635.3651348651349 34.38286713286715
588.4120879120878 46.87037962037965
567.9325674325673 82.83441558441561
574.426073926074 79.83741258741259
581.4190809190809 78.83841158841159
569.9305694305694 73.34390609390613
576.4240759240759 70.34690309690313
586.9135864135865 82.83441558441561
594.4060939060939 82.33491508491511
596.9035964035963 87.8294205794206
602.3981018981019 90.3269230769231
608.3921078921078 85.3319180819181
602.8976023976024 76.84040959040959
615.385114885115 79.33791208791212
615.385114885115 85.8314185814186
625.8746253746253 81.33591408591411
631.8686313686313 80.83641358641358
634.8656343656344 78.83841158841159
645.8546453546453 91.82542457542459
653.8466533466533 95.82142857142858
657.3431568431567 88.3289210789211
666.3341658341658 87.8294205794206
670.3301698301698 91.32592407592409
684.3161838161839 90.8264235764236
690.3101898101897 99.31793206793208
675.3251748251748 103.31393606393607
676.8236763236763 110.30694305694306
699.8006993006993 113.80344655344658
663.3371628371629 115.30194805194807
650.8496503496503 105.31193806193806
656.3441558441558 104.8124375624376
662.3381618381618 107.80944055944059
612.8876123876123 105.81143856143859
623.8766233766233 109.30794205794206
627.8726273726273 90.3269230769231
634.8656343656344 87.8294205794206
612.3881118881118 93.82342657342659
620.8796203796203 91.82542457542459
625.3751248751248 21.895354645354644
628.8716283716283 26.390859140859163
666.8336663336663 70.34690309690313
659.8406593406594 67.34990009990014
721.7787212787213 130.28696303696307
721.7787212787213 140.77647352647355
727.2732267732267 142.27497502497505
733.2672327672328 130.78646353646354
740.7597402597403 136.28096903096906
742.7577422577422 140.27697302697305
759.2412587412587 137.27997002997006
770.2302697302696 143.27397602397605
779.2212787212786 153.26398601398603
784.2162837162837 143.27397602397605
774.2262737262738 159.25799200799202
800.6998001998002 138.77847152847156
797.2032967032967 130.28696303696307
812.6878121878121 153.26398601398603
808.6918081918081 163.253996003996
801.6988011988012 186.231018981019
694.3061938061937 188.7285214785215
692.8076923076923 176.241008991009
700.3001998001998 171.24600399600402
704.2962037962038 163.253996003996
680.8196803196803 144.77247752247754
681.3191808191808 152.26498501498503
715.7847152847153 184.233016983017
707.7927072927073 178.7385114885115
699.8006993006993 88.3289210789211
711.7887112887113 90.3269230769231
715.7847152847153 83.83341658341661
723.2772227772227 80.83641358641358
713.2872127872128 77.33991008991012
720.7797202797203 71.8454045954046
712.2882117882118 66.85039960039961
704.2962037962038 77.83941058941059
697.8026973026972 76.84040959040959
703.2972027972028 71.34590409590413
703.7967032967033 63.35389610389615
697.3031968031968 62.35489510489515
694.8056943056943 54.362887112887165
686.8136863136863 53.36388611388611
682.8176823176823 45.371878121878126
692.3081918081919 45.371878121878126
654.8456543456543 70.34690309690313
663.8366633366634 22.89435564435564
692.8076923076923 19.897352647352648
703.2972027972028 16.900349650349654
697.8026973026972 12.40484515484519
700.3001998001998 23.89335664335664
693.8066933066932 26.890359640359634
685.3151848151848 25.891358641358693
674.8256743256743 26.890359640359634
682.3181818181818 22.39485514485517
681.8186813186812 15.401848151848185
688.3121878121879 32.88436563436568
695.8046953046953 34.38286713286715
741.2592407592408 62.35489510489515
765.2352647352648 53.86338661338664
757.7427572427573 53.36388611388611
755.2452547452547 47.86938061938065
749.2512487512488 52.86438561438564
749.2512487512488 63.35389610389615
755.2452547452547 65.35189810189814
761.7387612387613 62.35489510489515
767.7327672327672 67.84940059940061
776.7237762237762 66.85039960039961
782.7177822177821 53.36388611388611
779.7207792207791 39.37787212787214
785.7147852147853 39.37787212787214
789.7107892107892 52.86438561438564
787.2132867132866 48.36888111888112
798.701798201798 33.88336663336668
799.2012987012986 42.37487512487513
809.6908091908092 36.380869130869144
810.1903096903097 48.36888111888112
797.7027972027972 54.362887112887165
824.1763236763236 60.856393606393624
810.1903096903097 60.856393606393624
803.6968031968031 60.856393606393624
804.1963036963036 70.34690309690313
832.6678321678321 83.83341658341661
810.1903096903097 87.3299200799201
796.7037962037962 95.82142857142858
797.2032967032967 83.33391608391611
824.1763236763236 102.31493506493507
757.7427572427573 112.80444555444558
756.2442557442557 106.81043956043959
762.2382617382616 98.8184315684316
756.7437562437563 90.8264235764236
720.7797202797203 109.80744255744258
673.3271728271727 184.233016983017
636.8636363636363 172.24500499500502
778.7217782217781 24.892357642357638
775.7247752247752 14.402847152847187
787.2132867132866 9.407842157842197
783.2172827172826 10.906343656343665
736.7637362637363 17.89935064935065
710.7897102897102 18.39885114885118
675.8246753246754 28.38886113886116
707.7927072927073 57.3598901098901
731.2692307692307 57.85939060939063
727.2732267732267 64.85239760239762
741.7587412587413 76.34090909090912
762.2382617382616 72.34490509490513
732.7677322677323 71.34590409590413
743.7567432567432 91.82542457542459
740.2602397602398 86.3309190809191
731.7687312687312 125.29195804195805
740.7597402597403 123.29395604395606
741.7587412587413 114.30294705294708
653.3471528471528 179.238011988012
688.3121878121879 142.27497502497505
796.7037962037962 291.12612387612387
615.385114885115 527.8061938061937
592.4080919080919 549.7842157842158
499.50099900099906 466.8671328671329
500.5 421.91208791208794
514.486013986014 399.9340659340659
511.48901098901104 377.95604395604397
503.49700299700305 341.99200799200804
505.49500499500505 336.997002997003
510.49000999001 327.006993006993
495.50499500499507 355.978021978022
942.0584415584416 319.01498501498503
947.0534465534466 295.0389610389611
911.8386613386615 258.6585914085916
913.3371628371629 245.6715784215786
914.8356643356644 271.1461038961041
902.3481518481519 271.1461038961041
892.8576423576424 268.1491008991011
870.38011988012 276.14110889110907
873.8766233766235 318.5986513486516
850.4000999001 309.10814185814206
926.8236763236764 276.6406093906096
931.8186813186815 263.65359640359657
918.3321678321679 171.2460039960041
906.3441558441559 169.7475024975026
901.3491508491509 159.75749250749263
913.3371628371629 158.75849150849163
921.8286713286714 153.7634865134866
924.326173826174 144.77247752247763
930.8196803196804 154.7624875124876
935.8146853146854 166.75049950049961
927.8226773226775 168.2490009990011
924.326173826174 183.2340159840161
931.8186813186815 181.23601398601411
940.31018981019 184.7325174825176
924.8256743256745 193.2240259740261
916.334165834166 187.2300199800201
904.8456543456546 179.73751248751262
907.8426573426575 187.2300199800201
878.372127872128 178.7385114885116
850.4000999001 196.22102897102909
848.9015984015984 184.7325174825176
832.418081918082 166.75049950049961
833.9165834165835 200.21703296703308
833.417082917083 192.2250249750251
891.8586413586415 204.7125374625376
903.347152847153 208.70854145854162
901.3491508491509 221.6955544455546
881.3691308691309 221.19605394605406
865.385114885115 219.19805194805207
876.374125874126 224.6925574425576
922.8276723276724 212.20504495504508
912.8376623376626 219.6975524475526
913.8366633366634 204.2130369630371
905.8446553446554 197.22002997003008
947.3031968031969 169.7475024975026
950.7997002997004 159.75749250749263
944.8056943056945 149.76748251748262
955.7947052947054 152.7644855144856
963.2872127872129 138.27897102897114
957.293206793207 141.77547452547464
953.7967032967035 133.78346653346662
958.7917082917083 125.29195804195814
967.7827172827174 118.29895104895112
972.2782217782219 124.79245754245764
975.7747252747254 136.28096903096915
977.7727272727275 130.78646353646363
971.2792207792209 151.76548451548462
978.272227772228 166.75049950049961
969.281218781219 166.75049950049961
965.285214785215 156.7604895104896
967.2832167832169 158.2589910089911
961.7887112887115 158.75849150849163
962.288211788212 165.75149850149862
956.7937062937065 169.7475024975026
972.2782217782219 178.2390109890111
967.2832167832169 193.7235264735266
979.7707292707294 193.2240259740261
986.264235764236 196.72052947052958
990.7597402597405 191.2260239760241
997.7527472527474 196.22102897102909
997.7527472527474 206.71053946053962
966.7837162837163 206.71053946053962
947.8026973026974 203.7135364635366
943.8066933066934 191.7255244755246
955.7947052947054 186.7305194805196
959.2912087912089 178.2390109890111
933.8166833166833 191.2260239760241
937.313186813187 195.7215284715286
939.3111888111889 204.2130369630371
956.2942057942059 196.22102897102909
982.7677322677323 210.2070429570431
992.2582417582419 224.6925574425576
993.2572427572429 242.17507492507508
986.7637362637365 256.16108891108905
965.7847152847155 250.16708291708306
962.288211788212 241.17607392607408
967.2832167832169 238.1790709290711
955.2952047952049 228.1890609390611
949.301198801199 244.6725774225776
998.252247752248 265.65159840159856
942.8076923076924 283.13411588411606
947.8026973026974 256.16108891108905
957.293206793207 255.16208791208805
866.384115884116 240.67657342657355
797.4530469530471 260.15709290709304
789.4610389610391 260.6565934065936
719.530969030969 236.1810689310691
713.0374625374626 222.19505494505506
728.521978021978 220.6965534465536
978.272227772228 118.29895104895112
972.2782217782219 112.30494505494514
967.2832167832169 89.32792207792218
959.2912087912089 92.32492507492518
968.7817182817184 76.34090909090912
969.7807192807195 53.86338661338664
968.2822177822179 65.35189810189814
965.7847152847155 63.35389610389615
977.273226773227 21.8953546453547
983.2672327672328 11.905344655344663
970.28021978022 13.403846153846189
967.7827172827174 23.893356643356697
963.7867132867134 18.89835164835165
973.277222777223 30.886363636363683
979.2712287712288 40.87637362637366
973.277222777223 42.87437562437566
969.7807192807195 36.380869130869144
962.7877122877123 39.877372627372665
970.7797202797203 52.36488511488517
963.2872127872129 52.36488511488517
953.297202797203 51.36588411588417
946.8036963036964 53.86338661338664
946.8036963036964 46.87037962037965
952.298201798202 42.37487512487513
960.2902097902099 46.37087912087918
947.8026973026974 39.877372627372665
951.2992007992009 34.38286713286715
956.2942057942059 35.88136863136867
943.8066933066934 32.38486513486515
947.8026973026974 29.387862137862157
946.3041958041958 25.891358641358693
933.317182817183 19.397852147852177
925.325174825175 20.896353646353703
919.331168831169 18.89835164835165
916.334165834166 24.392857142857167
906.3441558441559 17.39985014985018
907.8426573426575 26.390859140859163
903.347152847153 34.882367632367675
907.343156843157 31.88536463536468
910.8396603396604 35.88136863136867
913.3371628371629 29.387862137862157
922.3281718281719 31.385864135864153
929.321178821179 28.38886113886116
935.3151848151849 28.888361638361687
931.8186813186815 33.88336663336668
928.8216783216785 39.877372627372665
929.8206793206793 48.86838161838165
936.314185814186 41.87537462537466
937.8126873126873 33.88336663336668
925.325174825175 50.866383616383644
940.8096903096905 50.866383616383644
938.8116883116884 46.37087912087918
939.8106893106894 58.85839160839163
942.8076923076924 62.35489510489515
961.7887112887115 57.35989010989016
907.343156843157 57.35989010989016
910.8396603396604 52.86438561438564
902.8476523476525 49.367882117882175
896.8536463536464 46.37087912087918
896.354145854146 41.87537462537466
898.3521478521479 29.387862137862157
884.8656343656345 33.38386613386615
879.371128871129 29.887362637362685
860.8896103896104 14.902347652347657
854.396103896104 22.39485514485517
847.9025974025975 18.89835164835165
840.9095904095905 15.401848151848185
849.9005994005995 12.904345654345661
865.8846153846155 24.892357642357695
862.388111888112 22.39485514485517
858.392107892108 30.886363636363683
853.397102897103 29.887362637362685
849.9005994005995 27.38986013986016
848.9015984015984 33.38386613386615
846.9035964035966 45.37187812187818
838.412087912088 41.87537462537466
842.408091908092 39.877372627372665
836.9135864135865 51.86538461538464
858.8916083916085 50.36688311688317
865.385114885115 50.866383616383644
874.8756243756245 51.86538461538464
883.8666333666336 47.36988011988018
884.8656343656345 43.37387612387619
879.371128871129 58.35889110889116
873.3771228771229 62.85439560439562
865.8846153846155 60.35689310689315
860.39010989011 60.35689310689315
849.9005994005995 54.362887112887165
849.401098901099 63.853396603396675
856.394105894106 62.35489510489515
870.8796203796205 75.34190809190812
880.8696303696305 84.83241758241766
887.8626373626375 82.83441558441567
889.3611388611389 109.80744255744264
821.9285714285716 33.88336663336668
819.9305694305694 11.905344655344663
826.9235764235765 13.403846153846189
819.9305694305694 22.8943556443557
807.443056943057 80.83641358641367
819.9305694305694 83.33391608391617
839.411088911089 84.83241758241766
844.9055944055945 84.83241758241766
852.8976023976024 86.83041958041966
855.395104895105 80.33691308691317
862.388111888112 77.83941058941065
852.8976023976024 70.84640359640366
856.394105894106 43.87337662337666
866.8836163836165 87.32992007992016
859.8906093906095 85.33191808191816
849.9005994005995 96.32092907092917
855.395104895105 93.32392607392617
841.409090909091 106.31093906093915
844.9055944055945 119.29795204795212
836.9135864135865 113.80344655344666
854.396103896104 115.30194805194813
860.39010989011 103.81343656343665
870.38011988012 98.81843156843163
873.8766233766235 88.82842157842165
879.8706293706296 92.32492507492518
885.8646353646354 100.81643356643366
892.3581418581421 96.82042957042964
891.8586413586415 87.82942057942066
897.3531468531469 109.30794205794214
904.346153846154 113.80344655344666
914.8356643356644 116.80044955044966
919.8306693306695 109.80744255744264
920.8296703296705 104.31293706293715
930.8196803196804 97.31993006993017
936.8136863136865 91.82542457542465
928.322177822178 118.29895104895112
943.3071928071929 121.79545454545465
935.8146853146854 131.28596403596413
932.318181818182 138.27897102897114
931.3191808191809 145.27197802197813
924.326173826174 130.28696303696313
909.3411588411589 125.79145854145864
915.8346653346655 128.78846153846163
965.285214785215 218.19905094905107
765.485014985015 122.29495504495515
762.488011988012 172.7445054945056
744.505994005994 163.25399600399612
747.0034965034965 156.7604895104896
878.8716283716285 208.70854145854162
728.2722277722278 9.324675324675354
720.2802197802198 6.327672327672417
707.2932067932068 6.327672327672417
878.1223776223777 9.324675324675354
871.1293706293706 3.33066933066948
864.1363636363636 4.329670329670421
856.1443556443556 6.327672327672417
317.6828171828172 12.321678321678405
