178.03381892751028 412.2703065248751
120.97810045243693 406.2644414222358
883.7229684876278 171.03472490219664
660.504982172867 168.03179235087703
20.880348741781972 309.1696222629004
69.92824708000289 297.1578920576219
53.91260680629813 248.10999371940096
30.890123912847457 253.11488130493373
9.869596053609952 258.1197688904665
41.90087660101952 221.08360075752412
65.9243370115767 221.08360075752412
142.99960582878106 339.19894777609704
141.99862831167442 276.1373641983844
181.0367514788299 295.15593702340885
228.0826947828377 342.2018803274167
246.1002900907556 297.1578920576219
287.1403682921241 337.19699274188383
329.1814240105993 341.2009028103101
321.17360387374686 383.2419585287852
364.2156371093285 304.1647346773678
454.3036136489179 325.1852625366053
498.34662440160616 330.19015012213805
517.3651972266306 398.2566212853834
304.1569860829355 451.3084296920306
638.4834767965232 418.27617162751443
639.4844543136296 472.3289575512681
724.5675432676863 355.2145880498018
679.5235549978917 323.1833075023922
601.4473086635807 306.1666897115809
499.34760191871266 476.33286761969424
543.390612671401 534.3895636118741
858.6985305599638 441.298654520965
779.6213067085466 435.29278941832575
949.7874846166599 406.2644414222358
948.7865070995535 490.346552859186
994.8314728864545 541.3964062316201
818.6594298757019 360.2194756353345
836.6770251836198 347.20676791294943
862.7024406283903 319.179397433966
811.6525872559562 302.16277964315464
754.5968687808827 319.179397433966
774.6164191230138 281.1422517839171
720.5636331992603 269.13052157863854
651.4961845189082 290.15104943787605
626.4717465912445 312.1725548142202
681.5255100321048 228.09044337727
720.5636331992603 201.06405041539315
771.6134865716942 191.05427524432764
806.6476996704234 217.07969068909793
798.639879533571 242.10412861676167
873.7131933165622 233.09533096280273
830.6711600809807 244.10608365097477
902.7415413126522 250.1119487536141
904.7434963468652 221.08360075752412
942.7806419969141 204.06698296671277
944.7825970311271 221.08360075752412
946.7845520653403 256.11781385625335
992.8295178522417 256.11781385625335
627.472724108351 190.0532977272211
218.07291961177222 239.10119606544202
210.06509947491983 210.07284806935212
265.1188629157801 217.07969068909793
273.12668305263253 243.10510613386822
292.14525587765695 257.1187913733599
309.16187366846833 269.13052157863854
339.1911991816647 246.1080386851879
362.21368207511534 277.1383417154909
375.22638979750053 263.12465647599925
405.25571531069704 255.11683633914683
439.28895089231975 270.131499095745
480.3290290936882 257.1187913733599
523.37106232927 265.1266115102123
98.95659507609284 274.1354091641713
151.0074259656334 232.09435344569619
145.00156086299413 215.07773565488486
120.97810045243693 219.08164572331106
328.1804464934927 204.06698296671277
582.4287358385562 214.0767581377783
539.3867026029748 211.07382558645864
564.4111405306385 203.06600544960625
560.4072304622122 239.10119606544202
490.3388042647538 231.0933759285896
467.3163213713031 218.08066820620448
449.29872606338523 218.08066820620448
419.26940055018866 228.09044337727
170.0259987906579 186.0493876587949
186.0416390643627 228.09044337727
166.02208872223164 231.0933759285896
958.7962822706188 360.2194756353345
926.7650017232093 325.1852625366053
561.4082079793187 281.1422517839171
660.504982172867 183.04645510747525
678.5225774807851 186.0493876587949
638.4834767965232 183.04645510747525
607.4531737662201 239.10119606544202
591.4375334925152 242.10412861676167
275.12863808684557 186.0493876587949
290.1433008434438 189.05232021011457
317.16969380532066 190.0532977272211
247.1012676078622 175.03863497062287
220.07487464598532 159.02299469691806
198.05336926964125 154.01810711138538
47.9067417036588 172.03570241930325
80.93899976817495 184.04743262458183
18.878393707568893 189.05232021011457
4.8647084680771675 198.0611178640735
17.877416190462313 215.07773565488486
130.98787562350242 189.05232021011457
104.96246017873213 182.0454775903687
121.97907796954347 166.02983731666393
141.99862831167442 147.01126449163948
296.14916594608314 172.03570241930325
284.1374357408045 169.03276986798355
251.10517767628838 215.07773565488486
240.09442498811634 214.0767581377783
511.3593321239913 229.09142089437654
506.3544445384585 182.0454775903687
500.34857943581926 165.02885979955738
473.3221864739424 163.0269047653443
498.34662440160616 118.98389401265605
740.5831835413912 177.04059000483596
725.5685207847928 180.04352255615558
744.5870936098174 200.06307289828658
407.25767034491014 194.05720779564732
398.24887269095115 229.09142089437654
393.2439851054184 214.0767581377783
371.22247972907434 219.08164572331106
370.2215022119678 197.06014034696696
381.2322549001398 194.05720779564732
292.14525587765695 224.0865333088438
307.15991863425506 219.08164572331106
320.17262635664025 232.09435344569619
368.21954717775475 246.1080386851879
171.02697630776441 258.1197688904665
90.94877493924044 218.08066820620448
96.95464004187976 155.01908462849184
31.891101429954038 152.0161520771722
491.3397817818603 212.0748031035652
346.19804180141057 140.00442187189364
338.1902216645582 152.0161520771722
325.1775139421731 157.02103966270488
158.01426858537923 155.01908462849184
8.86861853650337 151.01517456006567
18.878393707568893 144.0083319403198
6.866663502290288 175.03863497062287
920.7591366205701 204.06698296671277
574.420915701704 191.05427524432764
439.28895089231975 189.05232021011457
418.2684230330821 173.0366799364097
382.23323241724637 170.03374738509012
371.22247972907434 171.03472490219664
232.08660485126396 151.01517456006567
306.15894111714863 150.01419704295915
277.1305931210586 161.02494973113116
255.10908774471454 163.0269047653443
100.95855011030592 251.11292627072064
167.0230662393382 141.0053993890002
458.30752371734417 166.02983731666393
484.3329391621144 143.00735442321326
503.35151198713896 144.0083319403198
751.5939362295632 149.01321952585258
733.5763409216454 156.02006214559842
987.8246302667089 161.02494973113116
984.8216977153894 186.0493876587949
1007.84418060884 187.05036517590145
1015.8520007456923 172.03570241930325
1005.8422255746268 156.02006214559842
869.709283248136 211.07382558645864
850.6907104231115 215.07773565488486
759.6017563664154 231.0933759285896
151.0074259656334 189.05232021011457
212.067054509133 177.04059000483596
119.97712293533039 142.0063769061067
422.27233310150837 136.0005118034674
68.92726956289634 141.0053993890002
50.90967425497846 136.0005118034674
73.9321571484291 166.02983731666393
181.0367514788299 141.0053993890002
357.2087944895826 152.0161520771722
381.2322549001398 147.01126449163948
409.2596253791232 154.01810711138538
328.1804464934927 293.1539819891957
65.3193506001388 197.8906216935774
45.8827871635754 193.79871360166928
34.630039910828124 180.500012302968
47.92874120952941 148.78772459068026
102.14652342731164 140.60390840686412
218.7659040466923 141.62688542984117
263.7768930576813 145.7187935217493
291.3972726780609 143.67283947579514
289.3513186321068 156.97154077449648
243.31735259814081 147.76474756770327
349.7069629877512 167.20131100426667
394.71795199874015 147.76474756770327
468.37229765308587 148.78772459068026
445.8668031475913 155.9485637515195
602.3822876630758 211.18932299227868
781.4032666840549 224.48802429097992
786.5181517989399 220.39611619907188
974.7459240267121 161.0634488664046
427.4532167340049 208.1203919233476
536.9117581925464 192.77573657869226
519.5211488019371 206.07443787739354
524.6360339168222 185.6148974178531
521.5671028478911 148.78772459068026
511.3373326181208 155.9485637515195
