26.681818181818272 340.65784215784214
95.15734265734267 330.87562437562434
49.1233766233766 256.0704295704295
33.58691308691306 239.38311688311683
74.44205794205794 202.55594405594397
57.179320679320654 182.41608391608386
29.55894105894103 186.4440559440559
58.9055944055944 137.53296703296698
75.5929070929071 132.92957042957036
60.63186813186812 100.13036963036956
84.22427572427571 93.22527472527463
79.04545454545453 51.79470529470524
41.06743256743255 51.79470529470524
97.45904095904095 49.49300699300693
122.77772227772229 47.76673326673318
109.54295704295706 78.2642357642357
117.59890109890111 103.58291708291699
138.31418581418583 128.90159840159833
127.38111888111891 144.43806193806188
137.73876123876127 188.7457542457542
149.82267732267732 166.87962037962032
102.06243756243757 185.8686313686313
106.66583416583416 211.7627372627372
108.3921078921079 246.28821178821175
79.04545454545453 277.36113886113884
124.50399600399604 317.06543456543454
120.47602397602398 288.86963036963033
156.1523476523477 295.19930069930064
127.95654345654347 269.30519480519473
148.0964035964036 242.2602397602397
184.34815184815187 239.38311688311683
201.61088911088913 238.8076923076923
187.22527472527477 311.88661338661336
206.21428571428575 315.3391608391608
225.20329670329673 303.8306693306693
274.1143856143857 291.7467532467532
301.7347652347653 291.7467532467532
270.08641358641364 222.69580419580416
227.504995004995 248.01448551448547
264.90759240759246 169.7567432567432
229.80669330669335 161.12537462537458
193.55494505494508 180.68981018981015
214.27022977022978 127.17532467532463
281.59490509490513 205.43306693306687
289.65084915084924 170.33216783216778
305.76273726273735 155.9465534465534
299.43306693306704 139.2592407592407
265.483016983017 127.75074925074921
242.46603396603402 126.59990009990004
251.09740259740266 96.67782217782212
220.02447552447555 99.55494505494501
182.62187812187815 65.60489510489504
169.96253746253748 87.47102897102889
172.83966033966036 128.90159840159833
159.02947052947056 123.72277722277715
157.3031968031968 145.01348651348644
131.98451548451547 83.44305694305689
161.33116883116884 65.60489510489504
184.9235764235765 32.23026973026964
155.0014985014985 46.04045954045944
203.91258741258744 51.79470529470524
210.24225774225775 80.56593406593402
230.9575424575425 56.97352647352642
237.86263736263743 37.98451548451544
224.0524475524476 33.38111888111882
204.48801198801203 34.53196803196795
256.2762237762238 47.19130869130862
269.5109890109891 34.53196803196795
293.1033966033966 55.24725274725267
286.19830169830175 94.37612387612381
318.42207792207796 124.87362637362628
318.9975024975025 52.945554445554365
332.8076923076924 44.31418581418575
328.7797202797203 28.20229770229764
322.45004995005 22.448051948051898
351.22127872127874 58.124375624375546
364.456043956044 47.19130869130862
383.44505494505495 50.06843156843149
396.67982017982024 39.13536463536457
362.1543456543458 85.7447552447552
348.3441558441559 89.7727272727272
333.9585414585415 87.47102897102889
343.7407592407593 113.94055944055935
364.456043956044 120.84565434565428
340.8636363636365 167.45504495504488
334.53396603396607 223.2712287712287
354.6738261738262 223.8466533466533
346.04245754245756 288.29420579420577
387.473026973027 269.88061938061935
409.33916083916085 264.70179820179817
426.02647352647364 246.28821178821175
396.67982017982024 210.61188811188805
429.479020979021 214.06443556443548
420.84765234765246 162.27622377622373
394.378121878122 161.12537462537458
403.00949050949055 89.7727272727272
424.8756243756244 97.82867132867125
386.89760239760244 67.33116883116878
447.3171828171829 79.41508491508483
442.7137862137863 121.99650349650346
472.0604395604396 111.06343656343654
470.3341658341659 81.71678321678314
495.65284715284724 110.48801198801192
531.9045954045955 104.15834165834156
525.5749250749252 78.2642357642357
507.16133866133873 56.97352647352642
477.23926073926077 52.945554445554365
516.368131868132 42.587912087912
550.8936063936065 47.76673326673318
555.497002997003 85.16933066933063
520.9715284715286 145.01348651348644
472.63586413586427 151.34315684315678
461.12737262737267 167.45504495504488
436.95954045954056 166.87962037962032
459.401098901099 189.32117882117876
440.9875124875125 195.0754245754245
459.97652347652354 212.91358641358636
502.5579420579421 215.21528471528467
492.7757242757243 187.59490509490504
545.7147852147854 165.1533466533466
552.6198801198802 189.32117882117876
534.2062937062938 217.516983016983
548.5919080919082 257.79670329670324
496.2282717282718 246.28821178821175
453.64685314685323 285.99250749250746
493.3511488511489 149.61688311688306
485.2952047952049 82.86763236763227
170.53796203796205 273.3331668331668
512.6326352530542 239.1910994764398
