80.36894117647049 486.3548235294118
108.07717647058814 469.48894117647063
40.61364705882344 429.7336470588235
47.84188235294109 391.1830588235294
6.881882352941088 380.34070588235295
32.18070588235283 296.0112941176471
49.04658823529404 281.55482352941175
77.95952941176465 327.3336470588235
99.64423529411754 308.05835294117645
117.71482352941169 374.3171764705882
146.6277647058823 394.7971764705882
181.5642352941176 433.3477647058823
224.9336470588235 450.2136470588235
277.9407058823529 503.2207058823529
293.6018823529411 480.331294117647
327.3336470588235 469.48894117647063
339.3807058823529 503.2207058823529
428.5289411764705 436.9618823529412
463.4654117647058 444.1901176470588
582.731294117647 422.5054117647059
600.8018823529411 433.3477647058823
706.8159999999999 397.2065882352941
733.3195294117647 436.9618823529412
750.1854117647059 409.2536470588235
792.3501176470587 434.55247058823534
786.3265882352941 506.83482352941184
836.9242352941175 458.64658823529413
868.2465882352941 463.4654117647059
910.4112941176471 471.89835294117654
932.0959999999999 506.83482352941184
929.6865882352942 450.2136470588235
973.0559999999999 450.2136470588235
901.9783529411765 416.4818823529412
869.4512941176471 391.1830588235294
873.0654117647059 428.5289411764706
833.3101176470587 416.4818823529412
818.8536470588235 368.2936470588235
852.5854117647059 368.2936470588235
782.7124705882353 371.90776470588236
747.776 346.6089411764705
700.7924705882353 351.42776470588234
670.6748235294117 374.3171764705882
708.0207058823529 306.8536470588235
750.1854117647059 309.2630588235294
797.1689411764705 306.8536470588235
853.7901176470587 346.6089411764705
856.1995294117647 318.9007058823529
904.3877647058823 308.05835294117645
928.481882352941 358.656
945.3477647058824 332.1524705882353
994.7407058823529 367.08894117647054
642.9665882352941 310.46776470588236
617.6677647058823 274.3265882352941
574.2983529411764 312.8771764705882
500.811294117647 371.90776470588236
521.2912941176471 335.7665882352941
509.24423529411763 299.62541176470586
536.9524705882352 265.8936470588235
527.3148235294117 211.68188235294116
557.4324705882352 211.68188235294116
486.3548235294117 323.7195294117647
458.64658823529413 374.3171764705882
479.1265882352941 293.6018823529412
479.1265882352941 243.00423529411765
455.0324705882352 275.53129411764706
445.3948235294117 298.4207058823529
439.371294117647 332.1524705882353
427.3242352941176 361.06541176470586
410.4583529411764 324.92423529411764
383.95482352941167 302.03482352941177
409.2536470588235 287.57835294117643
414.0724705882352 240.59482352941174
374.3171764705882 409.2536470588235
333.35717647058823 391.1830588235294
296.01129411764697 385.1595294117647
268.3030588235293 405.6395294117647
221.3195294117646 385.1595294117647
273.1218823529411 357.4512941176471
300.8301176470588 329.7430588235294
305.6489411764705 293.6018823529412
267.0983529411764 274.3265882352941
261.0748235294117 308.05835294117645
253.84658823529398 332.1524705882353
212.886588235294 302.03482352941177
221.3195294117646 275.53129411764706
170.7218823529411 302.03482352941177
145.42305882352935 299.62541176470586
28.566588235294038 234.57129411764706
71.93599999999988 220.11482352941175
6.881882352941088 56.27482352941175
58.684235294117535 24.9524705882353
70.731294117647 14.110117647058797
147.8324705882352 109.28188235294115
135.7854117647058 149.0371764705882
165.90305882352928 177.9501176470588
138.19482352941168 206.8630588235294
132.171294117647 250.23247058823532
168.3124705882352 212.8865882352941
128.256 169.51717647058817
165.6018823529412 238.7877647058823
207.1642352941177 230.3548235294117
211.98305882352946 152.04894117647052
173.4324705882353 112.29364705882347
204.1524705882353 83.38070588235287
228.84894117647062 85.18776470588229
224.03011764705886 186.38305882352935
263.7854117647059 200.83952941176466
286.0724705882354 217.70541176470584
321.00894117647067 211.07952941176464
303.540705882353 196.62305882352936
266.1948235294118 123.13599999999991
268.6042352941177 65.91247058823521
305.95011764705885 58.081882352941086
316.19011764705886 134.58070588235287
352.3312941176472 147.23011764705876
359.55952941176474 185.17835294117643
389.07482352941184 198.43011764705878
401.72423529411776 150.24188235294113
363.1736470588236 114.70305882352935
362.5712941176472 85.18776470588229
392.0865882352942 86.39247058823521
418.5901176470589 92.41599999999991
433.64894117647066 125.54541176470582
440.8771764705884 151.44658823529403
474.00658823529415 133.37599999999995
484.84894117647065 150.24188235294113
458.34541176470594 120.72658823529405
496.8960000000001 101.451294117647
452.32188235294126 72.53835294117638
482.4395294117648 65.31011764705875
453.5265882352942 35.79482352941169
488.4630588235295 18.928941176470484
406.54305882352946 65.31011764705875
357.15011764705883 56.87717647058814
352.93364705882357 33.98776470588226
369.4983529411764 4.472470588235243
333.35717647058823 9.291294117647048
526.1101176470588 44.227764705882294
524.9054117647058 100.8489411764706
551.4089411764705 86.3924705882353
583.9359999999999 47.84188235294115
588.7548235294117 11.700705882352894
618.8724705882352 17.72423529411759
622.4865882352941 41.81835294117645
602.0065882352941 161.08423529411766
687.5407058823529 126.1477647058823
670.6748235294117 147.8324705882353
722.4771764705881 170.72188235294115
695.9736470588235 198.4301176470588
740.5477647058823 232.16188235294115
767.0512941176471 147.8324705882353
750.1854117647059 179.15482352941174
818.8536470588235 211.68188235294116
832.1054117647059 169.5171764705882
858.6089411764705 173.13129411764706
933.3007058823529 189.9971764705882
992.3312941176471 177.9501176470588
969.4418823529411 105.66776470588229
939.3242352941174 117.71482352941175
951.3712941176472 58.68423529411759
924.8677647058823 41.81835294117645
914.025411764706 9.291294117647048
840.5383529411765 50.25129411764699
798.3736470588235 10.496
770.6654117647059 11.700705882352894
429.7336470588235 5.677176470588194
813.7336470588236 294.50541176470585
