363.97768595041316 587.6074380165289
464.26198347107425 596.4933884297523
648.3280991735537 750.0933884297522
630.5561983471073 652.3479338842976
748.6123966942148 633.306611570248
767.6537190082643 484.7842975206613
1008.8438016528926 681.5446280991737
979.6471074380165 480.9760330578514
843.8190082644628 394.6553719008266
749.8818181818181 414.96611570247944
650.8669421487602 421.313223140496
582.3181818181818 407.3495867768596
476.9561983471074 392.11652892561995
418.56280991735525 390.8471074380167
367.7859504132231 505.09504132231416
154.52314049586766 557.1413223140497
200.22231404958666 508.9033057851241
250.99917355371883 511.4421487603307
162.1396694214875 491.1314049586779
124.05702479338834 508.9033057851241
79.62727272727261 508.9033057851241
42.81404958677672 470.8206611570249
28.85041322314038 408.61900826446293
56.777685950413115 404.8107438016531
93.59090909090901 387.03884297520676
136.75123966942135 425.1214876033059
159.60082644628085 426.3909090909093
183.71983471074373 408.61900826446293
243.382644628099 408.61900826446293
286.54297520661146 411.1578512396695
338.589256198347 425.1214876033059
158.01404958677688 213.76280991735533
172.92975206611573 211.8586776859504
153.25371900826448 240.42066115702477
153.25371900826448 226.13966942148755
162.77438016528927 233.43884297520657
172.29504132231406 234.07355371900823
181.49834710743804 227.7264462809917
191.9710743801653 228.99586776859502
203.39586776859508 231.5347107438016
227.19752066115706 222.64876033057848
215.13801652892565 223.91818181818178
253.22066115702484 212.49338842975203
241.47851239669424 210.9066115702479
260.20247933884303 220.74462809917353
293.20743801652895 196.6256198347107
256.71157024793393 200.43388429752062
267.1842975206612 205.82892561983468
273.84876033057856 202.97272727272724
283.36942148760335 193.1347107438016
311.6140495867769 188.69173553719003
332.2421487603307 186.78760330578507
357.94793388429764 186.15289256198344
388.41404958677697 168.0636363636363
346.8404958677687 178.5363636363636
358.5826446280993 169.96776859504126
353.18760330578516 157.59090909090904
374.4504132231406 164.89008264462805
358.26528925619846 218.52314049586772
162.77438016528927 282.6289256198347
184.67190082644632 303.57438016528926
157.69669421487606 324.202479338843
169.43884297520663 305.79586776859503
194.1925619834711 282.94628099173553
179.91157024793392 283.26363636363635
216.7247933884298 285.1677685950413
201.80909090909094 319.12479338842974
192.28842975206615 335.6272727272727
226.24545454545458 324.8371900826446
228.7842975206612 298.81404958677683
256.39421487603306 278.1859504132231
239.89173553719013 283.26363636363635
238.6223140495868 265.80909090909086
255.4421487603306 260.41404958677685
268.7710743801654 256.92314049586776
289.0818181818182 259.77933884297516
291.62066115702487 245.18099173553716
303.99752066115707 249.30661157024792
282.7347107438017 209.31983471074375
276.0702479338844 274.3776859504132
291.30330578512405 272.47355371900824
304.3148760330579 278.1859504132231
283.05206611570253 302.93966942148757
259.2504132231405 315.9512396694215
251.31652892561988 303.8917355371901
268.4537190082645 297.8619834710744
143.73305785123972 304.52644628099176
133.5776859504133 324.202479338843
31.38925619834717 354.0338842975207
49.79586776859509 371.1710743801653
56.77768595041329 358.4768595041322
77.08842975206619 362.28512396694214
89.14793388429759 362.9198347107438
112.63223140495877 365.4586776859504
124.69173553719016 369.90165289256197
160.23553719008274 364.8239669421488
144.36776859504135 367.997520661157
209.74297520661165 350.8603305785124
221.80247933884309 354.6685950413223
237.67024793388438 328.6454545454545
269.405785123967 350.8603305785124
282.10000000000014 326.74132231404957
301.1413223140497 346.41735537190084
305.58429752066127 314.04710743801655
322.72148760330595 350.8603305785124
332.2421487603307 300.71818181818185
315.1049586776861 290.56280991735537
341.7628099173555 309.60413223140495
386.19256198347125 336.26198347107436
416.6586776859506 328.0107438016529
507.42231404958693 338.800826446281
481.39917355371915 329.91487603305785
485.8421487603307 288.65867768595035
443.31652892562 299.44876033057847
377.94132231404967 296.9099173553718
353.8223140495869 268.3479338842975
335.41570247933896 271.5214876033058
320.1826446280993 255.0190082644628
306.2190082644629 259.46198347107435
370.32479338842984 273.4256198347107
379.21074380165305 263.27024793388426
393.8090909090911 261.3661157024793
412.85041322314066 275.96446280991734
446.4900826446283 267.71322314049587
516.9429752066117 275.3297520661157
522.6553719008266 246.13305785123964
466.8008264462811 246.7677685950413
503.614049586777 237.24710743801649
440.1429752066117 245.49834710743798
423.00578512396703 244.22892561983468
405.86859504132246 241.0553719008264
380.4801652892563 237.24710743801649
355.7264462809918 246.7677685950413
345.57107438016544 253.11487603305778
337.319834710744 240.42066115702477
318.2785123966943 239.15123966942144
370.9595041322316 229.63057851239665
378.5760330578514 223.28347107438015
393.17438016528934 229.63057851239665
402.6950413223142 220.10991735537186
383.6537190082646 223.91818181818178
411.5809917355373 211.22396694214873
419.83223140495886 214.397520661157
415.3892561983472 228.99586776859502
433.1611570247935 223.28347107438015
443.9512396694216 227.09173553719006
454.74132231404974 222.64876033057848
465.53140495867785 225.1876033057851
475.0520661157026 225.1876033057851
438.87355371900844 207.41570247933882
456.010743801653 204.24214876033054
464.8966942148762 209.9545454545454
473.1479338842977 210.58925619834707
482.6685950413224 213.76280991735533
495.36280991735555 206.78099173553716
498.5363636363637 218.84049586776857
521.3859504132233 215.03223140495865
480.1297520661159 197.89504132231403
491.55454545454563 162.98595041322307
501.07520661157037 145.84876033057844
524.5595041322315 136.9628099173553
495.36280991735555 128.07685950413213
518.212396694215 125.53801652892554
508.6917355371902 129.98099173553715
487.7462809917357 144.57933884297518
476.32148760330597 138.2322314049586
464.2619834710745 146.48347107438008
447.75950413223154 149.65702479338836
435.70000000000016 155.36942148760323
421.10165289256213 161.0818181818181
407.13801652892573 166.15950413223135
412.85041322314066 152.195867768595
92.9561983471075 322.93305785123965
70.10661157024799 329.91487603305785
43.44876033057858 335.6272727272727
29.485123966942183 333.72314049586777
49.79586776859509 320.39421487603306
36.46694214876038 317.2206611570248
25.676859504132267 314.04710743801655
51.700000000000045 310.8735537190082
61.22066115702484 316.58595041322315
72.01074380165295 313.41239669421486
74.54958677685954 306.43057851239666
83.4355371900827 303.89173553719
97.39917355371905 302.62231404958675
117.07520661157032 320.39421487603306
127.23057851239675 314.6818181818182
125.96115702479348 296.2752066115702
139.29008264462817 293.73636363636365
132.30826446280997 283.58099173553717
144.36776859504135 277.2338842975206
140.55950413223144 284.2157024793388
107.55454545454553 287.3892561983471
81.53140495867774 295.64049586776855
82.80082644628106 288.65867768595035
63.1247933884298 293.1016528925619
47.89173553719013 268.3479338842975
22.503305785124013 273.4256198347107
28.215702479338887 265.1743801652892
38.37107438016534 272.1561983471074
54.238842975206644 263.27024793388426
70.74132231404963 262.00082644628094
135.48181818181826 246.7677685950413
139.9247933884298 236.61239669421485
143.73305785123972 230.89999999999998
2.5099173553718828 266.4438016528925
8.857024793388419 218.52314049586772
19.64710743801652 217.2537190082644
26.946280991735534 215.98429752066107
42.496694214876015 218.2057851239669
16.473553719008265 262.00082644628094
6.000826446280982 248.67190082644618
110.72809917355372 247.4024793388429
100.57272727272729 236.9297520661156
186.25867768595043 211.85867768595034
204.9826446280992 216.93636363636358
122.78760330578513 215.34958677685944
113.58429752066118 218.52314049586772
104.38099173553721 218.84049586776854
86.92644628099174 215.98429752066107
75.81900826446281 215.98429752066107
65.34628099173554 218.84049586776854
55.508264462809905 216.93636363636358
46.939669421487594 213.44545454545448
2.192561983471066 217.57107438016521
70.10661157024794 250.57603305785113
76.13636363636363 248.67190082644618
87.24380165289256 246.13305785123964
81.84876033057853 241.0553719008264
73.91487603305785 241.0553719008264
40.59256198347106 255.01900826446274
14.252066115702462 250.893388429752
35.83223140495866 232.80413223140488
32.34132231404959 217.2537190082644
197.68347107438018 219.792561983471
204.34793388429756 271.52148760330573
153.88842975206614 283.58099173553717
17.74297520661156 242.9595041322313
15.204132231404941 215.66694214876026
25.67685950413221 253.11487603305778
121.51818181818183 238.8338842975206
126.91322314049589 244.8636363636363
92.74462809917357 210.58925619834702
114.32479338842974 300.0834710743801
106.07355371900827 305.16115702479334
41.96776859504133 227.72644628099164
149.2338842975207 244.86363636363626
237.45867768595045 218.2057851239669
206.35785123966943 208.68512396694206
214.60909090909095 210.58925619834702
132.7314049586777 218.84049586776854
123.84545454545453 222.6487603305784
102.89999999999999 341.33966942148754
118.76776859504135 343.8785123966942
10.23223140495867 341.97438016528923
7.693388429752049 319.75950413223137
16.579338842975208 326.1066115702479
10.866942148760332 307.69999999999993
188.58595041322317 321.0289256198347
577.9705294705294 342.55794205794206
554.4420579420579 302.66183816183815
602.521978021978 268.9035964035964
552.3961038961039 259.69680319680316
580.0164835164835 234.1223776223776
635.2572427572427 321.07542457542456
718.1183816183816 328.2362637362637
701.7507492507492 306.7537462537462
804.0484515484515 302.66183816183815
872.5879120879121 298.56993006993
972.8396603396603 326.1903096903097
680.2682317682318 257.6508491508491
651.6248751248751 263.7887112887113
630.1423576423576 222.86963036963039
586.1543456543457 208.5479520479521
565.6948051948052 216.73176823176823
550.3501498501498 211.61688311688306
538.0744255744255 202.41008991008994
564.6718281718281 130.80169830169825
538.0744255744255 126.70979020979019
577.9705294705294 113.41108891108888
561.602897102897 195.24925074925068
602.521978021978 116.48001998001996
592.2922077922078 104.20429570429565
614.7977022977022 104.20429570429565
629.1193806193806 100.11238761238758
628.0964035964035 116.48001998001996
641.3951048951049 123.6408591408591
626.0504495504496 198.31818181818176
597.4070929070929 189.11138861138852
658.7857142857142 223.89260739260737
759.0374625374625 241.28321678321674
798.9335664335664 226.96153846153845
848.0364635364634 258.67382617382617
946.2422577422577 238.21428571428567
1011.7127872127872 211.61688311688306
933.9665334665334 197.29520479520477
858.2662337662338 194.2262737262737
788.7037962037963 200.36413586413585
735.508991008991 241.28321678321674
761.0834165834166 210.59390609390607
766.1983016983016 185.01948051948057
816.3241758241758 177.8586413586413
853.1513486513487 165.582917082917
906.3461538461539 174.78971028971023
939.0814185814185 160.46803196803194
993.2992007992008 145.12337662337654
737.554945054945 187.06543456543454
767.477022977023 296.3321678321678
636.5359640359641 168.97152847152844
652.3921078921079 158.74175824175822
671.8286713286714 196.08041958041954
642.6738261738262 198.6378621378621
807.3731268731268 126.00649350649348
871.3091908091908 142.88561438561436
720.42007992008 175.6208791208791
930.1303696303696 36.49600399600399
980.7677322677322 67.18531468531467
957.2392607392607 83.0414585414585
994.577922077922 39.05344655344652
890.7457542457543 82.52997002997
657.2512487512488 101.71078921078922
674.3861138861139 115.00949050949049
733.7187812187813 131.37712287712287
759.2932067932068 117.3111888111888
780.2642357642358 142.6298701298701
706.3541458541458 85.34315684315683
724.2562437562437 109.63886113886113
702.2622377622378 109.89460539460538
742.414085914086 167.3091908091908
770.1623376623377 162.96153846153845
917.9825174825174 106.05844155844153
936.3961038961039 134.44605394605392
1017.7227772227773 116.0324675324675
911.8446553446554 140.83966033966033
890.3621378621378 146.2102897102897
848.1643356643357 132.40009990009986
852.2562437562437 118.58991008991006
534.494005994006 227.28121878121874
544.9795204795205 234.9535464535464
547.2812187812187 262.0624375624375
559.8126873126873 114.49800199800198
660.8316683316683 167.69280719280718
669.526973026973 180.35214785214782
694.4620379620379 173.06343656343654
699.7047952047952 193.65084915084913
291.7927072927074 199.40509490509484
147.04145854145864 213.72677322677313
214.3021978021979 212.83166833166825
87.83666333666342 255.02947052947044
795.8646353646353 93.97452547452542
903.2772227772228 68.40009990009992
822.4620379620379 140.0084915084915
833.7147852147851 144.10039960039956
851.1053946053945 146.14635364635365
139.11338661338658 345.6268731268731
675.1533466533466 97.04345654345661
685.3831168831168 97.04345654345661
