3.633307065931149 619.2403467297083
8.676648279485196 596.5453112687155
3.6333070659312265 556.1985815602836
34.73391121618079 573.0097189387969
49.023377987917065 583.9369582348305
56.58838980824802 604.1103230890465
21.285001313370156 660.4276333070659
86.8484370895719 646.9787234042553
94.4134489099029 613.3564486472288
71.71841344890996 588.9802994483845
80.12398213816658 541.9091147885474
73.3995271867613 520.0546361964801
55.74783293932238 513.3301812450749
28.850013133701147 505.7651694247439
8.676648279485196 509.1273969004465
45.661150512214405 499.8812713422642
35.574468085106425 468.7806671920147
24.647228789072816 455.33175728920406
12.879432624113528 424.23115313895454
21.285001313370156 425.9122668768058
28.009456264775473 420.86892566325184
18.76333070659317 411.62280010506964
39.77725242973476 429.2744943525085
72.55897031783563 396.49277646440765
121.31126871552412 583.096401365905
96.09456264775422 548.6335697399527
117.94904123982147 557.879695298135
122.15182558444977 520.8951930654058
167.5418965064356 576.3719464144996
153.25242973469932 561.2419227738377
165.0202258996586 607.4725505647491
204.52639873916482 610.8347780404519
198.64250065668514 583.096401365905
194.43971631205687 546.9524560021014
186.87470449172585 516.6924087207775
162.49855529288163 468.7806671920147
137.2818492251117 471.30233779879165
116.26792750197012 480.5484633569739
102.81901759915952 473.82400840556863
81.80509587601793 489.7945889151563
112.06514315734182 428.4339374835828
97.77567638560552 426.7528237457315
89.3701076963489 401.5361176779616
104.50013133701084 390.60887838192804
141.48463356974003 397.33333333333326
134.76017861833472 402.3766745468872
133.9196217494091 413.3039138429209
122.15182558444977 424.23115313895454
139.80351983188868 448.6073023377987
149.049645390071 452.8100866824271
149.049645390071 434.31783556606246
161.65799842395597 423.3905962700288
157.45521407932765 388.92776464407666
150.73075912792234 412.46335697399525
186.03414762280022 414.9850275807722
205.36695560809045 402.3766745468872
198.64250065668514 430.1150512214342
215.45363803519845 430.1150512214342
222.1780929866037 433.47727869713674
243.19201470974528 438.5206199106908
247.3947990543736 452.8100866824271
207.88862621486743 452.8100866824271
180.15024954032052 462.0562122406093
206.20751247701617 467.0995534541634
260.0031520882586 550.314683477804
245.71368531652226 517.5329655897032
256.6409246125559 481.3890202258996
275.1331757289205 481.3890202258996
270.9303913842922 460.375098502758
289.42264250065676 471.30233779879165
286.0604150249542 498.20015760441294
295.30654058313644 520.0546361964801
278.4954032046232 536.0252167060678
264.20593643288686 574.6908326766483
243.19201470974528 591.5019700551615
258.32203835040724 635.210927239296
275.1331757289205 638.5731547149986
297.8282111899135 588.1397425794589
286.0604150249542 600.7480956133438
317.1610191752037 636.0514841082216
302.0309955345418 559.5608090359864
342.3777252429736 531.8224323614395
332.2910428158657 515.0112949829262
323.885474126609 492.31625952193326
323.0449172576834 469.6212240609404
362.5510900971895 482.22957709482534
365.9133175728922 540.2280010506961
373.47832939322313 552.836354084581
395.3328079852904 536.0252167060678
382.72445495140545 513.3301812450749
397.0139217231417 508.28684003152085
412.98450223272937 509.1273969004465
444.92566325190455 534.3441029682165
457.5340162857895 533.5035460992908
445.7662201208302 573.0097189387969
424.7522983976886 590.6614131862359
418.86840031520904 614.1970055161545
473.5045967953771 597.3858681376412
508.8079852902549 604.9508799579721
529.8219070133965 592.3425269240872
505.44575781455234 575.5313895455739
484.4318360914108 541.9091147885474
481.9101654846338 516.6924087207775
457.5340162857895 503.2434988179669
455.85290254793813 486.4323614394536
457.5340162857895 471.30233779879165
460.0556868925665 456.1723141581298
406.26004728132403 467.94011032308896
515.5324402416603 536.0252167060678
512.1702127659576 492.31625952193326
484.4318360914108 463.7373259784607
478.5479380089311 453.6506435513528
490.31573417389046 436.83950617283944
504.6052009456266 430.95560809035976
523.9380089309169 420.86892566325184
523.0974520619912 441.0422905174678
569.3280798529026 577.2125032834252
553.3574993433152 556.1985815602836
620.6020488573682 525.9385342789599
634.8915156291044 516.6924087207775
641.6159705805098 488.95403204623057
600.4286840031523 497.3596007354872
575.2119779353824 488.11347517730485
543.2708169162071 472.983451536643
527.3002364066195 463.7373259784607
562.6036249014974 451.96952981350137
543.2708169162071 445.24507486209615
571.8497504596796 435.1583924349882
596.2258996585239 443.56396112424477
610.5153664302603 432.6367218282112
602.9503546099294 457.0128710270553
611.3559232991859 470.46178092986594
632.3698450223275 487.2729183083793
647.4998686629895 615.8781192540058
680.2815865510903 589.8208563173102
686.1654846335699 652.0220646178093
614.7181507748885 665.4709745206198
736.59889676911 664.6304176516943
731.555555555556 633.5298135014447
750.0478066719204 649.5003940110323
767.6995009193595 594.0236406619384
803.843446283163 667.9926451273969
800.4812188074601 643.6164959285527
839.9873916469664 654.5437352245863
845.8712897294461 629.3270291568164
804.6840031520886 607.4725505647491
751.7289204097718 593.1830837930129
754.2505910165487 563.7635933806147
718.1066456527452 536.8657735749935
715.5849750459683 507.44628316259525
726.512214342002 493.9973732597845
752.5694772786976 477.18623588127133
768.5400577882851 467.0995534541634
749.2072498029947 499.0407144733385
766.8589440504337 531.8224323614395
789.5539795114267 494.83793012871024
809.7273443656426 486.4323614394536
812.2490149724194 510.80851063829783
819.8140267927506 528.4602048857369
809.7273443656426 556.1985815602836
802.1623325453115 585.618071972682
786.1917520357239 578.8936170212766
858.4796427633308 566.2852639873917
886.2180194378778 604.1103230890465
887.8991331757293 574.6908326766483
852.5957446808512 527.6196480168111
856.7985290254798 500.7218282111899
845.0307328605204 488.95403204623057
887.0585763068036 495.67848699763596
886.2180194378778 466.2589965852377
871.9285526661416 449.4478592067244
897.9858156028372 425.0717100078802
883.696348831101 407.42001576044123
872.7691095350674 396.49277646440765
881.1746782243239 376.3194116101917
866.8852114525877 362.0299448384555
873.6096664039928 345.2188074599422
892.9424743892832 343.53769372209086
845.0307328605204 362.0299448384555
829.9007092198585 349.4215918045705
827.3790386130813 370.4355135277121
816.4517993170477 363.71105857630675
798.800105069609 346.8999211977935
790.3945363803522 339.3349093774625
778.626740215393 339.3349093774625
779.4672970843185 358.6677173627528
793.756763856055 353.62437614919884
801.3217756763858 396.49277646440765
818.1329130548992 396.49277646440765
800.4812188074601 412.46335697399525
795.4378775939061 435.99894930391383
803.0028894142372 443.56396112424477
829.0601523509328 429.2744943525085
841.6685053848179 413.3039138429209
817.2923561859734 421.70948253217756
832.4223798266353 446.9261885999474
758.4533753611769 451.96952981350137
766.8589440504337 430.95560809035976
770.2211715261362 414.1444707118466
780.3078539532443 392.2899921197793
772.7428421329134 380.52219595482
765.1778303125823 381.36275282374567
764.3372734436566 359.5082742316785
747.5261360651435 348.5810349356448
729.8744418177046 360.34883110060406
733.2366692934071 385.5655371683741
721.4688731284477 403.21723141581293
708.860520094563 401.5361176779616
687.0060415024957 399.01444707118463
692.8899395849752 352.7838192802731
718.9472025216709 317.48043078539524
743.323351720515 418.34725505647486
740.8016811137381 435.99894930391383
724.8311006041506 441.0422905174678
723.9905437352248 427.5933806146572
702.1360651431576 433.47727869713674
701.2955082742319 468.7806671920147
684.4843708957187 457.0128710270553
655.0648804833204 479.70790648804837
628.1670606776992 414.9850275807722
641.6159705805098 405.7389020225899
643.297084318361 390.60887838192804
660.9487785658001 395.652219595482
660.1082216968744 404.89834515366425
670.1949041239824 413.3039138429209
670.1949041239824 379.6816390858944
688.6871552403469 375.47885474126605
699.6143945363807 384.72498029944836
607.1531389545576 391.4494352508537
622.2831625952194 391.4494352508537
625.6453900709222 378.000525348043
577.7336485421594 388.08720777515106
551.6763856054638 383.88442343052265
537.3869188337276 378.8410822169687
528.9813501444709 376.3194116101917
513.851326503809 365.39217231415813
502.92408720777536 383.88442343052265
513.0107696348833 391.4494352508537
518.0541108484373 407.42001576044123
525.6191226687682 426.7528237457315
544.9519306540585 424.23115313895454
558.4008405568692 413.3039138429209
576.052534804308 409.9416863672182
471.8234830575258 386.4060940372996
457.5340162857895 368.7543997898607
465.93958497504616 373.7977410034147
455.0123456790125 392.2899921197793
488.63462043603903 397.33333333333326
480.2290517467824 410.7822432361439
453.33123194116115 429.2744943525085
451.6501182033099 407.42001576044123
425.59285526661427 394.8116627265563
430.63619648016834 415.8255844496979
423.0711846598373 428.4339374835828
526.4596795376939 446.9261885999474
401.2167060677701 451.96952981350137
386.9272392960338 447.7667454688731
400.3761491988444 441.0422905174678
401.2167060677701 424.23115313895454
386.08668242710814 392.2899921197793
380.20278434462847 407.42001576044123
376.84055686892583 388.92776464407666
351.6238508011559 388.08720777515106
348.26162332545323 401.5361176779616
357.50774888363554 419.1878119254006
365.9133175728922 429.2744943525085
376.00000000000017 429.2744943525085
356.6671920147099 441.88284738639345
361.7105332282639 457.0128710270553
332.2910428158657 439.3611767796164
336.49382716049394 425.0717100078802
323.885474126609 420.0283687943262
311.2771210927241 433.47727869713674
285.21985815602847 436.83950617283944
292.78486997635946 414.9850275807722
267.56816390858955 434.31783556606246
275.1331757289205 410.7822432361439
258.32203835040724 404.89834515366425
222.1780929866037 418.34725505647486
226.38087733123203 404.89834515366425
224.69976359338077 384.72498029944836
307.07433674809573 446.08563173102175
49.86393485684274 267.88757551878115
89.3701076963489 249.39532440241655
104.50013133701084 289.74205411084836
96.93511951667989 305.712634620436
145.68741791436838 265.36590491200417
138.96296296296305 266.20646178092977
133.07906488048337 267.88757551878115
128.0357236669294 264.52534804307845
217.13475177304974 286.3798266351457
225.5403204623064 289.74205411084836
207.88862621486743 293.9448384554767
192.75860257420553 293.9448384554767
188.5558182295772 298.98817966903067
254.95981087470457 310.75597583398996
282.6981875492515 293.104281586551
318.842132913055 277.13370107696346
328.08825847123734 271.2498029944838
323.885474126609 320.0021013921723
336.49382716049394 315.7993170475439
369.27554504859484 272.0903598634094
395.3328079852904 272.9309167323351
373.47832939322313 315.7993170475439
393.65169424743914 311.59653270291557
440.72287890727625 264.52534804307845
439.8823220383506 313.27764644076694
442.4039926451276 287.2203835040714
467.6206987128974 308.234305227213
494.5185185185187 308.234305227213
466.7801418439718 273.77147360126077
480.2290517467824 265.36590491200417
473.5045967953771 264.52534804307845
487.7940635671133 267.88757551878115
502.92408720777536 265.36590491200417
534.0246913580249 277.13370107696346
544.1113737851329 285.53926976622006
578.574205411085 283.017599159443
607.9936958234833 272.0903598634094
667.6732335172053 274.6120304701865
656.7459942211717 268.7281323877068
678.600472813239 264.52534804307845
689.5277121092727 262.8442343052272
695.4116101917522 277.97425794588906
695.4116101917522 267.88757551878115
848.3929603362229 267.88757551878115
829.0601523509328 263.6847911741528
793.756763856055 262.8442343052272
779.4672970843185 259.4820068295245
761.8156028368797 261.1631205673758
750.8883635408462 265.36590491200417
745.8450223272922 255.27922248489622
735.7583399001842 256.9603362227475
718.9472025216709 266.20646178092977
973.5328501285949 643.3969434820499
918.2920908878357 652.6037366888431
924.429953025698 619.8684719535784
930.5678151635601 582.0183221034284
967.394987990733 607.592747677854
1001.1532297489746 607.592747677854
976.6017811975261 568.7196208047271
1015.474908070653 543.1451952303016
1011.3829999787448 520.6397007248071
947.9584245541694 517.570769655876
916.2461368418817 515.5248156099219
927.498884094629 478.6976427827491
966.3720109677558 499.1571832422896
981.7166663124111 486.8814589665653
1003.1991837949287 498.13420621931255
1008.3140689098137 460.28405636916267
966.3720109677558 437.7785618636682
943.8665164622614 443.9164240015303
910.1082747040195 446.98535507046137
901.9244585202033 460.28405636916267
912.1542287499735 414.25009033519666
936.7056773014222 406.06627415138047
927.498884094629 398.90543499054127
941.8205624163072 385.60673369183996
925.4529300486748 380.49184857695485
947.9584245541694 371.2850553701617
921.3610219567668 362.0782621633684
923.4069760027209 341.618721703828
909.0852976810426 337.52681361191986
943.8665164622614 347.75658384169014
968.4179650137098 363.1012391863455
978.6477352434802 363.1012391863455
980.6936892894342 354.9174230025293
996.0383446340895 331.38895147405776
1008.3140689098137 344.68765277275907
1018.5438391395841 344.68765277275907
998.0842986800435 368.2161243012306
973.7885943843389 406.577762662869
971.2311518268964 397.37096945607584
977.3690139647586 379.9803600654664
990.6677152634597 345.1991412842476
1005.5008820966267 379.46887155397786
1002.9434395391842 408.1122281973345
996.8055774013219 426.0143260994324
1021.8685144642591 461.8185219036282
990.6677152634597 549.7945458796522
995.2711118668565 530.3579824430888
1021.3570259527705 399.4169235020298
742.5957871915317 270.52181860692497
726.2281548238996 271.0333071184135
617.792590388335 275.6367037218101
571.758624354369 288.42391650902283
637.7406423363869 388.1641762492826
719.0673156630603 385.0952451803515
660.2461368418815 613.1062129360002
688.3780049737496 577.3020171318044
689.4009819967266 626.91640274619
93.00537760112226 572.3000403851468
134.43594703169168 563.6047356898421
321.64074223648686 461.3070333921398
318.5718111675558 436.75558484069126
313.45692605267067 427.5487916338981
502.1961867919313 525.2430973282037
133.41297000871467 394.3020383871448
285.0693136650584 586.5088103385976
659.4789040746488 545.1911492762557
