168.9399147080129 651.2048874847827
464.1220078719573 255.35733757552677
469.23271567595003 253.1891585071662
471.5557646777649 257.0609068435244
475.73725288103174 252.72454870680323
481.3125704853874 252.87941864025757
486.73301815628884 252.72454870680323
490.140156692284 253.96350817443786
491.3791161599186 256.90603691007004
490.29502662573833 262.0167447140628
467.9937562083154 271.77355052168525
468.9229758090414 261.24239504679116
463.50252813814 260.9326551798825
476.66647248175764 255.97681730934406
481.77718028575043 257.68038657734166
503.14923110244735 252.25993890644025
504.3881905700819 256.59629704316137
512.7511669766155 252.87941864025757
520.4946636493318 253.8086382409835
529.4771197896827 252.41480883989456
534.2780877267668 252.25993890644025
543.7251536674805 252.72454870680323
555.1855287431007 252.72454870680323
522.3531028507837 258.7644761115219
513.8352565107958 258.7644761115219
509.0342885737117 256.90603691007004
506.0917598380795 258.4547362446133
509.653768307529 264.8044035162406
516.6229153129736 263.1008342482431
520.4946636493318 260.6229153129738
524.36641198569 261.24239504679116
521.8884930504207 264.8044035162406
530.2514694569543 267.7469322518728
543.8800236009349 268.5212819191444
552.3978699409228 268.0566721187815
513.6803865773414 267.43719238496413
501.9102716348127 267.90180218532714
482.0869201526591 263.1008342482431
476.82134241521203 260.6229153129738
470.161935276676 264.8044035162406
466.9096666741351 265.8884930504209
464.1220078719573 274.4063393904088
475.427513014123 268.98589171950744
475.1177731472144 266.0433629838752
476.9762123486663 272.85764005586555
474.65316334685144 272.85764005586555
469.3875856094043 276.10990865840637
467.6840163414068 278.58782759367557
468.61323594213275 281.8400961962164
470.626545077039 280.29139686167315
471.86550454467357 283.69853539766837
467.8388862748611 285.71184453257456
469.8521954097673 291.2871621369303
466.4450568737722 292.3712516711106
463.3476582046857 279.8267870613102
477.5956920824836 276.41964852531504
480.8479606850245 274.5612093238632
486.42327828938016 276.884258325678
490.7596364261013 275.4904289245891
488.74632729119503 282.9241857303967
483.17100968683934 281.37548639585344
480.5382208181158 284.008275264577
489.5206769584667 286.9508040002092
495.71547429663974 279.20730732749286
498.6580030322719 272.5479001889569
502.52975136863 277.19399819258666
505.9368899046252 273.4771197896829
511.20246764207224 274.25146945695445
510.4281179748006 282.14983606312506
507.4855892391684 279.98165699476453
507.9501990395314 284.78262493184866
503.14923110244735 288.65437326820677
499.27748276608924 283.69853539766837
515.6936957122477 285.8667144660289
524.2115420522356 285.8667144660289
519.7203139820601 278.12321779331256
528.2381603220481 278.12321779331256
537.2206164623989 277.50373805949533
544.9641131351152 277.9683478598583
535.0524373940384 272.85764005586555
536.1365269282187 275.0258191242261
528.3930302555024 288.3446334012981
544.9641131351152 287.8800236009351
536.9108765954903 290.20307260275
555.1855287431007 289.4287229354784
533.6586079929494 284.62775499839427
564.7874646172689 262.48135451442573
566.9556436856294 256.59629704316137
570.6725220885332 253.1891585071662
576.2478396928889 256.90603691007004
580.2744579627014 262.7910943813344
590.1861337037782 261.24239504679116
593.903012106682 261.24239504679116
594.832231707408 277.65860799294967
593.5932722397733 269.29563158641605
576.8673194267062 271.15407078786797
583.0621167648792 281.9949661296708
577.1770592936149 277.65860799294967
571.9114815561678 281.37548639585344
567.2653835525381 272.08329038859387
560.4511064805478 277.65860799294967
562.6192855489084 284.1631451980313
561.070586214365 282.9241857303967
569.12382275399 295.3137804067427
572.2212214230765 296.5527398743773
576.5575795597975 288.4995033347524
579.9647180957927 291.5969020038389
577.7965390274322 284.7826249318486
557.66344767837 293.7650810721995
553.6368294085573 295.62352027365137
553.6368294085573 292.8358614714735
504.69793043699053 262.7910943813344
476.2018626813947 295.3137804067427
474.65316334685144 293.45534120529084
475.5823829475774 286.33132426639185
465.05122747268325 294.3845608060168
469.0778457424957 295.0040405398341
468.14862614176974 298.4111790758293
449.8739739941593 300.2696182772811
436.5551597170874 298.7209189427379
434.0772407818182 302.12805747873307
429.4311427781884 305.22545614781956
424.47530490764996 307.3936352161801
420.4486866378375 302.4377973456417
483.6356194872023 300.57935814418977
488.5914573577407 300.8890980110985
489.52067695846665 297.4819594751033
494.7862546959137 295.9332601405601
494.7862546959137 303.05727707945897
493.8570350951878 300.2696182772811
13.915111320233224 407.12987236076566
33.738462802386884 381.11172354043896
14.534591054050527 394.12079795060237
2.1449963777044774 380.4922438066217
33.118983068569584 411.4662304974868
51.703375083088616 396.59871688587157
70.907246831425 389.7844398138812
69.0488076299731 417.6610278356598
51.703375083088616 407.12987236076566
49.84493588163671 434.386980648727
36.83586147147339 446.1570955912557
20.729388392223537 446.1570955912557
15.773550521685127 430.67010224582316
28.782624931848478 473.414203879217
52.32285481690592 463.5025281381402
81.43840230631912 470.31680521013044
77.72152390341532 502.52975136863023
19.490428924588933 558.9024071460046
2.764476111521778 513.6803865773417
2.764476111521778 444.2986563898038
121.08510527062644 550.8491706063797
130.37730127788595 487.6622377570149
118.60718633535724 451.7324131956114
144.00585542186664 454.8298118646979
128.51886207643406 428.8116630443712
107.45655112664582 439.3428185192654
111.79290926336692 422.6168657061982
103.73967272374202 407.12987236076566
91.35007804739594 449.2544942603422
93.8279969826652 377.3948451375352
114.89030793245342 379.2532843389871
121.08510527062644 363.76629099355455
137.81105808369364 368.1026491302756
139.66949728514552 378.63380460516976
133.47469994697252 390.40391954769854
151.43961222767425 361.28837205828535
145.86429462331853 347.65981791430465
150.20065276003965 389.16496008006396
166.92660557310677 387.306520878612
165.68764610547217 368.72212886409295
179.31620024945286 370.58056806554487
173.74088264509714 381.11172354043896
177.45776104800095 352.61565578484306
190.46683545816427 355.7130544539296
188.60839625671235 341.4650205761317
183.65255838617395 505.00767030389943
162.59024743638565 488.2817174908322
177.45776104800095 454.8298118646979
198.5200719977892 433.14802118109236
173.74088264509714 425.71426437528476
212.14862614176985 424.4753049076502
212.14862614176985 402.79351422404454
189.84735572434695 391.64287901533316
205.33434906977948 389.7844398138812
209.6707072065006 377.3948451375352
218.34342347994286 368.72212886409295
220.82134241521206 360.0494125906507
207.81226800504868 354.474094986295
216.48498427849097 346.4208584466701
209.6707072065006 332.79230430268944
235.6888560268273 338.9871016408625
214.00706534322177 571.2920018223507
223.91874108429857 489.5206769584668
212.76810587558717 465.9804470734094
289.5835928689325 563.2387652827258
260.46804537951937 463.5025281381402
290.20307260274984 451.7324131956114
264.8044035162405 426.9532238429194
259.8485656457021 396.59871688587157
246.22001150172142 380.4922438066217
233.83041682537538 371.81952753317944
240.0252141635484 350.13773684957386
256.7511669766156 343.9429395114009
244.98105203408682 340.22606110849705
250.5563696384425 369.9610883317276
254.89272777516368 361.9078517921026
243.74209256645221 361.28837205828535
246.8394912355387 355.7130544539296
320.55757955979766 496.33495403045714
321.7965390274323 459.166170001419
303.8316267467305 408.3688318284003
276.57451845876926 391.64287901533316
283.3887955307595 371.81952753317944
272.85764005586543 372.4390072669968
272.2381603220481 363.1468112597372
279.6719171278557 358.81045312301615
282.76931579694224 345.80137871285274
284.6277549983941 332.79230430268944
269.1407616529616 344.56241924521817
342.23937024340324 566.9556436856295
362.0627217255569 506.246629771534
381.8860732077105 495.71547429663985
365.7796001284607 476.51160254830353
365.7796001284607 463.5025281381402
392.41722868260473 451.7324131956114
380.02763400625867 423.23634544001555
402.32890442368154 418.8999873032944
354.009485185932 407.12987236076566
322.41601876124963 412.7051899651214
318.69914035834586 387.306520878612
353.3900054521147 376.15588566990056
331.08873503469187 369.9610883317276
378.7886745386241 376.15588566990056
389.9393097473355 373.05848700081407
406.6652625604027 387.306520878612
301.97318754527856 375.53640593608327
313.12382275399005 369.34160859791024
302.2829274121873 359.42993285683343
304.45110648054776 349.82799698266524
305.0705862143651 342.70398004376625
317.1504410238025 355.40331458702093
311.8848632863554 356.33253418774694
309.09720448417755 355.0935747201123
294.84917060637963 341.15528070922306
301.97318754527856 338.9871016408625
302.2829274121873 328.1462062990597
306.3095456819997 321.9514089608866
308.7874646172689 315.13713188889636
322.4160187612496 312.6592129536271
329.2302958332399 310.80077375217525
332.3276945023264 317.61505082416556
326.442637031062 314.8273920219877
319.3186200921631 332.4825644357808
325.2036775634274 333.1020441695981
326.7523768979707 326.28776709760774
332.637434369235 324.1195880292472
339.1419715743167 318.23453055798285
336.0445729052302 321.33192922706934
325.2036775634274 342.70398004376625
337.9030121066821 337.74814217322785
336.97379250595617 359.42993285683343
349.9828669161195 347.6598179143047
344.0978094448551 349.82799698266524
344.7172891786724 337.74814217322785
347.81468784775893 339.91632124158843
358.6555831895617 335.27022323795865
351.8413061175714 332.4825644357808
362.6822014593742 327.21698669833376
359.8945426571963 320.40270962634344
352.15104598448005 320.40270962634344
350.9120865168454 310.4910338852666
336.97379250595617 311.72999335290115
359.5848027902877 303.9864966801849
368.5672589306385 306.1546757485455
371.66465759972505 308.32285481690604
374.1425765349943 363.76629099355455
361.75298185864824 357.26175378847284
365.7796001284607 342.39424017685764
384.0542522760711 339.60658137467976
378.4789346717154 343.9429395114009
391.17826921497004 345.4916388459441
379.71789413935 334.65074350414136
371.66465759972505 326.90724683142514
380.0276340062586 321.33192922706934
374.4523164019029 320.40270962634344
372.593877200451 317.3053109572569
384.3639921429797 301.8183176118244
389.6295698804268 303.9864966801849
383.74451240916244 307.3936352161801
379.71789413934994 313.2786926874445
391.17826921497004 312.6592129536272
403.8776037582247 310.49103388526663
402.3289044236815 303.6767568132763
408.5237017618545 302.12805747873307
412.24058016475834 308.3228548169061
414.4087592331189 311.7299933529012
405.73604295967664 312.6592129536272
396.75358681932573 319.78322989252615
394.27566788405653 315.44687175580503
389.6295698804268 321.3319292270694
392.72696854951334 325.0488076299732
388.08087054588356 326.59750696451647
389.6295698804268 330.6241252343289
397.3730665531431 329.07542589978567
400.78020508913824 326.2877670976078
405.73604295967664 330.00464550051163
413.7892794993016 319.1637501587088
415.02823896693616 326.2877670976078
427.10809377637355 322.8806285616127
434.54185058218116 318.5442704248915
429.58601271164275 313.8981724212618
401.70942468986414 357.2617537884729
412.8600598985756 339.29684150777115
402.63864429059015 337.1286624394106
417.81589776911403 330.00464550051163
421.8425160389265 332.1728245688722
426.79835390946494 334.96048337105003
419.05485723674866 357.2617537884729
431.75419178000334 367.4831693964584
443.8340465894407 357.88123352229024
451.8872831290656 358.81045312301615
442.5950871218061 346.42085844667014
436.40028978363307 335.889702971776
434.23211071527254 327.8364664321511
443.2145668556234 321.9514089608867
450.648323661431 324.11958802924727
444.45352632325796 326.90724683142514
446.62170539161855 333.4117840365068
456.22364126578674 341.77476044304035
461.4892190032338 377.39484513753524
476.0469927479404 384.5188620764342
494.3216448955508 388.5454803462466
510.4281179748006 391.0233992815159
510.4281179748006 391.0233992815159
508.8794186402574 366.5539497957324
496.79956383082 366.5539497957324
502.994361168993 352.3059159179345
476.6664724817577 354.7838348532037
465.8255771399549 332.1728245688722
461.7989588701425 321.9514089608867
460.55999940250786 315.44687175580503
453.12624259670025 315.44687175580503
455.60416153196945 321.3319292270694
467.3742764744982 313.2786926874445
473.8788136795799 313.2786926874445
476.6664724817577 307.0838953492715
482.8612698199307 306.7741554823628
482.8612698199307 323.5001082954299
473.5690738126712 319.1637501587088
473.2593339457626 326.2877670976078
479.7638711508442 334.34100363723275
487.5073678235605 339.91632124158843
493.3924252948249 345.1818989790355
508.5696787733487 337.1286624394106
490.9145063595556 326.59750696451647
493.3924252948249 318.5442704248915
487.1976279566518 317.6150508241656
503.92358076971897 320.0929697594348
511.3573375755266 313.2786926874445
519.7203139820602 316.376091356531
520.9592734496948 320.7124494932521
509.4988983740747 320.0929697594348
516.9326551798823 327.8364664321511
519.1008342482429 355.7130544539297
526.9992008544133 303.6767568132763
531.0258191242257 299.9598784103725
520.4946636493315 299.65013854346387
549.6102111387447 305.8449358816369
573.1504410238023 304.2962365470936
577.1770592936147 298.10143920892057
586.1595154339656 298.4111790758293
593.9030121066819 294.3845608060168
592.9737925059559 290.66768240311296
591.115353304504 304.2962365470936
597.6198905095857 305.5351960147282
607.2218263837539 303.9864966801849
605.363387182302 300.57935814418977
613.1068838550182 302.7475372125503
508.4148088398942 385.1383418102515
535.6719171278555 342.7039800437663
546.5128124696582 346.1111185797615
539.6985353976679 378.6338046051698
544.3446334012976 367.4831693964584
542.7959340667545 357.5714936553815
554.5660490092831 378.6338046051698
559.5218868798216 359.1201929899248
570.0530423547157 385.75782154406875
565.0972044841773 382.6604228749823
579.3452383619752 352.6156557848431
569.7433024878071 344.5624192452182
571.9114815561677 335.889702971776
554.8757888761919 339.6065813746798
529.7868596565911 335.2702232379587
529.7868596565911 331.55334483505493
527.9284204551392 322.8806285616127
525.1407616529613 314.2079122881704
533.5037380594949 321.3319292270694
534.7426975271295 315.7566116227137
535.3621772609467 313.5884325543531
547.7517719372929 330.9338651012376
540.3180151314853 325.9780272306992
548.0615118042015 319.4734900256175
548.3712516711101 315.1371318888964
559.212147012913 318.5442704248915
555.8050084769177 326.59750696451647
559.5218868798216 333.7215239034154
566.336163951812 332.1728245688722
567.5751234194465 328.765686032877
567.5751234194465 323.8098481623386
575.9380998259801 324.4293278961559
581.8231572972445 316.68583122343966
583.6815964986963 323.5001082954299
582.4426370310617 330.3143853674203
585.5400357001483 333.7215239034154
590.4958735706867 337.4384023063193
592.0445729052299 345.8013787128528
602.2659885132153 356.9520139215643
605.6731270492105 342.7039800437663
595.1419715743165 378.6338046051698
603.5049479808499 332.1728245688722
597.310150642677 330.9338651012376
592.6640526390473 325.6682873637905
592.9737925059559 318.5442704248915
601.0270290455808 321.3319292270694
603.8146878477587 323.8098481623386
611.2484446535664 325.6682873637905
617.7529818586479 322.26114882779535
619.3016811931911 328.1462062990597
623.6380393299123 320.0929697594348
615.2750629233788 315.1371318888964
621.7796001284604 312.96895282053583
607.9961760510255 312.9689528205359
553.9465692754658 307.8582450165431
560.7608463474561 306.3095456819998
562.3095456819993 298.10143920892057
556.889098011098 295.7783902071057
565.2520744176317 292.5261216045649
600.4075493117634 301.3537078114614
635.0984144055324 310.64590381872097
638.9701627418905 314.9822619554421
640.209122209525 305.3803260812739
629.213356934268 324.7390677630646
630.4523164019026 329.38516576669434
623.7929092633666 334.4958735706871
615.5848027902873 340.5358009754058
628.284137333542 352.7705257182975
634.0143248713521 347.0403381804875
635.5630242058953 339.6065813746798
633.3948451375348 334.9604833710501
642.8419110782486 335.889702971776
641.602951610614 325.0488076299732
697.0463877872623 311.4202534859926
704.1704047261613 309.25207441763206
704.1704047261613 316.9955710903483
691.4710701829067 315.7566116227137
688.6834113807289 325.0488076299733
681.8691343087385 324.4293278961559
693.0197695174501 322.2611488277954
686.8249721792769 332.1728245688722
727.7106346112189 332.4825644357809
722.7547967406805 327.8364664321511
717.7989588701421 325.6682873637905
711.9139013988777 336.50918270559333
704.48014459307 332.7923043026895
698.285347254897 334.9604833710501
694.5684688519931 328.76568603287706
665.45292136258 325.9780272306992
659.258124024407 327.2169866983338
653.9925462869599 327.2169866983338
675.0548572367481 335.5799631048674
669.1697997654838 331.55334483505493
674.4353775029309 327.8364664321511
656.7802050891379 343.013719910675
666.0724010963972 338.98710164086253
666.382140963306 346.7305983135788
678.7717356396521 355.0935747201124
653.0633266862341 363.7662909935546
629.8328366680852 358.8104531230162
627.9743974666333 373.3682268677228
653.9925462869599 389.47469994697263
675.3645971036568 387.3065208786121
688.0639316469117 382.6604228749823
692.7100296505413 364.6955105942805
706.6483236614305 354.7838348532037
726.4716751435842 343.013719910675
741.3391887551995 338.98710164086253
750.3216448955503 342.0845003099491
731.4275130141227 338.6773617739539
735.4541312839351 348.89877738193934
766.1183781078915 356.9520139215643
772.003435579156 345.8013787128529
781.9151113202328 341.7747604430404
789.658607992949 351.9961760510259
782.53459105405 362.8370713928287
775.1008342482423 375.846145802992
755.2774827660887 369.651348464819
719.6573980715939 375.846145802992
727.4008947443102 385.7578215440688
741.6489286221081 394.1207979506024
715.3210399348728 386.68704114479476
699.2145668556229 393.1915783498764
690.2321107152721 414.87336903348205
678.4619957727434 417.0415481018426
681.2496545749212 427.88244344364534
670.0990193662099 409.2980514291263
651.204887484782 415.49284876729934
627.354917732816 401.8642946233187
599.1685898441286 403.41299395786194
551.1589104732878 419.82920690402045
544.6543732682062 401.24481488950136
655.8509854884119 435.93567998327035
672.8866781683877 463.81226800504885
727.7106346112189 432.83828131418375
724.3034960752237 412.0857102313041
740.4099691544735 409.91753116294365
747.8437259602812 403.41299395786194
755.8969624999061 419.2097271702031
780.3664119856895 419.82920690402045
727.0911548774016 469.3875856094046
417.97076770256825 635.0984144055328
455.1395517316064 620.2309007939176
473.7239437461254 568.1946031532642
448.9447543934334 527.3089407213222
416.7318082349336 517.3972649802454
408.05909196149145 487.66223775701496
477.44082214902926 467.8388862748613
489.83041682537527 513.6803865773417
514.6096061780675 500.05183243336097
536.9108765954903 483.9453593541112
546.822552336567 459.16617000141906
605.0536473153934 498.8128729657264
560.4511064805478 509.96350817443783
572.8407011568937 529.7868596565914
538.1498360631249 547.132292203476
505.9368899046252 590.4958735706871
544.3446334012978 612.7971439881101
526.9992008544135 661.1165632258595
610.0094851859318 600.4075493117639
640.983471876797 559.521886879822
647.1782692149701 528.5479001889569
657.0899449560469 485.18431882174576
717.7989588701425 533.5037380594953
741.3391887551999 642.5321712113405
732.6664724817578 576.8673194267064
757.4456618344498 568.1946031532642
807.0040405398339 570.6725220885335
809.481959475103 535.9816569947645
784.702770122411 533.5037380594953
893.7312032742562 594.2127519735909
886.2974464684487 563.2387652827258
872.668892324468 464.12200787195746
1012.671312167178 568.1946031532642
994.0869201526591 535.9816569947645
974.2635686705055 513.6803865773417
1011.4323526995436 509.96350817443783
999.0427580231975 492.61807562755337
1002.7596364261012 465.3609673395921
979.2194065410439 456.68825106614986
981.6973254763132 438.10385905163076
956.918136123621 418.28050756947715
944.5285414472751 400.9350750225926
934.616865706198 387.30652087861205
904.8818384829675 374.916926202266
901.1649600800639 388.54548034624673
904.8818384829675 426.9532238429194
937.0947846414672 424.4753049076502
945.7675009149095 449.25449426034226
922.227271029852 457.9272105337845
963.112933461794 470.3168052101305
871.4299328568334 421.997385972381
863.9961760510258 379.87276407280444
835.5001082954299 397.21819661968885
830.5442704248915 440.58177798689997
799.5702837340262 418.28050756947715
797.0923647987571 369.9610883317275
531.9550387249517 294.3845608060167
547.1322922034757 295.00404053983397
566.336163951812 301.198837878007
41.32708954164908 636.3373738731673
22.742697527129987 590.495873570687
79.57996310486733 572.2212214230766
157.63440956584736 597.0004107757687
905.9778410889522 525.6008847119957
9.849968961080062 358.8556299667409
24.171647282758393 354.7637218748329
