35.356963036963045 501.3444155844156
48.655664335664355 465.5402197802198
60.4199000999001 497.25250749250745
19.50081918081918 469.12063936063936
6.713606393606406 460.4253346653347
34.84547452547453 440.47728271728266
58.88543456543457 398.5352247752248
73.71860139860141 431.2704895104895
89.57474525474527 474.23552447552447
65.02329670329672 474.747012987013
133.0512687312688 456.84491508491504
107.98833166833168 457.35640359640354
121.287032967033 475.76999000999
141.74657342657346 505.4363236763237
169.36695304695306 502.3673926073926
172.9473726273727 450.19556443556445
192.38393606393612 469.6321278721279
234.07024975024981 524.8728871128872
246.3459740259741 481.90785214785217
270.8974225774227 455.3104495504496
244.30001998002004 420.52923076923076
304.65566433566437 539.1945654345654
323.06925074925084 509.5282317682318
379.33298701298713 533.0567032967034
452.9873326673328 645.5841758241759
488.7915284715286 562.723036963037
410.0222977022978 511.57418581418585
418.20611388611405 469.6321278721279
326.13818181818186 435.8738861138862
347.62069930069936 484.9767832167833
455.0332867132868 537.1486113886115
468.33198801198813 485.9997602397603
437.6426773226775 479.86189810189813
436.61970029970036 452.24151848151854
423.32099900099917 438.94281718281724
400.81550449550457 444.05770229770235
413.09122877122894 413.3683916083917
431.50481518481524 407.2305294705295
456.0562637362638 417.46029970029974
460.14817182817194 450.19556443556445
493.9064135864137 464.5172427572428
476.51580419580426 418.4832767232768
527.6646553446554 538.1715884115885
569.6067132867134 551.4702897102898
556.3080119880123 599.5502097902098
488.7915284715286 529.9877722277723
508.22809190809204 509.5282317682318
482.6536663336665 510.55120879120886
557.3309890109892 476.79296703296706
520.5038161838163 467.5861738261738
519.4808391608392 434.8509090909091
547.101218781219 437.9198401598402
566.5377822177824 445.08067932067934
602.3419780219782 471.67808191808194
580.8594605394608 489.06869130869137
620.7555644355646 573.9757842157843
662.6976223776225 563.746013986014
685.2031168831171 517.712047952048
762.9493706293707 578.0676923076924
687.2490709290711 659.9058541458543
717.9383816183816 647.63012987013
811.0292907092908 656.8369230769231
788.5237962037963 606.7110489510491
860.1321878121879 637.4003596403597
877.5227972027974 591.3663936063937
816.1441758241759 576.0217382617383
799.7765434565435 548.4013586413587
711.8005194805196 555.5621978021978
601.8304895104897 552.4932667332668
615.6406793206795 534.5911688311689
600.2960239760241 527.4303296703297
609.5028171828174 503.9018581418582
645.3070129870132 481.3963636363637
666.7895304695307 452.75300699300703
623.3130069930072 461.4483116883117
602.3419780219782 453.2644955044956
585.4628571428574 439.45430569430573
541.4748451548453 411.3224375624376
556.3080119880121 423.5981618381619
560.3999200799203 406.719040959041
492.3719480519482 414.90285714285716
503.6246953046955 383.19056943056944
497.9983216783218 383.19056943056944
472.93538461538475 366.31144855144856
446.33798201798214 371.9378221778222
452.4758441558443 355.57018981018985
466.79752247752265 357.1046553446553
478.05026973026986 350.9667932067932
483.165154845155 344.3174425574426
551.7046153846155 384.2135464535464
535.8484715284717 376.0297302697303
525.1072127872129 379.0986613386613
525.6187012987015 355.05870129870135
503.1132067932069 371.9378221778222
490.83748251748267 360.68507492507496
494.9293906093908 351.9897702297702
509.7625574425576 344.8289310689311
527.6646553446554 343.8059540459541
508.22809190809204 357.1046553446553
472.42389610389625 477.81594405594416
354.7815384615386 396.4892707292708
304.6556643356645 424.1096503496504
397.23508491508505 426.667092907093
409.51080919080937 430.2475124875126
414.11420579420593 394.44331668331677
429.9703496503498 391.3743856143857
481.6306893106895 379.6101498501499
693.131188811189 493.6720879120879
698.7575624375625 477.81594405594404
688.5277922077922 460.9368231768232
696.2001198801199 438.94281718281724
678.8095104895104 435.8738861138861
685.4588611388612 419.5062537462538
680.343976023976 410.2994605394606
652.212107892108 413.8798801198801
638.9134065934066 440.4772827172827
620.4998201798203 430.759000999001
632.2640559440559 406.719040959041
602.5977222777223 406.719040959041
582.6496703296704 389.83992007992015
556.5637562437563 360.6850749250749
541.7305894105895 357.1046553446553
543.265054945055 349.4323276723277
549.9144055944056 341.76
568.8394805194806 338.69106893106897
560.6556643356644 350.4553046953047
571.9084115884116 351.9897702297702
578.5577622377622 352.5012587412587
577.5347852147852 361.70805194805195
593.3909290709291 368.8688911088911
590.321998001998 353.0127472527472
583.6726473526475 348.9208391608392
589.8105094905095 344.3174425574426
597.9943256743256 341.2485114885115
602.0862337662338 347.8978621378621
607.7126073926074 350.4553046953047
611.8045154845155 364.776983016983
613.338981018981 354.5472127872128
622.5457742257743 356.59316683316683
618.4538661338662 349.9438161838162
616.9194005994007 392.9088511488511
641.4708491508492 379.6101498501499
661.9303896103897 401.60415584415585
654.2580619380619 377.0527072927073
636.3559640359641 343.2944655344656
628.1721478521479 351.9897702297702
649.6546653346653 339.71404595404596
654.2580619380619 359.1506093906094
648.6316883116883 349.4323276723277
656.8155044955046 348.9208391608392
656.304015984016 341.2485114885115
669.6027172827173 348.9208391608392
665.5108091908093 341.2485114885115
675.2290909090909 379.0986613386613
673.183136863137 394.95480519480526
688.0163036963038 388.81694305694305
707.9643556443557 393.93182817182816
691.0852347652348 375.00675324675325
696.7116083916085 381.1446153846154
699.269050949051 365.2884715284716
686.4818381618383 367.33442557442555
679.8324875124875 357.6161438561438
686.9933266733267 346.8748851148851
677.275044955045 345.34041958041956
707.4528671328671 364.776983016983
712.0562637362638 359.6620979020979
704.3839360639362 350.9667932067932
711.0332867132867 347.3863736263736
720.24007992008 351.4782817182817
719.7285914085915 384.2135464535464
716.1481718281718 428.20155844155846
712.0562637362638 413.3683916083916
730.9813386613387 411.83392607392614
734.5617582417582 390.35140859140853
745.3030169830171 400.0696903096904
751.4408791208791 415.9258341658342
732.5158041958042 446.1036563436563
722.286033966034 440.9887712287712
758.6017182817183 440.9887712287712
755.0212987012986 469.6321278721279
727.4009190809192 475.2585014985015
719.2171028971029 484.46529470529475
732.0043156843158 523.8499100899102
746.3259940059941 503.39036963036966
782.1301898101898 509.01674325674327
818.9573626373627 517.2005594405595
817.4228971028971 496.22953046953046
785.7106093906093 473.72403596403603
784.6876323676324 447.6381218781219
794.9174025974027 445.08067932067934
786.2220979020981 428.71304695304696
772.4119080919081 422.06369630369636
759.1132067932069 399.04671328671327
745.3030169830171 369.38037962037964
728.9353846153847 371.4263336663337
761.1591608391609 363.75400599400604
770.8774425574426 363.75400599400604
766.2740459540461 350.9667932067932
737.1192007992009 353.5242357642358
742.7455744255744 344.82893106893107
783.1531668331669 385.748011988012
775.4808391608391 412.3454145854146
799.5207992007993 406.719040959041
796.9633566433567 389.83992007992015
788.7795404595405 372.44931068931066
788.7795404595405 359.6620979020979
778.5497702297703 347.8978621378621
806.6816383616385 356.59316683316683
794.9174025974027 346.8748851148851
812.8195004995005 450.19556443556445
810.262057942058 426.66709290709287
830.7215984015985 422.57518481518485
835.8364835164836 432.8049550449551
849.6466733266734 489.58017982017986
863.4568631368631 527.4303296703297
883.9164035964036 479.35040959040964
878.29002997003 458.89086913086913
847.6007192807193 459.9138461538462
876.7555644355645 442.0117482517482
859.3649550449552 431.2704895104896
851.181138861139 419.5062537462538
829.6986213786213 409.27648351648355
814.353966033966 400.0696903096904
817.9343856143857 370.9148451548451
781.1072127872129 325.90385614385616
770.8774425574426 326.92683316683315
763.7166033966034 329.48427572427573
791.8484715284716 338.1795804195805
795.4288911088911 321.81194805194804
789.8025174825176 330.5072527472527
788.7795404595405 319.2545054945055
790.314005994006 314.1396203796204
795.4288911088911 314.6511088911089
802.5897302697302 312.60515484515486
809.239080919081 305.44431568431565
821.5148051948053 306.4672927072927
831.2330869130869 296.2375224775224
811.7965234765236 347.8978621378621
819.4688511488512 340.737022977023
852.7156043956045 403.1386213786214
832.256063936064 372.9607992007992
830.7215984015985 386.770989010989
851.181138861139 368.35740259740254
877.7785414585416 379.6101498501499
860.8994205794207 391.8858741258741
871.6406793206794 407.742017982018
883.9164035964036 409.787972027972
883.4049150849152 423.08667332667335
886.9853346653347 394.95480519480526
890.5657542457542 377.0527072927073
886.9853346653347 353.5242357642358
875.2210989010989 355.5701898101898
868.5717482517482 351.9897702297702
857.3190009990012 352.5012587412587
845.0432767232768 289.5881718281718
852.7156043956045 281.9158441558441
855.7845354645356 288.0537062937063
859.8764435564435 292.1456143856144
884.4278921078923 267.59416583416584
877.267052947053 274.755004995005
893.6346853146854 272.1975624375624
904.3759440559442 252.24951048951047
897.2151048951049 252.24951048951047
912.5597602397602 265.03672327672325
917.6746453546453 250.71504495504496
925.8584615384616 249.1805794205794
947.8524675324676 242.5312287712288
926.3699500499501 388.81694305694305
907.9563636363637 393.42033966033966
923.3010189810191 411.3224375624376
928.4159040959042 432.2934665334666
916.6516683316685 445.59216783216783
933.0193006993006 475.2585014985015
908.4678521478522 516.689070929071
931.4848351648352 506.45930069930074
928.4159040959042 549.9358241758242
965.2430769230768 661.8346453546453
922.7895304695304 629.0993806193807
979.5647552447554 574.8815984015984
1009.7425774225776 617.3351448551449
1017.4149050949052 522.7097702297702
972.9154045954047 538.5659140859141
962.1741458541459 449.5669130869131
966.2660539460541 425.526953046953
986.2141058941061 433.19928071928064
1000.5357842157842 457.7507292707292
1014.8574625374628 412.73974025974024
1018.9493706293707 469.514965034965
1014.345974025974 488.44003996003994
983.1451748251749 412.22825174825175
956.5477722277723 408.6478321678321
939.6686513486513 410.69378621378615
951.9443756243757 393.81466533466534
959.6167032967033 380.515964035964
959.6167032967033 361.07940059940057
949.8984215784216 359.0334465534465
937.6226973026974 369.26321678321676
917.1631568431569 364.6598201798201
897.2151048951049 358.521958041958
900.284035964036 346.7577222777222
927.9044155844156 349.82665334665336
993.8864335664335 363.1253546453546
983.6566633366633 367.7287512487512
1006.6736463536465 366.1942857142857
984.168151848152 392.2801998001998
1009.2310889110889 394.8376423576423
1005.3949250749251 310.04771228771233
1005.3949250749251 286.5192407592408
992.096223776224 322.32343656343664
1017.6706493506495 379.6101498501499
968.7650959860385 239.2684118673648
