907.2657342657342 518.2657342657343
876.111888111888 529.5944055944057
863.8391608391607 489.94405594405595
837.4055944055942 516.3776223776224
806.2517482517483 554.1398601398603
770.3776223776223 531.4825174825176
750.5524475524475 489.94405594405595
759.048951048951 455.0139860139861
748.6643356643356 371.937062937063
808.13986013986 397.4265734265735
894.048951048951 373.8251748251749
937.4755244755245 373.8251748251749
871.3916083916083 407.8111888111888
907.2657342657342 435.18881118881126
641.986013986014 412.5314685314686
689.1888111888111 425.7482517482518
712.7902097902097 336.0629370629371
631.6013986013985 331.3426573426574
591.006993006993 319.06993006993014
583.4545454545454 304.90909090909093
560.7972027972028 311.51748251748256
598.5594405594405 384.20979020979024
600.4475524475524 420.08391608391617
591.006993006993 445.5734265734266
612.7202797202797 458.7902097902099
538.13986013986 465.39860139860144
527.7552447552447 413.47552447552454
523.9790209790209 394.59440559440566
514.5384615384615 351.1678321678322
505.0979020979021 289.80419580419584
510.76223776223776 267.1468531468532
483.38461538461536 256.7622377622378
459.78321678321674 244.4895104895105
446.5664335664335 261.48251748251755
420.1328671328671 274.69930069930075
478.6643356643357 337.951048951049
470.1678321678321 351.1678321678322
459.78321678321674 391.7622377622378
470.1678321678321 378.5454545454546
428.62937062937056 404.979020979021
469.2237762237762 431.41258741258747
499.4335664335664 489.0
403.13986013986016 491.8321678321679
339.8881118881119 427.6363636363637
356.8811188811188 388.93006993007
368.2097902097902 362.49650349650364
346.49650349650346 347.39160839160843
373.87412587412587 306.79720279720283
362.5454545454545 334.17482517482523
332.3356643356643 309.62937062937067
315.3426573426573 309.62937062937067
282.3006993006993 322.84615384615387
281.3566433566433 370.99300699300704
255.86713286713288 358.7202797202798
230.37762237762234 331.3426573426574
213.38461538461536 342.67132867132875
227.54545454545456 385.1538461538462
235.09790209790208 426.69230769230774
261.53146853146853 501.27272727272737
304.013986013986 490.88811188811195
222.82517482517483 513.5454545454546
183.17482517482517 472.00699300699307
147.3006993006993 490.88811188811195
102.93006993006992 490.88811188811195
60.447552447552475 477.67132867132875
343.6643356643357 562.6363636363637
484.32867132867125 569.2447552447553
508.8741258741259 552.2517482517484
561.7412587412587 542.8111888111889
605.1678321678321 552.2517482517484
662.7552447552447 569.2447552447553
698.6293706293706 556.9720279720281
927.090909090909 326.6223776223776
857.230769230769 329.4545454545455
870.4475524475524 298.30069930069936
929.9230769230769 273.7552447552448
939.3636363636363 263.3706293706294
927.090909090909 251.09790209790214
907.2657342657342 239.76923076923083
883.6643356643356 250.1538461538462
846.8461538461538 268.0909090909091
822.3006993006993 280.36363636363643
768.4895104895104 283.1958041958042
791.1468531468531 274.69930069930075
791.1468531468531 252.986013986014
768.4895104895104 234.10489510489515
748.6643356643356 273.7552447552448
718.4545454545454 266.2027972027972
705.2377622377621 286.02797202797206
675.972027972028 291.69230769230774
690.1328671328671 266.2027972027972
661.8111888111888 271.8671328671329
379.53846153846155 319.06993006993014
379.53846153846155 313.40559440559446
379.53846153846155 316.2377622377623
379.53846153846155 316.2377622377623
379.53846153846155 316.2377622377623
391.8111888111888 390.81818181818187
619.3286713286712 242.6013986013986
594.7832167832167 236.937062937063
162.4055944055944 420.08391608391617
170.90209790209792 392.70629370629376
142.58041958041957 388.93006993007
113.31468531468533 365.3286713286714
91.60139860139861 357.77622377622384
84.99300699300699 373.8251748251749
52.89510489510491 375.7132867132868
10.412587412587442 387.98601398601403
10.412587412587442 440.85314685314694
71.77622377622379 432.3566433566434
93.48951048951051 427.6363636363637
88.76923076923077 414.4195804195805
872.3356643356642 150.08391608391614
880.8321678321677 144.41958041958048
894.9930069930069 138.7552447552448
911.9860139860139 106.65734265734267
608.9440559440559 266.2027972027972
703.3496503496503 230.32867132867136
688.2447552447552 231.27272727272734
521.1468531468531 229.38461538461542
715.6223776223776 151.972027972028
739.2237762237762 169.90909090909096
183.17482517482517 311.51748251748256
162.4055944055944 298.30069930069936
131.25174825174827 294.5244755244756
81.21678321678326 305.8531468531469
57.61538461538464 314.3496503496504
31.181818181818187 339.8391608391609
20.79720279720283 303.02097902097904
2.860139860139867 320.0139860139861
32.125874125874134 268.0909090909091
19.85314685314688 261.48251748251755
50.06293706293707 256.7622377622378
84.04895104895104 263.3706293706294
96.32167832167835 244.4895104895105
91.60139860139861 231.27272727272734
117.09090909090912 233.1608391608392
822.3006993006993 254.87412587412592
825.132867132867 237.88111888111894
821.3566433566432 216.16783216783222
861.0069930069928 216.16783216783222
865.7272727272727 197.28671328671328
880.8321678321677 223.7202797202798
906.3216783216783 211.4475524475525
730.7272727272726 244.4895104895105
747.7202797202797 210.50349650349654
709.0139860139859 193.51048951048955
679.7482517482517 171.79720279720283
669.3636363636363 187.84615384615387
650.4825174825174 177.46153846153845
647.6503496503497 203.89510489510496
631.6013986013985 217.11188811188816
610.8321678321678 207.6713286713287
615.5524475524475 196.3426573426574
596.6713286713286 206.72727272727275
581.5664335664335 226.55244755244757
563.6293706293706 239.76923076923083
560.7972027972028 250.1538461538462
541.9160839160838 233.1608391608392
541.9160839160838 256.7622377622378
552.3006993006993 222.7762237762238
569.2937062937062 206.72727272727275
539.083916083916 216.16783216783222
212.4405594405594 304.90909090909093
207.72027972027973 286.02797202797206
219.04895104895104 283.1958041958042
236.04195804195803 286.972027972028
248.3146853146853 256.7622377622378
270.97202797202794 244.4895104895105
282.3006993006993 265.2587412587413
279.4685314685314 289.80419580419584
312.5104895104895 286.02797202797206
304.9580419580419 271.8671328671329
326.67132867132864 265.2587412587413
351.21678321678314 280.36363636363643
144.46853146853147 267.1468531468532
124.64335664335664 263.3706293706294
123.6993006993007 256.7622377622378
131.25174825174827 249.20979020979024
91.60139860139861 283.1958041958042
32.125874125874134 214.27972027972032
9.468531468531495 227.49650349650352
53.839160839160854 213.33566433566438
47.230769230769226 206.72727272727275
84.99300699300699 192.5664335664336
113.31468531468533 187.84615384615387
71.54020979020981 221.59615384615384
107.41433566433568 219.23601398601397
102.69405594405598 211.68356643356643
86.17307692307693 221.59615384615384
140.4562937062937 203.18706293706293
159.8094405594406 213.57167832167832
142.8164335664336 220.6520979020979
154.1451048951049 238.11713286713285
157.9213286713287 256.5262237762238
180.10664335664336 260.7744755244755
206.06818181818187 242.3653846153846
215.50874125874128 234.81293706293707
236.75 224.90034965034965
203.70804195804197 223.01223776223776
197.0996503496504 206.49125874125872
178.21853146853147 207.43531468531467
165.47377622377627 192.80244755244755
156.0332167832168 186.6660839160839
161.69755244755248 176.75349650349648
150.36888111888112 169.20104895104893
134.31993006993008 173.92132867132864
131.0157342657343 192.80244755244755
121.10314685314688 181.9458041958042
119.21503496503499 148.90384615384613
105.05419580419584 132.3828671328671
98.91783216783219 116.33391608391605
89.47727272727275 128.60664335664333
72.95629370629374 127.66258741258738
50.77097902097904 119.63811188811187
49.826923076923094 137.5751748251748
69.65209790209792 138.51923076923075
34.722027972028 156.4562937062937
42.27447552447555 173.92132867132864
15.36888111888115 183.83391608391608
129.1276223776224 110.6695804195804
190.96328671328672 123.41433566433562
199.45979020979024 101.22902097902096
193.32342657342662 107.36538461538458
176.33041958041963 105.94930069930066
165.47377622377627 95.56468531468528
155.56118881118886 98.86888111888109
142.3444055944056 107.36538461538458
181.99475524475525 81.40384615384613
188.13111888111888 93.67657342657338
194.26748251748256 79.04370629370624
205.12412587412592 136.63111888111888
222.1171328671329 138.51923076923075
217.86888111888112 150.79195804195803
200.4038461538462 147.4877622377622
184.8269230769231 139.4632867132867
216.45279720279723 179.11363636363635
216.92482517482517 166.84090909090907
228.25349650349654 161.6486013986014
244.30244755244755 140.8793706293706
264.1276223776224 133.79895104895104
248.5506993006993 121.05419580419579
236.27797202797206 132.8548951048951
256.5751748251748 110.19755244755243
292.9213286713287 113.97377622377621
305.66608391608395 109.25349650349648
325.9632867132867 116.33391608391605
329.26748251748256 140.8793706293706
316.99475524475525 130.9667832167832
313.21853146853147 156.92832167832165
306.6101398601399 176.75349650349648
308.97027972027973 192.80244755244755
292.9213286713287 197.05069930069928
237.69405594405598 183.3618881118881
247.60664335664336 173.4493006993007
229.66958041958043 199.88286713286712
245.71853146853147 201.770979020979
252.32692307692307 211.68356643356643
222.58916083916085 220.6520979020979
275.9283216783217 225.84440559440557
292.9213286713287 229.6206293706294
320.2989510489511 242.3653846153846
342.9562937062937 239.0611888111888
376.47027972027973 242.3653846153846
365.6136363636364 258.8863636363636
391.5751748251748 248.9737762237762
394.40734265734267 273.5192307692308
424.14510489510496 232.4527972027972
436.4178321678322 240.00524475524475
440.66608391608395 221.59615384615384
277.8164335664336 96.9807692307692
269.7919580419581 90.3723776223776
240.05419580419584 80.45979020979019
216.45279720279723 94.62062937062933
206.54020979020981 87.06818181818181
114.96678321678326 115.86188811188808
21.0332167832168 141.82342657342656
23.86538461538464 131.91083916083915
9.704545454545482 140.40734265734264
7.344405594405615 150.31993006993005
19.145104895104907 161.6486013986014
24.337412587412615 155.04020979020976
271.208041958042 125.30244755244752
354.28496503496507 113.97377622377621
343.90034965034965 107.83741258741256
360.4213286713287 102.64510489510488
411.40034965034965 109.25349650349648
441.1381118881119 105.94930069930066
455.29895104895104 105.47727272727269
446.8024475524476 116.80594405594402
460.01923076923083 141.82342657342656
447.2744755244755 142.7674825174825
432.1695804195805 138.99125874125872
409.9842657342657 133.79895104895104
409.0402097902098 153.15209790209786
394.87937062937067 148.90384615384613
384.0227272727273 141.82342657342656
369.38986013986016 137.5751748251748
376.94230769230774 130.02272727272725
367.97377622377627 118.69405594405592
373.16608391608395 107.36538461538458
426.5052447552448 199.41083916083915
408.0961538461539 186.6660839160839
423.6730769230769 178.64160839160837
387.7989510489511 198.4667832167832
394.40734265734267 185.24999999999997
383.5506993006993 171.5611888111888
372.69405594405595 170.14510489510488
359.94930069930075 161.6486013986014
348.14860139860144 146.0716783216783
342.0122377622378 169.20104895104893
329.26748251748256 176.75349650349648
329.26748251748256 167.31293706293704
331.15559440559446 156.4562937062937
332.57167832167835 191.8583916083916
338.708041958042 203.6590909090909
338.23601398601403 216.8758741258741
320.2989510489511 209.3234265734266
308.97027972027973 222.5402097902098
360.4213286713287 226.78846153846152
377.4143356643357 221.59615384615384
370.8059440559441 211.68356643356643
358.06118881118886 209.3234265734266
400.54370629370635 221.59615384615384
412.34440559440566 203.18706293706293
437.3618881118881 176.75349650349648
447.2744755244755 166.84090909090907
460.01923076923083 214.0437062937063
465.6835664335665 199.41083916083915
454.8269230769231 190.91433566433565
316.5227272727273 73.85139860139856
334.45979020979024 77.1555944055944
357.58916083916085 77.62762237762234
378.3583916083916 82.34790209790208
257.04720279720283 79.04370629370624
272.1520979020979 74.7954545454545
217.39685314685318 72.43531468531467
207.48426573426576 70.54720279720277
405.263986013986 88.95629370629365
391.1031468531469 95.56468531468528
387.7989510489511 111.14160839160837
460.4912587412588 87.06818181818181
432.64160839160843 84.70804195804192
439.72202797202794 83.76398601398597
436.4178321678322 73.85139860139856
420.3688811188812 72.90734265734261
421.31293706293707 84.70804195804192
151.31293706293707 121.99825174825173
155.56118881118886 142.7674825174825
222.1171328671329 120.11013986013984
214.56468531468533 109.25349650349648
204.65209790209792 123.88636363636363
499.4335664335664 167.0769230769231
239.34615384615392 62.07517482517477
256.81118881118886 65.37937062937058
291.26923076923083 55.46678321678317
304.95804195804203 55.938811188811144
305.43006993007 70.09965034965029
298.8216783216784 63.01923076923072
286.5489510489511 71.98776223776218
283.71678321678326 85.67657342657338
325.7272727272728 56.88286713286709
323.3671328671329 47.44230769230765
329.97552447552454 42.72202797202792
339.88811188811195 50.746503496503465
342.7202797202798 62.07517482517477
344.1363636363637 44.61013986013981
354.5209790209791 47.44230769230765
366.79370629370635 40.36188811188805
383.3146853146854 55.46678321678317
374.3461538461539 51.21853146853141
387.5629370629371 45.55419580419576
396.0594405594406 42.72202797202792
408.80419580419584 40.36188811188805
407.8601398601399 30.921328671328638
397.9475524475525 30.449300699300636
407.8601398601399 67.73951048951045
389.451048951049 67.26748251748248
426.26923076923083 59.24300699300693
430.51748251748256 50.27447552447546
438.06993006993014 40.36188811188805
423.909090909091 32.8094405594405
430.0454545454546 24.784965034965012
438.5419580419581 12.512237762237703
450.8146853146854 4.015734265734238
472.52797202797206 78.59615384615383
498.01748251748256 105.50174825174821
489.99300699300704 96.53321678321674
485.27272727272737 88.50874125874122
489.99300699300704 78.59615384615383
498.4895104895105 78.59615384615383
478.19230769230774 106.91783216783213
506.513986013986 210.763986013986
499.4335664335665 197.54720279720277
510.2902097902098 188.10664335664333
519.2587412587413 161.6730769230769
532.9475524475525 156.4807692307692
540.027972027972 174.8898601398601
541.444055944056 196.60314685314682
479.6083916083917 227.28496503496504
307.0821678321678 127.81730769230774
578.7342657342656 166.1328671328672
597.6153846153845 161.4125874125874
504.1538461538461 246.3776223776224
583.4545454545453 145.36363636363637
603.2797202797201 126.48251748251755
653.3146853146851 140.6433566433567
650.4825174825173 127.42657342657344
700.5174825174823 141.5874125874126
688.2447552447551 130.25874125874128
698.6293706293704 117.04195804195808
793.9790209790208 200.11888111888118
791.1468531468529 224.66433566433568
777.9300699300697 189.73426573426576
770.3776223776222 176.51748251748256
756.216783216783 180.29370629370635
830.7972027972025 160.46853146853152
818.5244755244753 170.85314685314685
799.6433566433564 163.3006993006993
797.7552447552446 150.08391608391614
810.0279720279718 140.6433566433567
552.3006993006992 151.972027972028
489.9930069930069 143.47552447552448
503.20979020979007 154.80419580419584
482.44055944055935 163.3006993006993
466.3916083916083 177.46153846153845
558.9090909090908 118.93006993006998
574.9580419580418 119.87412587412587
558.9090909090908 184.06993006993014
275.6923076923076 153.8601398601399
302.12587412587413 154.56818181818184
282.30069930069925 133.3269230769231
338.47202797202794 123.41433566433568
452.7027972027972 60.16258741258741
471.1118881118881 68.18706293706293
508.4020979020978 88.9562937062937
520.6748251748252 84.23601398601397
540.0279720279719 85.18006993006992
517.3706293706293 71.01923076923077
481.49650349650346 66.77097902097901
514.0664335664335 138.99125874125875
439.9580419580419 29.480769230769226
304.01398601398597 97.45279720279721
311.5664335664335 103.58916083916085
532.4755244755245 144.18356643356645
531.5314685314685 130.49475524475525
516.8986013986014 106.89335664335664
506.986013986014 105.00524475524475
494.7132867132866 126.7185314685315
475.8321678321678 116.80594405594405
774.1538461538461 140.6433566433567
759.9930069930069 131.20279720279723
740.1678321678321 121.76223776223776
806.2517482517483 123.65034965034965
785.4825174825174 117.04195804195808
844.0139860139859 105.71328671328672
871.3916083916083 110.43356643356645
876.111888111888 121.76223776223776
863.8391608391607 92.49650349650352
850.6223776223776 90.60839160839163
844.9580419580418 82.1118881118881
830.7972027972028 92.49650349650352
863.8391608391607 71.72727272727275
882.7202797202797 77.39160839160843
876.111888111888 68.89510489510491
894.9930069930069 84.0
919.5384615384614 167.0769230769231
925.2027972027972 146.3076923076924
922.3706293706293 134.97902097902102
932.7552447552446 117.04195804195808
939.3636363636363 97.21678321678326
911.9860139860139 68.89510489510491
922.3706293706293 50.95804195804204
933.6993006993007 64.17482517482517
912.9300699300697 57.5664335664336
901.6013986013986 53.790209790209815
888.3846153846152 57.5664335664336
891.2167832167831 49.069930069930024
854.3986013986014 57.5664335664336
872.3356643356642 57.5664335664336
851.5664335664335 47.181818181818244
812.8601398601397 70.7832167832168
784.5384615384614 78.33566433566438
786.4265734265733 95.32867132867136
776.041958041958 91.55244755244757
755.2727272727273 110.43356643356645
744.8881118881118 84.0
683.5244755244755 114.20979020979024
675.972027972028 107.60139860139861
629.2412587412587 169.22552447552445
641.5139860139859 151.76048951048946
617.9125874125873 141.84790209790205
626.8811188811188 133.35139860139856
621.2167832167831 111.63811188811182
613.1923076923076 105.02972027972024
602.3356643356642 103.61363636363632
604.2237762237762 111.63811188811182
585.3426573426573 98.89335664335658
574.4860139860139 105.97377622377618
559.8531468531468 105.50174825174821
548.0524475524476 99.36538461538457
552.3006993006993 91.81293706293701
562.2132867132866 85.20454545454541
566.4615384615383 79.54020979020976
634.9055944055943 126.74300699300696
647.1783216783216 111.63811188811182
692.020979020979 105.50174825174821
703.8216783216783 102.19755244755243
716.5664335664335 100.30944055944053
727.4230769230769 109.27797202797201
648.5944055944055 91.81293706293701
835.9895104895104 127.6870629370629
750.5524475524476 63.49125874125872
731.6713286713286 78.59615384615383
698.6293706293706 82.3723776223776
690.1328671328671 75.291958041958
668.4195804195804 82.84440559440554
677.3881118881118 95.5891608391608
642.4580419580419 76.70804195804192
655.6748251748252 79.54020979020976
632.0734265734266 65.37937062937058
643.8741258741259 67.73951048951045
616.4965034965035 67.73951048951045
617.4405594405594 59.24300699300693
607.5279720279719 52.63461538461533
599.5034965034964 48.85839160839157
718.4545454545454 49.330419580419544
734.5034965034964 55.938811188811144
740.1678321678321 67.73951048951045
803.4195804195804 47.44230769230765
817.1083916083916 48.85839160839157
829.8531468531468 39.41783216783213
835.9895104895104 34.22552447552442
846.8461538461538 30.449300699300636
849.2062937062936 18.176573426573384
824.1888111888111 60.65909090909087
793.9790209790209 29.03321678321674
805.3076923076923 32.33741258741253
785.4825174825174 26.201048951048904
770.8496503496503 25.729020979020902
734.0314685314685 31.393356643356583
711.3741258741259 30.921328671328638
701.9335664335664 40.36188811188805
594.3111888111887 62.07517482517477
604.2237762237762 84.26048951048946
617.9125874125873 80.95629370629364
584.8706293706293 75.291958041958
557.020979020979 48.85839160839157
632.5454545454545 12.984265734265705
631.6013986013986 19.12062937062933
526.8111888111887 56.88286713286709
518.3146853146852 46.97027972027968
505.0979020979021 54.522727272727224
684.4685314685314 55.938811188811144
676.9160839160838 48.85839160839157
661.3391608391607 45.55419580419576
651.4265734265734 47.914335664335624
641.041958041958 34.22552447552442
607.5279720279719 36.11363636363632
619.8006993006993 38.94580419580416
597.1433566433566 43.66608391608386
591.4790209790209 22.424825174825116
842.125874125874 189.99475524475523
846.3741258741259 176.777972027972
835.5174825174824 60.65909090909087
767.5454545454545 35.641608391608344
759.048951048951 29.50524475524469
738.2797202797202 20.53671328671322
726.951048951049 19.12062937062933
719.3986013986014 24.31293706293701
832.6853146853147 13.928321678321652
543.8041958041957 59.71503496503493
527.7552447552447 38.00174825174821
545.6923076923076 33.75349650349645
562.2132867132866 41.305944055943996
667.7115384615383 161.55506993006992
663.4632867132866 150.93444055944053
662.9912587412587 131.81730769230768
620.5087412587411 97.12325174825175
720.8146853146852 125.20891608391608
574.9580419580418 94.99912587412587
489.99300699300693 51.21853146853141
480.5524475524475 40.83391608391605
481.02447552447546 34.22552447552442
481.49650349650346 25.729020979020902
474.4160839160839 21.008741258741225
461.67132867132864 34.6975524475524
469.22377622377616 35.641608391608344
456.9510489510489 29.50524475524469
456.9510489510489 23.840909090909065
465.4475524475524 24.784965034965012
502.7377622377622 38.94580419580416
508.40209790209786 33.75349650349645
512.6503496503497 25.729020979020902
521.1468531468531 29.03321678321674
538.13986013986 23.840909090909065
497.5454545454545 38.94580419580416
494.2412587412587 34.6975524475524
490.9370629370629 27.14510489510485
485.7447552447552 7.791958041957969
564.5734265734266 56.88286713286709
502.7377622377622 19.592657342657276
525.3951048951049 10.62412587412581
564.1013986013986 24.784965034965012
550.4125874125873 27.14510489510485
567.4055944055943 12.984265734265705
551.3566433566433 12.984265734265705
540.972027972028 12.984265734265705
534.3636363636363 19.12062937062933
468.2797202797202 16.28846153846149
607.527972027972 20.53671328671322
607.527972027972 12.512237762237703
607.527972027972 4.487762237762183
599.0314685314685 4.487762237762183
589.1188811188811 7.319930069930024
582.9825174825174 11.568181818181756
566.4615384615383 4.959790209790185
515.0104895104894 122.02272727272722
584.8706293706293 115.41433566433562
663.6993006993007 92.28496503496501
681.1643356643356 68.6835664335664
698.1573426573426 67.73951048951045
699.1013986013985 55.46678321678317
709.486013986014 60.65909090909087
687.7727272727273 62.54720279720277
663.6993006993007 57.354895104895064
608.472027972028 64.43531468531464
469.22377622377616 2.5996503496502896
460.2552447552447 6.375874125874077
498.01748251748245 4.487762237762183
364.90559440559434 65.37937062937058
350.27272727272725 64.43531468531464
558.9090909090909 170.85314685314685
675.972027972028 152.91608391608395
404.08391608391605 351.1678321678322
415.4125874125874 329.4545454545455
395.5874125874126 303.02097902097904
927.798951048951 30.424825174825173
885.7884615384615 31.84090909090906
935.3513986013986 31.84090909090906
941.4877622377622 46.945804195804186
934.4073426573427 47.41783216783216
911.75 36.089160839160854
941.4877622377622 21.92832167832165
874.9318181818182 22.8723776223776
919.9521344040572 12.663961038961133
911.6942384538538 20.40573849227701
903.9524610005378 3.889946591869716
884.8560766156918 4.406065088757487
862.1468627526319 5.954420579420627
839.4376488895718 2.341591101206575
796.0836951510028 11.115605548297935
796.5998136478904 19.889619995389296
785.2452067163605 12.663961038961133
787.8257992007991 11.115605548297935
769.245533312841 9.051131560747024
746.5363194497809 19.889619995389296
741.8912529777914 11.115605548297935
707.8274321832014 9.051131560747024
686.6665738108045 11.115605548297935
660.3445304695305 20.92185698916478
651.0543975255514 16.276790517175186
640.7320275877969 12.663961038961133
636.603079612695 8.01889456697154
794.5353396603396 100.4041055098748
798.1481691385536 91.63009106278344
731.0527645431491 92.66232805655886
717.6336836240682 85.95278759701841
724.3432240836087 74.59818066548843
711.9563801583032 77.69489164681477
724.8593425804963 65.3080477215093
869.8886402059477 15.244553523399759
787.8257992007991 5.438302082532914
728.9882905555983 11.115605548297935
663.4412414508569 9.567250057634737
654.6672270037654 6.470539076308397
644.8609755628986 5.438302082532914
864.7274552370704 28.147515945592943
856.9856777837547 30.211989933143855
784.2129697225851 43.63107085222475
772.3422442941674 43.63107085222475
764.6004668408514 47.760018827326576
757.8909263813109 44.66330784600021
750.6652674248828 42.08271536156158
738.7945419964651 41.05047836778613
791.4386286790132 49.82449281487749
773.8905997848306 62.21133674018296
768.7294148159533 66.34028471528478
757.3748078844233 88.53338008145704
769.245533312841 83.37219511257979
753.7619784062092 98.33963152232388
799.6965246292168 67.88864020594795
808.986657573196 58.08238876508114
800.2126431261046 58.08238876508114
827.5669234611541 50.85672980865294
692.3438772765696 17.30902751095067
675.8280853761623 25.566923461154317
692.8599957734573 33.308700914470194
635.5708426189196 54.469559286867025
595.3135998616768 184.01530200568664
579.3139264581573 191.2409609621148
598.4103108430031 137.04851878890344
592.7330073772382 124.14555636671025
552.4757646199955 139.11299277645435
476.6063455774995 130.8550968262507
860.5985072619687 130.8550968262507
926.6616748635979 21.954093982940208
921.5004898947204 19.889619995389296
805.373828094982 14.728435026511988
812.0833685545224 9.051131560747024
721.76263159917 11.115605548297935
673.7636113886114 18.341264504726098
811.5672500576345 79.75936563436568
832.2119899331437 71.50146968416203
761.503755859525 159.75773265196344
751.1813859217705 147.370888726658
897.759039037885 20.40573849227701
831.6958714362559 5.438302082532914
660.8606489664182 31.760345423807024
648.9899235380005 23.502449473603406
734.6655940213632 200.5310939060939
722.7948685929455 213.95017482517483
398.41439329900874 116.40377891339432
402.54334127411056 107.11364596941522
453.12295396910787 129.3067413355875
439.1877545531392 125.6939118573734
418.54301467763014 125.17779336048568
422.1558441558442 104.01693498808885
574.9269192346115 50.856729808652915
543.4436909244602 48.792255821102
753.7619784062092 73.41932586644124
763.5682298470759 80.9030440713133
586.7976446630292 108.51538365480671
844.7278634826712 46.58116402827942
836.2119082840237 47.61340102205487
807.8253909551987 25.162246407438715
197.39920656266798 185.59883385844932
191.72190309690296 174.76034542380705
199.4636805502189 158.24455352339976
176.23834819027115 153.08336855452248
145.78735687389525 156.6961980327366
278.9459290709289 111.27777030661656
464.2324694536231 47.79519518942607
862.6629812495196 116.40377891339435
872.4692326903864 170.6313974487051
853.3728483055404 163.92185698916464
149.4001863521094 343.01497540920604
170.04492622761845 336.8215534465533
107.0784696073157 312.0478655959424
874.4046770537155 33.162083109198505
912.3393865749636 44.258630792284634
768.2132963190654 100.95540036886189
82.30478175670478 154.115605548298
57.01497540920613 157.21231652962436
77.1435967878275 169.0830419580421
373.91173249827074 150.50277607008388
353.7831111196494 130.37415469146254
331.07389725658936 89.60079343733204
395.58870936755534 64.44001671405533
680.4731518481518 29.695871436256137
680.4731518481518 40.53435987089841
685.6343368170292 40.01824137401067
757.3748078844233 20.92185698916478
822.9218569891646 30.72810843003157
626.7968281718281 107.11364596941524
636.0869611158073 114.33930492584342
538.5405652040268 121.56496388227158
692.3438772765696 173.17681357104436
729.5044090524859 143.75805924844389
808.986657573196 185.0475389994621
820.341264504726 201.04721240298164
689.7632847921309 213.43405632828708
267.1958041958042 193.03846153846152
753.3846153846155 6.115384615384528
577.5541958041958 83.68269230769228
