968.5671822600424 635.9324557904536
966.4795166127437 490.8396933031957
905.9372128410821 513.8040154234811
753.5376205882787 551.3819970748573
578.17370621519 549.2943314275586
512.4122383252819 632.8009573195055
433.08094372793227 535.7245047201171
479.00958796850307 519.0231795417278
425.77411396238693 473.09453530115695
328.6976613629985 593.1353100208307
266.0676919440382 535.7245047201171
208.65688664332458 438.6480521207288
270.2430232386356 449.08638035722214
244.1472026474021 397.9385719984045
299.470342300817 519.0231795417278
114.71193251488427 513.8040154234811
82.35311498175477 610.8804680228694
15.54781426819717 483.53286353765026
88.6161119236508 476.2260337721049
58.34496003782004 437.60421929707945
123.06259510407898 381.2372468200152
168.99123934464978 394.80707352745657
139.76392028246838 346.79076363958706
106.36126992568957 322.78260869565224
58.34496003782004 346.79076363958706
13.460148620898504 344.70309799228835
0.9341547371064697 387.5002437619112
302.601840771765 387.5002437619112
235.79654005820746 356.1852590524311
213.87605076157138 328.0017728138989
192.99939428858463 322.78260869565224
152.2899141662604 290.4237911625228
174.21040346289655 288.3361255152241
79.22161651080677 308.1689491645615
35.38063791753463 317.56344457740556
61.47645850876803 286.2484598679255
346.4428193650372 421.94672694233935
373.58247277991995 371.84275140717114
402.80979184210145 363.49208881797637
428.90561243333497 311.30044763550956
376.713971250868 317.56344457740556
346.4428193650372 334.264769755795
266.0676919440382 333.22093693214566
287.98818124067424 308.1689491645615
262.93619347309016 291.4676239861721
324.52233006840106 310.2566148118602
489.4479162049964 386.45641093826185
558.3408825658527 453.26171165181944
531.2012291509699 334.264769755795
472.74659102660706 286.2484598679255
631.4091802213063 413.5960643531446
622.0146848084621 368.7112529362231
617.8393535138648 339.48393387404167
582.3490375097873 328.0017728138989
690.9076511693185 484.5766963612996
663.7679977544358 460.5685414173649
673.1624931672798 393.7632407038072
768.1512801193694 458.48087577006623
806.7730945943949 410.4645658821966
738.9239610571881 359.31675752337907
722.2226358787987 312.3442804591589
756.6691190592268 330.08943846119763
810.9484258889922 368.7112529362231
863.1400670714593 390.6317422328592
852.701738834966 333.22093693214566
816.167590007239 333.22093693214566
777.5457755322136 312.3442804591589
786.9402709450576 293.5552896334708
821.3867541254857 273.7224659841334
843.3072434221217 310.2566148118602
884.016723544446 302.94978504631484
868.359231189706 273.7224659841334
910.1125441356794 333.22093693214566
915.3317082539261 356.1852590524311
943.5151944924582 419.8590612950407
984.2246746147824 439.69188494437816
964.3918509654449 384.36874529096326
1018.6711577952105 366.62358728892445
949.7781914343543 278.9416301023801
929.945367785017 273.7224659841334
913.2440426066274 257.021140805744
876.7098937789007 239.27598280370526
842.2634105984724 257.021140805744
820.3429213018364 220.48699197801713
803.6415961234469 262.24030492399066
777.5457755322136 242.40748127465326
792.1594350633043 242.40748127465326
731.6171312916426 247.62664539289997
718.0473045842012 259.1088064530427
679.4254901091758 278.9416301023801
682.5569885801239 220.48699197801713
643.9351741050983 230.92532021451055
615.7516878665662 252.84580951114663
648.1105053996956 295.6429552807695
585.4805359807356 259.1088064530427
580.2613718624887 239.27598280370526
593.8311985699302 228.8376545672119
516.5875696198792 296.68678810441884
535.3765604455672 269.54713468953605
539.5518917401647 288.3361255152241
483.1849192631004 236.14448433275723
467.52742690836044 254.9334751584453
464.3959284374124 238.23214998005594
452.9137673772696 238.23214998005594
445.6069376117243 217.35549350706916
434.1247765515816 231.9691530381599
408.0289559603481 296.68678810441884
420.5549498441401 281.02929574967874
403.8536246657508 242.40748127465326
390.2837979583094 236.14448433275723
367.31947583802395 220.48699197801713
377.7578040745173 199.61033550503032
393.41529642925735 198.56650268138097
414.2919529022441 209.0048309178744
189.86789581763654 273.7224659841334
174.21040346289655 260.152639276692
142.89541875341638 267.4594690422374
100.0982729837935 271.6348003368347
59.38879286146937 268.5033018658867
72.95861956891073 257.021140805744
66.69562262701474 239.27598280370526
55.21346156687204 243.4513140983026
43.73130050672929 253.88964233479595
14.503981444547838 235.10065150910788
5.109486031703799 266.415636218588
16.591647091846554 268.5033018658867
43.73130050672929 216.3116606834198
56.25729439052137 217.35549350706916
60.4326256851187 198.56650268138097
40.59980203578129 197.52266985773164
28.073808151989255 199.61033550503032
17.635479915495882 191.25967291583567
31.20530662293725 192.303505739485
24.94230968104121 179.777511855693
6.153318855353132 168.29535079555023
86.52844627635216 220.48699197801713
150.2022485189617 243.4513140983026
134.54475616422164 223.6184904489652
148.11458287166303 220.48699197801713
129.32559204597496 198.56650268138097
126.19409357502697 188.12817444488766
99.05444016014418 197.52266985773164
90.70377757094947 191.25967291583567
80.26544933445611 187.08434162123834
71.91478674526141 192.303505739485
518.6752352671779 257.021140805744
344.35515371773846 268.5033018658867
345.3989865413878 254.9334751584453
299.470342300817 257.021140805744
320.34699877380376 236.14448433275723
305.733339242713 213.18016221247183
283.81284994607694 257.021140805744
252.49786523659685 251.8019766874973
224.31437899806468 252.84580951114663
205.5253881723766 253.88964233479595
172.1227378155978 243.4513140983026
197.17472558318195 227.79382174356257
214.9198835852207 226.7499889199132
237.8842057055061 238.23214998005594
249.36636676564876 224.66232327261451
256.6731965311942 210.04866374152385
269.1991904149863 209.0048309178744
268.15535759133684 187.08434162123834
714.9158061132533 227.79382174356257
699.2583137585133 209.0048309178744
673.1624931672798 212.13632938882247
753.5376205882787 206.91716527057574
727.4417999970453 213.18016221247183
729.529465644344 187.08434162123834
770.238945766668 195.43500421043296
808.8607602416936 199.61033550503032
802.5977632997975 192.303505739485
820.3429213018364 201.69800115232906
846.4387418930698 201.69800115232906
854.7894044822647 195.43500421043296
851.6579060113166 172.47068209014768
893.4112189572901 228.8376545672119
890.2797204863422 204.82949962327706
898.6303830755368 191.25967291583567
894.4550517809395 173.514514913797
887.1482220153939 160.98852103000482
922.6385380194714 235.10065150910788
938.2960303742116 243.4513140983026
941.4275288451596 228.8376545672119
1006.1451639114185 281.02929574967874
963.3480181417956 273.7224659841334
984.2246746147824 223.6184904489652
1018.6711577952105 242.40748127465326
1003.0136654404704 220.48699197801713
1016.5834921479119 212.13632938882247
689.6028601397568 184.99667597393974
708.9137673772696 176.12409697292034
724.5712597320097 175.60218056109568
753.2766623823663 175.60218056109568
772.0656532080545 166.72960156007633
641.5865502518873 190.21584009218643
625.4071414853225 201.17608474050445
608.7058163069332 195.4350042104331
602.9647357768617 209.52674732969916
587.3072434221218 203.26375038780313
545.5539304761483 198.04458626955642
524.1553575913368 217.87740991889385
543.4662648288496 226.74998891991322
522.5896083558629 197.52266985773176
555.470342300817 188.65009085671238
557.5580079481157 178.211762620219
599.3113208940891 171.948765678323
611.8373147778813 184.47475956211508
901.5009233405725 153.15977485263494
914.5488336361891 143.24336302796624
907.7639202824685 133.32695120329754
921.8556634017345 173.514514913797
956.8240629939874 204.30758321145248
927.5967439318058 213.18016221247183
948.9953168166172 192.82542215130974
949.5172332284418 180.8213446793424
948.9953168166172 170.9049328546737
956.8240629939874 163.5981030891283
975.6130538196753 168.29535079555035
995.4458774690128 159.94468820635558
980.3103015260974 150.5501927935116
997.0116267044868 178.211762620219
1005.3622892936816 147.94061073438826
981.8760507615713 134.89270043877153
965.174725583182 128.62970349687552
940.6446542274225 147.94061073438826
940.6446542274225 158.90085538270625
936.4693229328252 137.50228249789487
903.0666725760464 143.24336302796624
881.668099691235 139.58994814519352
865.4886909246702 139.58994814519352
848.2654493344562 135.93653326242085
837.3052046861382 152.63785844081028
840.9586195689108 166.20768514825167
814.8627989776774 172.47068209014768
809.6436348594307 181.34326109116705
785.1135635036713 162.55427026547898
767.3684055016324 155.76935691175825
759.0177429124378 141.67761379249222
728.746591026607 148.9844435580376
701.0850211998996 166.20768514825167
682.2960303742115 163.07618667730364
659.3317082539261 177.16792979656967
653.5906277238547 169.86110003102434
649.937212841082 162.55427026547898
627.4948071326212 171.948765678323
621.2318101907252 159.94468820635558
584.6976613629984 158.90085538270625
544.5100976524989 174.03643132562166
544.5100976524989 164.12001950095296
519.4581098849148 163.07618667730364
538.2471007106029 135.93653326242085
552.338843829869 135.93653326242085
597.7455716586152 140.6337809688429
609.7496491305825 162.55427026547898
617.5783953079525 136.98036608607018
600.3551537177385 130.19545273234954
586.785327010297 130.19545273234954
627.4948071326212 127.58587067322615
621.7537266025499 118.71329167220678
613.4030640133552 88.442139786376
604.0085686005111 105.14346496476541
640.0208010164133 96.79280237557072
859.7476103945988 121.32287373133016
843.0462852162093 108.27496343571342
819.5600466840993 126.02012143775215
822.6915451550474 146.3748614989142
809.6436348594307 152.11594202898561
789.8108112100932 141.15569738066756
797.1176409756387 128.10778708505086
819.5600466840993 135.93653326242085
768.4122383252818 122.36670655497949
748.5794146759445 119.23520808403144
737.6191700276264 117.14754243673278
722.483594084711 122.88862296680416
724.049343320185 140.6337809688429
706.8261017299709 133.32695120329754
684.9056124333348 137.50228249789487
678.120699079614 132.2831183796482
686.4713616688089 120.27904090768078
674.9892006086661 118.71329167220678
673.9453677850167 109.31879625936278
659.3317082539261 130.7173691441742
654.1125441356794 137.50228249789487
655.1563769593287 119.75712449585612
650.9810456647314 104.62154855294075
641.0646338400627 117.66945884855745
636.8893025454653 131.76120196782352
632.1920548390433 145.85294508708955
636.3673861336406 85.83255772725268
641.0646338400627 82.17914284448001
653.06871131203 83.74489207995401
660.8974574894 89.48597261002534
693.7781914343543 84.26680849177868
700.5631047880748 106.18729778841475
698.9973555526009 97.31471878739538
690.6466929634062 111.40646190666145
695.865857081653 106.70921420023942
678.6426154914388 101.4900500819927
681.2521975505621 91.05172184549939
714.6548479073409 120.80095731950549
720.3959284374123 115.05987678943411
713.089098671867 89.48597261002534
729.2685074384317 98.3585516110447
714.1329314955163 98.88046802286938
726.6589253793084 84.26680849177868
743.3602505576978 87.39830696272668
757.9739100887884 93.66130390462271
779.8943993854245 89.48597261002534
796.595724563814 91.05172184549939
810.6874676830801 103.05579931746675
799.727223034762 108.27496343571342
829.4764585087681 106.18729778841475
820.6038795077486 117.66945884855745
1000.6650415872595 118.71329167220678
1015.8006175301748 123.93245579045349
1020.4978652365968 115.05987678943411
1003.2746236463829 106.70921420023942
1015.2787011183502 103.05579931746675
944.8199855220199 108.79687984753808
928.1186603436306 101.4900500819927
918.7241649307864 120.80095731950549
893.6721771632024 116.62562602490812
950.0391496402666 123.41053937862883
869.142105807443 109.31879625936278
861.3133596300729 105.14346496476541
855.5722791000015 91.05172184549939
831.0422077442421 93.13938749279805
840.4367031570861 91.05172184549939
780.9382322090739 75.3942294907593
899.4132576932736 107.75304702388874
908.285836694293 100.96813367016804
981.3541343497467 76.43806231440864
979.7883851142726 116.10370961308345
983.9637164088699 106.70921420023942
923.4214126372085 91.66062432596146
906.720087458819 70.78396785297465
897.325592045975 66.08672014655266
897.325592045975 62.43330526377996
878.5366012202868 57.2141411455333
889.4968458686051 45.731980085390546
884.2776817503583 42.07856520261788
873.3174371020403 44.166230849916545
870.1859386310922 42.60048161444255
893.6721771632024 44.166230849916545
900.457090516923 46.25389649721526
903.0666725760464 40.51281596714389
916.6364992834878 47.81964573268926
922.3775798135591 47.81964573268926
931.7720752264031 45.731980085390546
934.9035736973511 42.07856520261788
945.8638183456692 46.25389649721526
950.0391496402666 42.07856520261788
957.8678958176366 48.341562144513915
961.5213107004092 42.07856520261788
969.3500568777793 41.03473237896854
975.6130538196753 42.60048161444255
985.0075492325194 45.731980085390546
1000.1431251754346 44.166230849916545
1004.8403728818568 45.731980085390546
1008.4937877646294 69.74013502932533
1003.2746236463829 76.00313197122136
1019.4540324129476 67.65246938202667
1021.0197816484215 40.51281596714389
852.9626970408783 59.30180679283196
859.7476103945988 51.47306061546192
864.9667745128457 44.68814726174121
859.2256939827743 44.68814726174121
849.3092821581055 45.731980085390546
850.3531149817549 41.55664879079322
845.6558672753328 43.12239802626721
840.4367031570861 43.12239802626721
841.4805359807355 47.81964573268926
833.6517898033654 44.166230849916545
829.9983749205928 46.77581290903993
825.3011272141707 44.166230849916545
813.2970497422035 45.731980085390546
797.1176409756387 45.21006367356588
803.3806379175346 44.68814726174121
792.4203932692167 40.51281596714389
785.1135635036713 44.166230849916545
779.3724829735999 38.947066731669885
774.1533188553532 48.341562144513915
767.3684055016324 47.81964573268926
771.0218203844053 77.0469647948707
790.3327276219179 72.34971708844866
808.0778856239567 74.43738273574738
829.9983749205928 73.39354991209804
870.1859386310922 78.6127140303447
859.7476103945988 81.74421250129268
951.0829824639159 66.60863655837733
963.6089763477079 68.69630220567599
760.0615757360871 31.640236966124515
768.9341547371066 34.249819025247845
781.4601486208985 29.552571318825848
742.3164177340484 46.77581290903993
714.6548479073409 51.47306061546192
709.9576002009189 41.03473237896854
716.220597142815 43.12239802626721
724.049343320185 45.21006367356588
730.8342566739057 50.429227791812586
748.0574982641198 71.30588426479933
724.049343320185 73.39354991209804
697.9535227289516 49.385394968163254
697.9535227289516 42.60048161444255
688.5590273161075 47.81964573268926
680.7302811387375 44.166230849916545
675.5111170204908 47.81964573268926
666.1166216076467 47.81964573268926
656.7221261948027 46.77581290903993
656.7221261948027 38.947066731669885
647.8495471937833 46.25389649721526
642.1084666637121 41.55664879079322
626.9728907207966 37.90323390802055
615.4907296606539 42.60048161444255
597.7455716586152 38.947066731669885
553.904593065343 75.4812155593967
540.3347663579016 73.9154663239227
529.3745217095836 73.9154663239227
552.8607602416937 51.99497702728658
526.2430232386355 51.47306061546192
589.3949090694205 77.0469647948707
673.9453677850167 97.40170485603278
812.7751333303787 88.00720944318873
816.950464624976 92.18254073778611
877.4927683966376 97.92362126785744
491.53558185229525 182.47407998345378
504.5834921479119 174.12341739425906
497.79857879419126 162.64125633411638
507.19307420703535 154.29059374492167
485.79450132222394 148.54951321485032
484.2287520867498 168.90425327601235
475.87808949755515 170.47000251148637
470.1370089674838 177.25491586520707
457.0890986718671 173.60150098243443
447.17268684719846 180.9083307479798
458.13293149551646 201.7849872209665
462.30826279011376 214.83289751658322
488.4040833813473 210.65756622198592
432.03711090428305 175.1672502179084
431.51519449245825 163.6850891577657
432.55902731610763 152.202928097623
456.04526584821775 152.202928097623
399.15637695932884 166.81658762871373
404.8974574894002 154.29059374492167
388.1961323110108 148.02759680302566
376.71397125086804 150.63717886214897
372.01672354444605 180.9083307479798
351.1400670714593 165.25083839323972
349.0524014241606 150.63717886214897
350.61815065963464 138.11118497835693
351.66198348328396 126.62902391821422
329.7414941866479 152.72484450944768
320.86891518562857 139.67693421383095
305.7333392427131 149.59334603849965
316.1716674792065 167.86042045236306
310.95250336095984 177.25491586520707
302.6018407717651 182.47407998345378
328.6976613629986 191.8685753962978
351.66198348328396 210.13564981016123
361.5783953079527 308.7778516450236
281.7251842987784 187.1713276898758
282.7690171224277 163.16317274594104
241.0157041764542 187.1713276898758
241.0157041764542 176.21108304155777
244.66911905922686 161.59742351046702
250.41019958929823 131.32627162463623
260.32661141396693 146.98376397937628
270.2430232386357 133.4139372719349
283.2909335342524 139.67693421383095
295.81692741804443 143.33034909660364
285.37859918155107 114.62494644624685
299.47034230081715 115.66877926989618
311.99633618460916 112.0153643871235
279.115602239655 93.7482899732601
275.46218735688234 101.05511973880543
263.9800262967396 106.27428385705214
241.0157041764542 133.9358536837596
230.57737593996083 133.9358536837596
219.6171312916428 132.37010444828556
226.9239610571881 141.24268344930493
250.9321160011229 199.17540516184317
215.96371640887014 126.62902391821422
222.74862976259078 103.1427853861041
221.1828805271168 91.66062432596146
215.44179999704548 81.74421250129268
233.1869579990842 81.74421250129268
243.10336982375287 95.31403920873412
249.88828317747357 86.9633766195394
402.80979184210156 149.59334603849965
417.9453677850169 117.75644491719484
450.30418531814644 139.67693421383095
469.0931761438344 124.01944185909089
370.45097430897204 127.67285674186355
377.7578040745174 130.80435521281157
292.68542894709645 119.32219415266887
296.33884382986906 81.22229608946803
287.4662648288497 78.6127140303447
264.5019427085643 80.70037967764337
246.23486829470087 56.170308321883965
247.80061753017492 52.51689343911125
239.4499549409802 51.99497702728658
255.10744729572028 53.56072626276063
262.93619347309027 51.47306061546192
279.115602239655 51.47306061546192
285.9005155933757 51.47306061546192
292.68542894709645 54.0826426745853
313.0401690082585 53.56072626276063
324.5223300684012 53.56072626276063
336.5264075403686 55.12647549823463
342.7894044822646 52.51689343911125
350.09623424781 54.0826426745853
366.79755942619937 51.47306061546192
357.40306401335533 55.648391910059296
369.4071414853227 51.47306061546192
109.75372660254992 190.8247425726485
101.40306401335522 169.94808609966174
59.127834655557045 165.25083839323972
48.689506419063655 161.59742351046702
43.47034230081697 183.5179128071031
41.90459306534297 176.21108304155777
37.729261770745616 168.90425327601235
24.6813514751289 170.47000251148637
15.808772474109524 126.10710750638955
35.64159612344695 144.89609833207763
30.422432005200246 157.94400862769436
43.992258712641636 151.6810116857983
70.0880793038751 153.24676092127234
100.88114760153054 156.37825939222031
118.10438919174463 158.98784145134368
145.76595901845207 189.25899333717447
153.59470519582212 202.82882004461584
145.76595901845207 173.60150098243443
138.4591292529067 167.86042045236306
169.77411396238682 157.94400862769436
169.77411396238682 148.02759680302566
153.07278878399745 133.4139372719349
165.0768662559648 132.37010444828556
189.08502119989956 141.7645998611296
193.2603524944969 132.37010444828556
170.81794678603615 126.10710750638955
199.00143302456829 184.56174563075243
185.95352272895155 185.08366204257712
188.0411883762502 199.69732157366786
185.95352272895155 230.4903898713233
216.22467461478232 187.1713276898758
192.73843608267225 167.3385040405384
181.77819143435423 174.12341739425906
197.9576002009189 158.98784145134368
176.03711090428286 117.23452850537018
169.77411396238682 114.62494644624685
158.2919529022441 114.62494644624685
141.06871131203002 117.75644491719484
132.71804872283533 127.15094033003888
120.71397125086796 129.76052238916225
113.92905789714725 129.76052238916225
95.66198348328383 136.02351933105825
125.41121895728999 143.33034909660364
181.77819143435423 101.05511973880543
181.77819143435423 108.3619495043508
192.73843608267225 103.1427853861041
224.57533720397703 59.30180679283196
221.9657551448537 55.12647549823463
213.0931761438343 62.43330526377996
201.61101508369163 57.2141411455333
199.00143302456829 54.0826426745853
184.90968990530223 55.648391910059296
180.21244219888018 55.12647549823463
171.86177960968553 56.170308321883965
165.59878266778946 56.170308321883965
159.33578572589343 58.77989038100729
173.42752884515951 78.6127140303447
178.64669296340617 80.70037967764337
198.4795166127436 81.22229608946803
148.3755410775754 59.30180679283196
143.67829337115342 57.2141411455333
134.80571437013404 55.12647549823463
130.108466663712 56.69222473370863
109.75372660254992 60.867556028305955
105.05647889612789 55.12647549823463
98.27156554240722 55.12647549823463
90.44281936503718 56.69222473370863
84.70173883496581 56.170308321883965
80.00449112854379 60.867556028305955
76.3510762457711 55.648391910059296
66.4346644211024 62.43330526377996
55.47441977278436 57.73605755735796
46.07992435994032 58.77989038100729
28.334766357901582 60.867556028305955
22.071769416005566 59.82372320465662
15.286856062284858 58.77989038100729
6.414277061265487 58.77989038100729
33.55393047614827 93.7482899732601
45.55800794811566 81.22229608946803
52.34292130183634 88.00720944318873
72.17574495117377 84.87571097224071
84.17982242314115 81.22229608946803
103.49072966065388 82.26612891311737
115.49480713262125 81.74421250129268
135.3276307819587 85.91954379589008
147.33170825392608 81.74421250129268
156.72620366677012 85.91954379589008
126.45505178093933 97.92362126785744
116.53863995627063 104.70853462157815
137.41529642925735 98.96745409150677
93.05240142416051 116.19069568172085
83.13598959949181 121.9317762117922
80.52640754036848 115.66877926989618
77.39490906942044 134.45777009558427
63.825082361979064 132.37010444828556
70.0880793038751 117.75644491719484
58.60591824373238 115.66877926989618
42.426509477167635 121.40985979996753
40.86076024169364 136.02351933105825
5.892360649440821 85.91954379589008
29.378599181550914 127.67285674186355
16.85260529775888 117.75644491719484
10.58960835586284 119.84411056449353
3.804695002142157 114.62494644624685
196.31233822538178 113.07231898536264
504.22842214146567 51.693697606741196
613.6869636000071 230.9704208834643
