22.420672660672714 355.70275058275064
9.121971361971324 352.6338195138196
31.627465867465848 344.45000333000337
49.018075258075264 346.49595737595746
65.38570762570764 355.70275058275064
84.82227106227103 347.5189343989345
57.20189144189145 318.8755777555778
70.50059274059275 325.01343989343997
33.673419913419885 328.082370962371
21.39769563769563 315.8066466866467
14.236856476856484 284.09435897435895
25.489603729603697 273.86458874458873
24.466626706626705 262.6118414918415
13.213879453879443 252.38207126207126
24.466626706626705 243.17527805527808
50.04105228105225 247.26718614718615
9.121971361971324 237.03741591741596
12.190902430902401 222.71573759573766
7.076017316017291 218.62382950382948
26.51258075258074 225.7846686646687
31.627465867465848 215.55489843489846
19.351741591741593 211.4629903429904
22.42067266067267 200.21024309024313
17.30578754578751 182.81963369963373
35.71937395937397 185.88856476856475
47.99509823509822 195.095357975358
36.742350982350956 200.21024309024313
12.190902430902401 203.27917415917415
79.70738594738593 337.28916416916417
89.93715617715614 334.22023310023314
76.63845487845485 317.85260073260076
82.776317016317 309.66878454878463
96.0750183150183 304.5538994338994
98.12097236097233 322.9674858474859
105.28181152181153 339.33511821511826
102.21288045288046 352.6338195138196
113.46562770562771 360.81763569763575
127.787306027306 359.7946586746587
134.9481451881452 341.38107226107235
144.15493839493837 349.5648884448885
148.2468464868465 353.65679653679655
114.4886047286047 325.01343989343997
97.09799533799534 294.3241292041292
84.82227106227103 284.09435897435895
77.6614319014319 290.2322211122211
45.949144189144185 294.3241292041292
45.949144189144185 283.0713819513819
52.087006327006335 272.84161172161174
62.31677655677656 251.35909423909425
122.92816516816511 300.40977688977694
114.74434898434892 295.8063802863803
99.9111821511821 286.08809856809864
90.19290043290039 257.44474192474195
83.54354978354974 248.7494372294373
82.0090842490842 228.80138528138536
71.26782550782545 236.9852014652015
66.15294039294032 221.64054612054616
62.57252081252075 208.85333333333335
54.38870462870456 215.50268398268403
46.204888444888375 205.2729137529138
58.480612720612655 193.50867798867802
64.10698634698629 187.37081585081586
54.90019314019308 179.69848817848825
47.22786546786539 183.79039627039631
41.09000333000326 178.16402264402268
49.27381951381945 175.60658008658018
40.57851481851474 172.53764901764904
49.78530802530795 165.37680985680987
40.57851481851474 161.2849017649018
27.791302031301967 166.9112753912754
27.791302031301967 174.0721145521146
17.56153180153172 177.65253413253416
28.814279054278984 155.65852813852817
34.95214119214111 156.6815051615052
13.46962370962363 151.05513153513158
17.56153180153172 146.451734931735
20.118974358974278 136.22196470196477
19.095997335997257 130.0841025641026
16.027066267066186 121.38879786879785
7.843250083249999 122.92326340326342
9.377715617715538 114.22795870795876
13.46962370962363 112.18200466200467
11.935158175158092 103.48669996669997
11.935158175158092 106.55563103563104
19.095997335997257 107.57860805860808
17.0500432900432 102.9752114552115
21.653439893439817 117.29688977688978
29.32576756576748 112.6934931734932
28.302790542790465 122.4117748917749
27.279813519813448 127.52666000666001
31.37172161172154 133.66452214452215
31.37172161172154 140.31387279387283
37.50958374958367 146.9632234432235
39.555537795537724 138.26791874791874
40.57851481851474 129.57261405261409
36.998095238095175 124.9692174492175
42.11298035298028 122.92326340326342
37.50958374958367 116.78540126540126
53.36572760572754 135.19898767898772
47.22786546786539 138.77940725940726
47.739353979353915 146.9632234432235
47.739353979353915 157.19299367299374
61.549543789543726 143.89429237429238
64.10698634698629 167.42276390276393
62.06103230103223 171.0031834831835
70.24484848484842 171.0031834831835
74.3367565767565 194.53165501165506
69.2218714618714 202.20398268398267
82.52057276057269 200.66951714951722
82.0090842490842 212.43375291375298
86.10099234099229 220.10608058608062
90.70438894438888 233.40478188478195
92.75034299034292 244.65752913752922
100.93415917415909 248.23794871794877
119.34774558774555 252.84134532134536
111.67541791541788 244.65752913752922
117.30179154179147 230.33585081585082
107.07202131202125 239.0311555111556
105.02606726606722 266.6515351315351
109.11797535797528 277.39279387279396
131.6234698634698 284.0421445221446
120.88221112221106 273.8123742923744
137.76133200133197 275.8583283383284
146.45663669663668 249.2609257409258
131.6234698634698 243.63455211455218
130.60049284049282 228.28989676989684
122.41667665667663 212.43375291375298
108.60648684648682 205.78440226440233
104.5145787545787 197.60058608058608
94.28480852480847 196.06612054612063
88.65843489843485 187.37081585081586
78.42866466866461 171.514671994672
78.94015318015312 165.37680985680987
75.87122211122204 161.79639027639033
73.825268065268 156.1700166500167
77.40568764568759 142.8713153513154
71.26782550782545 143.38280386280385
68.7103829503829 132.6415451215451
57.96912420912413 126.503682983683
51.831262071262 127.52666000666001
51.831262071262 122.4117748917749
64.61847485847481 121.38879786879785
61.03805527805521 118.83135531135535
58.99210123210118 112.6934931734932
51.831262071262 110.64753912753912
46.7163769563769 115.25093573093575
64.61847485847481 111.67051615051615
71.26782550782545 116.78540126540126
77.40568764568759 133.15303363303363
86.10099234099229 134.6874991674992
87.12396936396931 128.03814851814852
85.07801531801528 123.94624042624046
88.14694638694633 119.85433233433238
86.61248085248079 114.73944721944723
94.796297036297 118.31986679986683
94.796297036297 125.48070596070598
96.84225108225102 130.59559107559113
93.77332001331996 135.71047619047624
88.65843489843485 149.0091774891775
82.0090842490842 151.05513153513158
110.65244089244085 172.02616050616052
111.16392940392937 191.97421245421245
108.60648684648682 187.37081585081586
113.72137196137193 184.81337329337336
121.39369963369958 189.92825840825847
117.81328005328 196.57760905760904
127.02007326007322 197.08909756909767
130.60049284049282 186.3478388278388
137.76133200133197 200.1580286380287
134.6924009324009 208.34184482184492
144.41068265068265 212.43375291375298
150.03705627705622 222.6635231435232
132.13495837495833 236.4737129537131
139.807286047286 231.35882783882786
139.807286047286 236.9852014652015
144.41068265068265 245.16901764901763
144.9221711621711 241.07710955710968
155.66342990342986 235.96222444222445
157.70938394938392 245.68050616050627
148.5025907425907 257.95623043623056
159.75533799533795 257.44474192474195
164.35873459873454 270.23195471195476
165.8932001332001 284.0421445221446
154.12896436896432 274.8353513153514
143.89919413919412 269.2089776889778
142.36472860472855 265.11706959706964
144.9221711621711 300.40977688977694
135.71537795537793 298.3638228438229
134.18091242091236 325.98420246420255
146.45663669663668 320.86931734931744
154.12896436896432 311.66252414252415
160.26682650682648 299.3867998667999
178.16892440892437 301.4327539127539
180.2148784548784 309.1050815850817
164.35873459873454 312.1740126540128
172.54255078255073 324.449736929737
169.98510822510818 332.6335531135532
170.4965967365967 350.0241625041625
185.32976356976357 356.1620246420248
197.60548784548783 361.78839826839845
213.46163170163166 354.62755910755914
202.2088844488844 348.4896969696971
194.53655677655675 338.25992673992687
203.23186147186144 321.8922943722944
189.93316017316016 317.2888977688978
207.32376956376953 313.70847818847824
203.23186147186144 303.99019647019657
204.76632700632695 286.59958707958714
183.795298035298 283.530656010656
172.54255078255073 269.2089776889778
181.23785547785545 258.9792074592075
174.58850482850477 250.79539127539127
183.28380952380948 245.16901764901763
195.04804528804527 258.9792074592075
184.81827505827505 270.7434432234433
207.32376956376953 266.6515351315351
220.11098235098234 287.6225641025642
235.45563769563768 303.99019647019657
246.19689643689642 288.1340526140527
245.6854079254079 228.80138528138536
233.40968364968364 212.43375291375298
217.55353979353978 249.2609257409258
219.0880053280053 239.542644022644
211.41567765567763 242.1000865800866
195.55953379953377 245.16901764901763
193.00209124209124 235.96222444222445
188.3986946386946 224.7094771894772
174.0770163170163 232.3818048618049
166.40468864468858 232.89329337329343
166.9161771561771 222.15203463203468
158.2208724608724 208.34184482184492
161.28980352980346 199.13505161505165
163.33575757575755 190.439746919747
142.87621711621708 182.76741924741927
117.30179154179147 164.86532134532135
135.71537795537793 151.5666200466201
141.85324009324003 152.07810855810862
152.5944988344988 150.54364302364306
157.70938394938392 150.54364302364306
158.7323609723609 166.39978687978692
160.26682650682648 174.58360306360314
168.45064269064267 162.81936729936734
171.00808524808522 144.4057808857809
164.35873459873454 156.6815051615052
182.2608325008325 163.33085581085587
182.77232101232096 169.98020646020655
145.43365967365963 141.84833832833834
151.06003330003327 144.4057808857809
156.17491841491838 135.71047619047624
148.5025907425907 138.26791874791874
135.71537795537793 137.24494172494175
138.784309024309 127.52666000666001
130.0890043290043 126.503682983683
123.43965367965362 132.6415451215451
115.25583749583744 128.03814851814852
107.58350982350977 135.19898767898772
124.97411921411918 146.451734931735
109.11797535797528 143.38280386280385
118.83625707625703 117.80837828837831
121.39369963369958 110.64753912753912
109.6294638694638 106.04414252414253
91.72736596736591 110.64753912753912
137.24984348984344 117.29688977688978
148.5025907425907 120.36582084582086
162.3127805527805 130.0841025641026
162.3127805527805 123.43475191475194
168.45064269064267 120.36582084582086
169.98510822510818 130.0841025641026
178.16892440892437 128.54963702963704
181.74934398934397 135.71047619047624
187.88720612720613 139.8023842823843
186.35274059274056 145.42875790875794
196.58251082251078 144.91726939726942
201.69739593739592 138.26791874791874
190.95613719613715 128.54963702963704
188.91018315018312 123.43475191475194
179.70338994338994 115.25093573093575
274.32876456876454 254.88729936729945
256.4266666666666 265.6285581085582
267.6794139194139 242.61157509157513
275.3517415917416 244.65752913752922
272.794299034299 226.24394272394275
260.0070862470863 213.96821844821855
274.8402530802531 207.8303563103563
284.04704628704627 219.08310356310358
284.04704628704627 230.33585081585082
289.1619314019314 242.61157509157513
295.29979353979354 255.39878787878797
301.43765567765575 255.39878787878797
301.43765567765575 244.65752913752922
304.50658674658683 235.45073593073604
314.2248684648685 217.5486380286381
315.75933399933405 231.35882783882786
314.736356976357 259.49069597069604
322.40868464868464 266.1400466200467
323.4316616716617 274.8353513153514
331.6154778554778 281.484701964702
340.31078255078256 280.461724941725
315.75933399933405 293.76042624042634
306.55254079254087 292.7374492174493
292.23086247086246 290.1800066600067
295.81128205128203 305.0131734931735
282.51258075258073 302.45573093573097
277.90918414918417 331.09908757908767
258.9841092241092 332.1220646020646
247.21987345987347 324.449736929737
249.2658275058275 302.45573093573097
257.9611322011323 344.9092773892775
252.84624708624708 354.62755910755914
256.4266666666666 363.83435231435243
271.771322011322 364.3458408258409
284.04704628704627 357.1850016650017
273.3057875457875 346.9552314352315
288.1389543789544 339.79439227439235
306.04105228105226 346.443742923743
318.82826506826507 344.9092773892775
319.8512420912421 323.93824841824846
315.75933399933405 307.0591275391276
290.18490842490843 327.0071794871796
295.29979353979354 348.4896969696971
315.24784548784544 361.78839826839845
346.4486446886447 357.1850016650017
333.6614319014319 355.13904761904774
351.56352980352983 345.42076590076596
336.2188744588745 339.79439227439235
345.4256676656677 321.380805860806
330.08101232101234 316.7774092574094
343.3797136197136 293.76042624042634
370.48860472860474 284.55363303363305
339.79929403929407 272.27790875790873
332.12696636696637 265.6285581085582
328.03505827505825 257.95623043623056
316.2708225108225 243.12306360306366
317.8052880452881 252.84134532134536
328.03505827505825 238.00817848817854
330.08101232101234 227.77840825840832
338.2648285048285 234.427758907759
340.31078255078256 242.61157509157513
337.2418514818514 250.79539127539127
339.79929403929407 228.80138528138536
348.4945987345987 233.40478188478195
345.4256676656677 221.64054612054616
332.12696636696637 214.9911954711955
262.05304029304034 193.50867798867802
219.59949383949382 196.06612054612063
205.789304029304 181.23295371295382
211.41567765567763 173.04913752913757
219.0880053280053 182.76741924741927
236.47861471861472 176.1180685980686
242.10498834498836 179.69848817848825
225.73735597735597 175.09509157509157
220.62247086247086 154.63555111555112
210.39270063270058 162.81936729936734
198.62846486846485 166.39978687978692
183.795298035298 183.79039627039631
173.56552780552778 195.04314352314358
173.56552780552778 187.37081585081586
185.32976356976357 210.89928737928744
260.51857475857474 168.9572294372295
266.14494838494835 179.18699966699972
262.05304029304034 157.19299367299374
248.24285048285046 158.72745920745925
238.52456876456876 156.6815051615052
242.10498834498836 147.47471195471198
242.10498834498836 142.35982683982687
248.75433899433898 143.38280386280385
255.40368964368963 138.26791874791874
259.4955977355977 143.38280386280385
225.73735597735597 137.75643023643022
221.13395937395933 128.03814851814852
212.43865467865467 131.61856809856812
204.76632700632695 125.48070596070598
217.55353979353978 111.15902763902763
194.02506826506823 117.80837828837831
202.72037296037294 108.0900965700966
186.35274059274056 109.62456210456212
169.47361971361966 106.55563103563104
160.778315018315 113.20498168498172
169.47361971361966 98.88330336330338
159.24384948384943 96.32586080586083
149.01407925407923 92.74544122544123
47.739353979353915 100.98147186147176
34.44065268065262 89.72872460872449
54.90019314019308 91.26319014319006
62.57252081252075 100.46998334998324
64.10698634698629 105.07337995337987
72.802291042291 98.4240293040292
69.73335997335991 91.77467865467858
80.47461871461866 89.72872460872449
87.12396936396931 96.8895637695637
77.9171761571761 109.165288045288
78.42866466866461 124.50994338994333
7.843250083249999 90.24021312021301
21.141951381951294 75.40704628704621
25.74534798534791 72.33811521811514
28.302790542790465 67.22323010322997
36.48660672660665 64.66578754578747
40.57851481851474 65.17727605727599
58.480612720612655 74.38406926406917
55.9231701631701 81.03341991341983
49.78530802530795 74.89555777555769
47.22786546786539 82.56788544788535
61.549543789543726 69.78067266067258
54.38870462870456 66.20025308025298
73.31377955377948 76.4300233100232
71.26782550782545 66.20025308025298
79.45164169164164 74.38406926406917
88.14694638694633 79.49895437895428
89.16992340992337 72.33811521811514
4.262830502830426 65.17727605727599
5.797296037295964 60.06239094239088
11.423669663669596 58.016436896436794
9.377715617715538 47.78666666666657
6.308784548784461 53.92452880452873
3.751341991341906 49.83262071262061
2.7283649683648887 44.7177355977355
17.0500432900432 44.206247086246975
14.492600732600646 41.137316017315904
25.23385947385939 37.55689643689635
27.279813519813448 42.671781551781464
23.187905427905353 51.87857475857464
24.210882450882373 55.97048285048276
23.187905427905353 59.550902430902354
36.998095238095175 46.25220113220101
35.463629703629636 37.55689643689635
47.22786546786539 25.281172161172048
55.9231701631701 33.97647685647676
44.15893439893434 53.92452880452873
49.78530802530795 49.83262071262061
43.1359573759573 47.275178155178054
53.87721611721604 55.45899433899424
54.38870462870456 60.06239094239088
68.7103829503829 59.03941391941383
61.549543789543726 64.66578754578747
63.084009324009266 55.45899433899424
70.24484848484842 48.29815517815509
82.52057276057269 48.29815517815509
88.65843489843485 41.64880452880442
88.65843489843485 35.51094239094227
82.52057276057269 33.97647685647676
97.86522810522807 37.55689643689635
100.93415917415909 30.39605727605716
97.86522810522807 44.7177355977355
100.42267066267063 49.32113220113209
92.23885447885444 49.83262071262061
90.19290043290039 62.10834498834486
80.98610722610718 62.10834498834486
75.35973359973353 53.413040293040204
98.88820512820506 60.06239094239088
104.5145787545787 62.10834498834486
111.16392940392937 62.10834498834486
119.34774558774555 61.59685647685634
125.99709623709617 57.50494838494827
119.34774558774555 50.344109224109125
115.25583749583744 55.97048285048276
109.6294638694638 55.45899433899424
105.53755577755574 52.90155178155168
107.07202131202125 48.29815517815509
113.2098834498834 44.7177355977355
115.25583749583744 47.78666666666657
124.46263070263066 46.25220113220101
121.39369963369958 40.62582750582738
112.69839493839488 38.57987345987335
116.27881451881447 36.02243090243079
122.92816516816511 35.51094239094227
132.13495837495833 47.78666666666657
131.6234698634698 52.39006327006316
133.15793539793538 58.527925407925316
136.22686646686645 61.08536796536787
126.5085847485847 66.20025308025298
133.66942390942384 65.68876456876446
116.27881451881447 69.26918414918406
99.9111821511821 70.2921611721611
114.74434898434892 75.40704628704621
295.29979353979354 197.14131202131202
306.55254079254087 193.04940392940384
311.15593739593737 206.8595937395936
326.5005927405927 201.23322011322009
330.08101232101234 187.4230303030302
315.75933399933405 181.79665667665657
309.62147186147183 174.63581751581748
303.48360972360973 184.35409923409918
292.74235098235096 182.3081451881451
284.04704628704627 193.04940392940384
285.5815118215118 203.79066267066267
292.74235098235096 163.89455877455865
271.2598334998335 165.4290243090243
274.32876456876454 155.199254079254
280.4666267066267 160.82562770562762
286.09300033300036 155.199254079254
306.04105228105226 163.89455877455865
319.8512420912421 163.89455877455865
319.3397535797536 158.26818514818507
316.2708225108225 152.13032301032297
323.9431501831502 141.9005527805527
328.5465467865468 143.43501831501825
330.08101232101234 154.176277056277
329.56952380952384 164.40604728604725
345.4256676656677 167.9864668664668
342.35673659673654 178.21623709623702
336.7303629703631 183.33112221112214
348.4945987345987 182.8196336996336
342.35673659673654 189.4689843489843
351.0520412920413 192.53791541791543
350.5405527805528 203.27917415917406
341.3337595737596 199.187266067266
336.2188744588745 195.60684648684645
337.75333999334 206.3481052281052
354.1209723609724 215.04340992340985
362.3047885447886 197.14131202131202
371.5115817515818 196.11833499833497
376.11497835497835 206.8595937395936
373.0460472860473 221.18127206127198
369.46562770562775 224.76169164169156
357.701391941392 224.25020313020312
358.7243689643689 219.64680652680653
366.90818514818517 219.64680652680653
363.83925407925415 214.0204329004329
381.22986346986346 192.53791541791543
385.3217715617716 200.72173160173156
392.9940992340992 199.187266067266
395.55154179154187 185.88856476856475
389.41367965367976 191.00344988344975
383.27581751581755 176.68177156177157
376.11497835497835 172.5898634698634
371.00009324009324 177.7047485847485
370.48860472860474 178.72772560772555
360.770323010323 177.19326007325998
360.25883449883446 184.35409923409918
358.21288045288054 170.54390942390933
367.9311621711622 168.49795537795532
360.25883449883446 160.31413919413913
345.9371561771563 132.18227106227098
352.5865068265069 125.53292041292032
360.770323010323 131.15929403929394
364.8622311022311 124.50994338994333
374.06902430902437 130.64780552780542
382.764329004329 133.7167365967365
384.29879453879465 125.53292041292032
376.6264668664669 110.6997535797535
125.99709623709617 81.03341991341983
126.5085847485847 74.38406926406917
133.15793539793538 73.36109224109212
133.66942390942384 82.05639693639684
123.95114219114214 91.26319014319006
113.2098834498834 85.1253280053279
115.25583749583744 97.91254079254068
128.55453879453873 102.51593739593731
120.88221112221106 102.0044488844488
143.89919413919412 83.07937395937387
141.34175158175157 74.38406926406917
142.87621711621708 65.17727605727599
148.5025907425907 66.20025308025298
145.43365967365963 57.50494838494827
142.87621711621708 53.92452880452873
142.87621711621708 45.74071262071249
139.807286047286 42.671781551781464
133.66942390942384 42.671781551781464
131.11198135198129 35.51094239094227
138.2728205128205 23.235218115218014
155.66342990342986 35.51094239094227
154.12896436896432 45.22922410922397
150.54854478854475 50.8555977355976
157.1978954378954 49.32113220113209
158.7323609723609 51.87857475857464
154.12896436896432 60.06239094239088
164.35873459873454 53.92452880452873
180.2148784548784 47.78666666666657
178.6804129204129 43.18327006326998
166.40468864468858 43.18327006326998
160.778315018315 40.11433899433886
179.1919014319014 35.51094239094227
193.00209124209124 45.74071262071249
186.86422910422908 47.78666666666657
186.35274059274056 41.64880452880442
188.91018315018312 57.50494838494827
195.04804528804527 55.97048285048276
187.3757176157176 51.87857475857464
186.35274059274056 61.08536796536787
182.2608325008325 64.15429903429894
176.63445887445886 68.24620712620701
176.63445887445886 54.947505827505715
173.56552780552778 72.33811521811514
190.95613719613715 71.31513819513809
193.51357975357973 74.38406926406917
185.84125208125204 77.45300033300029
194.53655677655675 81.03341991341983
179.1919014319014 86.65979353979347
189.93316017316016 88.7057475857475
195.55953379953377 90.24021312021301
197.60548784548783 93.82063270063261
195.55953379953377 97.40105228105222
191.9791142191142 103.02742590742584
199.13995337995334 102.0044488844488
206.30079254079251 95.86658674658665
216.53056277056274 96.8895637695637
211.41567765567763 99.95849483849481
233.92117216117217 92.28616716616705
241.0820113220113 87.68277056277046
227.78331002331 67.22323010322997
226.76033300033296 62.61983349983338
225.73735597735597 59.550902430902354
216.01907425907422 60.06239094239088
212.43865467865467 57.50494838494827
208.85823509823507 57.50494838494827
211.41567765567763 64.66578754578747
207.83525807525803 63.64281052281042
204.76632700632695 68.75769563769553
202.2088844488844 62.10834498834486
197.0939993339993 63.131322011321906
201.1859074259074 52.39006327006316
202.72037296037294 48.809643689643615
209.3697236097236 50.8555977355976
217.04205128205126 46.76368964368953
220.11098235098234 43.18327006326998
227.78331002331 43.18327006326998
236.47861471861472 50.344109224109125
241.0820113220113 56.99345987345975
252.84624708624708 69.26918414918406
247.73136197136196 74.38406926406917
252.84624708624708 86.65979353979347
260.51857475857474 82.56788544788535
260.0070862470863 75.91853479853468
263.5875058275058 60.06239094239088
255.40368964368963 53.92452880452873
255.91517815517815 44.7177355977355
201.1859074259074 77.45300033300029
221.64544788544785 71.31513819513809
221.64544788544785 89.72872460872449
221.64544788544785 96.37807525807517
222.15693639693637 104.05040293040284
242.10498834498836 105.07337995337987
243.63945387945387 111.21124209124203
244.1509423909424 119.39505827505822
248.75433899433898 117.34910422910413
250.28880452880452 123.48696636696629
266.6564368964369 115.30315018315005
262.5645288045288 127.5788744588744
267.6794139194139 128.60185148185138
262.5645288045288 136.27417915417905
270.74834498834497 141.38906426906416
275.8632301032301 138.8316217116216
275.8632301032301 131.67078255078246
273.3057875457875 126.55589743589736
272.2828105228105 110.6997535797535
258.4726207126207 105.58486846486839
278.93216117216116 100.98147186147176
273.81727605727605 96.8895637695637
267.6794139194139 91.77467865467858
276.8862071262071 82.56788544788535
274.8402530802531 87.68277056277046
278.42067266067266 88.7057475857475
281.4896037296037 83.07937395937387
286.6044888444888 107.1193339993339
284.55853479853477 121.95250083250072
285.0700233100233 116.8376157176156
291.71937395937397 115.30315018315005
293.765328005328 109.165288045288
300.41467865467865 114.28017316017305
302.9721212121212 129.1133399933399
307.0640293040293 120.92952380952373
298.8802131202131 122.97547785547776
292.74235098235096 128.60185148185138
298.3687246087246 127.5788744588744
294.788305028305 140.36608724608718
289.1619314019314 136.78566766566757
286.09300033300036 141.9005527805527
289.6734199134199 147.0154378954378
308.08700632700635 130.13631701631695
321.89719613719615 125.53292041292032
318.82826506826507 117.34910422910413
311.66742590742587 109.165288045288
311.66742590742587 114.79166167166157
328.03505827505825 111.21124209124203
329.56952380952384 117.34910422910413
322.9201731601732 112.23421911421902
315.75933399933405 99.44700632700619
316.2708225108225 89.72872460872449
299.90319014319016 74.38406926406917
297.3457475857476 80.52193140193131
240.5705228105228 68.24620712620701
264.0989943389943 54.43601731601724
272.794299034299 47.78666666666657
280.9781152181152 53.413040293040204
288.6504428904429 54.43601731601724
276.8862071262071 60.06239094239088
282.00109224109224 63.131322011321906
277.3976956376956 70.2921611721611
269.725367965368 62.10834498834486
270.74834498834497 70.80364968364962
290.18490842490843 63.131322011321906
295.81128205128203 65.17727605727599
298.3687246087246 55.45899433899424
303.9950982350982 55.97048285048276
304.50658674658683 52.39006327006316
310.64444888444893 59.03941391941383
311.66742590742587 51.87857475857464
315.75933399933405 65.68876456876446
309.62147186147183 70.2921611721611
315.75933399933405 78.47597735597728
319.8512420912421 76.4300233100232
313.71337995338 74.38406926406917
308.08700632700635 76.94151182151167
313.20189144189146 83.59086247086235
320.87421911421904 82.05639693639684
305.52956376956377 88.7057475857475
303.9950982350982 78.47597735597728
303.48360972360973 66.7117415917415
286.09300033300036 71.31513819513809
335.19589743589745 78.98746586746576
326.5005927405927 73.36109224109212
335.707385947386 68.24620712620701
340.31078255078256 68.24620712620701
328.5465467865468 62.10834498834486
323.9431501831502 67.22323010322997
319.3397535797536 62.61983349983338
322.40868464868464 61.59685647685634
317.8052880452881 56.99345987345975
317.8052880452881 49.83262071262061
322.40868464868464 53.413040293040204
325.98910422910416 45.22922410922397
332.12696636696637 58.527925407925316
335.707385947386 54.43601731601724
341.3337595737596 55.97048285048276
346.9601332001332 53.413040293040204
343.89120213120214 52.90155178155168
341.3337595737596 46.25220113220101
336.7303629703631 43.6947585747585
194.02506826506823 37.55689643689635
200.16293040293036 40.62582750582738
202.72037296037294 36.02243090243079
207.32376956376953 34.999453879453746
213.46163170163166 37.55689643689635
219.59949383949382 36.02243090243079
220.62247086247086 30.39605727605716
211.92716616716615 30.90754578754568
201.69739593739592 28.861591741591596
202.2088844488844 25.281172161172048
212.43865467865467 26.815637695637612
223.69140193140188 24.258195138195006
227.78331002331 28.861591741591596
230.34075258075256 35.51094239094227
229.82926406926404 39.602850482850386
256.4266666666666 34.48796536796523
246.19689643689642 40.62582750582738
283.0240692640693 29.884568764568638
297.85723609723607 32.44201132201124
302.9721212121212 42.671781551781464
312.69040293040297 33.97647685647676
324.9661272061272 34.999453879453746
328.03505827505825 34.999453879453746
334.68440892440896 35.51094239094227
344.91417915417924 34.48796536796523
353.6094838494838 38.068384948384875
358.7243689643689 47.275178155178054
357.701391941392 45.22922410922397
351.56352980352983 43.6947585747585
353.0979953379954 50.344109224109125
350.5405527805528 55.45899433899424
357.1899034299035 58.016436896436794
360.770323010323 55.45899433899424
365.37371961371963 55.45899433899424
373.0460472860473 51.87857475857464
371.00009324009324 47.78666666666657
367.9311621711622 36.02243090243079
381.74135198135195 36.533919413919314
383.27581751581755 45.74071262071249
381.22986346986346 53.413040293040204
379.1839094239095 47.78666666666657
378.67242091242093 60.06239094239088
363.3277655677656 63.64281052281042
358.7243689643689 66.20025308025298
347.47162171162176 67.22323010322997
344.40269064269063 72.8496037296036
341.3337595737596 82.05639693639684
348.4945987345987 78.47597735597728
349.00608724608725 82.56788544788535
341.8452480852481 88.7057475857475
344.91417915417924 92.28616716616705
332.12696636696637 86.14830502830495
359.23585747585753 85.1253280053279
363.83925407925415 87.68277056277046
373.0460472860473 79.49895437895428
373.0460472860473 76.4300233100232
375.60348984348985 72.33811521811514
383.78730602730604 71.82662670662661
381.22986346986346 81.03341991341983
391.4596336996337 71.82662670662661
387.3677256077256 78.47597735597728
386.85623709623707 65.17727605727599
396.5745188145189 58.016436896436794
389.9251681651682 55.97048285048276
395.55154179154187 47.78666666666657
403.73535797535794 54.947505827505715
401.689403929404 51.36708624708612
407.827266067266 56.99345987345975
410.38470862470865 53.92452880452873
416.0110822510823 58.527925407925316
408.33875457875456 66.20025308025298
414.4766167166167 62.10834498834486
412.94215118215124 65.68876456876446
422.1489443889444 65.68876456876446
422.1489443889444 60.06239094239088
429.82127206127205 61.08536796536787
421.1259673659674 51.87857475857464
398.62047286047294 119.39505827505822
385.3217715617716 107.63082251082243
358.21288045288054 110.6997535797535
352.5865068265069 114.79166167166157
364.3507425907425 109.67677655677652
363.83925407925415 101.49296037296028
361.79330003330006 94.84360972360966
414.4766167166167 106.09635697635687
410.8961971361972 112.23421911421902
405.7813120213121 115.81463869463866
419.08001332001334 116.8376157176156
424.19489843489845 109.165288045288
435.9591341991342 104.05040293040284
431.86722610722614 113.25719613719606
430.3327605727606 81.03341991341983
435.44764568764566 72.33811521811514
439.5395537795538 70.2921611721611
443.63146187146197 66.20025308025298
452.83825507825514 64.15429903429894
450.79230103230105 60.57387945387935
449.769324009324 74.89555777555769
446.7003929403929 89.21723609723603
441.07401931401927 93.82063270063261
448.74634698634696 109.165288045288
444.1429503829504 121.44101232101225
453.3497435897436 118.8835697635697
453.3497435897436 111.21124209124203
460.51058275058284 104.56189144189136
465.11397935397946 91.77467865467858
468.18291042291037 111.21124209124203
469.2058874458874 123.48696636696629
479.43565767565764 119.90654678654668
473.2977955377956 114.28017316017305
477.90119214119215 92.28616716616705
495.80329004329013 76.4300233100232
490.17691641691647 74.38406926406917
492.22287046287056 125.53292041292032
499.89519813519826 139.85459873459865
497.8492440892442 134.22822510822502
468.18291042291037 157.24520812520808
457.95314019314014 151.10734598734592
458.4646287046288 159.2911621711621
450.2808125208126 165.4290243090243
446.7003929403929 157.24520812520808
448.74634698634696 150.5958574758574
429.82127206127205 149.57288045288036
423.68340992341007 154.176277056277
417.54554778554785 157.75669663669655
407.31577755577763 167.9864668664668
420.6144788544789 166.96348984348978
434.42466866466873 161.33711621711615
435.44764568764566 164.9175357975357
443.11997335997336 171.56688644688637
440.56253080253083 179.23921411921407
429.82127206127205 171.05539793539793
398.10898434898434 161.33711621711615
385.3217715617716 160.31413919413913
394.01707625707627 169.52093240093228
400.666426906427 173.1013519813519
407.827266067266 176.17028305028296
407.827266067266 161.84860472860467
404.2468464868465 192.0264269064268
411.91917415917425 190.49196137196134
413.4536396936397 184.8655877455877
419.08001332001334 181.28516816516816
425.2178754578755 193.56089244089236
436.4706227106227 198.16428904428903
435.44764568764566 191.00344988344975
448.74634698634696 186.9115417915418
452.32676656676654 192.53791541791543
451.30378954378966 198.67577755577747
465.11397935397946 194.5838694638694
471.2518414918415 188.95749583749577
481.99310023310034 184.8655877455877
472.78630702630716 178.72772560772555
480.4586346986347 175.65879453879452
475.3437495837497 166.96348984348978
404.75833499833504 203.27917415917406
424.19489843489845 209.4170362970363
422.66043290043297 203.27917415917406
436.4706227106227 216.0663869463869
441.5855078255079 209.4170362970363
470.22886446886446 209.4170362970363
380.46263070263063 352.0701165501166
365.62946386946385 344.3977888777889
366.65244089244084 325.98420246420255
374.836257076257 312.6855011655012
362.0490442890442 309.1050815850817
356.9341591741591 316.7774092574094
383.5315617715617 324.449736929737
386.08900432900424 332.6335531135532
412.68640692640685 346.9552314352315
394.784309024309 356.6735131535132
457.18590742590743 355.13904761904774
437.2378554778554 353.6045820845822
427.00808524808525 341.3288578088579
437.7493439893439 336.7254612054613
448.4906027306027 340.81736929736934
461.78930402930405 338.25992673992687
447.46762570762564 328.5416450216451
454.62846486846485 323.42675990676
441.841252081252 320.86931734931744
425.47361971361966 320.86931734931744
415.24384948384943 327.51866799866804
409.6174758574758 316.7774092574094
416.77831501831497 310.6395471195471
391.7153779553779 313.70847818847824
394.784309024309 289.6685181485183
394.27282051282043 273.8123742923744
383.5315617715617 263.5826040626042
364.09499833499825 264.0940925740926
354.8882051282051 260.5136729936731
370.7443489843489 255.91027639027647
388.6464468864468 246.19199467199468
399.38770562770554 256.4217649017649
413.1978954378954 245.68050616050627
411.66342990342986 257.44474192474195
408.0830103230103 265.6285581085582
412.68640692640685 277.39279387279396
426.4965967365967 283.01916749916757
419.33575757575755 293.2489377289378
433.1459473859473 270.23195471195476
428.0310622710622 248.23794871794877
446.4446486846486 238.00817848817854
450.5365567765568 242.1000865800866
450.5365567765568 252.32985680985692
457.18590742590743 264.60558108558115
481.2258674658674 264.0940925740926
487.8752181152181 248.23794871794877
484.80628704628697 296.3178687978689
480.714378954379 311.66252414252415
463.8352580752581 311.15103563103577
472.0190742590742 320.86931734931744
465.8812121212121 327.0071794871796
473.5535397935397 338.25992673992687
486.85224109224106 341.8403463203464
482.7603330003329 362.29988677988683
498.6164768564767 349.51267399267414
508.33475857475855 351.5586280386281
516.0070862470862 336.7254612054613
517.5415517815517 322.403782883783
490.4326606726606 327.51866799866804
503.2198734598735 321.8922943722944
491.9671262071263 313.70847818847824
503.2198734598735 308.08210456210463
512.4266666666667 308.08210456210463
535.9551381951383 302.45573093573097
549.765328005328 307.0591275391276
535.9551381951383 330.0761105561106
543.6274658674657 342.35183483183494
556.4146786546787 334.1680186480187
530.3287645687647 355.13904761904774
543.6274658674657 364.85732933732936
563.0640293040294 355.6505361305362
578.4086846486846 348.4896969696971
578.9201731601732 338.25992673992687
574.8282650682651 329.0531335331337
579.4316616716617 322.403782883783
565.6214718614718 315.24294372294383
593.7533399933401 275.8583283383284
547.2078854478855 255.39878787878797
529.817276057276 253.35283383283388
507.3117815517815 250.79539127539127
497.5934998334999 248.7494372294373
477.6454478854479 224.7094771894772
474.57651681651674 239.542644022644
517.5415517815517 222.6635231435232
516.0070862470862 229.3128737928738
502.7083849483849 230.33585081585082
527.7713220113219 238.51966699966707
527.7713220113219 211.92226440226446
519.5875058275058 203.22695970695972
513.9611322011322 209.8763103563104
508.33475857475855 205.78440226440233
507.3117815517815 195.04314352314358
509.3577355977356 178.16402264402268
482.7603330003329 195.04314352314358
480.2028904428904 205.78440226440233
481.73735597735606 210.89928737928744
491.9671262071263 196.57760905760904
523.679413919414 188.3937928737929
518.5645288045288 175.09509157509157
514.9841092241093 161.79639027639033
514.9841092241093 148.49768897768902
486.85224109224106 167.42276390276393
536.4666267066267 168.9572294372295
523.679413919414 169.98020646020655
525.7253679653678 160.77341325341328
533.9091841491842 180.20997668997677
539.0240692640692 177.65253413253416
529.3057875457876 193.50867798867802
529.3057875457876 199.64654012654017
537.4896037296037 198.62356310356313
546.1849084249085 198.1120745920746
551.2997935397935 192.48570096570097
552.3227705627705 183.79039627039631
558.9721212121212 185.8363503163504
553.857236097236 175.09509157509157
546.1849084249085 168.44574092574098
544.1389543789544 163.33085581085587
536.9781152181151 160.26192474192476
558.9721212121212 159.23894771894777
553.857236097236 164.86532134532135
563.5755178155179 166.9112753912754
561.5295637695638 168.9572294372295
578.9201731601732 254.88729936729945
563.5755178155179 238.51966699966707
552.3227705627705 229.3128737928738
559.9950982350982 228.28989676989684
570.2248684648685 230.33585081585082
578.9201731601732 225.73245421245423
578.9201731601732 238.51966699966707
586.0810123210123 232.3818048618049
560.5065867465867 209.8763103563104
558.4606327006326 201.69249417249426
565.6214718614718 197.60058608058608
568.1789144189144 197.08909756909767
569.7133799533799 188.90528138528143
578.9201731601732 198.1120745920746
578.9201731601732 210.89928737928744
569.2018914418915 213.96821844821855
578.9201731601732 218.57161505161514
589.1499433899435 218.57161505161514
601.4256676656678 258.467718947719
614.2128804528804 255.39878787878797
617.7933000333 287.11107559107563
606.0290642690643 309.6165700965702
587.6154778554778 318.31187479187486
597.3337595737596 334.6795071595073
595.7992940392941 345.93225441225445
599.8912021312021 355.13904761904774
614.2128804528804 357.1850016650017
612.678414918415 347.46671994672005
610.1209723609724 340.81736929736934
607.0520412920414 334.6795071595073
608.5865068265068 322.9152713952714
613.1899034299034 318.82336330336335
627.5115817515818 320.35782883782895
633.1379553779554 329.0531335331337
630.5805128205128 335.19099567099573
633.1379553779554 358.7194671994673
651.5515417915418 352.58160506160516
658.712380952381 359.74244422244436
642.856237096237 340.30588078588084
642.856237096237 332.6335531135532
643.8792141192141 328.03015651015664
647.4596336996336 323.42675990676
664.3387545787546 320.35782883782895
663.8272660672661 333.14504162504164
665.3617316017315 340.81736929736934
659.2238694638695 346.9552314352315
664.8502430902431 307.0591275391276
656.6664269064269 312.1740126540128
637.7413519813521 260.00218448218453
625.9771162171162 245.68050616050627
636.2068864468864 244.1460406260407
615.747345987346 240.56562104562104
619.8392540792541 231.8703163503164
621.3737196137196 222.6635231435232
614.7243689643689 222.15203463203468
611.655437895438 216.52566100566105
614.2128804528804 210.89928737928744
618.3047885447886 205.2729137529138
623.4196736596737 205.2729137529138
599.3797136197137 202.71547119547128
585.569523809524 189.92825840825847
590.6844089244089 181.23295371295382
574.3167765567766 181.23295371295382
582.5005927405928 177.14104562104563
583.0120812520812 168.9572294372295
583.0120812520812 156.6815051615052
575.851242091242 139.2908957708958
565.6214718614718 125.9921944721945
547.7193739593739 123.94624042624046
529.3057875457876 113.20498168498172
524.1909024309024 142.8713153513154
525.7253679653678 137.24494172494175
523.1679254079254 130.0841025641026
512.4266666666667 56.941245421245405
556.4146786546787 86.60757908757913
563.0640293040294 99.3947918747919
570.7363569763569 103.9981884781885
576.8742191142192 101.95223443223445
574.3167765567766 112.18200466200467
577.3857076257076 119.85433233433238
588.1269663669664 122.4117748917749
594.2648285048284 118.83135531135535
592.2188744588743 112.18200466200467
590.1729204129205 107.06711954711956
593.7533399933401 100.92925740925742
589.6614319014319 100.4177688977689
597.3337595737596 103.48669996669997
601.9371561771562 110.64753912753912
607.5635298035298 112.18200466200467
610.6324608724609 119.85433233433238
600.9141791541791 125.9921944721945
606.5405527805527 143.89429237429238
593.2418514818514 152.07810855810862
619.3277655677655 143.38280386280385
620.8622311022311 174.0721145521146
611.1439493839493 182.76741924741927
596.3107825507825 191.97421245421245
603.4716217116217 189.41676989676995
598.3567365967366 183.79039627039631
617.2818115218116 197.08909756909767
620.3507425907426 189.41676989676995
628.5345587745588 191.46272394272404
632.1149783549785 185.8363503163504
633.1379553779554 177.65253413253416
638.764329004329 167.93425241425246
652.5745188145189 171.0031834831835
640.2987945387946 187.37081585081586
645.4136796536798 191.97421245421245
649.5055877455877 195.04314352314358
650.5285647685648 201.69249417249426
640.2987945387946 207.31886779886787
631.0920013320014 213.96821844821855
641.3217715617716 214.9911954711955
642.3447485847487 227.77840825840832
634.1609324009326 229.8243623043624
640.2987945387946 234.9392474192474
646.9481451881452 242.61157509157513
657.1779154179154 234.427758907759
652.0630303030302 259.49069597069604
659.2238694638695 246.70348318348329
668.9421511821512 250.79539127539127
667.9191741591741 242.61157509157513
665.8732201132202 238.51966699966707
668.9421511821512 229.8243623043624
671.4995937395938 223.68650016650017
665.8732201132202 216.52566100566105
657.1779154179154 208.34184482184492
664.3387545787546 203.73844821844824
660.2468464868466 198.62356310356313
666.3847086247087 191.46272394272404
670.4766167166168 168.44574092574098
670.9881052281053 144.4057808857809
656.1549383949384 139.8023842823843
647.9711222111223 145.94024642024647
642.3447485847487 118.31986679986683
644.9021911421911 112.18200466200467
646.4366566766566 109.1130735930736
646.4366566766566 103.48669996669997
638.764329004329 105.532654012654
630.5805128205128 110.64753912753912
625.9771162171162 113.20498168498172
622.3966966366967 116.78540126540126
618.816277056277 111.15902763902763
650.5285647685648 116.78540126540126
657.6894039294039 116.78540126540126
664.8502430902431 116.27391275391274
663.3157775557775 109.62456210456212
661.2698235098236 104.509676989677
667.4076856476856 107.57860805860808
674.5685248085248 115.76242424242427
675.0800133200133 109.1130735930736
406.5485447885448 36.533919413919314
401.4336596736597 38.57987345987339
395.8072860472861 42.16029304029294
391.20388944388947 35.51094239094227
397.3417515817516 35.51094239094227
393.2498434898435 27.32712620712613
402.96812520812523 29.884568764568638
398.3647286047286 25.79266067266057
418.31278055278057 33.97647685647676
410.6404528804529 29.37308025308012
424.4506426906428 31.4190342990342
429.0540392940394 46.76368964368953
432.6344588744589 39.602850482850386
433.14594738594747 44.7177355977355
431.0999933399934 54.4360173160172
442.86422910422914 48.809643689643615
452.58251082251087 50.85559773559765
463.3237695637696 51.36708624708612
465.3697236097237 63.64281052281042
469.46163170163175 61.08536796536787
469.97312021312024 55.97048285048281
469.46163170163175 50.344109224109125
458.2088844488845 43.18327006326998
440.81827505827516 37.04540792540783
443.8872061272062 36.02243090243079
452.07102231102243 34.48796536796527
455.13995337995334 30.90754578754568
462.30079254079266 38.068384948384875
468.9501431901432 37.04540792540783
465.8812121212122 29.884568764568638
475.5994938394939 41.64880452880442
483.7833100233101 42.16029304029294
483.7833100233101 54.947505827505715
484.29479853479853 67.73471861471855
479.17991341991353 68.24620712620701
483.2718215118215 77.45300033300025
463.8352580752581 81.03341991341983
457.18590742590743 85.63681651681642
446.9561371961372 84.10235098235091
438.2608325008326 85.63681651681642
434.68041292041295 89.72872460872455
410.1289643689644 88.7057475857475
419.3357575757576 87.68277056277051
416.26682650682653 82.56788544788535
418.8242690642691 77.45300033300025
408.08301032301034 71.82662670662666
361.0260672660673 75.91853479853472
507.8232700632701 48.809643689643615
498.61647685647694 44.7177355977355
512.4266666666667 41.64880452880442
529.8172760572761 44.7177355977355
539.5355577755578 48.809643689643615
548.742350982351 52.90155178155168
555.3917016317017 52.39006327006316
551.8112820512821 71.31513819513805
556.9261671661674 79.49895437895428
561.5295637695639 75.40704628704621
567.6674259074259 73.36109224109217
570.2248684648685 80.52193140193131
565.6214718614718 89.72872460872455
564.0870063270064 85.63681651681642
573.805288045288 90.24021312021301
582.5005927405928 93.30914418914409
578.9201731601732 81.54490842490836
583.5235697635699 88.19425907425904
588.1269663669664 91.77467865467858
593.7533399933401 79.49895437895428
596.3107825507825 83.59086247086239
600.4026906426907 80.0104428904428
609.6094838494839 79.49895437895428
604.4945987345989 68.75769563769553
597.8452480852482 66.20025308025298
593.7533399933401 70.80364968364957
588.638454878455 68.24620712620701
584.0350582750584 69.78067266067258
580.4546386946387 64.66578754578747
574.3167765567766 66.7117415917415
565.6214718614718 53.92452880452873
555.3917016317017 43.18327006326998
547.7193739593739 43.18327006326998
539.0240692640693 41.64880452880442
566.1329603729605 44.206247086246975
577.8971961371961 43.18327006326998
583.5235697635699 46.76368964368953
594.2648285048286 38.57987345987339
583.0120812520814 33.97647685647676
589.1499433899435 32.44201132201124
572.7823110223112 34.48796536796527
565.6214718614718 32.44201132201124
559.9950982350982 34.48796536796527
556.4146786546787 30.39605727605716
551.8112820512821 26.30414918414909
549.765328005328 30.90754578754568
546.1849084249085 36.533919413919314
536.9781152181154 36.02243090243079
543.1159773559774 24.258195138195006
528.2828105228106 28.861591741591646
520.6104828504829 27.838614718614604
519.5875058275059 21.18926406926398
514.4726207126208 22.723729603729495
512.4266666666667 27.32712620712613
494.52456876456876 37.55689643689635
504.24285048285054 28.350103230103123
503.73136197136205 24.258195138195006
489.9211721611722 28.350103230103123
496.05903429903435 22.723729603729495
482.24884448884455 26.30414918414909
598.8682251082253 87.68277056277051
608.5865068265068 91.77467865467858
608.5865068265068 85.63681651681642
614.2128804528804 86.65979353979347
614.7243689643691 91.26319014319006
620.8622311022311 85.63681651681642
620.8622311022311 81.54490842490836
617.2818115218116 72.84960372960366
622.3966966366968 75.40704628704621
627.5115817515818 61.08536796536787
619.8392540792541 56.9934598734598
610.6324608724609 55.97048285048281
607.5635298035298 48.29815517815509
627.0000932400934 50.85559773559765
609.6094838494839 42.16029304029294
606.5405527805527 32.44201132201124
603.4716217116219 35.51094239094227
614.2128804528804 32.95349983349976
616.7703230103232 33.464988344988235
622.9081851481852 36.533919413919314
631.0920013320014 38.068384948384875
641.8332600732602 38.57987345987339
654.1089843489846 36.02243090243079
636.2068864468865 34.48796536796527
640.8102830502831 67.73471861471855
635.1839094239095 69.78067266067258
637.2298634698636 72.84960372960366
634.6724209124209 77.96448884448871
633.6494438894441 84.6138394938394
629.0460472860473 89.21723609723603
631.0920013320014 93.82063270063257
637.7413519813521 93.82063270063257
635.1839094239095 88.19425907425904
654.6204728604729 95.35509823509813
651.0400532800534 81.03341991341983
654.6204728604729 74.38406926406917
648.9940992340993 69.26918414918406
651.0400532800534 59.550902430902354
662.2928005328007 60.06239094239083
658.7123809523811 52.39006327006316
636.718374958375 60.57387945387935
643.8792141192143 58.016436896436794
668.4306626706627 60.57387945387935
661.781312021312 67.22323010323002
667.9191741591743 69.26918414918406
669.9651282051283 74.89555777555769
670.4766167166168 79.49895437895428
670.4766167166168 83.59086247086239
671.4995937395939 91.26319014319006
661.2698235098236 90.75170163170154
681.2178754578755 87.68277056277051
678.1489443889444 89.72872460872455
676.1029903429906 81.54490842490836
674.0570362970365 72.33811521811514
674.5685248085249 66.20025308025298
674.0570362970365 55.97048285048281
677.1259673659675 56.9934598734598
679.6834099234101 61.08536796536787
684.2868065268067 52.39006327006316
689.9131801531803 51.87857475857464
691.4476456876457 63.131322011321906
700.654438894439 62.61983349983338
690.4246686646687 69.78067266067258
685.3097835497837 71.31513819513805
681.2178754578755 73.36109224109217
679.6834099234101 67.73471861471855
688.3787146187146 107.63082251082243
685.3097835497837 101.49296037296028
685.8212720612721 93.82063270063257
699.1199733599734 110.18826506826498
697.585507825508 99.95849483849477
704.7463469863471 93.82063270063257
711.3956976356977 98.4240293040292
712.9301631701633 100.98147186147176
718.0450482850484 106.09635697635692
712.9301631701633 115.81463869463862
725.7173759573761 110.6997535797535
733.3897036297037 106.6078454878454
739.5275657675659 99.95849483849477
735.4356576756578 93.82063270063257
718.0450482850484 88.19425907425904
709.8612321012323 67.73471861471855
706.7923010323012 61.08536796536787
717.0220712620714 66.20025308025298
719.5795138195139 61.08536796536787
721.1139793539794 55.97048285048281
723.1599333999335 50.85559773559765
727.76333000333 58.016436896436794
729.2977955377957 50.85559773559765
708.3267665667667 54.4360173160172
704.2348584748587 54.4360173160172
700.1429503829505 54.4360173160172
698.6084848484851 40.62582750582738
702.700392940393 41.137316017315904
704.7463469863471 36.02243090243079
688.8902031302032 39.602850482850386
683.775318015318 38.57987345987339
667.4076856476856 34.48796536796527
715.9990942390943 39.602850482850386
726.740352980353 44.206247086246975
728.2748185148187 38.57987345987339
722.648444888445 34.48796536796527
722.1369563769564 30.90754578754568
716.5105827505828 32.95349983349976
711.3956976356977 34.999453879453746
709.8612321012323 36.533919413919314
685.8212720612721 145.4809723609723
680.1948984348985 140.36608724608718
696.562530802531 140.36608724608718
700.1429503829505 152.64181152181143
690.4246686646687 157.7566966366966
687.8672261072262 169.52093240093228
682.7523409923411 185.88856476856475
690.4246686646687 185.3770762570761
703.2118814518816 177.7047485847485
702.1889044289046 184.8655877455877
712.9301631701633 179.7507026307026
714.4646287046289 167.47497835497828
702.700392940393 161.84860472860467
721.1139793539794 155.19925407925405
717.0220712620714 142.4120412920412
719.5795138195139 130.13631701631695
729.8092840492841 133.7167365967365
739.0160772560773 135.25120213120206
739.0160772560773 147.52692640692632
733.3897036297037 164.40604728604725
740.550542790543 180.77367965367955
710.3727206127207 197.14131202131202
708.3267665667667 202.76768564768562
684.5425507825507 355.6505361305362
678.4046886446886 351.5586280386281
686.0770163170164 339.2829037629039
679.4276656676657 328.03015651015664
674.8242690642691 316.7774092574094
690.6804129204129 312.1740126540128
697.841252081252 302.9672194472195
701.4216716616717 262.5596270396272
686.5885048285047 251.30687978687988
692.726366966367 239.0311555111556
684.5425507825507 238.51966699966707
680.4506426906427 228.80138528138536
684.5425507825507 220.61756909756912
687.6114818514818 216.01417249417253
697.841252081252 205.78440226440233
692.726366966367 201.69249417249426
726.9960972360972 212.43375291375298
729.0420512820513 232.89329337329343
735.691401931402 232.89329337329343
722.3927006327007 245.16901764901763
717.789304029304 253.8643223443224
748.9901032301033 253.35283383283388
746.4326606726607 236.9852014652015
760.754338994339 227.2669197469198
775.5875058275058 239.542644022644
764.3347585747586 296.3178687978689
748.9901032301033 299.8982883782885
718.3007925407926 316.26592074592077
706.0250682650683 332.6335531135532
696.3067865467865 329.5646220446221
698.864229104229 361.2769097569098
693.2378554778554 346.9552314352315
713.1859074259074 354.1160705960707
711.1399533799533 344.9092773892775
723.4156776556777 336.7254612054613
735.691401931402 344.9092773892775
724.4386546786548 347.46671994672005
738.760333000333 331.09908757908767
746.4326606726607 321.8922943722944
732.6224708624709 324.449736929737
746.9441491841492 339.79439227439235
749.5015917415917 356.1620246420248
761.2658275058275 346.9552314352315
769.4496436896437 340.81736929736934
779.1679254079255 334.6795071595073
779.679413919414 343.8863003663005
795.0240692640693 342.86332334332343
789.9091841491842 325.98420246420255
798.0930003330003 326.4956909756911
797.0700233100233 309.1050815850817
784.2828105228106 313.70847818847824
774.0530402930403 304.50168498168506
762.2888045288046 324.449736929737
752.0590342990342 310.6395471195471
780.702390942391 256.9332534132535
797.0700233100233 240.56562104562104
809.8572360972361 249.2609257409258
823.667425907426 255.39878787878797
819.5755178155179 242.61157509157513
808.3227705627705 231.35882783882786
805.2538394938396 235.96222444222445
794.5125807525808 222.15203463203468
788.8862071262072 224.7094771894772
780.702390942391 213.96821844821855
782.748344988345 207.31886779886787
783.2598334998336 201.69249417249426
778.656436896437 190.9512354312354
772.5185747585748 199.13505161505165
764.8462470862472 187.88230436230438
760.2428504828505 199.13505161505165
756.1509423909424 209.8763103563104
744.8981951381952 197.60058608058608
756.1509423909424 187.37081585081586
748.9901032301033 183.2789077589078
742.8522410922411 159.75043623043624
756.662430902431 164.3538328338329
756.1509423909424 154.63555111555112
756.1509423909424 144.4057808857809
744.8981951381952 139.8023842823843
752.5705228105229 113.71647019647024
745.9211721611722 103.48669996669997
756.662430902431 133.66452214452215
763.8232700632701 134.6874991674992
763.3117815517816 140.82536130536135
770.4726207126208 153.61257409257414
783.771322011322 151.05513153513158
781.725367965368 179.18699966699972
791.9551381951383 181.74444222444222
770.4726207126208 183.2789077589078
790.4206726606726 192.9971894771895
804.2308624708625 191.46272394272404
804.742350982351 183.79039627039631
806.2768165168166 176.1180685980686
818.0410522810523 161.79639027639033
792.9781152181152 163.33085581085587
798.0930003330003 155.65852813852817
799.6274658674658 150.03215451215453
801.1619314019315 138.26791874791874
801.1619314019315 125.9921944721945
789.9091841491842 121.90028638028637
788.8862071262072 137.75643023643022
779.1679254079255 138.26791874791874
772.0070862470862 109.62456210456212
780.702390942391 111.15902763902763
799.1159773559774 115.25093573093575
799.1159773559774 105.532654012654
773.0300632700634 121.90028638028637
760.2428504828505 105.532654012654
752.0590342990342 102.9752114552115
758.708384948385 95.8143722943723
759.7313619713619 83.02715950715952
750.0130802530803 84.56162504162504
745.4096836496836 69.72845820845824
739.2718215118215 66.65952713952716
743.8752181152181 50.29189477189478
755.6394538794539 62.56761904761904
825.71337995338 180.72146520146518
814.9721212121212 172.02616050616052
802.6963969363969 162.81936729936734
812.4146786546787 157.19299367299374
815.9950982350982 154.63555111555112
824.690402930403 147.47471195471198
832.8742191142192 148.49768897768902
809.3457475857476 146.451734931735
807.8112820512821 132.6415451215451
812.4146786546787 112.6934931734932
832.8742191142192 109.62456210456212
815.4836097236098 130.0841025641026
819.5755178155179 137.24494172494175
823.1559373959374 127.01517149517149
832.8742191142192 136.22196470196477
839.0120812520812 141.84833832833834
847.707385947386 146.9632234432235
848.730362970363 142.35982683982687
853.8452480852483 146.451734931735
854.868225108225 138.26791874791874
850.2648285048285 135.71047619047624
854.3567365967366 131.1070795870796
842.592500832501 125.48070596070598
864.0750183150185 120.36582084582086
852.3107825507826 107.57860805860808
844.1269663669664 109.1130735930736
823.1559373959374 100.4177688977689
825.71337995338 108.0900965700966
834.4086846486846 174.58360306360314
843.1039893439894 176.6295571095571
853.8452480852483 158.72745920745925
865.0979953379955 156.6815051615052
862.5405527805527 144.91726939726942
874.3047885447886 147.9862004662005
876.8622311022311 155.65852813852817
891.1839094239095 158.72745920745925
886.5805128205129 150.54364302364306
879.9311621711623 139.2908957708958
876.8622311022311 125.9921944721945
899.3677256077257 133.66452214452215
893.2298634698634 140.82536130536135
896.2987945387946 151.5666200466201
901.4136796536798 150.03215451215453
890.672420912421 167.93425241425246
886.0690243090244 167.42276390276393
871.2358574758575 169.46871794871794
859.4716217116219 171.0031834831835
861.5175757575757 184.30188478188484
853.8452480852483 179.18699966699972
827.759333999334 189.92825840825847
819.5755178155179 196.57760905760904
811.9031901431902 204.7614252414253
803.7193739593739 208.85333333333335
814.4606327006328 192.9971894771895
823.667425907426 209.8763103563104
814.4606327006328 222.15203463203468
831.8512420912422 204.24993672993676
837.9891042291042 197.60058608058608
850.2648285048285 203.73844821844824
854.3567365967366 213.96821844821855
836.4546386946387 218.06012654012653
833.3857076257076 228.80138528138536
844.1269663669664 232.3818048618049
855.3797136197137 229.3128737928738
840.0350582750583 246.70348318348329
846.6844089244089 249.77241425241434
866.1209723609724 240.56562104562104
872.770323010323 238.00817848817854
876.8622311022311 242.61157509157513
875.3277655677657 231.35882783882786
874.816277056277 220.10608058608062
874.816277056277 212.43375291375298
867.1439493839493 202.71547119547128
873.7933000333 191.46272394272404
870.2128804528805 194.02016650016654
861.0060872460873 190.9512354312354
866.6324608724609 187.37081585081586
879.4196736596737 182.25593073593075
882.4886047286049 191.46272394272404
880.9541391941393 196.06612054612063
890.1609324009326 184.81337329337336
899.3677256077257 188.3937928737929
888.6264668664669 205.2729137529138
901.4136796536798 202.71547119547128
894.2528404928405 217.03714951714957
894.764329004329 224.19798867798877
892.718374958375 240.56562104562104
907.0400532800534 243.12306360306366
924.4306626706627 235.96222444222445
909.5974958374959 227.2669197469198
907.5515417915418 211.92226440226446
931.5915018315018 213.96821844821855
922.8961971361973 208.34184482184492
919.3157775557777 193.50867798867802
931.0800133200134 200.1580286380287
933.6374558774559 205.2729137529138
926.4766167166168 189.92825840825847
919.8272660672661 181.23295371295382
915.7353579753579 176.6295571095571
910.620472860473 174.0721145521146
910.1089843489843 168.9572294372295
907.0400532800534 159.75043623043624
917.2698235098236 164.86532134532135
920.3387545787546 152.58959706959715
927.4995937395938 146.451734931735
917.781312021312 142.8713153513154
915.7353579753579 138.77940725940726
909.5974958374959 138.26791874791874
909.0860073260073 148.49768897768902
931.5915018315018 130.0841025641026
923.4076856476856 132.13005661005664
922.3847086247087 127.52666000666001
928.0110822510823 119.85433233433238
921.8732201132202 113.71647019647024
906.5285647685648 112.18200466200467
900.9021911421912 120.36582084582086
890.672420912421 124.45772893772897
888.6264668664669 109.62456210456212
905.5055877455877 107.06711954711956
905.5055877455877 100.92925740925742
895.2758175158175 102.46372294372297
893.7413519813521 89.16502164502162
887.6034898434898 93.76841824841827
875.8392540792541 105.02116550116553
860.4945987345988 101.95223443223445
857.9371561771562 92.23395271395276
862.5405527805527 88.14204462204464
855.8912021312021 85.07311355311356
812.4146786546787 359.74244422244436
830.3167765567766 360.25393273393274
819.0640293040294 337.2369497169498
807.8112820512821 326.4956909756911
811.9031901431902 318.82336330336335
825.71337995338 283.01916749916757
848.2188744588746 272.27790875790873
858.9601332001332 261.0251615051616
844.1269663669664 313.19698967698974
841.0580352980353 319.8463403263404
829.8052880452881 328.03015651015664
837.4776157176158 333.65653013653025
848.2188744588746 338.7714152514153
848.2188744588746 327.0071794871796
864.5865068265068 350.0241625041625
847.707385947386 353.6045820845822
833.3857076257076 347.46671994672005
852.3107825507826 360.25393273393274
848.2188744588746 364.85732933732936
889.6494438894439 353.09309357309365
890.672420912421 336.7254612054613
866.6324608724609 343.37481185481187
872.770323010323 330.58759906759917
865.6094838494839 299.8982883782885
874.816277056277 285.06512154512166
883.0000932400932 299.3867998667999
887.0920013320014 306.03615051615054
902.4366566766569 313.19698967698974
906.5285647685648 315.75443223443233
893.7413519813521 271.2549317349318
913.6894039294041 268.1860006660008
934.660432900433 260.00218448218453
929.5455477855479 250.79539127539127
940.2868065268066 244.1460406260407
948.9821112221114 256.9332534132535
947.4476456876457 241.5885980685981
952.5625308025309 240.05413253413263
942.3327605727607 230.33585081585082
940.2868065268066 217.5486380286381
950.0050882450884 217.5486380286381
946.9361571761573 209.8763103563104
941.3097835497837 201.18100566100574
947.4476456876457 199.13505161505165
941.3097835497837 195.5546320346321
954.0969963369963 199.13505161505165
954.608484848485 208.34184482184492
963.3037895437897 203.73844821844824
956.6544388944391 218.06012654012653
962.7923010323011 227.77840825840832
968.9301631701632 242.61157509157513
975.5795138195139 244.65752913752922
980.1829104229104 231.35882783882786
981.2058874458875 220.10608058608062
970.9761172161172 223.17501165501173
999.1079853479854 242.61157509157513
988.3667266067267 242.61157509157513
976.0910023310024 260.5136729936731
963.8152780552781 255.39878787878797
947.9591341991343 287.11107559107563
984.7863070263072 266.1400466200467
995.5275657675659 256.9332534132535
1005.7573359973361 260.00218448218453
1014.9641292041292 267.6745121545122
1001.6654279054279 338.7714152514153
978.1369563769565 349.00118548118553
975.5795138195139 334.1680186480187
954.0969963369963 334.1680186480187
936.1948984348984 338.7714152514153
925.4536396936397 325.47271395271406
910.620472860473 324.449736929737
925.9651282051282 310.1280586080587
909.5974958374959 333.65653013653025
910.1089843489843 349.51267399267414
921.8732201132202 342.35183483183494
924.4306626706627 353.09309357309365
911.64344988345 366.90328338328345
940.2868065268066 351.04713952713956
964.8382550782552 354.1160705960707
984.2748185148185 364.85732933732936
998.596496836497 332.17427905427894
999.1079853479854 281.53691641691637
976.6024908424909 286.6518015318015
1007.2918015318015 232.43401931401925
993.9931002331003 229.36508824508815
995.5275657675659 221.18127206127198
1003.1998934398936 221.6927605727605
1009.3377555777556 219.64680652680653
1014.4526406926408 203.27917415917406
995.5275657675659 206.8595937395936
984.2748185148185 208.39405927405926
968.9301631701632 211.9744788544788
973.5335597735599 204.3021511821511
980.1829104229104 195.09535797535793
970.9761172161172 194.5838694638694
949.4935997335998 193.04940392940384
939.2638295038296 180.2621911421911
938.7523409923411 171.56688644688637
932.1029903429904 164.40604728604725
931.5915018315018 158.7796736596736
937.2178754578755 154.17627705627694
937.729363969364 144.96948384948377
942.8442490842491 141.38906426906416
951.5395537795538 140.36608724608718
958.7003929403929 143.94650682650672
959.72336996337 148.5499034299033
959.2118814518816 151.61883449883445
951.5395537795538 158.26818514818507
953.5855078255079 170.0324209124208
949.4935997335998 151.61883449883445
976.0910023310024 162.8715817515817
976.0910023310024 156.73371961371956
973.5335597735599 148.03841491841484
965.3497435897436 142.92352980352968
962.7923010323011 134.22822510822502
975.5795138195139 137.80864468864456
981.2058874458875 141.38906426906416
982.2288644688645 149.06139194139183
982.2288644688645 152.64181152181143
984.7863070263072 158.7796736596736
984.2748185148185 167.9864668664668
993.4816117216118 170.54390942390933
986.3207725607726 174.63581751581748
985.8092840492841 182.8196336996336
979.1599333999336 185.88856476856475
992.4586346986347 185.88856476856475
991.9471461871462 191.00344988344975
1000.642450882451 185.88856476856475
1007.8032900432902 184.8655877455877
999.619473859474 178.21623709623702
1001.1539393939395 172.5898634698634
1008.8262670662672 172.5898634698634
1001.6654279054279 166.45200133200126
1012.4066866466867 168.49795537795532
986.3207725607726 131.15929403929394
991.4356576756577 125.53292041292032
995.0160772560774 122.46398934398924
991.4356576756577 136.27417915417905
996.5505427905429 141.9005527805527
996.5505427905429 147.0154378954378
991.9471461871462 152.13032301032297
1004.734358974359 152.13032301032297
999.619473859474 159.29116217116206
1011.3837096237097 159.29116217116206
1021.1019913419915 165.94051282051274
1022.6364568764569 174.63581751581748
1020.0790143190145 180.77367965367955
1020.5905028305028 187.4230303030302
1022.1249683649685 139.85459873459865
1011.3837096237097 127.57887445887435
1004.2228704628706 128.09036297036286
1009.3377555777556 118.8835697635697
1010.3607326007326 112.23421911421902
1002.6884049284049 107.63082251082243
1007.8032900432902 94.8436097236096
1018.0330602730604 100.98147186147176
1013.9411521811522 90.75170163170154
1020.5905028305028 92.79765567765557
1015.9871062271063 83.07937395937383
1014.9641292041292 72.8496037296036
1003.1998934398936 44.206247086246975
1010.8722211122213 47.78666666666657
1008.3147785547786 38.57987345987335
983.7633300033301 115.3031501831501
989.3897036297038 118.8835697635697
968.4186746586747 113.76868464868458
973.0220712620713 109.67677655677646
956.6544388944391 106.6078454878454
959.2118814518816 111.7227306027305
952.5625308025309 114.79166167166157
946.9361571761573 125.53292041292032
937.2178754578755 115.3031501831501
940.2868065268066 107.1193339993339
940.2868065268066 98.93551781551773
936.706386946387 90.75170163170154
923.9191741591743 102.51593739593731
914.2008924408925 96.8895637695637
909.5974958374959 93.82063270063257
904.4826107226107 88.19425907425894
793.4896037296038 84.6138394938393
778.1449483849483 83.59086247086235
773.0300632700634 93.82063270063257
779.679413919414 91.77467865467858
772.0070862470862 102.51593739593723
764.8462470862472 75.40704628704611
752.5705228105229 47.78666666666653
742.8522410922411 39.09136197136182
817.5295637695638 95.35509823509803
827.759333999334 84.10235098235087
810.8802131202132 75.40704628704611
806.2768165168166 72.8496037296036
802.1849084249085 67.22323010322997
830.3167765567766 60.5738794538793
827.759333999334 70.29216117216104
820.0870063270064 67.73471861471849
815.4836097236098 64.66578754578742
778.656436896437 29.884568764568638
772.5185747585748 28.350103230103077
758.1968964368965 45.22922410922397
753.5934998334999 38.5798734598733
805.2538394938396 59.03941391941374
799.1159773559774 54.947505827505665
790.4206726606726 52.90155178155168
856.4026906426907 61.08536796536782
843.1039893439894 46.76368964368953
822.1329603729603 54.947505827505665
823.667425907426 60.06239094239078
814.9721212121212 56.48197136197123
807.2997935397935 51.878574758574594
816.5065867465869 46.76368964368953
803.7193739593739 46.76368964368953
803.7193739593739 40.11433899433886
796.0470462870462 40.11433899433886
797.5815118215119 36.533919413919264
844.6384548784548 61.08536796536782
832.8742191142192 50.8555977355976
954.0969963369963 96.37807525807507
950.0050882450884 89.72872460872449
968.9301631701632 98.93551781551767
978.6484448884449 98.42402930402915
966.8842091242093 88.19425907425894
961.769324009324 87.68277056277041
955.631461871462 87.17128205128189
897.3217715617716 75.91853479853472
890.672420912421 74.89555777555759
884.0230702630703 81.03341991341979
877.8852081252082 78.47597735597724
876.3507425907426 87.68277056277041
870.724368964369 88.19425907425894
709.0939993339992 30.907545787545633
756.1509423909424 31.930522810522625
746.9441491841492 34.48796536796523
842.592500832501 52.39006327006307
847.1958974358976 52.39006327006307
857.9371561771562 53.92452880452868
864.0750183150185 50.8555977355976
857.9371561771562 48.809643689643565
851.7992940392942 45.74071262071249
868.1669264069264 46.25220113220101
871.2358574758575 55.45899433899419
865.6094838494839 73.8725807525806
872.770323010323 67.22323010322997
910.1089843489843 81.54490842490826
918.8042890442891 77.45300033300019
913.6894039294041 75.40704628704611
914.2008924408925 67.22323010322997
917.781312021312 61.08536796536782
905.5055877455877 58.016436896436744
899.8792141192141 62.10834498834486
896.8102830502831 67.22323010322997
887.0920013320014 64.66578754578742
881.4656277056278 59.550902430902354
885.5575357975359 59.550902430902354
890.1609324009326 55.97048285048271
885.5575357975359 52.90155178155168
955.631461871462 62.10834498834486
954.608484848485 44.71773559773545
969.4416516816518 50.34410922410908
977.1139793539795 75.40704628704611
961.769324009324 65.17727605727593
932.6144788544789 66.71174159174146
937.729363969364 62.10834498834486
932.6144788544789 50.8555977355976
924.4306626706627 55.97048285048271
919.8272660672661 54.43601731601715
910.620472860473 50.34410922410908
901.9251681651682 48.809643689643565
898.8562370962371 41.64880452880437
915.7353579753579 34.999453879453746
850.2648285048285 39.602850482850336
854.868225108225 41.64880452880437
844.1269663669664 38.5798734598733
840.0350582750583 41.137316017315904
837.9891042291042 40.62582750582738
832.3627306027307 40.62582750582738
829.8052880452881 41.64880452880437
829.2937995337996 24.258195138195006
822.1329603729603 41.64880452880437
785.817276057276 25.79266067266052
790.9321611721613 21.700752580752404
789.9091841491842 18.120333000332856
787.3517415917416 20.16628704628689
780.702390942391 18.631821511821375
764.3347585747586 23.235218115217965
762.2888045288046 24.258195138195006
694.2608325008325 33.97647685647671
686.5885048285047 32.95349983349966
681.4736197136198 30.907545787545633
675.3357575757576 32.44201132201115
672.2668265068265 30.39605727605716
663.5715218115218 26.304149184149043
658.4566366966367 27.327126207126035
655.8991941391942 29.37308025308012
650.7843090243091 27.838614718614554
645.1579353979355 32.44201132201115
635.9511421911421 29.884568764568638
644.6464468864468 23.746706626706487
860.4945987345988 34.999453879453746
852.3107825507826 18.631821511821375
846.1729204129205 18.631821511821375
838.5005927405928 14.539913419913258
842.0810123210124 28.350103230103077
843.6154778554778 30.39605727605716
975.5795138195139 64.66578754578742
1001.6654279054279 89.72872460872449
979.1599333999336 84.6138394938393
976.0910023310024 83.59086247086235
969.4416516816518 76.43002331002315
940.2868065268066 83.59086247086235
945.9131801531802 59.03941391941374
938.7523409923411 56.48197136197123
880.9541391941393 34.48796536796523
872.770323010323 41.137316017315904
868.678414918415 35.51094239094227
867.655437895438 39.602850482850336
892.2068864468866 47.78666666666653
878.9081851481852 50.34410922410908
700.6544388944392 27.838614718614654
690.424668664669 27.838614718614654
685.3097835497838 25.281172161172098
676.614478854479 26.30414918414909
715.487605727606 25.792660672660617
706.2808125208128 25.281172161172098
711.3956976356978 28.861591741591695
727.2518414918417 27.32712620712613
735.9471461871465 14.028424908424835
721.1139793539796 22.72372960372954
724.6943989343993 19.654798534798466
746.1769164169167 16.07437895437887
749.7573359973362 14.028424908424835
753.8492440892444 5.844608724608649
762.0330602730605 6.3560972360971695
766.1249683649686 5.844608724608649
766.1249683649686 16.58586746586739
769.7053879453882 16.58586746586739
776.3547385947389 11.982470862470802
753.3377555777558 18.120333000332952
747.7113819513822 23.235218115218064
749.2458474858478 30.396057276057206
754.3607326007328 25.281172161172098
786.0730203130206 3.7986546786545663
786.0730203130206 11.47098235098228
814.7163769563773 23.746706626706583
798.8602331002335 23.746706626706583
798.8602331002335 30.396057276057206
790.6764169164172 30.396057276057206
791.6993939393942 36.53391941391936
792.7223709623713 43.6947585747585
862.5405527805527 29.373080253080165
866.6324608724609 23.235218115218014
861.5175757575757 20.67777555777546
864.5865068265068 18.631821511821375
874.816277056277 22.723729603729495
878.9081851481852 25.79266067266057
874.816277056277 28.861591741591646
880.9541391941393 29.373080253080165
886.5805128205129 32.44201132201124
889.6494438894439 19.143310023309898
883.5115817515818 16.58586746586739
895.2758175158175 16.07437895437887
907.0400532800534 23.235218115218014
976.6024908424909 53.92452880452873
980.1829104229104 52.39006327006316
1022.1249683649685 18.120333000332906
995.0160772560774 20.16628704628694
139.55154179154187 10.961838161838145
145.689403929404 11.473326673326666
150.8042890442891 16.588211788211776
155.9191741591742 16.07672327672328
160.0110822510823 7.892907092907093
173.30978354978362 4.823976023976017
168.70638694638703 14.03076923076922
165.63745587745595 21.703096903096885
160.52257076257084 26.3064935064935
156.94215118215124 23.749050949050943
146.712380952381 24.26053946053944
185.07401931401935 29.375424575424574
246.96412920412928 24.772027972027963
238.78031302031312 31.421378621378633
249.52157176157183 30.39840159840159
251.05603729603737 24.772027972027963
251.05603729603737 20.680119880119893
262.3087845487846 19.145654345654332
264.35473859473865 12.496303696303709
256.17092241092246 6.869930069930076
271.5155777555778 17.099700299700295
271.00408924408936 19.65714285714285
272.02706626706635 31.421378621378633
261.28580752580757 37.55924075924076
277.14195138195146 24.26053946053944
283.7913020313021 24.26053946053944
288.9061871461872 23.749050949050943
284.81427905427915 17.611188811188818
276.1189743589744 11.984815184815186
281.2338594738595 12.496303696303709
284.81427905427915 9.42737262737263
290.95214119214126 14.03076923076922
294.5325607725608 19.65714285714285
297.0900033300034 22.214585414585407
302.716376956377 23.23756243756245
302.2048884448885 17.611188811188818
302.2048884448885 9.42737262737263
307.31977355977364 13.519280719280697
307.83126207126213 3.289510489510479
312.94614718614724 6.358441558441556
319.59549783549795 4.823976023976017
311.41168165168176 17.099700299700295
308.3427505827506 22.726073926073926
313.4576356976358 23.749050949050943
319.59549783549795 27.329470529470516
324.1988944388945 25.795004995005
322.1529403929405 20.168631368631374
317.03805527805537 19.145654345654332
322.1529403929405 13.519280719280697
327.2678255078256 16.07672327672328
327.7793140193141 7.892907092907093
331.35973359973366 11.984815184815186
335.4516416916418 9.938861138861151
333.40568764568775 6.869930069930076
327.2678255078256 3.289510489510479
339.0320612720613 4.823976023976017
344.65843489843496 3.800999000999
342.6124808524809 13.007792207792203
337.4975957375958 17.099700299700295
331.87122211122215 23.23756243756245
330.84824508824516 27.84095904095904
336.47461871461877 28.86393606393608
339.0320612720613 22.214585414585407
344.14694638694647 23.23756243756245
348.23885447885453 15.565234765234758
348.23885447885453 10.961838161838145
357.9571361971363 11.984815184815186
355.9111821511823 17.099700299700295
365.11797535797547 11.473326673326666
364.6064868464869 7.381418581418572
361.5375557775559 2.266533466533462
371.2558374958376 4.312487512487521
370.7443489843491 8.91588411588411
368.18690642690643 14.03076923076922
368.698394938395 21.703096903096885
370.2328604728606 27.84095904095904
357.44564768564777 30.909890109890114
344.14694638694647 28.86393606393608
357.9571361971363 23.749050949050943
359.4916017316018 20.680119880119893
376.3707226107227 16.588211788211776
376.3707226107227 10.450349650349649
382.50858474858484 7.892907092907093
389.15793539793543 5.335464535464538
390.1809124209125 10.961838161838145
384.55453879453887 14.03076923076922
386.6004928404929 19.65714285714285
383.5315617715618 24.772027972027963
387.11198135198146 27.84095904095904
391.715377955378 19.145654345654332
395.2957975357976 17.099700299700295
398.36472860472867 11.984815184815186
401.4336596736598 17.099700299700295
403.99110223110233 10.961838161838145
398.8762171162172 3.800999000999
395.8072860472861 8.404395604395589
401.4336596736598 21.19160839160839
410.640452880453 21.703096903096885
411.1519413919414 14.03076923076922
420.3587345987347 13.007792207792203
418.3127805527806 20.168631368631374
418.3127805527806 25.283516483516486
424.4506426906428 24.26053946053944
424.4506426906428 18.122677322677337
429.0540392940394 18.634165834165834
430.58850482850494 24.26053946053944
432.1229703629704 27.329470529470516
435.1919014319015 19.65714285714285
442.3527405927407 19.65714285714285
418.8242690642692 2.7780219780219584
425.9851082251083 2.7780219780219584
452.5825108225109 6.869930069930076
460.76632700632706 6.358441558441556
466.3927006327007 6.358441558441556
467.41567765567777 3.800999000999
474.0650283050284 4.312487512487521
480.2028904428906 4.823976023976017
475.5994938394939 15.053746253746262
464.8582350982351 22.214585414585407
450.53655677655684 26.817982017982022
445.93316017316016 30.909890109890114
440.81827505827516 29.375424575424574
433.14594738594747 33.97882117882119
473.0420512820514 22.214585414585407
475.5994938394939 23.749050949050943
483.2718215118216 20.680119880119893
484.80628704628714 16.588211788211776
490.4326606726608 20.168631368631374
497.5934998334999 17.611188811188818
492.47861471861466 15.565234765234758
486.8522410922412 10.961838161838145
492.9901032301033 6.358441558441556
499.639453879454 10.450349650349649
503.2198734598735 14.54225774225774
503.73136197136193 8.404395604395589
511.40368964368963 12.496303696303709
513.4496436896437 16.588211788211776
518.0530402930403 13.007792207792203
514.4726207126208 7.381418581418572
507.8232700632701 3.800999000999
522.1449483849485 5.335464535464538
527.2598334998335 8.404395604395589
526.2368564768565 15.053746253746262
533.3976956376957 13.007792207792203
538.0010922410924 9.42737262737263
538.0010922410924 2.7780219780219584
541.5815118215119 3.800999000999
544.6504428904431 7.381418581418572
550.7883050283051 4.823976023976017
545.6734199134198 11.984815184815186
541.0700233100233 16.588211788211776
531.8632301032301 6.358441558441556
548.742350982351 17.611188811188818
549.765328005328 11.984815184815186
559.4836097236097 21.19160839160839
554.3687246087245 19.145654345654332
554.880213120213 11.473326673326666
561.5295637695638 15.053746253746262
558.4606327006326 5.335464535464538
567.1559373959374 6.869930069930076
570.7363569763569 8.91588411588411
569.7133799533799 21.703096903096885
565.6214718614718 23.23756243756245
577.897196137196 23.749050949050943
588.1269663669663 25.283516483516486
586.5925008325007 19.145654345654332
589.1499433899432 13.007792207792203
584.5465467865466 12.496303696303709
587.6154778554778 8.404395604395589
580.4546386946386 4.823976023976017
574.828265068265 10.450349650349649
597.3337595737595 10.961838161838145
597.3337595737595 16.588211788211776
592.2188744588743 20.680119880119893
598.3567365967365 21.19160839160839
601.9371561771561 17.099700299700295
602.4486446886445 12.496303696303709
593.7533399933399 5.335464535464538
587.1039893439893 3.289510489510479
602.4486446886445 4.823976023976017
612.1669264069263 4.312487512487521
612.6784149184148 10.450349650349649
622.3966966366967 11.984815184815186
619.3277655677655 8.91588411588411
616.770323010323 18.634165834165834
604.4945987345986 26.3064935064935
598.868225108225 26.817982017982022
594.7763170163169 26.817982017982022
613.1899034299033 25.283516483516486
618.3047885447885 29.375424575424574
623.9311621711621 25.283516483516486
629.5575357975357 25.283516483516486
635.6953979353979 20.168631368631374
637.2298634698634 11.473326673326666
643.8792141192141 9.938861138861151
627.0000932400932 7.892907092907093
641.83326007326 19.145654345654332
653.0860073260072 15.565234765234758
658.712380952381 18.122677322677337
660.2468464868464 12.496303696303709
663.3157775557775 20.168631368631374
669.9651282051282 16.588211788211776
675.0800133200132 18.122677322677337
677.1259673659673 14.54225774225774
680.1948984348984 11.473326673326666
673.0340592740592 5.846953046953034
680.1948984348984 5.846953046953034
683.2638295038295 19.65714285714285
688.8902031302031 14.54225774225774
696.0510422910422 10.961838161838145
687.3557375957375 6.869930069930076
701.1659274059273 7.892907092907093
704.2348584748584 6.358441558441556
703.2118814518814 16.07672327672328
695.0280652680652 16.588211788211776
692.4706227106227 22.726073926073926
688.3787146187145 21.703096903096885
708.838255078255 14.54225774225774
714.9761172161171 13.007792207792203
720.6024908424907 16.07672327672328
726.2288644688643 12.496303696303709
735.9471461871461 8.404395604395589
721.6254678654678 3.800999000999
823.9231701631701 18.122677322677337
840.802291042291 21.703096903096885
