42.728842382534054 614.6646115103229
64.64665060171214 614.0801366244781
79.8429976336756 607.0664379943411
75.02107982545644 592.0162096838388
62.01651361541077 581.6417804600944
50.1808971770546 590.4089037477657
27.240257907648207 585.4408672180854
15.989116355136796 569.6600453002771
2.253956537785194 582.9568489532452
69.03021224554774 562.2079905057566
31.623819551483823 535.7605019212817
60.84756384372126 532.2536526062132
59.970851514954155 541.0207758938844
50.03477845559341 519.6874425605512
65.96171909486281 520.418036167857
7.806467953310309 523.9248854829256
33.52336293047926 517.0573055742498
171.89779215422354 545.2582188162589
161.23112548755688 538.390638907583
183.29505242819616 535.0299083139757
195.4229063094747 569.0755704144325
205.79733553321896 578.5732873094096
202.43660493961167 524.8015978116927
181.83386521358426 505.2216891358936
151.0028149852738 522.3175795468525
168.68318028207742 505.36780785735476
113.15806612682628 493.2399539760762
97.08500676609569 509.459132058268
69.03021224554774 500.10753388475206
59.824732793492956 496.7468032911447
51.64208439166647 500.6920087705968
26.071308135958716 503.176027035437
11.60555471130118 498.6463466701402
21.979983935045468 487.10296767470635
55.29505242819616 488.71027361077944
80.42747251952036 482.5732873094095
84.37267799897242 503.3221457568981
123.09413918618701 486.22625534593925
134.9297556245432 496.3084471267612
141.35897936883543 485.4956617386333
175.84299763367562 492.2171229258479
185.19459580719158 492.2171229258479
200.68318028207742 506.0984014646607
206.82016658344727 496.01620968383884
214.12610265650665 530.7924653916014
96.50053188025095 491.6326480400032
164.88409352408655 486.22625534593925
182.27222137796784 483.59611835963784
34.10783781632401 484.03447452402145
22.418340099429027 522.9020544326972
10.874961103995243 455.05734899304576
25.48683325011397 455.2034677145069
41.70601133230574 453.0116868925892
49.011947405365106 458.41807958665305
62.454869779794336 443.3678512761508
50.91149078436054 441.3221891756942
37.32244968847013 443.66008871907314
30.308751058333133 433.57789693825123
22.418340099429027 437.81533986062567
6.929755624543191 443.513969997612
1.523362930479258 393.8336047008083
7.952586674771499 380.2445636049179
22.71057754235141 354.3815499062878
12.190029597145925 362.5641983081142
12.043910875684743 355.84273712089964
4.0073811953194465 358.7651115501233
52.22655927751123 354.3815499062878
43.897792154223545 354.52766862774894
42.728842382534054 358.7651115501233
46.82016658344729 347.95232616199553
37.03021224554775 365.0482165729544
30.600988501255515 361.1030110935024
53.39550904920072 341.5231024177032
62.30875105833314 338.60072798847955
46.96628530490849 337.43177821679
15.25852274783086 333.486572737338
4.299618638241819 351.7514129199864
26.65578302180346 349.2673946551462
67.56902503093588 344.15323940400464
81.30418484828748 338.74684670994077
66.69231270216875 370.4546092670183
62.16263233687195 370.8929654314019
70.49139946015963 373.81533986062567
76.77450448299068 372.79250881039735
68.15349991678062 386.8199060706713
93.57815745102721 379.3678512761508
87.14893370673497 373.81533986062567
92.84756384372126 355.84273712089964
108.62838576152947 355.98885584236086
112.13523507659798 374.2536960250092
105.99824877522813 385.6509562989818
119.29505242819614 375.7148832396211
130.4000752592464 378.783376390306
120.61012092134685 408.5915955683882
114.91149078436054 423.2034677145069
82.76537206289935 437.08474625331974
91.3863766291094 459.29479191542015
106.29048621815049 453.1578056140503
116.22655927751121 451.40438095651604
114.61925334143818 441.3221891756942
128.93888804463452 427.8792668012649
136.2448241176939 440.0071206825435
140.48226704006828 462.21716634464394
152.61012092134683 458.1258421437307
155.97085151495412 445.55963209806856
173.2128606473742 444.53680104784024
179.64208439166643 438.69205218939277
185.77907069303635 444.2445636049179
185.9251894144975 427.5870293583426
178.32701589851578 412.39068232637914
160.50053188025095 431.5322348377946
142.23569169760253 424.22629876473525
146.76537206289936 388.5733307282056
161.08500676609566 382.2902257053745
129.96171909486281 407.56876451815987
127.47770083002264 391.6418238788905
139.02107982545647 368.99342205240646
148.51879672043358 373.5231024177032
155.67861407203176 371.03908415286304
146.91149078436055 364.60986040857085
136.39094283915503 368.2628284451006
104.53706156061624 344.0071206825434
117.39550904920071 335.5322348377946
134.19916201723726 340.3541526460138
137.26765516792216 345.3221891756941
148.6649154418948 344.7377142898494
138.72884238253403 354.6737873492101
153.9251894144975 358.472874107201
160.7927693231733 349.121275933685
153.34071452865277 343.8610019610823
174.5279291405249 351.7514129199864
171.02107982545647 368.2628284451006
179.64208439166643 465.13954077386774
215.44117114965732 432.4089471665617
218.3635455788811 407.1304083537764
174.23569169760253 339.03908415286304
190.01651361541076 340.3541526460138
192.93888804463452 336.11670972363936
198.19916201723728 333.3404540158768
204.48226704006828 334.21716634464394
210.0347784555934 340.9386275318585
212.08044055605004 350.5824631482969
198.34528073869842 353.797075020443
189.8703948939496 354.3815499062878
217.9251894144975 360.3724174861964
215.14893370673494 371.9157964816302
200.09870539623267 371.76967776016903
193.81560037340162 372.3541526460138
40.82929900353862 401.28565949532884
71.36811178892675 408.7377142898494
91.82473279349296 404.2080339245526
159.76993827294498 332.4637416871097
137.7060113323057 333.0482165729544
28.116970236415334 303.67835355925575
22.85669626381259 305.1395407738676
26.2174268574199 314.1989015044612
25.48683325011397 326.472874107201
20.226559277511228 327.2034677145069
19.057609505821723 320.6281252487535
12.336148318607115 320.33588780583113
1.6694816519404483 302.65552250902743
1.6694816519404483 307.3313215957855
60.26308895787652 319.6052941985252
63.62381955148383 311.8610019610823
65.66948165194044 302.0710476231827
86.56445882089021 323.2582622350548
60.84756384372126 329.10301109350235
70.19916201723726 327.78794260035164
131.4229063094747 327.2034677145069
161.23112548755688 317.85186954099095
173.5050980902966 324.8655681711279
184.61012092134683 326.1806366642786
192.06217571586737 322.81990607067127
179.93432183458887 319.3130567556028
134.9297556245432 313.9066640615389
109.5050980902966 303.97059100217814
112.71970996244275 297.10301109350235
102.05304329577608 300.755979130032
114.47313461997696 288.92036269167585
101.90692457431486 308.9386275318585
112.42747251952035 315.6600887190731
104.97541772499982 322.9660247921325
128.35441315878978 293.74228049989506
136.97541772499983 292.5733307282056
139.75167343276235 284.0984448834567
145.59642229120982 285.85186954099095
149.10327160627833 282.05278278300005
145.88865973413226 277.3769836962421
136.82929900353858 268.17150424418725
123.67861407203178 271.67835355925575
117.39550904920071 274.8929654314019
110.23569169760255 281.9066640615389
109.5050980902966 273.1395407738676
118.71057754235142 264.9568923720411
109.65121681175779 263.2034677145069
101.76080585285368 263.0573489930457
115.49596567020528 255.89753164144756
104.53706156061624 251.22173255468954
103.36811178892675 254.58246314829688
101.03021224554777 249.17607045423293
202.87496110399525 322.81990607067127
15.696878912214423 249.17607045423293
23.441171149657336 243.47744031724662
30.308751058333133 249.02995173277174
3.422906309474693 293.30392433551145
25.048477085730408 297.24912981496357
70.783636903082 254.29022570537447
58.94802046472583 303.67835355925575
50.91149078436054 319.02081931268043
53.97998393504547 331.73314807980375
139.60555471130118 254.29022570537447
126.89322594417789 253.12127593368498
146.47313461997697 255.60529419852517
166.92975562454316 278.25369602500916
188.99368256518244 280.1532394040046
191.62381955148385 289.94319374190417
195.71514375239707 285.85186954099095
206.96628530490847 272.11670972363936
203.45943598983996 264.81077365057996
211.34984694874407 265.5413672578859
191.03934466563905 269.48657273733795
199.36811178892674 258.3815499062877
204.6283857615295 247.2765270752375
192.35441315878978 249.7605453400777
184.17176475696326 248.445476846927
218.3635455788811 254.43634442683566
98.54619398070757 319.89753164144753
129.81560037340165 263.0573489930457
145.1580661268263 262.91123027158454
152.4640021998856 263.0573489930457
49.45030356974867 246.39981474647038
173.5050980902966 314.49113894738366
158.01651361541073 307.3313215957855
154.5096643003423 299.29479191542015
139.60555471130118 307.9157964816302
140.77450448299064 313.6144266186165
132.00738119531943 305.5778969382512
120.46400219988567 355.6966183994384
126.89322594417789 361.9797234222695
192.35441315878978 351.75141291998636
213.39550904920068 339.03908415286304
219.82473279349298 341.2308649747809
224.2082944373286 333.3404540158768
212.08044055605004 317.55963209806856
219.3863766291094 312.445476846927
173.35897936883543 278.107577303548
175.40464146929205 272.7011846094841
213.10327160627833 257.797075020443
226.54619398070756 293.1578056140503
225.52336293047924 303.23999739487226
228.44573735970297 303.97059100217814
225.66948165194046 308.2080339245526
226.98455014509113 370.74684670994077
228.2996186382418 347.2217325546896
26.801901743264644 235.29479191542015
21.6877464921231 233.24912981496354
33.23112548755688 232.37241748619638
44.19002959714592 235.58702935834253
47.25852274783085 226.08931246336533
52.22655927751123 222.43634442683566
60.70144512226008 219.36785127615073
53.83386521358428 216.00712068254344
78.82016658344729 217.7605453400777
64.64665060171214 238.50940378756627
67.71514375239705 224.1897690843699
74.14436749668931 205.9249289017215
51.49596567020529 195.69661839943842
4.884093524086565 215.42264579669867
4.884093524086565 209.5778969382512
20.66491544189479 210.74684670994068
29.724276172488388 207.67835355925575
14.527929140524924 235.29479191542015
8.683180282077435 227.69661839943842
2.8384314236299475 232.37241748619638
21.833865213584282 216.00712068254344
14.820166583447296 198.32675538573977
45.797335533218984 178.74684670994068
96.64665060171214 241.13954077386765
115.20372822728291 233.3952485364247
132.15349991678065 248.73771428984938
134.05304329577606 238.80164123048866
129.0850067660957 243.18520287432426
126.45486977979434 245.8153398606256
139.02107982545647 212.35415264601374
122.50966430034228 219.07561383322837
121.77907069303635 227.11214351359365
96.79276932317332 212.50027136747494
95.47770083002264 212.93862753185851
115.49596567020528 239.53223483779456
192.7927693231733 206.5094037875663
187.24025790764819 216.00712068254344
207.40464146929205 174.0710476231827
205.6512168117578 179.9157964816302
213.97998393504548 219.07561383322837
211.78820311312765 212.35415264601374
192.06217571586737 227.98885584236078
181.24939032773955 228.7194494496667
227.86126247385823 250.49113894738363
222.7471072227167 251.07561383322837
224.64665060171217 236.90209785149318
227.86126247385823 229.0116868925891
201.26765516792221 207.093878673411
209.74254101267104 199.64182387889048
225.96171909486284 203.8792668012649
226.98455014509113 211.47744031724662
203.89779215422354 201.83360470080828
205.79733553321896 196.57333072820552
193.81560037340162 173.48657273733792
180.08044055605 173.48657273733792
201.26765516792221 158.43634442683566
192.06217571586737 158.1441069839133
198.783636903082 155.07561383322837
207.40464146929205 156.39068232637905
226.69231270216872 152.59159556838816
226.10783781632398 161.79707502044295
192.06217571586737 187.3678512761507
211.64208439166646 148.64639008893607
201.26765516792221 149.37698369624204
215.44117114965732 149.37698369624204
120.17176475696327 218.05278278300003
196.88409352408655 205.48657273733792
194.40007525924642 218.3450202259224
203.45943598983996 220.6829197693014
210.61925334143814 229.8883992213562
216.4640021998856 211.4774403172466
225.23112548755688 191.8975316414475
223.769938272945 191.31305675560276
220.99368256518244 181.5231024177032
209.88865973413226 243.91579648163017
58.36354557888108 186.4911389473836
62.16263233687195 181.23086497478087
45.06674192591305 193.066481413137
68.00738119531944 178.45460926701833
72.68318028207744 196.28109328528313
72.09870539623269 207.67835355925575
343.6603492318491 454.60081482607154
352.7197099624427 446.1259289813227
367.03934466563913 449.9250157393136
377.852130053767 444.95697920963323
365.8703948939496 424.7925956479894
357.1032716062784 432.39076916397113
344.2448241176939 427.7149700772131
335.76993827294507 430.34510706351443
331.3863766291094 432.39076916397113
327.2950524281962 447.29487875301226
287.8429976336756 450.80172806808076
292.2265592775112 432.97524404981584
269.72427617248843 449.04830341054645
263.2950524281962 453.1396276114597
291.0576095058218 422.74693354753276
321.1580661268263 425.3770705338341
320.57359124098156 416.3177098032406
319.98911635513684 395.8610887986743
342.19916201723726 412.81086048817207
355.9343218345889 413.3953353740168
382.23569169760253 402.29031254296655
366.4548697797943 379.78802943794375
394.8019017432647 384.4638285247017
417.5964222912099 353.1944221320077
418.18089717705465 362.838257748446
426.07130813595876 366.05286962059216
423.4411711496574 378.03460478040944
433.0850067660957 358.162458661688
443.6055547113012 365.46839473474733
447.9891163551368 374.2355180224186
455.0028149852738 376.86565500871995
463.76993827294507 395.27661391282953
456.17176475696334 400.2446504425099
438.63751818162086 396.4455636845191
435.42290630947474 404.9204495292679
427.24025790764824 402.87478742881126
433.3772442090181 419.24008423246426
439.51423051038796 418.0711344607748
449.74254101267104 412.2263856023273
446.527929140525 446.4181664242451
402.10783781632404 448.7560659676241
412.6283857615295 451.67844039684786
394.5096643003423 431.51405683520403
413.50509809029666 416.02547236031813
407.6603492318491 414.27204770278394
363.5324953505706 408.135061401414
270.3087510583332 403.1670248717337
288.135235076598 401.70583765712183
292.51879672043367 408.135061401414
459.9708515149542 360.2081207621446
456.75623964280805 353.7788970178524
457.04847708573044 349.10309793109434
466.10783781632404 342.0893993009574
474.87496110399525 343.2583490726469
483.6420843916665 343.2583490726469
443.31331726837885 352.3177098032406
435.71514375239707 337.99807510004416
442.7288423825341 336.5368878854323
447.9891163551368 339.1670248717337
452.66491544189483 337.12136277127706
464.93888804463455 331.568851355752
436.5918560811642 322.5094906251583
431.91605699440623 320.17159108177935
452.66491544189483 325.1396276114597
458.8019017432647 323.9706778397702
461.43203872956605 315.78802943794375
452.66491544189483 318.4181664242451
445.9434542546802 316.080266880866
470.783636903082 314.03460478040944
473.121536446461 321.04830341054645
469.9069245743149 304.3907691639711
473.7060113323058 306.1441938215054
468.1534999167807 323.9706778397702
483.6420843916665 320.4638285247017
480.7197099624427 329.52318925529534
493.2859200081049 313.45012989456467
502.92975562454325 320.4638285247017
496.20829443732856 339.459262314656
496.50053188025095 332.7378011274414
492.4092076793377 328.93871436945057
504.97541772499983 329.8154266982177
504.39094283915506 342.0893993009574
508.19002959714595 344.135061401414
511.1124040263697 340.04373720050074
484.811034163356 347.6419107164825
490.07130813595876 343.84282395849164
515.4959656702054 335.0757006708205
535.0758743460044 348.5186230452496
523.9708515149541 343.2583490726469
519.0028149852739 347.9341481594049
508.19002959714595 351.148760031551
483.6420843916665 359.03917099045515
480.4274725195204 366.92958194935926
496.50053188025095 370.1441938215054
550.8566962638126 355.82455911830897
554.9480204647258 350.56428514570626
559.9160569944062 352.3177098032406
556.9936825651826 343.84282395849164
565.7608058528537 343.2583490726469
550.5644588208902 374.52775546534104
566.0530432957761 379.4957919950213
554.9480204647258 401.12136277127706
531.2767875880135 389.1396276114597
518.7105775423514 399.6601755566652
512.8658286839039 389.7241024973044
485.39550904920077 413.9798102598615
495.91605699440623 413.3953353740168
504.6831802820775 411.9341481594049
478.38181041906375 452.55515272561496
485.39550904920077 460.1533262415967
501.4685684099313 447.5871161959345
439.51423051038796 444.08026688086613
471.07587434600435 413.9798102598615
485.9799839350455 402.29031254296655
470.783636903082 375.4044677941081
483.6420843916665 379.78802943794375
482.76537206289936 337.4136002141994
511.1124040263697 332.4455636845191
542.6740478619861 307.0209061502725
550.2722213779679 299.13049519136837
561.9617190948628 307.31314359319487
568.0987053962327 304.0985317210487
564.8840935240867 295.03917099045515
552.3178834784245 285.68757281693917
542.6740478619861 283.34967327356014
537.7060113323058 292.40903400415374
538.2904862181505 296.500358205067
540.0439108756848 300.00720752013547
527.4777008300226 282.472960944793
523.3863766291095 290.9478467895419
525.432038729566 302.92958194935926
532.1534999167807 310.52775546534093
538.5827236610729 317.24921665255556
546.1808971770546 317.83369153840033
544.1352350765981 328.06200204068347
554.9480204647258 324.2629152826926
592.6466506017123 303.514056835204
213.32244968847016 378.6190796662542
590.0165136154108 430.34510706351443
577.4503035697487 429.176157291825
568.6831802820774 423.62364587629986
550.8566962638126 432.97524404981584
545.0119474053652 449.9250157393136
539.7516734327625 458.6921390269848
561.0850067660958 458.6921390269848
561.6694816519404 417.1944221320077
541.5050980902967 417.48665957493
533.0302122455478 428.59168240598024
530.107837816324 420.11679656123135
532.7379748026254 412.81086048817207
525.1398012866437 416.9021846890853
512.2813537980592 439.9889426799528
503.51423051038796 430.6373445064369
541.5050980902967 385.9250157393136
562.2539565377853 391.1852897119163
576.2813537980592 387.6784403968478
583.879527314041 387.6784403968478
587.6786140720318 390.3085773831492
597.3224496884701 402.29031254296655
586.5096643003424 405.5049244151127
579.2037282272829 408.4272988443364
613.9799839350455 397.61451345620856
597.0302122455478 379.20355455209904
604.9206232044519 371.31314359319487
523.3863766291095 364.29944496305785
535.6603492318492 370.7286687073501
565.7608058528537 362.838257748446
573.9434542546801 354.36337190369716
589.7242761724884 353.1944221320077
583.0028149852737 359.03917099045515
580.3726779989726 338.29031254296655
572.7745044829907 335.36793811374275
512.8658286839039 376.5734175657976
505.8521300537669 371.31314359319487
540.0439108756848 347.9341481594049
544.4274725195204 344.135061401414
534.4913994601596 333.90675089913094
522.2174268574199 325.1396276114597
514.9114907843606 328.3542394836058
521.9251894144975 336.5368878854323
559.3315821085615 321.04830341054645
567.2219930674656 326.3085773831492
577.4503035697487 328.3542394836058
582.7105775423514 318.4181664242451
587.094139186187 311.9889426799528
584.1717647569632 297.9615454196788
579.2037282272829 292.9935088899985
635.6055547113012 378.6190796662542
656.9388880446345 408.135061401414
590.3087510583332 423.33140843337753
686.1626323368721 412.81086048817207
675.3498469487441 422.45469610461043
706.0347784555934 400.2446504425099
706.9114907843605 382.4181664242451
694.3452807386985 376.5734175657976
680.3178834784245 391.7697645977611
688.2082944373286 387.6784403968478
670.3818104190638 387.09396551100303
664.5370615606163 383.29487875301226
652.555326400799 390.0163399402268
655.7699382729451 375.9889426799528
660.7379748026254 373.9432805794962
676.5187967204336 372.77433080780673
682.0713081359588 371.31314359319487
686.4548697797943 352.3177098032406
689.6694816519404 335.6601755566652
628.0073811953195 371.8976184790396
646.4183400994292 370.1441938215054
638.527929140525 369.2674814927382
635.6055547113012 364.8839198489026
646.1261026565066 362.838257748446
682.9480204647258 363.42273263429075
660.445737359703 364.8839198489026
619.5324953505706 335.6601755566652
608.4274725195203 327.1852897119163
624.500531880251 324.55515272561496
627.1306688665525 327.1852897119163
632.9754177249998 332.7378011274414
658.6923127021688 328.93871436945057
678.5644588208902 336.8291253283546
517.8338652135843 307.0209061502725
514.3270158985158 287.73323491739575
503.80646795331035 283.6419107164825
494.4548697797943 286.85652258862865
492.70144512226005 282.18072350187066
479.5507601907533 282.472960944793
488.9023583642692 292.9935088899985
473.41377388938344 295.03917099045515
455.2950524281962 307.8976184790396
439.80646795331035 304.3907691639711
463.4777008300226 302.92958194935926
491.824732793493 300.00720752013547
512.5735912409816 247.4044677941081
526.3087510583332 247.69670523703044
537.9982487752281 243.6053810361172
557.8703948939497 240.9752440498158
488.9023583642692 247.9889426799528
504.39094283915506 246.52775546534096
499.42290630947474 239.80629427812633
488.61012092134683 240.9752440498158
481.88865973413226 239.80629427812633
473.7060113323058 240.0985317210487
501.7608058528537 236.00720752013547
514.9114907843606 236.29944496305782
529.5233629304793 233.66930797675647
545.8886597341323 229.57798377584325
551.7334085925797 225.7788970178524
559.9160569944062 225.48665957492997
540.3361483186071 226.65560934661946
570.1443674966894 233.08483309091173
575.9891163551367 239.80629427812633
577.742541012671 250.91131710917657
559.9160569944062 248.86565500871995
580.6649154418948 237.46839473474736
591.7699382729451 243.6053810361172
602.2904862181505 238.9295819493592
606.9662853049085 243.02090615027248
522.5096643003424 221.9798102598615
528.6466506017122 210.87478742881126
531.8612624738583 217.88848605894825
520.1717647569633 214.67387418680212
507.89779215422357 214.96611162972448
505.2676551679222 212.33597464342316
497.9617190948628 213.50492441511264
488.61012092134683 226.65560934661946
483.34984694874413 224.3177098032405
502.92975562454325 225.7788970178524
510.23569169760253 228.11679656123135
515.2037282272829 226.94784678954187
498.2539565377852 233.66930797675647
561.6694816519404 217.59624861602586
551.4411711496574 218.472960944793
573.6512168117578 216.42729884433638
584.4640021998857 219.05743583063776
587.9708515149541 209.70583765712178
623.0393446656392 226.3633719036971
613.9799839350455 222.56428514570624
628.2996186382419 240.3907691639711
646.4183400994292 313.74236733748705
644.6649154418948 305.5597189356606
460.8475638437213 220.51862304524963
465.8156003734017 228.11679656123135
472.5370615606163 222.56428514570624
476.9206232044519 226.94784678954187
492.4092076793377 215.2583490726469
687.3315821085615 297.6693079767565
699.8977921542235 301.7606321776697
686.4548697797943 316.37250432378846
675.3498469487441 314.9113171091766
417.3041848482875 271.9524129995875
424.3178834784245 270.19898834205327
432.50053188025095 271.3679381137428
429.2859200081049 265.81542669821766
428.11697023641534 253.24921665255556
417.5964222912099 262.60081482607154
415.5507601907533 247.69670523703044
426.07130813595876 234.83825774844598
434.83843142362997 232.2081207621446
443.31331726837885 242.4364312644277
459.6786140720318 233.66930797675647
448.28135379805923 233.66930797675647
446.2356916976026 234.2537828626012
446.527929140525 222.56428514570624
443.02107982545647 224.02547236031813
454.7105775423514 225.19442213200762
458.2174268574199 209.99807510004413
464.64665060171217 210.5825499858889
470.49139946015964 209.70583765712178
469.32244968847016 215.2583490726469
478.96628530490847 209.70583765712178
476.6283857615295 213.50492441511264
483.34984694874413 212.33597464342316
489.7790706930364 205.61451345620853
495.03934466563913 208.24465044250988
500.59185608116417 205.61451345620853
505.5598926108446 204.15332624159663
512.5735912409816 198.89305226899393
520.1717647569633 200.35423948360577
527.1854633871003 203.27661391282953
531.5690250309359 199.18528971191628
539.45943598984 199.18528971191628
560.2082944373286 196.26291528269255
558.7471072227166 205.32227601328614
566.9297556245432 204.15332624159663
566.6375181816209 209.4136002141994
573.3589793688355 204.44556368451904
544.4274725195204 209.4136002141994
535.0758743460044 214.0893993009574
488.61012092134683 196.26291528269255
465.52336293047927 204.44556368451904
469.61468713139254 201.81542669821766
461.43203872956605 204.44556368451904
460.26308895787656 200.64647692652818
464.93888804463455 193.92501573931355
457.04847708573044 193.92501573931355
481.0119474053651 203.27661391282953
452.0804405560501 215.2583490726469
444.48226704006834 216.13506140141402
434.83843142362997 210.5825499858889
441.8521300537669 208.24465044250988
431.33158210856146 221.10309793109437
435.42290630947474 216.71953628725873
437.176330967009 227.24008423246423
440.6831802820775 231.62364587629986
411.7516734327624 224.02547236031813
417.88865973413226 228.99350888999848
421.3955090492007 221.9798102598615
410.58272366107286 230.74693354753273
400.93888804463455 228.4090340041537
396.8475638437213 228.4090340041537
400.06217571586745 214.96611162972448
406.49139946015964 216.42729884433638
394.2174268574199 216.13506140141402
411.16719854691763 200.93871436945054
416.7197099624427 209.99807510004413
414.67404786198614 208.53688788543226
417.5964222912099 207.0757006708204
422.8566962638126 202.98437646990715
433.3772442090181 198.89305226899393
440.6831802820775 201.81542669821766
447.1124040263697 199.18528971191628
432.20829443732856 205.61451345620853
423.73340859257974 193.92501573931355
429.2859200081049 194.2172531822359
435.71514375239707 192.75606596762404
450.32701589851587 194.5094906251583
469.61468713139254 194.2172531822359
522.2174268574199 226.94784678954187
407.07587434600435 271.07570067082037
396.26308895787656 271.3679381137428
393.34071452865277 264.93871436945057
404.1534999167807 258.8017280680807
391.58728987111857 247.69670523703044
398.8932259441779 238.34510706351443
399.4777008300226 251.78802943794366
392.46400219988567 203.27661391282953
388.08044055605006 202.6921390269848
391.8795273140409 200.0620020406834
388.95715288481716 212.33597464342316
385.1580661268263 205.90675089913088
381.35897936883543 210.5825499858889
383.4046414692921 200.35423948360577
388.08044055605006 230.45469610461035
379.6055547113012 225.48665957492997
380.19002959714595 218.76519838771537
382.23569169760253 233.37707053383411
381.35897936883543 262.3085773831492
374.92975562454325 268.7378011274414
371.71514375239707 263.47752715483864
364.7014451222601 262.01633994022677
362.0713081359587 266.69213902698476
360.0256460355021 271.66017555666514
360.9023583642692 276.3359746434231
369.3772442090181 253.54145409547792
358.5644588208903 252.9569792096332
365.2859200081049 247.4044677941081
371.71514375239707 242.4364312644277
353.88865973413226 256.1715910817793
623.3315821085615 360.2081207621446
369.3772442090181 259.3862029539254
367.33158210856146 231.0391709904551
362.3635455788811 216.71953628725873
354.47313461997703 222.8565225886286
336.93888804463455 233.66930797675647
345.121536446461 229.57798377584325
335.18546338710036 258.5094906251583
338.10783781632404 272.5368878854323
348.92062320445194 271.9524129995875
343.07587434600435 266.10766414114005
330.2174268574199 260.8473901685373
330.5096643003423 249.15789245164234
319.1124040263697 255.58711619593456
328.17176475696334 273.99807510004416
323.7882031131277 271.66017555666514
316.48226704006834 281.0117737301811
312.97541772499983 288.9021846890853
307.71514375239707 295.62364587629986
291.9343218345889 302.92958194935926
301.2859200081049 300.8839198489026
267.67861407203185 371.60538103611725
267.9708515149542 353.7788970178524
269.72427617248843 339.1670248717337
265.63295197157515 330.10766414114005
271.4777008300227 322.8017280680807
264.46400219988567 321.04830341054645
275.2767875880135 312.28118012287524
279.9525866747715 310.52775546534093
284.6283857615295 297.6693079767565
272.64665060171217 302.6373445064369
262.7105775423514 309.35880569365145
257.7425410126711 309.35880569365145
264.75623964280805 299.42273263429075
293.39550904920077 283.34967327356014
299.82473279349296 287.73323491739575
307.71514375239707 282.18072350187066
299.82473279349296 273.99807510004416
300.1169702364154 279.5505865155693
287.8429976336756 274.5825499858889
286.9662853049085 282.18072350187066
294.27222137796787 267.86108879867425
275.2767875880135 272.8291253283546
264.46400219988567 274.29031254296655
259.2037282272829 268.445563684519
277.61468713139254 267.27661391282953
258.3270158985158 263.47752715483864
257.7425410126711 256.1715910817793
271.76993827294507 238.34510706351443
264.17176475696334 247.69670523703044
260.66491544189483 235.7149700772131
260.08044055605006 226.65560934661946
273.23112548755694 224.02547236031813
285.79733553321904 224.60994724616285
296.0256460355021 225.19442213200762
313.5598926108446 230.74693354753273
316.7745044829907 244.7743308078067
317.35897936883543 237.17615729182498
326.1261026565067 241.26748149273823
310.3452807386985 245.35880569365145
304.2082944373286 254.71040386716746
310.6375181816208 260.55515272561496
305.6694816519405 264.93871436945057
312.3909428391551 276.9204495292679
315.8977921542236 273.7058376571218
385.45030356974866 248.86565500871995
351.25852274783085 229.28574633292084
340.7379748026254 239.80629427812633
376.3909428391551 209.99807510004413
378.43660493961175 202.6921390269848
374.92975562454325 197.13962761145967
351.8429976336756 198.30857738314916
356.811034163356 212.6282120863455
267.094139186187 211.45926231465603
259.2037282272829 205.32227601328614
263.87952731404096 201.52318925529528
275.2767875880135 199.18528971191628
272.06217571586745 205.32227601328614
276.1534999167807 211.45926231465603
284.6283857615295 200.35423948360577
287.8429976336756 213.50492441511264
297.486833250114 213.50492441511264
305.6694816519405 208.53688788543226
310.0530432957761 212.33597464342316
315.8977921542236 219.34967327356011
307.42290630947474 223.148760031551
331.67861407203185 207.95241299958752
328.75623964280805 221.9798102598615
323.2037282272829 216.13506140141402
319.4046414692921 212.04373720050074
326.7105775423514 208.24465044250988
318.527929140525 195.38620295392542
312.6831802820775 198.89305226899393
335.4777008300226 193.04830341054642
335.18546338710036 228.4090340041537
350.9662853049085 209.70583765712178
341.6146871313925 221.10309793109437
342.49139946015964 209.99807510004413
341.6146871313925 194.2172531822359
363.5324953505706 201.81542669821766
275.5690250309359 423.9158833192223
335.4777008300226 206.19898834205327
301.5781574510272 197.7241024973044
292.81103416335594 205.90675089913088
556.70144512226 285.10309793109434
641.4503035697487 380.66474176671085
288.135235076598 236.00720752013547
291.9343218345889 238.63734450643688
358.8566962638126 219.34967327356011
420.811034163356 282.472960944793
484.5187967204336 286.85652258862865
310.92975562454325 202.98437646990715
330.5096643003423 202.6921390269848
342.49139946015964 201.52318925529528
267.67861407203185 208.82912532835465
557.8703948939497 214.96611162972448
602.2904862181505 204.44556368451904
324.95715288481716 231.91588331922222
321.4503035697487 230.74693354753273
284.3361483186071 243.6053810361172
275.13066886655236 553.5231892552954
314.8749611039952 501.50492441511267
339.42290630947474 499.16702487173376
289.1580661268263 486.893052268994
296.17176475696334 479.29487875301226
235.38637662910938 499.16702487173376
344.53706156061634 494.72858186975816
319.6968789122145 482.162371824096
332.55532640079895 471.9340613218129
315.02107982545647 467.25826223505493
275.8612624738583 471.34958643596815
282.58272366107286 461.12127593368507
294.85669626381264 461.99798826245217
242.5461939807076 475.14867319395904
208.93888804463458 472.5185362076577
227.34984694874416 460.8290384907627
225.30418484828752 444.4637416871097
249.5598926108446 449.13954077386774
254.2356916976026 436.2810932852832
257.1580661268263 420.500271367475
375.8064679533104 464.6281252487535
390.1261026565067 464.9203626916759
380.48226704006834 477.77881018026034
373.76080585285376 475.14867319395904
367.03934466563913 485.96145858208683
357.1032716062784 485.3769836962421
376.3909428391551 502.6189928286622
388.08044055605006 497.3587188560595
404.1534999167807 492.09844488345675
419.93432183458896 487.4226457966987
405.3224496884702 474.56419830811427
411.45943598984 469.88839922135634
436.2996186382419 484.20803392455264
404.44573735970306 523.0756138332284
431.33158210856146 543.2399973948723
407.07587434600447 576.2628284451006
359.148933706735 573.9249289017216
433.9617190948629 570.4180795866531
350.6740478619862 561.0664814131371
469.61468713139254 547.9157964816303
473.99824877522815 597.8883992213563
504.3909428391551 552.5915955683882
550.8566962638126 580.0619152030915
566.3452807386985 568.3724174861965
544.1352350765981 565.4500430569727
310.63751818162086 493.55963209806856
297.1945958071916 501.7422804998951
295.44117114965746 492.6829197693014
442.7288423825341 470.76511155012344
450.0347784555935 467.25826223505493
492.70144512226017 478.6555225090275
528.9388880446345 487.4226457966987
538.5827236610729 485.3769836962421
546.473134619977 479.824472280717
547.3498469487441 499.1121435135937
523.6786140720318 505.24912981496357
521.9251894144976 525.4135133766074
552.0256460355021 523.6600887190732
558.7471072227167 520.1532394040047
549.6877464921231 514.3084905455572
571.8977921542237 526.8747005912193
601.121536446461 515.7696777601691
600.2448241176938 554.3450202259224
607.2585227478309 555.8062074405344
557.8703948939497 559.6052941985251
608.7197099624428 524.244563604918
592.0621757158674 502.6189928286622
571.8977921542237 490.0527827830001
547.6420843916666 470.1806366642786
507.6055547113012 478.36328506610516
467.56902503093596 475.73314807980375
453.2493903277396 497.9431937419042
439.2219930674656 511.0938786734111
428.70144512226017 515.7696777601691
431.62381955148385 532.7194494496667
451.49596567020535 533.3039243355116
445.0667419259131 530.9660247921325
470.1991620172373 521.6144266186166
479.2585227478309 513.7240156597124
416.42747251952045 514.3084905455572
412.33614831860706 397.7057508195298
572.190029597146 436.2810932852832
537.4137738893834 585.9066640615389
419.0576095058218 476.6098604085709
487.148933706735 357.3769836962421
483.34984694874413 535.9340613218129
483.6420843916665 523.6600887190732
494.16263233687204 522.7833763903061
602.5827236610729 481.8701343811736
608.4274725195203 461.99798826245217
578.3270158985159 383.38611611633337
479.5507601907533 490.0527827830001
487.148933706735 493.2673946551463
549.9799839350455 543.824472280717
495.3315821085615 584.7377142898495
293.39550904920077 544.7011846094841
231.4411711496574 545.2856594953289
261.2493903277396 511.6783535592558
159.55076019075327 466.67378734921016
224.7197099624428 407.05734899304576
240.20829443732865 375.49570515742937
246.05304329577612 358.5459334679316
236.1169702364154 351.824472280717
223.2585227478309 354.162371824096
256.865828683904 372.86556817112796
220.9206232044519 397.99798826245217
165.10327160627838 474.56419830811427
362.0713081359588 417.57789693825123
519.2950524281962 359.4226457966987
620.9936825651826 580.3541526460137
617.7790706930364 566.32675538574
630.9297556245432 550.5459334679316
622.7471072227167 544.1167097236394
637.3589793688355 530.0893124633653
660.1534999167806 594.9660247921325
723.2767875880136 606.6555225090275
716.2630889578766 601.6874859793471
753.6694816519404 602.5641983081143
739.6420843916666 609.5778969382513
728.8292990035387 588.5368010478404
726.1991620172372 577.7240156597124
801.3041848482875 588.5368010478404
638.8201665834473 480.40894716656175
609.5964222912099 490.6372576688449
703.1124040263697 503.7879426003517
733.5050980902967 467.55049967797726
782.6009885012556 493.2673946551463
799.2585227478309 491.80620744053437
805.1032716062784 499.98885584236086
791.6603492318493 521.6144266186166
815.6238195514838 530.0893124633653
806.2722213779679 542.0710476231828
831.6968789122144 477.1943352944156
850.4000752592465 465.2126001345983
854.7836369030821 477.77881018026034
868.8110341633561 483.3313215957855
836.9571528848171 531.2582622350549
842.2174268574199 466.0893124633654
847.4777008300227 412.02538552272614
860.3361483186071 405.8883992213563
777.3407145286528 392.445476846927
765.3589793688355 386.30849054555716
755.1306688665525 385.72401565971245
763.6055547113012 357.3769836962421
743.1489337067351 367.3130567556028
799.2585227478309 382.5094037875663
791.9525866747715 370.8199060706713
782.3087510583332 360.29935812546586
779.094139186187 358.838170910854
830.2356916976026 375.78794260035164
848.9388880446345 399.45917547706404
847.7699382729451 392.73771428984946
858.2904862181505 386.0162531026348
870.2722213779679 371.4043809565161
886.0530432957761 530.0893124633653
817.6694816519404 488.00712068254353
775.2950524281962 517.8153398606257
705.742541012671 540.0253855227262
592.3544131587898 511.6783535592558
918.4913994601596 588.244563604918
899.4959656702054 595.8427371208998
891.8977921542236 562.527668627749
832.2813537980592 299.42273263429075
869.6877464921231 287.7332349173957
868.811034163356 281.8884860589483
880.2082944373286 272.8291253283546
900.9571528848171 283.9341481594049
908.555326400799 276.62821208634546
929.3041848482875 286.2720477027839
934.8566962638126 274.8747874288112
947.1306688665525 278.38163674387977
967.2950524281961 283.34967327356014
926.9662853049085 248.57341756579757
924.920623204452 238.05286962059208
906.5096643003424 237.17615729182495
931.0576095058218 228.99350888999845
939.2402579076482 226.65560934661946
944.7927693231733 228.99350888999845
853.0302122455478 393.2309518123729
746.0713081359588 338.29031254296655
755.1306688665525 336.8291253283546
767.6968789122144 324.2629152826925
859.4594359898399 334.1989883420533
867.3498469487441 328.93871436945057
864.4274725195203 342.08939930095744
876.9936825651824 349.3953353740168
850.107837816324 354.3633719036971
851.2767875880135 348.5186230452496
836.3726779989726 369.5597189356606
802.4731346199769 289.48665957493
808.3178834784245 274.5825499858889
797.5050980902967 270.78346322789804
822.6375181816209 276.62821208634546
810.0713081359588 263.1852897119163
842.5096643003424 269.0300385703638
833.742541012671 268.7378011274414
852.7379748026254 308.4820933648843
867.3498469487441 271.07570067082037
853.6146871313925 268.7378011274414
867.6420843916666 248.57341756579757
873.4868332501139 252.37250432378843
882.2539565377853 260.55515272561496
854.7836369030821 261.1396276114597
865.3041848482875 261.1396276114597
846.6009885012556 228.99350888999845
838.7105775423514 246.527755465341
807.1489337067351 242.43643126442768
896.2813537980592 187.4957919950213
900.08044055605 171.13049519136834
935.4411711496573 184.28118012287516
936.3178834784245 180.18985592196194
940.4092076793378 197.43186505438203
927.2585227478309 201.2309518123729
938.6557830218035 155.3496732735601
929.5964222912099 162.3633719036971
758.3452807386985 270.19898834205327
752.500531880251 270.49122578497565
749.8703948939497 272.2446504425099
756.0073811953195 269.0300385703638
678.5644588208903 323.09396551100303
656.3544131587898 323.6784403968478
684.1169702364155 338.29031254296655
703.6968789122144 372.4820933648843
752.500531880251 371.0209061502725
754.83843142363 391.769764597761
764.4822670400683 394.10766414114005
748.70144512226 239.22181939228156
731.1671985469176 259.09396551100303
765.9434542546801 304.6830066068935
552.610120921347 165.57798377584322
534.1991620172373 180.18985592196194
532.445737359703 177.55971893566056
525.7242761724884 183.9889426799528
523.6786140720318 177.55971893566056
517.541627770662 174.34510706351443
514.0347784555935 173.76063217766972
516.6649154418948 185.4501298945647
570.728842382534 190.71040386716746
560.7927693231734 189.24921665255556
548.5187967204337 192.46382852470168
543.8429976336756 191.29487875301217
540.6283857615296 189.8336915384003
534.4913994601596 188.08026688086605
590.0165136154108 235.42273263429072
629.4685684099313 248.86565500871993
857.9982487752281 224.90218468908523
907.094139186187 219.6419107164825
943.9160569944063 316.080266880866
944.2082944373286 366.9295819493592
964.08044055605 359.3314084333775
944.500531880251 384.4638285247017
878.7471072227166 396.1533262415967
573.3589793688355 164.4090340041537
547.3498469487441 305.2674814927382
528.6466506017122 240.0985317210487
582.4183400994291 186.91131710917654
516.6649154418948 164.4090340041537
524.2630889578766 158.56428514570624
531.8612624738583 159.73323491739572
527.7699382729451 164.4090340041537
531.2767875880136 167.33140843337748
518.4183400994291 169.66930797675644
546.1808971770546 163.53232167538658
542.6740478619861 161.1944221320076
812.1169702364155 214.96611162972448
731.7516734327625 275.45926231465603
695.514230510388 279.84282395849164
555.5324953505706 311.11223035118576
806.2722213779679 217.01177373018112
366.74710722271675 207.5689381933439
369.66948165194054 202.89313910658592
230.56445882089028 198.21734001982796
235.53249535057068 194.41825326183707
251.31331726837888 198.80181490567267
248.09870539623273 201.43195189197405
238.4548697797944 202.30866422074118
235.82473279349304 197.6328651339832
248.97541772499986 185.06665508832106
253.65121681175788 187.98902951754482
265.0484770857305 186.52784230293292
270.6009885012556 189.45021673215672
258.61925334143825 195.0027281476818
267.38637662910946 196.4639153622937
264.4640021998857 195.58720303352658
289.30418484828755 190.32692906092382
288.13523507659806 180.0986185586407
294.2722213779679 180.68309344448545
304.7927693231734 178.0529564581841
300.1169702364154 204.06208887827543
240.7927693231734 176.88400668649462
252.190029597146 159.93423499699688
250.1443674966894 152.62829892393754
264.17176475696334 157.3040980106955
266.21742685742 164.61003408375487
262.4183400994291 163.73332175498774
272.6466506017122 156.71962312485078
282.8749611039953 156.42738568192837
289.8886597341323 156.42738568192837
296.0256460355022 156.42738568192837
299.824732793493 158.473047782385
272.9388880446346 173.66939481434846
280.82929900353867 170.45478294220237
284.62838576152956 166.36345874128912
275.5690250309359 167.24017107005622
263.00281498527386 169.87030805635763
267.0941391861871 151.75158659517038
337.8156003734017 176.5917692435722
339.56902503093596 180.97533088740784
330.80190174326475 185.65112997416585
320.865828683904 188.57350440338962
310.9297556245433 183.8977053166316
310.05304329577615 185.65112997416585
364.99368256518255 190.03469161800143
374.05304329577615 192.37259116138046
386.0347784555935 187.98902951754482
379.60555471130124 179.51414367279597
376.09870539623273 180.0986185586407
386.0347784555935 183.8977053166316
392.17176475696334 178.0529564581841
387.49596567020535 173.66939481434846
392.4640021998857 170.16254549928
388.08044055605006 165.77898385544435
393.0484770857305 164.61003408375487
383.40464146929213 166.07122129836677
388.6649154418949 158.473047782385
381.06674192591316 158.473047782385
237.87039489394965 241.76071901526174
241.08500676609577 239.71505691480513
252.48226704006836 244.0986185586407
248.39094283915514 252.5735044033896
240.7927693231734 265.72418933489644
232.6101209213469 282.67396102439415
241.37724420901816 280.0438240380928
253.06674192591313 276.82921216594667
254.527929140525 260.4639153622937
264.17176475696334 268.6465637641202
249.26765516792227 237.6693948143485
243.42290630947477 230.36345874128912
239.33158210856152 230.36345874128912
231.4411711496574 232.9935957275905
427.5324953505707 280.0438240380928
449.7425410126711 300.2082075997366
442.14436749668937 299.0392578280471
508.190029597146 295.5324085129786
541.797335533219 292.3177966408325
241.66948165194052 208.15341307918868
236.70144512226017 218.67396102439417
232.6101209213469 215.45934915224805
238.162632336872 213.41368705179138
246.34528073869853 213.41368705179138
229.97998393504554 216.04382403809274
295.44117114965746 117.85204321617496
308.8840935240866 113.17624412941693
410.2904862181506 159.3497601111521
405.61468713139254 171.03925782804708
407.3681117889268 175.71505691480513
396.84756384372133 181.26756833033022
398.0165136154108 164.90227152667723
398.89322594417797 192.6648286043028
406.4913994601597 186.2356048600106
412.3361483186072 189.1579792892343
420.2265592775113 185.65112997416585
407.07587434600447 194.41825326183707
426.36354557888114 181.85204321617496
424.9023583642693 167.824645955901
421.97998393504554 166.94793362713386
426.36354557888114 162.56437198329826
436.2996186382419 165.1945089695996
436.0073811953195 171.3314952709695
441.55989261084466 160.51870988284165
443.3133172683789 164.90227152667723
454.1261026565067 169.57807061343524
442.43660493961175 182.4365181020197
458.5096643003423 173.66939481434846
462.0165136154108 166.36345874128912
464.35441315878984 159.93423499699688
461.4320387295661 154.67396102439412
457.3407145286528 157.01186056777314
453.2493903277396 161.68765965453113
476.33614831860723 171.62373271389185
473.99824877522815 176.88400668649462
479.2585227478309 168.99359572759047
458.80190174326475 187.11231718877772
451.49596567020535 187.11231718877772
457.3407145286528 181.85204321617496
452.9571528848173 183.8977053166316
446.2356916976026 176.0072943577275
486.5644588208903 186.82007974585537
485.97998393504554 177.17624412941697
471.95258667477157 183.02099298786447
487.148933706735 171.3314952709695
485.39550904920077 159.05752266822975
491.24025790764824 159.05752266822975
480.42747251952045 153.21277380978225
436.0073811953195 154.08948613854938
191.11240402636975 213.41368705179138
239.91605699440626 305.4684815723394
444.48226704006834 122.52784230293294
418.7653720628994 121.06665508832104
429.5781574510273 119.89770531663159
427.82473279349307 115.80638111571835
418.47313461997703 114.9296687869512
405.3224496884702 110.54610714311559
394.50966430034237 119.60546787370919
391.879527314041 107.91597015681421
343.3681117889268 124.86574184631192
334.6009885012556 121.06665508832104
332.555326400799 112.00729435772749
344.24482411769395 114.63743134402881
325.2493903277396 109.37715737142607
368.2082944373286 105.28583317051283
427.5324953505707 97.68765965453112
473.9982487752282 124.86574184631192
477.79733553321904 117.2675683303302
467.8612624738583 115.80638111571835
488.31788347842456 109.96163225727084
502.3452807386985 113.76071901526169
488.6101209213469 115.22190622987355
478.9662853049085 106.45478294220236
470.4913994601597 105.8703080563576
457.6329519715752 101.48674641252197
449.7425410126711 101.48674641252197
444.190029597146 102.07122129836672
439.22199306746563 96.5187098828416
448.865828683904 96.5187098828416
457.6329519715752 96.810947325764
471.3681117889268 96.810947325764
479.2585227478309 96.810947325764
500.8840935240866 106.74702038512473
295.44117114965746 126.3269290609238
327.879527314041 123.1123171887777
461.1398012866437 129.24930349014755
464.9388880446346 133.04839024813842
469.03021224554783 135.6785272344398
478.6740478619862 135.6785272344398
425.19459580719166 130.7104907047594
541.2128606473743 119.89770531663159
547.0576095058218 124.28126696046719
311.514230510388 148.53697472302426
357.97998393504554 163.44108431206536
354.7653720628994 171.62373271389185
339.2767875880136 169.57807061343524
346.8749611039953 167.824645955901
334.3087510583332 161.9798970974535
339.2767875880136 156.42738568192837
373.4685684099314 159.05752266822975
370.5461939807077 168.40912084174573
369.3772442090181 176.29953180064985
375.22199306746563 171.3314952709695
372.2996186382419 165.1945089695996
378.14436749668937 166.36345874128912
364.99368256518255 173.08491992850372
362.65578302180353 156.42738568192837
366.16263233687204 195.0027281476818
337.23112548755694 216.04382403809274
330.2174268574199 145.03012540795578
303.3315821085615 164.90227152667723
291.3498469487442 173.66939481434846
393.3407145286528 151.16711170932564
401.23112548755694 149.99816193763613
424.6101209213469 152.62829892393754
502.92975562454325 132.1716779193713
105.77907069303636 241.99807510004416
285.2128606473742 175.07570067082042
248.39094283915506 306.87478742881126
244.59185608116417 301.3222760132863
248.68318028207747 301.3222760132863
239.62381955148385 310.38163674387977
27.167198546917632 196.70127144707612
231.44117114965738 237.61451345620856
220.6283857615295 231.47752715483867
292.2265592775112 231.47752715483867
305.0850067660957 229.1396276114597
302.7471072227167 224.17159108177933
333.43203872956605 220.9569792096332
390.7105775423514 259.824559118309
792.3909428391552 404.48209336488435
818.6923127021687 460.59168240598024
814.6009885012555 469.9432805794963
777.7790706930364 455.33140843337753
769.5964222912099 474.0346047804095
470.92975562454325 445.3953353740168
421.83386521358426 433.12136277127706
705.3041848482875 434.87478742881126
837.3955090492008 278.8199929082634
127.25852274783087 469.9432805794963
95.69687891221444 468.77433080780673
107.38637662910942 464.6830066068935
76.40920767933773 467.0209061502725
5.103271606278354 476.95697920963323
13.285920008104824 476.95697920963323
496.0621757158674 463.514056835204
511.84299763367557 468.77433080780673
565.6146871313925 123.93414815940488
554.3635455788811 279.55058651556925
649.6329519715753 328.6464769265282
735.8429976336757 346.18072350187066
427.24025790764824 173.46839473474728
580.6649154418948 178.14419382150533
763.0210798254565 325.7241024973044
626.5461939807076 349.9798102598615
654.0165136154108 348.81086048817207
654.893225944178 342.9661116297245
642.9114907843607 352.02547236031813
677.3955090492008 349.3953353740168
582.1261026565068 247.11223035118567
469.9069245743149 247.11223035118567
584.4640021998857 125.83369153840029
766.8201665834473 344.135061401414
529.8156003734017 121.74236733748705
528.6466506017123 111.22181939228157
321.3041848482875 452.9935088899985
304.9388880446345 450.07113446077483
79.91605699440618 426.6921390269848
541.8015687429316 108.71312733753308
541.8015687429316 102.06377668818241
543.8475227888856 96.9488915732973
534.6407295820925 95.41442603883178
524.4109593523223 94.90293752734327
512.135235076598 106.15568478009052
508.0433269846898 102.06377668818241
498.3250452664081 95.92591455032029
490.65271759408046 97.97186859627433
518.2730972144601 130.19564482005057
510.0892810306439 135.82201844642415
526.4569133982764 133.26457588898162
538.7326376740006 133.77606440047015
505.4858844272473 146.5632771876829
580.6746956160584 113.31652394092968
559.7036666450296 117.40843203283777
552.0313389727019 116.38545500986073
564.8185517599146 103.59824222264797
565.330040271403 99.50633413073986
559.7036666450296 96.9488915732973
552.0313389727019 95.92591455032029
585.2780922194551 12.553287177692942
599.0882820296448 20.737103361509096
555.6117585531214 16.133706758112492
545.3819883233513 22.271568895974656
532.0832870246498 22.783057407463154
536.175195116558 15.622218246623992
524.4109593523223 16.64519526960099
510.0892810306439 17.15668378108955
499.8595108008737 16.133706758112492
484.51485545621836 13.06477568918144
478.3769933183562 12.553287177692942
476.33103927240217 22.783057407463154
452.2910792324421 19.714126338532104
447.176194117557 19.714126338532104
446.15321709458 16.133706758112492
452.2910792324421 14.087752712158437
434.3889813303442 15.622218246623992
423.13623407759695 17.15668378108955
416.48688342824636 17.15668378108955
409.8375327788957 13.576264200669938
404.7226476640106 17.66817229257805
397.05031999168284 23.294545918951655
396.02734296870585 13.576264200669938
392.95841189977483 18.691149315555045
377.61375655511944 19.714126338532104
382.2171531585161 14.087752712158437
362.2691012104641 18.691149315555045
353.5737965151594 16.133706758112492
341.2980722394351 15.110729735135495
323.9074628488258 20.2256148500206
300.89047983184275 14.599241223646997
294.7526176939806 17.15668378108955
286.0573129986759 22.271568895974656
267.132238073601 19.714126338532104
136.95841189977477 22.271568895974656
105.24612418748707 21.2485918729976
179.9234468648097 20.2256148500206
191.68768262904547 19.202637827043542
214.19317713453995 20.737103361509096
236.69867164003452 19.202637827043542
122.63673357809644 201.80403642844215
125.70566464702752 203.84999047439618
127.24013018149304 210.49934112374683
132.35501529637813 216.12571475012044
131.33203827340114 220.72911135351708
139.0043659457288 201.80403642844215
133.37799231935517 195.1546857790915
107.29207823344109 195.1546857790915
110.87249781386066 190.55128917569488
63.81555475691764 192.59724322164894
57.67769261905551 200.2695708939766
54.60876155012443 206.40743303183874
48.47089941226229 203.84999047439618
46.936433877796766 206.91892154332726
763.2760942174571 575.4753054657967
764.8105597519226 593.3774033678947
780.6667036080664 593.8888918793831
749.4659044072672 583.6591216496129
749.4659044072672 563.711069701561
729.5178524592153 538.6481326386239
719.2880822294451 563.1995811900724
704.4549153962784 560.1306501211413
665.5817885231514 463.9708099613013
657.9094608508238 490.56821255870386
690.1332370746 445.04573503622635
696.2710992124621 440.9538269443183
697.2940762354391 424.58619457668584
660.4669034082664 431.7470337375251
671.208162149525 434.8159648064561
666.0932770346399 439.93084992134123
677.8575127988756 439.41936140985274
688.5987715401344 465.50527549576685
684.5068634482263 481.8729078633992
668.6507195920825 490.56821255870386
666.0932770346399 507.44733343782474
689.1102600516228 528.4183624088537
750.4888814302443 535.0677130582044
750.4888814302443 515.1196611101524
714.6846856260486 499.2635172540086
706.5008694422323 493.63714362763494
797.5458244871874 467.03974103023234
790.3849853263482 452.2065741970655
746.3969733383362 378.04074003123134
732.5867835281464 363.2075731980645
698.8285417699046 363.719061709553
692.6906796320425 366.7879927784841
690.6447255860885 346.8399408304321
700.8744958158586 344.2824982729896
687.5757945171573 401.05772304821437
663.5358344771973 400.0347460252373
647.6796906210535 407.70707369756497
639.4958744372374 402.59218858267985
636.4269433683063 342.2365442270356
645.1222480636109 333.0297510202424
855.8555147968779 604.99931130676
789.3620083033713 607.0452653527141
886.5448254861884 609.091219398668
870.177193118556 601.930380237829
897.7975727389357 570.2180925255412
871.2001701415331 423.93237823982685
832.0712990126618 263.1826578070635
839.7436266849895 260.11372673813247
805.4738964152592 256.53330715771284
872.4788914202543 231.9818586062643
881.6856846270475 247.3265139509197
898.5648055061682 259.09074971515537
972.7306396720024 211.52231814672388
1002.9084618498247 211.01082963523535
994.7246456660085 218.68315730756302
988.5867835281463 230.9588815832873
990.1212490626119 239.14269776710347
978.357013298376 227.88995051435626
1015.6956746370374 236.07376669817242
1007.5118584532213 187.48235810676383
1009.5578124991753 179.81003043443613
1013.1382320795949 169.58026020466593
987.5638065051693 161.90793253233826
987.0523179936807 158.3275129519187
977.3340362753991 160.88495550936125
981.9374328787957 158.3275129519187
980.4029673443302 153.72411634852207
975.2880822294451 148.60923123363696
972.219151160514 141.44839207279782
968.6387315800945 145.0288116532174
966.5927775341403 139.91392653833228
961.4778924192552 142.98285760726333
961.4778924192552 136.8449954694012
944.5987715401343 134.79904142344714
936.4149553563183 135.82201844642415
935.9034668448297 129.68415630856205
941.5298404712033 127.12671375111948
932.8345357758985 123.03480565921141
939.9953749367378 118.4314090558148
936.9264438678067 146.0517886761944
945.110260051623 149.632208256614
946.1332370746 161.90793253233826
945.6217485631114 170.09174871615443
931.3000702414331 179.81003043443613
934.3690013103642 173.1606797850855
928.7426276839906 173.672168296574
907.7715987129616 163.95388657829233
905.7256446670075 167.02281764722338
904.191179132542 177.76407638848212
901.1222480636108 165.99984062424633
967.1042660456288 170.60323722764295
969.6617086030715 164.46537508978082
964.0353349766978 156.79304741745315
963.5238464652093 148.60923123363696
969.6617086030715 154.7470933714991
963.0123579537208 174.18365680806252
973.242128183491 171.62621425061997
975.7995707409335 182.3674729918787
984.4948754362382 190.55128917569488
980.4029673443302 172.64919127359698
995.236134177497 159.3504899748957
1006.4888814302442 161.39644402084974
1004.9544158957788 158.8390014634072
835.140230081593 14.087752712158437
782.9684019097648 2.3235169479226654
836.6746956160584 227.88995051435626
853.0423279836908 175.71812234252806
857.6457245870874 175.71812234252806
839.232138173501 172.1377027621085
845.8814888228518 175.71812234252806
813.1462240875869 156.79304741745315
794.7326376740006 113.82801245241818
691.4119583533212 126.10373672814245
562.0053649467278 132.24159886600458
556.8904798318428 123.03480565921141
552.7985717399347 126.10373672814245
572.7466236879866 108.71312733753308
567.1202500616129 112.80503542944115
587.0683020096649 108.71312733753308
586.0453249866879 113.31652394092968
596.7865837279467 113.82801245241818
601.3899803313433 108.71312733753308
997.0263439677068 570.2180925255411
1018.5088614502243 576.3559546634032
855.8555147968779 518.0462643537129
265.5977725391355 492.4718387792873
258.4369333782963 476.10420641165496
254.34502528638822 466.8974132048618
65.09427603563896 476.10420641165496
46.68068962205252 480.196114503563
29.29008023144314 474.0582523657008
