5.165841500302621 498.2617979431336
21.207888687235457 503.19781246218986
59.46200120992151 532.8138995765274
55.759990320629285 594.5140810647307
81.67406654567465 498.2617979431336
158.1822915910467 514.3038451300664
229.75450211736248 580.940041137326
260.60459286146414 500.72980520266174
313.666748941319 490.85777616454925
330.94279975801584 532.8138995765274
379.0689413188144 558.7279758015728
365.4949013914097 485.92176164549295
400.04700302480353 497.02779431336955
472.8532171808833 480.9857471264367
501.23530066545686 488.38976890502107
540.7234168179069 480.9857471264367
590.0835620084696 488.38976890502107
630.8056817906836 492.0917797943133
715.9519322444042 498.2617979431336
745.5680193587417 490.85777616454925
802.3321863278886 489.62377253478513
875.1384004839687 499.4958015728977
922.0305384150029 500.72980520266174
977.5607017543862 499.4958015728977
980.0287090139143 482.21975075620077
1019.5168251663641 531.5798959467634
1019.5168251663641 480.9857471264367
1012.11280338778 460.00768542044756
965.2206654567455 643.8742262552933
896.1164621899578 546.3879395039322
676.4638160919541 568.6000048396853
596.2535801572898 616.7261464004839
566.6374930429523 535.2819068360556
5.165841500302621 419.28556563823344
44.65395765275267 393.37148941318804
138.4382335148216 378.5634458560193
170.52232788868736 382.26545674531144
185.33037144585612 387.20147126436774
235.92452026618278 379.7974494857834
247.0305529340594 387.20147126436774
287.7526727162735 394.60549304295216
354.38886872353305 395.8394966727162
386.4729630973987 399.54150756200835
422.2590683605566 395.8394966727162
460.5131808832427 388.43547489413186
483.95924984875995 382.26545674531144
501.23530066545686 395.8394966727162
502.4693042952209 387.20147126436774
604.8916055656383 385.9674676346037
619.699649122807 402.0095148215365
629.5716781609195 390.9034821536599
656.7197580157291 388.43547489413186
673.995808832426 393.37148941318804
671.5278015728978 377.3294422262552
696.2078741681792 395.8394966727162
720.8879467634605 394.60549304295216
740.6320048396855 390.9034821536599
755.4400483968543 387.20147126436774
787.52414277072 387.20147126436774
828.246262552934 393.37148941318804
804.8001935874167 385.9674676346037
840.5862988505748 385.9674676346037
850.4583278886874 425.45558378705374
850.4583278886874 404.47752208106465
864.0323678160921 413.11554748941313
864.0323678160921 393.37148941318804
886.2444331518452 403.2435184513006
888.7124404113733 393.37148941318804
922.0305384150029 399.54150756200835
945.4766073805202 399.54150756200835
976.326698124622 399.54150756200835
973.8586908650938 408.17953297035683
989.9007380520267 387.20147126436774
1017.048817906836 408.17953297035683
1012.11280338778 427.92359104658186
991.1347416817908 436.56161645493034
917.094523895947 447.66764912280695
936.8385819721718 473.58172534785234
878.8404113732607 460.00768542044756
766.5460810647309 439.02962371445847
749.2700302480338 442.73163460375065
787.52414277072 447.66764912280695
725.8239612825168 462.47569267997574
708.5479104658198 413.11554748941313
731.993979431337 485.92176164549295
635.74169630974 434.09360919540217
612.2956273442227 437.7956200846944
549.3614422262553 323.03328251663635
481.4912425892318 445.19964186327877
448.1731445856021 437.7956200846944
409.919032062916 416.81755837870526
339.5808251663643 431.6256019358741
350.6868578342408 414.3495511191772
300.0927090139141 422.9875765275257
270.4766218995766 446.4336454930429
259.37058923170014 416.81755837870526
270.4766218995766 403.2435184513006
266.77461101028433 416.81755837870526
244.56254567453124 462.47569267997574
180.3943569267999 434.09360919540217
185.33037144585612 405.71152571082877
171.75633151845145 411.88154385964907
285.28466545674536 479.75174349667265
138.4382335148216 464.94369993950386
102.6521282516638 436.56161645493034
112.52415728977626 420.5195692679975
135.97022625529354 410.64754022988495
63.164012099213664 437.7956200846944
68.10002661826996 464.94369993950386
21.207888687235457 456.30567453115543
33.54792498487614 474.8157289776164
3.931837870538545 457.5396781609195
128.0049558378705 427.3065892316998
229.81025529340587 499.4958015728976
177.98210284331515 484.07075620084674
273.61738415003015 459.3906836055655
731.9382262552933 444.89114095583784
693.6841137326074 384.42496309739863
686.280091954023 368.99991772534776
653.5789957652752 371.4679249848759
576.4537689050212 373.93593224440406
73.42817180883237 219.0684767090137
76.20467997580154 211.97295583787033
116.30979794313365 195.93090865093748
119.3948070175438 195.93090865093748
111.99078523895942 202.40942770719886
113.84179068360551 247.14205928614618
113.99604113732605 259.4820955837868
138.83036418632784 247.9133115547487
77.5929340592861 232.4882661826979
76.97593224440405 227.70650211736216
83.6087017543859 227.24375075620063
92.8637289776164 222.61623714458537
91.16697398669082 228.01500302480315
100.57625166364181 239.7380375075618
76.97593224440405 244.05705021173603
103.35275983061094 248.68456382335123
121.0915620084694 243.5942988505745
139.13886509376886 222.15348578342383
164.4359395039322 219.6854785238957
157.3404186327888 221.22798306110082
163.51043678160912 224.62149304295198
169.9889558378705 223.69599032062894
97.49124258923167 252.69507562008445
91.62972534785236 252.69507562008445
83.30020084694492 242.20604476708988
153.30203024803376 165.69781972171785
177.05660012099204 164.46381609195376
165.95056745311547 165.0808179068358
213.768208106473 157.6767961282514
232.586763460375 156.75129340592835
248.93731155474887 165.69781972171785
275.1598886872353 167.24032425892293
288.73392861464004 163.84681427707173
296.44645130066544 165.0808179068358
302.30796854204476 165.69781972171785
304.7759758015729 165.0808179068358
336.8600701754386 167.24032425892293
312.79699939503934 204.5689340592859
292.7444404113732 203.9519322444039
333.7750611010284 200.8669231699937
359.9976382335148 202.71792861463982
348.27460375075617 199.63291954022964
260.0433442226254 231.4085130066547
277.93639685420436 228.32350393224453
373.5716781609195 212.89845856019372
376.03968542044754 204.26043315184526
407.1982770719902 210.73895220810658
419.84681427707187 200.24992135511206
406.27277434966715 224.3129921355113
440.824875983061 204.56893405928625
477.227983061101 211.66445493042966
499.1315474894131 203.64343133696323
520.4181101028433 222.46198669086525
506.22706836055653 228.32350393224453
459.02642952208095 237.88703206291606
479.6959903206291 241.28054204476726
487.4085130066546 240.6635402298852
498.82304658197205 247.14205928614658
446.9948941318813 253.0035765275259
434.9633587416817 245.59955474894147
425.3998306110102 241.28054204476726
410.2832861464003 241.28054204476726
416.45330429522073 248.0675620084696
419.22981246218984 235.72752571082896
405.96427344222616 254.23758015728993
432.18685057471254 274.59864004839704
411.5172897761644 295.26820084694515
438.0483678160918 299.58721355111936
469.82396128251656 303.5977253478526
493.2700302480338 294.3426981246221
492.34452752571076 269.9711264367818
518.5671046581971 260.7160992135513
531.5241427707199 249.30156563823365
548.1831917725348 244.05705021173637
531.5241427707199 267.81162008469465
519.8011082879613 309.4592425892319
562.0657326073806 248.68456382335154
569.161253478524 248.37606291591052
584.8947997580159 246.52505747126446
580.8842879612826 251.76957289776175
578.1077797943135 224.92999395039328
584.5862988505748 224.92999395039328
588.5968106473081 232.33401572897765
601.2453478523897 236.65302843315192
599.3943424077437 230.17450937689057
604.0218560193589 225.8554966727163
603.4048542044769 218.1429739866909
613.8938850574715 219.685478523896
597.5433369630975 224.62149304295227
606.7983641863281 238.81253478523902
612.0428796128253 239.42953660012105
624.6914168179071 239.73803750756204
627.7764258923172 230.17450937689057
636.7229522081067 225.5469957652753
634.5634458560195 224.62149304295227
638.8824585601938 221.22798306110104
643.81847307925 223.38748941318818
647.5204839685423 224.0044912280702
648.7544875983064 219.37697761645498
664.1795329703572 221.53648396854206
667.2645420447673 221.53648396854206
647.2119830611013 243.7485493042953
589.2138124621902 292.8001935874169
579.9587852389596 289.09818269812473
570.395257108288 289.09818269812473
568.544251663642 309.76774349667284
553.7362081064731 282.92816454930437
602.7878523895948 286.9386763460376
612.0428796128253 282.00266182698135
613.8938850574715 320.8737761645495
627.7764258923172 308.5337398669088
626.8509231699941 291.25768905021187
645.6694785238963 278.30065093768917
657.3925130066548 278.9176527525712
639.4994603750758 311.00174712643695
628.0849267997581 321.1822770719904
656.7755111917727 325.1927888687237
658.3180157289778 298.35320992135524
671.2750538415005 296.1937035692681
684.8490937689053 290.64068723532984
682.0725856019361 281.0771591046583
703.3591482153662 321.1822770719904
700.8911409558382 305.4487307924986
705.2101536600123 305.4487307924986
713.2311772534788 309.1507416817908
718.1671917725351 302.67222262552946
712.9226763460379 325.1927888687237
721.2522008469452 325.80979068360574
735.751743496673 324.26728614640064
739.4537543859652 319.3312716273444
748.7087816091957 306.9912353297037
756.4213042952211 301.4382189957654
753.953297035693 317.7887670901393
744.0812679975805 278.60915184513016
728.9647235329707 280.46015728977625
696.880629159105 280.46015728977625
711.0716709013916 295.5767017543861
722.4862044767093 289.71518451300676
744.3897689050216 243.13154748941324
757.3468070175443 240.35503932244407
734.5177398669089 246.2165565638234
707.6781609195406 247.45056019358748
742.2302625529344 244.36555111917733
714.1566799758019 243.7485493042953
683.9235910465823 245.29105384150037
691.6361137326077 244.0570502117363
683.3065892317002 232.33401572897765
692.8701173623717 225.5469957652753
705.2101536600123 215.36646581972172
711.9971736237147 220.30248033877803
718.4756926799761 224.0044912280702
723.1032062915914 216.90897035692683
719.7096963097401 217.83447307924988
729.2732244404117 225.8554966727163
733.592237144586 227.70650211736242
740.6877580157293 225.5469957652753
743.4642661826985 220.610981246219
735.1347416817911 220.610981246219
753.3362952208109 216.29196854204477
757.3468070175443 223.38748941318818
748.4002807017547 226.16399758015734
702.4336454930433 224.62149304295227
699.6571373260741 219.37697761645498
693.7956200846947 220.30248033877803
610.7531228070177 337.224324258923
619.3911482153661 329.5118015728976
638.5182044767091 332.9053115547487
618.774146400484 373.01042952208087
637.5927017543861 367.14891228070155
661.9642734422264 358.81938777979417
675.8468142770721 352.0323678160917
689.4208542044768 354.19187416817886
696.2078741681792 340.61783424077413
671.2193006654569 327.35229522081045
660.1132679975802 315.93776164549286
722.7389522081065 344.9368469449484
723.6644549304297 338.45832788868705
734.1534857834242 350.18136237144563
735.6959903206292 367.7659140955836
729.5259721718089 360.6703932244402
718.7284404113733 362.82989957652734
705.1544004839686 359.12788868723516
700.2183859649124 352.0323678160917
715.6434313369632 386.89297035692664
711.3244186327888 381.64845493042935
703.9203968542046 365.9149086509375
710.707416817907 363.4469013914093
755.4400483968543 364.37240411373244
744.9510175438597 358.81938777979417
754.8230465819722 353.5748723532969
752.6635402298851 344.0113442226253
749.5785311554749 335.9903206291589
766.2375801572899 344.9368469449484
779.8116200846946 320.8737761645491
776.7266110102845 313.7782552934057
781.3541246218996 311.3102480338776
781.6626255293407 302.36372171808813
790.6091518451301 295.26820084694475
767.7800846944949 280.768658197217
782.5881282516636 277.99215003024784
791.5346545674532 276.7581464004838
782.5881282516636 340.30933333333314
778.8861173623716 347.09635329703553
770.5565928614641 349.56436055656366
768.705587416818 354.19187416817886
771.7905964912281 355.73437870538396
774.2586037507563 359.12788868723516
765.6205783424077 368.6914168179066
771.1735946763462 377.9464440411371
778.2691155474895 378.56344585601914
786.290139140956 367.7659140955836
783.2051300665456 361.28739503932223
790.9176527525711 357.89388505747104
783.5136309739867 355.73437870538396
777.6521137326074 354.5003750756199
779.8116200846946 351.4153660012097
783.8221318814278 349.2558596491226
801.7151845130066 348.33035692679954
806.9596999395039 350.18136237144563
797.7046727162735 353.5748723532969
807.8852026618271 361.28739503932223
800.1726799758018 363.1384004839683
806.9596999395039 369.92542044767066
817.1402298850575 375.78693768905003
835.3417834240776 369.61691954022973
824.235750756201 360.6703932244402
817.1402298850575 357.276883242589
818.3742335148216 344.62834603750736
828.554763460375 352.64936963097375
837.1927888687236 350.18136237144563
837.5012897761645 357.276883242589
843.9798088324259 357.276883242589
841.8203024803387 346.78785238959443
833.4907779794313 338.45832788868705
827.0122589231702 334.4478160919538
815.5977253478525 322.4162807017542
828.8632643678162 316.5547634603749
816.2147271627346 295.8852026618268
832.8737761645493 294.0341972171807
831.3312716273441 301.43821899576506
819.2997362371447 277.0666473079248
829.4802661826983 275.5241427707197
836.8842879612824 282.9281645493041
773.2773478523894 234.80202298850557
764.3308215366 235.4190248033876
765.564825166364 218.45147489413168
760.6288106473079 212.8984585601934
765.2563242589231 209.1964476709012
776.3623569267997 212.28145674531137
765.564825166364 211.0474531155473
788.0853914095583 218.7599758015727
787.4683895946763 213.2069594676344
795.1809122807017 239.12103569267975
797.3404186327887 235.4190248033876
781.2983714458559 244.05705021173608
773.2773478523894 224.621493042952
801.042429522081 239.12103569267975
801.6594313369629 234.80202298850557
801.3509304295219 227.39800120992115
805.3614422262551 226.16399758015712
808.4464513006654 235.4190248033876
810.6059576527524 239.12103569267975
815.2334712643677 237.5785311554747
813.0739649122805 233.87652026618247
813.3824658197216 220.6109812462188
822.9459939503931 221.84498487598285
819.243983061101 211.97295583787036
823.5629957652751 211.97295583787036
829.4245130066544 224.621493042952
836.8285347852388 226.16399758015712
835.2860302480337 217.52597217180866
839.9135438596489 220.3024803387778
840.530545674531 214.13246218995747
847.3175656382334 216.60046944948556
841.7645493042952 232.64251663641843
860.8916055656381 236.34452752571065
856.8810937689049 221.84498487598285
864.9021173623713 220.6109812462188
857.498095583787 215.36646581972153
864.5936164549303 211.97295583787036
865.2106182698122 207.0369413188141
875.3911482153659 221.22798306110082
870.7636346037507 215.0579649122805
875.0826473079248 228.94050574712625
882.1781681790682 227.08950030248013
886.1886799758014 224.92999395039305
881.8696672716272 215.0579649122805
888.0396854204474 218.1429739866907
897.2947126436779 218.7599758015727
900.6882226255292 211.97295583787036
918.2727743496671 211.35595402298833
873.8486436781608 236.34452752571065
865.2106182698122 235.4190248033876
895.4437071990319 239.7380375075618
905.9327380520265 238.50403387779772
902.2307271627343 233.2595184513005
912.7197580157289 233.5680193587415
925.3682952208105 246.21655656382316
941.1018415003024 240.04653841500283
939.8678378705382 231.7170139140954
924.4427924984875 223.38748941318795
915.187765275257 222.4619866908649
918.5812752571081 222.4619866908649
926.6022988505745 212.28145674531137
935.548825166364 211.0474531155473
938.0168324258922 218.7599758015727
944.8038523895945 224.621493042952
948.8143641863277 216.2919685420446
954.3673805202661 212.8984585601934
960.2288977616454 219.68547852389577
956.2183859649122 221.22798306110082
971.0264295220809 216.60046944948556
994.1639975801571 214.44096309739848
995.3980012099212 262.258603750756
982.1324621899574 288.7896817906834
975.6539431336963 299.58721355111896
973.4944367816091 285.08767090139116
985.5259721718086 300.821217180883
848.5515692679975 293.72569630973965
844.2325565638233 275.5241427707197
839.605042952208 279.84315547489393
855.6470901391408 276.44964549304274
861.8171082879612 277.6836491228068
862.1256091954021 290.9491881427705
872.6146400483967 286.6301754385963
890.1991917725346 272.74763460375056
894.8267053841499 277.6836491228068
905.6242371445855 277.6836491228068
900.9967235329702 276.44964549304274
914.8792643678161 269.0456237144583
921.6662843315183 269.3541246218994
931.8468142770718 284.4706690865092
921.3577834240772 287.55567816091934
896.677710828796 288.7896817906834
888.6566872353296 287.2471772534783
944.4953514821535 280.768658197217
950.9738705384149 284.16216817906815
848.8600701754385 330.7458052026617
859.966102843315 322.41628070175426
857.1895946763459 335.68181972171794
857.1895946763459 366.84041137326057
875.0826473079248 375.47843678160905
867.0616237144585 373.6274313369629
877.859155474894 366.5319104658196
875.0826473079248 359.74489050211724
880.3271627344221 348.63885783424064
887.4226836055653 344.3198451300664
874.1571445856018 348.0218560193586
868.2956273442225 337.22432425892305
873.2316418632787 334.4478160919539
882.7951699939501 333.5223133696308
879.4016600120989 321.79927888687223
868.6041282516634 321.79927888687223
871.6891373260736 317.788767090139
866.1361209921353 306.68273442226246
860.274603750756 315.62926073805187
911.1772534785237 404.4775220810646
911.1772534785237 379.4889485783422
900.9967235329702 383.19095946763446
897.603213551119 375.47843678160905
887.4226836055653 376.7124404113731
900.6882226255291 367.4574131881426
891.4331954022987 353.5748723532969
898.837217180883 348.0218560193586
904.6987344222624 335.0648179068359
899.4542189957651 328.89479975801555
899.1457180883242 317.788767090139
899.1457180883242 306.68273442226246
908.6813696309739 305.44873079249834
914.5428868723532 306.99123532970344
914.2343859649121 315.3207598306109
922.2554095583786 326.4267924984875
918.8618995765275 334.44781609195394
907.4473660012098 319.3312716273441
903.1283532970357 313.1612534785238
925.3404186327889 353.8833732607379
930.276433151845 350.48986327888673
926.2659213551118 332.90531155474883
948.786487598306 352.03236781609183
947.8609848759829 345.5538487598305
938.9144585601936 341.8518378705383
938.6059576527524 345.86234966727153
939.2229594676345 369.30841863278874
928.7339286146399 371.15942407743483
921.3299068360557 382.5739576527524
933.0529413188142 379.7974494857833
933.0529413188142 397.3820012099212
942.9249703569268 389.6694785238958
949.7119903206291 381.33995402298837
951.5629957652751 368.3829159104657
957.7330139140955 366.2234095583786
957.1160120992135 358.2023859649122
963.2860302480337 353.2663714458559
966.6795402298849 364.6809050211735
967.296542044767 375.4784367816091
971.6155547489412 372.70192861464
960.2010211736236 375.4784367816091
964.2115329703568 386.27596854204467
970.0730502117361 389.9779794313369
981.7960846944948 385.35046581972153
979.9450792498486 378.8719467634603
973.4665601935874 381.0314531155474
970.6900520266182 381.0314531155474
993.5191191772534 370.5424222625528
986.4235983061101 374.8614349667271
988.8916055656382 362.5213986690864
1000.3061391409558 361.5958959467634
1008.3271627344221 374.55293405928603
1001.8486436781608 380.41445130066535
1008.0186618269812 390.2864803387779
1019.7416963097397 392.137485783424
1014.1886799758014 354.80887598306094
1020.6671990320627 353.2663714458559
1021.9012026618269 343.7028433151844
1011.4121718088323 328.27779794313363
1007.7101609195403 335.06481790683597
1002.1571445856019 345.86234966727153
982.4130865093767 344.6283460375074
963.2860302480337 330.4373042952207
976.2430683605565 329.51180157289764
997.5296309739866 333.8308142770719
997.8381318814276 319.3312716273441
1005.5506545674531 315.6292607380519
984.5725928614639 317.78876709013906
978.4025747126436 320.2567743496672
941.3824658197217 333.2138124621898
944.7759758015728 319.3312716273441
950.9459939503931 311.3102480338777
996.9126291591047 296.81070538414997
1005.242153660012 276.75814640048384
1012.3376745311554 265.96061464004833
1023.135206291591 295.26820084694486
293.4242504162505 508.58905361305364
