387.48153806977336 641.6114081996436
471.0140056022409 364.83218742042277
205.45556404379928 419.68933027756566
185.5075120957473 418.44257703081234
103.22179781003305 418.44257703081234
33.40361599185124 504.4685510567864
19.689330277565507 443.3776419658773
63.325693913929115 353.6114081996435
22.182836771071987 292.52049910873444
94.49452508276033 251.37764196587733
80.78023936847461 217.71530430353965
164.31270690094215 331.1698497580851
161.81920040743566 287.5334861217214
5.975044563279773 213.97504456327985
27.16984975808501 134.18283677107206
12.208810797046002 60.624395212630496
10.9620575502928 12.001018589253933
38.3906289788642 53.14387573211099
78.28673287496812 78.07894066717591
57.92309651133177 7.949070537305755
72.88413547237074 34.75426534250059
92.83218742042267 44.10491469314993
92.83218742042267 69.6633562515915
125.2477718360071 42.85816144639666
119.6373822256175 19.16984975808494
114.65036923860448 10.442577030812233
80.36465495289022 12.312706900942144
138.96205755029283 7.949070537305755
162.02699261522793 12.312706900942144
183.22179781003308 26.65036923860445
205.0399796282149 10.442577030812233
162.02699261522793 34.13088871912395
167.6373822256175 49.715304303539526
156.41660300483832 79.01400560224084
127.117901706137 103.94907053730576
105.92309651133178 107.06595365418887
59.169849758085014 139.4815380697733
122.13088871912399 156.93608352431878
159.53348612172144 146.9620575502928
91.58543417366944 181.24777183600708
142.07894066717594 178.7542653425006
212.52049910873438 193.0919276801629
192.57244716068243 173.76725235548759
243.06595365418897 140.10491469314994
226.23478482302014 102.70231729055251
191.32569391392923 65.92309651133174
204.41660300483832 45.35166793990314
219.37764196587725 29.76725235548756
261.14387573211104 16.676343264578463
297.2997198879552 16.676343264578463
332.20881079704606 12.312706900942144
381.45556404379937 39.117901706136905
397.0399796282149 38.49452508276034
365.2477718360072 6.70231729055248
284.83218742042277 80.26075884899407
267.3776419658773 47.221797810033046
279.84517443340974 158.80621339444863
289.1958237840591 179.37764196587722
354.02699261522787 158.80621339444863
325.3516679399033 120.7802393684746
380.20881079704606 122.02699261522784
425.71530430353965 80.26075884899407
416.9880315762669 56.572447160682394
445.0399796282149 34.75426534250059
453.143875732111 11.06595365418887
464.9880315762669 48.468551056786254
373.9750445632798 218.02699261522787
330.9620575502928 261.0399796282149
289.1958237840591 269.76725235548764
246.1828367710721 229.2477718360071
225.61140819964348 268.5204991087343
297.9230965113319 357.0399796282149
363.3776419658772 358.2867328749681
454.39062897886424 342.0789406671759
443.1698497580851 276.0010185892539
478.7023172905526 233.61140819964342
421.9750445632798 173.76725235548759
345.29971988795523 71.53348612172134
362.1308887191241 64.67634326457849
246.1828367710721 198.70231729055254
519.6373822256176 39.117901706136905
528.3646549528903 80.26075884899407
583.2217978100333 82.13088871912394
583.2217978100333 38.49452508276034
624.9880315762671 38.49452508276034
647.4295900178254 32.26075884899411
680.4685510567864 34.75426534250059
726.5984211866565 34.13088871912395
676.1049146931501 82.75426534250059
731.5854341736697 75.89712248535771
744.6763432645787 85.24777183600706
699.1698497580852 111.42959001782526
586.3386809269164 167.53348612172135
506.5464731347085 155.0659536541889
530.2347848230202 209.29971988795512
556.4166030048384 216.156862745098
600.6763432645787 332.1049146931499
679.8451744334099 248.57244716068243
663.014005602241 209.29971988795512
689.8192004074359 181.24777183600708
726.5984211866565 188.72829131652657
766.4945250827604 159.42959001782526
775.2217978100332 141.9750445632798
775.8451744334099 106.44257703081227
788.3127069009423 87.11790170613693
793.9230965113319 44.10491469314993
813.8711484593839 32.26075884899411
861.2477718360072 63.42959001782526
840.0529666412021 88.98803157626682
831.3256939139293 120.15686274509797
888.0529666412021 119.53348612172137
880.5724471606826 84.62439521263043
910.4945250827604 57.19582378405903
920.4685510567864 60.312706900942146
956.6243952126306 85.8711484593837
963.4815380697735 65.2997198879551
893.0399796282151 37.24777183600707
873.091927680163 23.53348612172133
926.7023172905527 21.66335625159149
951.6373822256177 236.72829131652657
907.3776419658774 294.0789406671759
818.2347848230203 287.2217978100331
819.4815380697735 231.11790170613696
874.9620575502929 168.7802393684746
934.8062133944488 130.13088871912396
961.6114081996436 140.10491469314994
917.97504456328 207.42959001782526
931.065953654189 172.52049910873436
714.7542653425008 358.91010949834475
518.3906289788641 10.442577030812233
490.3386809269161 17.92309651133174
555.169849758085 10.442577030812233
576.9880315762667 6.70231729055248
623.1179017061369 11.06595365418887
669.8711484593837 16.676343264578463
698.5464731347083 16.676343264578463
767.7412783295136 15.42959001782526
750.9101094983448 34.75426534250059
813.8711484593837 10.442577030812233
849.4036159918512 14.806213394448621
470.39062897886413 201.19582378405903
759.014005602241 558.0789406671761
929.8192004074357 518.1828367710722
947.2737458619813 632.8841354723708
1014.5984211866564 645.3516679399032
707.8971224853577 429.6633562515916
820.1049146931501 383.53348612172147
798.9101094983449 432.1568627450981
964.7282913165266 180.3127069009422
1018.3386809269164 236.41660300483835
997.1438757321112 149.14387573211098
998.3906289788642 65.61140819964345
1000.8841354723708 41.923096511331806
985.9230965113318 15.741278329513616
953.9230965113318 10.442577030812233
1010.0269926152279 14.806213394448621
906.5464731347085 12.312706900942144
881.6114081996434 4.83218742042264
720.156862745098 6.078940667175915
595.4815380697733 6.70231729055248
8.852167440402793 273.6753442635796
1001.139879728115 352.95606354429884
359.73328632152163 295.66935025758556
342.34267693091226 183.1418777301131
325.97504456327994 202.57844116667647
