1002.4662037037037 289.6200231481479
989.759336419753 291.3002700617281
1000.995987654321 305.2673225308639
984.8236111111112 299.07141203703674
980.2029320987654 299.2814429012343
972.1167438271605 306.31747685185155
958.464737654321 296.1309799382713
965.5007716049383 298.65135030864167
972.1167438271605 296.3410108024689
960.670061728395 308.1027391975306
963.0854166666667 303.2720293209874
949.2233796296297 300.751658950617
941.872299382716 299.07141203703674
936.4114969135802 300.33159722222194
942.1873456790123 311.35821759259227
946.808024691358 308.1027391975306
978.8377314814815 328.3707175925923
977.6825617283951 309.257908950617
1016.0885030864198 287.28342978395034
982.0635030864198 335.3804976851849
1007.5297453703704 347.5097800925923
1017.6112268518518 345.3044560185182
997.7633101851852 342.5215470679009
1012.6755015432099 382.2698881172836
994.3800154320987 364.81107253086384
977.6825617283951 372.37218364197497
1009.2922067901235 413.538233024691
963.4004629629629 420.5217592592589
955.8393518518518 394.5829475308638
973.0618827160494 393.7428240740737
994.1402777777778 449.9523341049379
851.8422839506173 559.1421296296296
832.9395061728395 515.8757716049382
896.3688271604939 483.1109567901234
798.9145061728395 463.3680555555555
850.5820987654322 441.5248456790123
840.0805555555556 426.40262345679
801.854938271605 440.2646604938271
738.0055555555556 508.73472222222216
680.0370370370371 489.4118827160493
721.6231481481482 427.24274691358016
750.6074074074074 407.9199074074073
791.7734567901235 403.2992283950616
912.7512345679013 420.52175925925917
966.3408950617284 373.8817804783949
952.1638117283951 363.69528356481464
953.108950617284 351.7235243055554
975.3722222222223 350.25330825617266
971.906712962963 343.53232060185167
944.7671296296296 337.59894868827143
942.2467592592593 351.2509548611109
922.9239197530865 359.8622202932097
919.7734567901234 351.2509548611109
926.704475308642 340.9594425154319
922.5038580246913 342.0095968364196
921.0336419753087 327.51746720678995
925.6543209876543 302.1037326388887
918.3032407407406 306.5143807870368
908.2217592592592 321.00651041666646
911.7922839506173 319.74632523148125
905.9114197530864 312.1852141203702
898.1402777777778 309.24478202160475
895.6199074074074 319.1162326388887
903.3910493827161 319.53629436728374
908.6418209876542 342.0095968364196
909.691975308642 328.1475597993825
909.691975308642 361.12240547839485
902.970987654321 373.5142264660492
905.2813271604939 381.9154610339504
918.3032407407406 396.8276523919751
886.3785493827161 383.5957079475307
876.2970679012345 389.8966338734566
870.6262345679012 369.73367091049363
878.3973765432098 353.1412326388887
892.4694444444444 340.53938078703686
892.0493827160494 329.8278067129628
883.4381172839506 321.63660300925903
880.2876543209876 313.8654610339504
884.9083333333333 306.9344425154319
877.3472222222222 305.67425733024675
872.516512345679 306.9344425154319
863.2751543209877 313.4453993055554
857.8143518518518 319.53629436728374
867.0557098765432 327.72749807098745
873.7766975308642 320.3764178240739
869.9961419753087 312.1852141203702
863.0651234567902 352.72117091049364
850.2532407407407 346.84030671296273
844.3723765432098 361.12240547839485
852.7736111111111 334.2384548611109
839.3316358024691 345.5801215277776
841.8520061728395 318.6961709104936
839.3316358024691 313.0253375771603
833.4507716049383 319.1162326388887
823.7893518518518 346.4202449845677
806.1467592592593 361.962528935185
813.6166666666667 334.7635320216047
812.3564814814815 325.94223572530836
817.3972222222222 316.28081597222194
805.6354938271605 332.66322337962936
795.9740740740741 322.1616801697528
801.43487654321 323.00180362654294
785.8925925925927 330.56291473765407
778.7515432098766 330.56291473765407
772.4506172839507 337.70396412037013
777.4913580246914 351.1459394290121
787.5728395061728 347.7854456018516
766.5697530864198 351.1459394290121
760.6888888888889 347.7854456018516
768.6700617283951 359.9672357253084
759.8487654320988 392.31198881172816
676.2564814814815 424.6567418981479
669.1154320987655 401.9734085648146
686.3379629629629 380.55026041666645
630.4697530864198 435.1582851080244
656.9336419753087 383.9107542438269
677.0966049382716 380.97032214506146
698.9398148148148 356.18668016975283
703.9805555555556 341.0644579475306
721.6231481481482 325.52217399691335
736.3253086419753 326.36229745370343
745.9867283950617 325.94223572530836
743.0462962962963 335.1835937499998
738.0055555555556 345.2650752314812
730.0243827160494 356.18668016975283
740.945987654321 371.72896412037016
719.1027777777778 394.8323591820985
713.641975308642 327.2024209104936
617.4478395061728 387.69130979938245
605.6861111111111 381.3903838734566
606.5262345679013 362.9076678240738
615.7675925925926 359.9672357253084
630.8898148148148 359.12711226851826
643.0716049382717 362.9076678240738
651.892901234568 357.86692708333305
660.7141975308642 368.3684702932096
672.0558641975309 363.3277295524689
680.8771604938272 354.5064332561726
696.8395061728395 333.92340856481457
682.9774691358025 326.36229745370343
677.0966049382716 332.24316165123435
651.0527777777778 342.74470486111085
632.9901234567901 336.4437789351849
615.7675925925926 350.72587770061705
607.7864197530864 344.8450135030862
600.6453703703704 357.02680362654297
593.9243827160494 357.44686535493804
595.1845679012346 346.9453221450615
594.7645061728394 333.5033468364195
593.9243827160494 338.96414930555534
574.1814814814815 364.58791473765405
575.0216049382716 382.65056905864174
691.3787037037038 428.0172357253084
538.8962962962963 433.89809992283926
543.937037037037 389.79161844135774
546.4574074074073 376.3496431327158
563.6799382716049 366.6882233796294
557.379012345679 357.44686535493804
565.3601851851852 347.36538387345655
567.8805555555556 336.4437789351849
560.7395061728395 334.7635320216047
546.4574074074073 348.62556905864176
534.6956790123456 348.20550733024663
541.8367283950618 360.80735918209854
527.9746913580246 375.0894579475306
525.0342592592592 354.9264949845676
515.7929012345679 386.4311246141973
405.5543209876544 585.3959876543208
438.31913580246913 448.45586419753073
470.24382716049394 457.6972222222221
482.00555555555565 435.8540123456789
461.0024691358025 401.40895061728384
492.9271604938272 393.00771604938257
488.72654320987664 361.0830246913579
502.1685185185186 364.4435185185184
518.9709876543211 355.202160493827
515.6104938271606 342.6003086419752
517.2907407407408 335.8793209876542
491.24691358024694 339.2398148148147
493.76728395061735 319.91697530864184
474.4444444444445 325.7978395061727
446.7203703703704 403.9293209876542
441.6796296296297 380.4058641975307
461.0024691358025 367.80401234567887
461.0024691358025 356.04228395061716
455.9617283950618 347.6410493827159
462.6827160493828 319.0768518518517
448.4006172839507 314.036111111111
448.4006172839507 333.3589506172838
440.83950617283955 332.5188271604937
382.0308641975309 477.86018518518506
389.591975308642 461.8978395061727
376.15000000000003 461.8978395061727
334.1438271604939 480.3805555555554
295.49814814814823 501.38364197530854
266.933950617284 471.9793209876542
287.93703703703704 461.0577160493826
312.30061728395066 461.0577160493826
354.3067901234568 449.29598765432087
350.1061728395062 420.7317901234567
384.5512345679013 412.3305555555554
392.95246913580246 432.4935185185184
416.475925925926 445.09537037037023
394.63271604938274 394.68796296296284
422.35679012345685 400.5688271604937
417.31604938271613 366.96388888888873
396.312962962963 381.24598765432086
401.35370370370373 368.644135802469
427.39753086419756 356.8824074074073
434.11851851851856 348.48117283950603
441.6796296296297 342.6003086419752
428.6577160493828 335.66929012345656
434.5385802469137 335.24922839506155
424.45709876543225 336.08935185185163
415.2157407407409 331.468672839506
412.6953703703705 346.1708333333331
389.5919753086421 370.5344135802467
378.2503086419754 366.75385802469117
391.27222222222235 341.5501543209875
400.9336419753088 326.4279320987652
406.81450617283963 329.7884259259257
390.0120370370372 325.58780864197513
367.7487654320988 327.6881172839504
374.0496913580248 328.1081790123455
373.20956790123466 310.88564814814794
361.86790123456797 374.31496913580224
365.2283950617285 385.65663580246894
370.68919753086436 370.11435185185167
373.20956790123466 392.797685185185
381.61080246913593 378.5155864197529
372.78950617283965 404.13935185185164
354.30679012345695 392.797685185185
347.58580246913596 333.98904320987634
348.8459876543211 326.4279320987652
342.1250000000001 328.52824074074056
332.4635802469137 342.39027777777756
332.04351851851857 331.468672839506
328.2629629629631 329.3683641975307
334.9839506172841 324.747685185185
337.0842592592594 323.90756172839485
358.5074074074075 331.0486111111109
325.7425925925927 354.1520061728393
327.842901234568 379.355709876543
337.92438271604954 381.45601851851836
321.121913580247 399.93873456790107
302.2191358024692 400.3587962962961
290.03734567901245 398.2584876543208
306.8398148148149 379.355709876543
294.65802469135815 381.8760802469134
301.37901234567914 361.2930555555554
310.62037037037044 359.19274691358004
320.28179012345686 335.66929012345656
301.79907407407416 332.72885802469114
308.10000000000014 331.888734567901
287.096913580247 335.66929012345656
287.51697530864203 349.9513888888887
288.35709876543217 363.3933641975307
291.2975308641976 354.9921296296294
281.6361111111112 366.75385802469117
273.65493827160503 378.5155864197529
277.4354938271606 418.42145061728377
263.57345679012354 439.00447530864176
245.09074074074084 460.847685185185
229.9685185185186 481.010648148148
229.9685185185186 455.3868827160492
292.9777777777779 455.3868827160492
241.73024691358034 400.3587962962961
212.74598765432108 388.1770061728393
204.34475308641984 382.29614197530844
216.9466049382717 376.4152777777776
227.02808641975318 371.79459876543194
248.45123456790134 352.051697530864
257.6925925925927 372.21466049382695
266.0938271604939 367.59398148148125
268.1941358024692 360.45293209876525
257.6925925925927 360.45293209876525
266.93395061728404 351.2115740740739
276.1753086419754 354.9921296296294
261.0530864197532 337.34953703703684
269.87438271604947 334.8291666666665
276.1753086419754 326.00787037037014
295.07808641975316 323.4874999999998
219.046913580247 345.330709876543
227.44814814814825 337.7695987654319
166.95925925925928 484.58117283950605
182.0814814814815 487.94166666666655
172.0 441.73487654320974
182.92160493827163 428.29290123456775
214.00617283950618 419.0515432098764
198.88395061728397 425.7725308641974
156.8777777777778 394.68796296296284
145.11604938271608 420.7317901234567
84.62716049382715 482.0608024691357
99.74938271604941 545.0700617283949
137.55493827160495 503.06388888888875
115.71172839506175 485.4212962962962
103.94999999999999 430.81327160493817
106.4703703703704 403.9293209876542
145.11604938271608 387.96697530864185
173.68024691358028 378.7256172839505
192.16296296296298 372.0046296296295
203.0845679012346 366.96388888888873
445.0401234567901 358.5626543209875
492.9271604938272 346.80092592592575
504.6888888888889 382.9262345679011
32.53950617283951 465.2583333333332
9.856172839506172 463.578086419753
51.86234567901232 426.61265432098753
68.6648148148148 420.7317901234567
19.097530864197523 417.3712962962962
40.94074074074075 393.00771604938257
60.26358024691359 392.1675925925925
85.46728395061729 405.6095679012344
98.06913580246913 389.64722222222207
75.3858024691358 374.52499999999986
61.94382716049381 375.36512345679
129.99382716049382 361.0830246913579
118.23209876543211 364.4435185185184
135.87469135802468 373.6848765432097
149.31666666666666 362.76327160493815
160.2382716049383 377.0453703703702
36.740123456790116 374.52499999999986
34.21975308641976 361.0830246913579
2.295061728395069 393.00771604938257
87.38518518518521 363.81342592592574
103.76759259259259 364.2334876543208
94.10617283950617 348.6912037037035
117.20956790123458 347.8510802469134
139.47283950617285 354.5720679012344
135.27222222222224 328.94830246913557
158.37561728395062 340.71003086419734
165.51666666666668 356.6723765432097
181.05895061728395 345.75077160493805
178.5385802469136 338.609722222222
191.14043209876544 349.11126543209855
202.9021604938272 345.330709876543
207.94290123456793 338.189660493827
211.7234567901235 337.34953703703684
212.56358024691363 331.0486111111109
219.28456790123457 336.92947530864177
224.32530864197534 328.1081790123455
228.1058641975309 318.86682098765414
237.76728395061733 329.7884259259257
244.9083333333334 336.08935185185163
249.52901234567904 335.24922839506155
239.02746913580248 336.5094135802467
244.9083333333334 326.00787037037014
257.09012345679014 327.6881172839504
262.13086419753085 328.1081790123455
275.57283950617284 320.54706790123436
199.12160493827164 335.66929012345656
185.2595679012346 332.72885802469114
203.32222222222222 326.00787037037014
213.82376543209878 322.64737654320965
209.20308641975313 323.90756172839485
188.20000000000002 323.4874999999998
195.76111111111115 326.00787037037014
196.18117283950622 318.026697530864
185.67962962962966 317.18657407407386
188.6200617283951 314.6662037037035
177.2783950617284 326.00787037037014
172.23765432098767 332.3087962962961
160.47592592592596 333.1489197530862
155.4351851851852 327.26805555555535
160.89598765432103 323.90756172839485
150.39444444444447 317.18657407407386
146.6138888888889 317.60663580246893
137.37253086419756 320.9671296296294
140.31296296296298 326.4279320987652
120.57006172839507 322.2273148148146
97.88672839506174 331.468672839506
99.98703703703706 327.6881172839504
92.42592592592592 329.36836419753064
88.64537037037039 338.609722222222
72.68302469135804 345.75077160493805
74.78333333333333 357.09243827160475
49.999691358024705 360.87299382716026
41.178395061728395 354.9921296296294
44.53888888888889 366.3337962962961
1.2725308641975346 373.89490740740723
5.89320987654321 331.0486111111109
23.115740740740733 330.62854938271585
32.35709876543211 327.6881172839504
21.435493827160485 339.02978395061706
37.8179012345679 341.5501543209874
42.85864197530864 347.43101851851833
55.88055555555556 326.8479938271603
44.95895061728396 327.6881172839504
69.74259259259259 332.72885802469114
81.50432098765432 328.52824074074056
77.72376543209876 321.80725308641956
84.02469135802471 320.54706790123436
71.0027777777778 324.747685185185
73.94320987654322 319.7069444444442
290.2750000000001 323.4874999999998
324.30000000000007 308.78533950617265
318.4191358024692 304.16466049382694
319.25925925925935 305.84490740740716
326.82037037037037 306.6850308641973
315.05864197530866 300.3841049382714
315.05864197530866 309.2054012345677
300.77654320987654 304.584722222222
310.01790123456794 287.36219135802446
318.4191358024692 286.94212962962945
286.0743827160494 277.280709876543
296.57592592592596 295.34336419753066
301.19660493827166 297.0236111111109
294.05555555555554 295.34336419753066
281.0336419753087 289.8825617283949
265.9114197530864 286.5220679012343
282.29382716049383 294.5032407407405
283.9740740740741 298.70385802469116
279.3533950617284 299.9640432098763
277.67314814814813 297.44367283950595
276.412962962963 296.60354938271587
277.2530864197531 294.5032407407405
278.09320987654326 290.3026234567899
289.43487654320995 298.70385802469116
265.4913580246914 297.863734567901
262.13086419753085 302.06435185185165
264.23117283950626 303.32453703703686
264.65123456790127 301.6442901234566
265.4913580246914 302.06435185185165
266.33148148148155 299.5439814814813
269.271913580247 297.863734567901
263.3910493827161 298.38881172839484
253.9396604938272 303.8496141975306
257.72021604938277 301.3292438271603
249.108950617284 300.0690586419751
245.7484567901235 298.17878086419734
241.33780864197536 296.4985339506171
242.387962962963 300.0690586419751
237.97731481481486 303.00949074074055
245.32839506172843 307.0000771604936
235.87700617283957 320.02199074074053
247.2186728395062 320.6520833333331
246.58858024691364 317.7116512345677
261.08070987654327 317.7116512345677
271.16219135802476 306.15995370370354
272.842438271605 298.8088734567899
234.61682098765436 302.799459876543
230.41620370370373 300.0690586419751
231.46635802469137 300.9091820987652
226.63564814814816 299.64899691358005
224.32530864197537 300.6991512345677
220.12469135802473 300.6991512345677
210.4632716049383 304.68973765432077
213.8237654320988 298.38881172839484
211.30339506172845 297.3386574074072
208.36296296296302 297.12862654320963
205.21250000000003 301.11921296296276
218.23441358024695 300.4891203703702
201.64197530864203 298.17878086419734
186.09969135802473 303.21952160493805
189.67021604938276 298.5988425925924
193.45077160493832 300.0690586419751
190.7203703703704 304.47970679012326
177.48842592592598 302.37939814814797
180.21882716049387 299.85902777777756
166.7768518518519 305.10979938271583
156.48533950617286 297.75871913580227
158.5856481481482 302.799459876543
168.24706790123463 313.9310956790122
177.27839506172842 319.1818672839504
171.81759259259263 304.68973765432077
155.01512345679015 306.79004629629605
146.61388888888894 312.67091049382697
145.5637345679013 306.79004629629605
148.71419753086423 303.00949074074055
169.92731481481485 300.6991512345677
185.04953703703708 307.6301697530862
182.73919753086426 300.2790895061726
198.07145061728397 299.0189043209874
137.49135802469135 301.7493055555553
133.29074074074072 298.80887345678985
133.71080246913579 301.9593364197528
136.23117283950614 306.36998456790093
136.86126543209878 312.8809413580244
131.40046296296293 318.55177469135776
127.19984567901234 310.99066358024663
132.03055555555557 308.89035493827134
127.40987654320988 304.05964506172813
122.7891975308642 302.58942901234536
119.84876543209874 299.2289351851849
124.67947530864195 298.80887345678985
117.74845679012346 306.36998456790093
121.52901234567899 306.36998456790093
113.75787037037036 313.93109567901206
119.84876543209874 314.5611882716047
112.0776234567901 321.7022376543207
106.40679012345679 324.22260802469106
97.37546296296294 322.54236111111084
105.14660493827161 314.9812499999997
109.76728395061728 302.16936728395035
114.17793209876542 300.4891203703701
105.35663580246911 298.5988425925923
100.73595679012344 300.90918209876514
103.6763888888889 305.9499228395059
97.16543209876544 308.89035493827134
99.47577160493826 313.72106481481455
95.06512345679012 314.14112654320957
92.33472222222223 319.6019290123454
88.13410493827159 321.2821759259256
89.6043209876543 315.4013117283948
90.44444444444444 312.0408179012343
91.49459876543209 302.7994598765429
96.3253086419753 302.7994598765429
83.09336419753085 304.6897376543207
79.52283950617284 306.790046296296
75.53225308641974 305.73989197530835
72.80185185185185 300.06905864197506
77.63256172839506 299.2289351851849
69.23132716049382 297.9687499999997
60.19999999999999 313.0909722222219
67.55108024691357 312.2508487654318
70.70154320987653 307.8402006172837
71.75169753086419 303.63958333333306
74.06203703703703 310.99066358024663
78.47268518518517 316.4514660493824
57.469598765432096 301.5392746913577
52.638888888888886 302.16936728395035
46.12793209876543 297.75871913580215
46.75802469135802 303.4295524691355
46.54799382716048 319.8119598765429
38.98688271604938 321.2821759259256
26.595061728395052 322.12229938271577
31.215740740740728 307.21010802469107
38.98688271604938 300.06905864197506
40.87716049382715 304.6897376543207
32.47592592592592 302.16936728395035
35.206327160493814 300.6991512345676
30.585648148148138 297.33865740740714
25.964969135802463 300.27908950617257
8.95246913580246 299.8590277777775
15.253395061728384 296.07847222222193
5.591975308641963 304.8997685185183
11.892901234567887 311.20069444444414
24.70478395061727 314.35115740740713
16.933641975308632 307.00007716049356
18.61388888888888 303.4295524691355
16.933641975308632 320.65208333333305
21.134259259259252 320.86211419753056
10.002623456790118 325.27276234567876
12.52299382716049 337.03449074074047
22.18441358024691 293.5581018518516
84.14351851851852 301.3292438271602
85.82376543209877 310.57060185185156
126.56975308641974 349.0062499999997
150.51327160493827 353.6269290123454
2.605941358024687 317.34409722222193
217.36666666666667 307.31512345679
51.02222222222224 308.1552469135801
38.42037037037039 312.35586419753076
1008.3938561438563 311.85664335664313
1007.3708791208792 322.08641358641336
987.9343156843158 317.9945054945053
1020.6695804195806 299.5809190809189
751.6266233766235 336.4080919080917
1021.6925574425575 338.45404595404574
1018.6236263736264 366.07442557442533
735.2589910089911 334.3621378621377
1000.2100399600401 320.0404595404593
