26.679835390946494 648.6650205761316
51.96378600823048 604.8395061728395
36.793415637860065 590.5119341563785
28.365432098765417 556.8
24.99423868312757 510.4460905349794
158.15637860082302 674.791769547325
137.92921810699588 620.8526748971192
175.01234567901233 636.8658436213991
137.0864197530864 577.8699588477365
142.1432098765432 557.6427983539094
118.5448559670782 529.8304526748971
103.3744855967078 512.1316872427982
95.78930041152262 491.06172839506166
110.11687242798355 481.7909465020575
49.43539094650205 487.6905349794238
30.893827160493817 476.73415637860086
3.9242798353909407 443.02222222222224
67.9769547325103 432.0658436213991
60.391769547325126 417.73827160493823
180.70123456790128 538.0477366255145
185.33662551440332 559.9604938271607
181.54403292181075 501.8074074074075
164.26666666666668 481.5802469135803
138.13991769547326 455.0320987654321
115.80576131687246 433.11934156378607
165.53086419753095 442.39012345679015
187.86502057613174 448.28971193415646
224.10534979423872 446.1827160493828
224.10534979423872 482.84444444444455
245.17530864197536 531.7267489711935
233.79753086419763 557.853497942387
211.46337448559674 621.0633744855969
242.22551440329227 645.925925925926
245.59670781893013 597.043621399177
313.8633744855968 600.8362139917697
309.6493827160495 583.9802469135803
353.4748971193416 653.5111111111112
363.16707818930047 608.4213991769549
342.0971193415638 557.4320987654321
292.3720164609054 552.7967078189301
314.7061728395062 519.0847736625515
272.98765432098776 503.91440329218113
288.1580246913581 496.7506172839507
220.31275720164618 525.8271604938273
229.16213991769553 509.8139917695474
223.683950617284 420.0559670781894
190.8148148148149 416.6847736625515
125.4979423868313 408.6781893004116
84.62222222222226 401.5144032921811
251.07489711934164 423.0057613168725
288.57942386831286 436.49053497942396
293.6362139917696 466.8312757201646
256.55308641975313 453.34650205761324
271.30205761316876 423.4271604938272
323.55555555555566 422.16296296296304
312.59917695473257 463.0386831275721
330.2979423868313 464.724279835391
341.6757201646091 487.05843621399185
350.1037037037038 506.02139917695484
373.7020576131688 514.0279835390946
400.6716049382717 532.5695473251029
402.77860082304534 507.285596707819
420.0559670781894 573.445267489712
404.4641975308643 590.722633744856
412.89218106995895 643.8189300411523
452.5037037037038 639.604938271605
447.0255144032923 531.3053497942387
458.40329218107 520.3489711934157
437.33333333333337 475.68065843621406
452.9251028806585 456.29629629629636
392.6650205761317 463.4600823045268
412.4707818930042 452.50370370370376
417.10617283950626 438.17613168724284
405.3069958847737 419.2131687242799
362.74567901234576 424.2699588477367
358.95308641975316 404.885596707819
375.38765432098774 456.29629629629636
151.20329218107 395.19341563786
204.72098765432105 391.40082304526743
192.07901234567908 378.75884773662546
139.8255144032922 378.33744855967075
165.53086419753095 355.16049382716045
125.4979423868313 360.638683127572
121.70534979423871 382.97283950617276
93.05020576131692 372.0164609053498
92.20740740740743 380.8658436213991
55.124279835390986 363.5884773662551
14.66995884773664 374.54485596707815
15.091358024691377 361.0600823045267
3.7135802469136014 343.78271604938266
35.318518518518545 335.77613168724275
40.375308641975316 351.36790123456785
14.248559670781916 407.83539094650206
31.947325102880665 401.51440329218104
37.00411522633747 309.6493827160494
22.255144032921827 301.2213991769547
25.204938271604966 280.1514403292181
57.652674897119354 291.5292181069958
72.401646090535 310.91358024691357
92.62880658436218 316.81316872427976
83.77942386831279 332.8263374485596
60.602469135802494 341.2543209876543
133.92592592592595 338.30452674897117
154.99588477366257 327.3481481481481
139.8255144032922 317.65596707818924
127.18353909465023 309.22798353909457
141.93251028806588 297.00740740740736
98.10699588477368 283.9440329218106
77.03703703703705 283.9440329218106
57.231275720164646 277.62304526748966
37.425514403292205 274.2518518518518
160.05267489711937 302.4855967078189
185.7580246913581 301.2213991769547
203.87818930041158 338.7259259259259
203.87818930041158 361.9028806584362
232.95473251028815 353.0534979423868
235.90452674897128 337.8831275720164
254.44609053497948 348.4181069958847
246.01810699588484 370.7522633744856
265.40246913580256 385.92263374485594
279.3086419753087 353.4748971193415
285.20823045267497 414.9991769547325
286.4724279835392 338.30452674897117
256.9744855967079 321.44855967078183
311.75637860082315 356.0032921810699
315.5489711934157 387.1868312757201
340.83292181069964 393.0864197530864
332.404938271605 370.7522633744856
331.1407407407408 348.4181069958847
300.80000000000007 323.97695473251025
362.74567901234576 383.8156378600823
386.76543209876553 386.7654320987654
390.13662551440336 406.99259259259253
448.7111111111112 403.6213991769547
442.3901234567902 387.1868312757201
390.97942386831284 375.3876543209876
414.9991769547326 361.48148148148147
388.0296296296297 350.5251028806584
429.3267489711935 331.98353909465015
405.3069958847737 318.077366255144
434.804938271605 318.9201646090534
418.37037037037044 306.6995884773662
369.4880658436214 307.1209876543209
355.5818930041153 300.37860082304525
342.0971193415638 309.22798353909457
347.5753086419754 338.30452674897117
416.2633744855968 293.63621399176947
411.6279835390947 276.7802469135802
337.0403292181071 285.6296296296296
304.59259259259267 283.10123456790114
313.44197530864204 271.7234567901234
278.46584362139924 286.0510288065843
238.85432098765438 299.5358024691358
247.70370370370378 288.158024691358
236.325925925926 287.3152263374485
221.99835390946507 274.67325102880653
177.75144032921816 353.0534979423868
457.5604938271606 376.6518518518518
455.0320987654322 350.94650205761315
5.820576131687265 263.2954732510288
6.241975308641988 248.9679012345679
8.34897119341565 240.96131687242794
13.827160493827177 235.0617283950617
31.104526748971217 223.68395061728395
54.28148148148151 243.48971193415633
37.84691358024694 242.22551440329215
101.89958847736628 249.3893004115226
93.05020576131692 267.0880658436214
81.67242798353912 267.0880658436214
102.74238683127575 262.03127572016456
108.22057613168727 273.8304526748971
148.67489711934158 258.6600823045267
163.0024691358025 278.46584362139913
138.56131687242802 253.60329218106992
132.66172839506177 245.17530864197528
114.96296296296299 233.37613168724278
134.76872427983542 224.10534979423863
96.42139917695476 223.68395061728395
77.4584362139918 225.36954732510284
63.552263374485634 220.31275720164604
90.94320987654325 209.77777777777774
76.61563786008232 205.5637860082304
61.86666666666668 202.19259259259258
35.73991769547328 207.67078189300406
19.726748971193427 194.60740740740738
35.318518518518545 189.12921810699584
20.148148148148167 179.01563786008228
23.94074074074075 159.63127572016458
9.613168724279852 156.2600823045267
2.449382716049401 143.61810699588472
22.255144032921827 140.6683127572016
26.89053497942389 120.44115226337442
10.877366255144052 106.53497942386826
43.325102880658456 112.85596707818925
70.29465020576133 109.4847736625514
59.338271604938306 94.314403292181
100.63539094650208 102.74238683127568
60.18106995884776 134.76872427983537
58.495473251028834 142.77530864197527
104.42798353909467 136.03292181069955
103.58518518518522 128.02633744855962
100.63539094650208 150.78189300411518
96.00000000000003 161.73827160493823
110.74897119341566 155.83868312757198
122.9695473251029 142.77530864197527
136.0329218106996 159.63127572016458
104.84938271604942 174.80164609053494
86.3078189300412 182.80823045267485
69.45185185185188 180.27983539094646
52.59588477366258 175.22304526748965
121.28395061728398 179.01563786008228
120.86255144032924 202.19259259259258
106.1135802469136 204.2995884773662
132.24032921810704 193.7646090534979
144.03950617283954 192.92181069958843
160.47407407407414 196.2930041152263
160.89547325102885 171.4304526748971
171.43045267489717 171.4304526748971
151.6246913580247 157.5242798353909
138.56131687242802 149.517695473251
162.15967078189303 140.24691358024685
168.48065843621401 150.3604938271604
164.26666666666668 119.17695473251023
155.83868312757204 109.4847736625514
178.59423868312763 115.80576131687239
150.78189300411523 97.6855967078189
147.4106995884774 92.20740740740733
195.87160493827164 174.3802469135802
184.91522633744862 154.5744855967078
211.8847736625515 136.45432098765428
206.40658436213994 128.02633744855962
197.5572016460906 105.27078189300407
190.8148148148149 90.52181069958844
217.36296296296302 152.04609053497936
176.06584362139924 180.27983539094646
181.54403292181075 201.34979423868307
170.16625514403296 211.4633744855967
195.45020576131694 192.50041152263373
219.04855967078197 200.50699588477357
208.51358024691362 226.2123456790123
186.60082304526756 249.3893004115226
213.9917695473252 244.3325102880658
196.71440329218112 235.90452674897116
205.14238683127576 259.5028806584362
233.79753086419763 274.2518518518518
258.2386831275721 252.76049382716047
241.8041152263375 254.4460905349794
281.8370370370371 264.9810699588477
276.3588477366256 274.6732510288066
412.0493827160495 259.08148148148143
390.97942386831284 248.54650205761314
373.2806584362141 251.4962962962963
371.17366255144043 233.37613168724278
305.0139917695474 241.38271604938265
306.27818930041155 229.5835390946502
349.6823045267491 215.67736625514402
357.2674897119343 207.24938271604935
380.4444444444445 189.12921810699584
312.59917695473257 211.8847736625514
292.3720164609054 212.30617283950613
284.78683127572026 201.77119341563778
258.2386831275721 214.83456790123455
237.16872427983546 219.89135802469133
252.7604938271606 232.1119341563786
237.16872427983546 200.50699588477357
262.45267489711944 184.4938271604938
279.7300411522634 185.75802469135797
290.26502057613175 197.97860082304524
302.485596707819 174.80164609053494
281.41563786008237 172.6946502057613
243.48971193415645 152.88888888888883
227.05514403292187 112.85596707818925
248.54650205761325 87.99341563786001
237.59012345679017 102.74238683127568
242.22551440329227 117.06995884773657
272.566255144033 110.74897119341558
258.6600823045268 122.96954732510282
254.44609053497948 108.22057613168718
281.8370370370371 94.73580246913576
291.1078189300412 112.01316872427978
289.84362139917704 128.8691358024691
278.04444444444454 150.3604938271604
290.6864197530865 162.15967078189297
308.3851851851852 147.83209876543205
302.485596707819 158.36707818930034
293.6362139917696 143.19670781893
320.18436213991777 90.94320987654315
312.17777777777786 107.79917695473245
344.62551440329224 101.05679012345675
335.77613168724287 89.25761316872425
347.5753086419754 88.41481481481478
374.966255144033 117.06995884773657
361.9028806584363 123.39094650205755
351.36790123456797 123.8123456790123
336.19753086419763 126.3407407407407
323.55555555555566 123.8123456790123
322.7127572016462 132.6617283950617
325.24115226337454 143.19670781893
339.56872427983546 155.83868312757198
326.5053497942388 172.6946502057613
356.84609053497945 147.41069958847734
391.8222222222223 152.88888888888883
397.72181069958856 120.44115226337442
423.848559670782 105.27078189300407
415.4205761316873 101.05679012345675
425.11275720164616 89.67901234567896
453.76790123456794 101.05679012345675
457.5604938271606 116.2271604938271
451.6609053497943 144.03950617283945
457.9818930041153 144.88230452674892
432.27654320987665 156.2600823045267
420.89876543209886 174.80164609053494
427.6411522633746 168.05925925925922
414.57777777777784 175.64444444444442
396.03621399176967 179.85843621399175
4.134979423868265 198.82139917695477
374.1234567901235 84.62222222222228
530.0411522633746 643.8189300411523
562.488888888889 623.5917695473253
520.3489711934157 564.174485596708
521.6131687242798 467.6740740740741
528.7769547325104 445.33991769547333
529.1983539094651 433.11934156378607
558.6962962962964 409.94238683127577
559.9604938271605 427.2197530864198
559.5390946502058 444.9185185185186
587.772839506173 468.5168724279836
579.766255144033 508.1283950617285
571.7596707818931 519.0847736625515
549.846913580247 503.91440329218113
605.4716049382716 538.8905349794239
621.0633744855967 568.3884773662553
604.6288065843622 658.567901234568
634.1267489711936 597.4650205761318
681.7448559670783 645.5045267489712
666.9958847736626 562.0674897119343
628.648559670782 507.70699588477373
609.6855967078191 500.12181069958854
642.5547325102882 490.0082304526749
653.0897119341564 461.7744855967079
638.3407407407409 447.446913580247
613.8995884773664 443.2329218106996
597.8864197530864 440.70452674897126
604.6288065843622 414.1563786008231
656.0395061728395 409.09958847736635
674.159670781893 455.45349794238695
675.0024691358026 470.2024691358026
712.9283950617285 478.2090534979424
708.2930041152265 506.86419753086426
693.9654320987655 537.2049382716051
639.1835390946503 540.9975308641976
723.8847736625515 592.408230452675
725.9917695473251 521.6131687242798
746.2189300411524 648.0329218106997
734.8411522633746 628.2271604938272
792.1514403292182 640.0263374485598
814.0641975308642 666.5744855967079
890.3374485596709 634.5481481481482
870.1102880658437 581.8732510288066
953.5473251028808 561.2246913580248
873.9028806584364 555.3251028806585
836.8197530864198 566.2814814814816
800.1580246913582 554.9037037037037
825.4419753086421 532.9909465020577
764.3390946502059 534.6765432098767
774.0312757201647 511.49958847736633
811.9572016460907 515.2921810699589
779.0880658436215 488.74403292181074
742.4263374485597 493.8008230452676
760.1251028806586 471.045267489712
802.2650205761319 481.5802469135803
845.2477366255146 482.4230452674898
869.2674897119342 480.7374485596709
894.972839506173 530.4625514403293
877.6954732510288 529.6197530864198
900.0296296296298 503.91440329218113
905.5078189300414 490.8510288065844
914.3572016460906 528.3555555555556
950.5975308641977 506.86419753086426
952.7045267489714 478.6304526748972
913.0930041152264 476.52345679012353
919.8353909465021 453.34650205761324
964.5037037037039 461.7744855967079
969.5604938271606 433.96213991769554
952.2831275720166 440.70452674897126
918.1497942386833 406.9925925925927
917.7283950617285 430.16954732510294
903.4008230452677 453.34650205761324
873.0600823045269 461.7744855967079
857.0469135802471 421.32016460905356
815.7497942386832 430.59094650205765
795.1012345679013 435.2263374485597
779.5094650205763 436.49053497942396
758.018106995885 423.4271604938272
741.5835390946503 446.6041152263375
702.3934156378601 411.6279835390947
488.5333333333335 542.6831275720165
495.6971193415639 579.766255144033
499.91111111111127 604.2074074074076
481.7909465020577 495.4864197530865
470.41316872427996 461.7744855967079
490.21893004115236 461.7744855967079
487.2691358024693 435.2263374485597
515.5028806584363 412.4707818930042
495.27572016460914 417.9489711934157
505.81069958847746 398.9860082304527
501.59670781893016 377.07325102880657
518.8740740740742 362.32427983539094
496.5399176954733 343.36131687242795
494.01152263374496 328.1909465020576
472.52016460905355 324.398353909465
466.1991769547326 298.2716049382716
469.9917695473252 279.3086419753086
450.60740740740755 264.559670781893
507.4962962962964 309.2279835390947
524.3522633744857 285.2082304526749
488.5333333333335 285.2082304526749
538.6798353909466 294.9004115226337
532.7802469135804 319.3415637860082
538.2584362139919 347.5753086419753
586.2979423868314 303.3283950617284
650.3506172839507 346.7325102880657
634.7588477366256 314.2847736625514
659.2000000000002 387.6082304526749
724.5168724279836 353.0534979423868
597.6757201646092 395.61481481481485
740.7407407407408 390.97942386831267
752.5399176954734 377.07325102880657
766.0246913580247 367.8024691358024
783.7234567901236 378.7588477366255
799.7366255144034 365.27407407407406
806.4790123456792 378.7588477366255
808.5860082304529 392.66502057613167
846.090534979424 350.52510288065844
833.448559670782 389.71522633744854
876.00987654321 381.7086419753086
902.5580246913581 377.07325102880657
918.571193415638 375.8090534979424
879.8024691358025 290.2650205761317
952.7045267489714 375.3876543209876
963.6609053497943 408.67818930041153
633.7053497942387 339.56872427983535
492.74732510288067 206.40658436213997
561.8567901234568 207.2493827160494
607.367901234568 173.95884773662553
812.1679012345679 138.1399176954733
864.4213991769548 135.6115226337449
831.5522633744857 121.70534979423873
806.2683127572018 115.80576131687245
812.1679012345679 94.73580246913582
772.5563786008231 83.35802469135807
733.7876543209877 107.79917695473253
742.6370370370371 77.03703703703707
749.8008230452674 61.866666666666696
725.7810699588478 74.93004115226341
715.2460905349794 62.2880658436214
710.1893004115227 77.03703703703707
701.3399176954732 84.20082304526751
691.6477366255144 66.9234567901235
679.4271604938272 66.9234567901235
674.3703703703704 74.93004115226341
680.2699588477366 100.6353909465021
692.9119341563786 107.79917695473253
657.0930041152263 103.16378600823047
625.4880658436214 108.64197530864202
612.4246913580248 112.01316872427986
600.2041152263374 87.99341563786012
603.9967078189302 98.1069958847737
606.1037037037038 78.722633744856
601.4683127572016 63.13086419753088
585.0337448559671 75.77283950617286
581.6625514403293 93.89300411522638
585.0337448559671 105.69218106995886
572.3917695473251 109.48477366255146
566.0707818930041 96.42139917695478
557.6427983539095 101.47818930041154
559.3283950617284 115.38436213991774
541.6296296296297 95.15720164609056
547.1078189300412 87.57201646090539
547.1078189300412 72.82304526748975
528.5662551440329 118.75555555555559
521.8238683127572 101.47818930041154
523.5094650205762 77.03703703703707
512.1316872427983 64.81646090534984
505.38930041152264 96.42139917695478
512.1316872427983 90.5218106995885
502.4395061728395 122.12674897119344
503.7037037037037 112.85596707818934
489.37613168724283 123.8123456790124
475.0485596707819 114.54156378600827
472.09876543209873 101.0567901234568
484.7407407407407 94.31440329218111
477.5769547325103 78.30123456790126
481.3695473251029 61.023868312757216
464.9349794238683 66.9234567901235
427.43045267489714 58.49547325102885
431.64444444444445 79.56543209876547
432.4872427983539 122.54814814814816
733.7876543209877 117.70205761316863
926.1816372927485 132.94820405931515
963.0088101199212 134.9941581052692
966.0777411888524 129.8792729903841
989.606212717324 145.22392833503946
1010.577241688353 160.05709516820627
1017.2265923377036 128.34480745591858
1003.9278910390021 131.4137385248496
1019.7840348951461 113.51164062275171
1009.5542646653759 104.81633592744703
975.796022907134 108.39675550786663
949.1986203097315 94.0750771861883
937.9458730569843 93.56358867469977
922.0897292008403 78.21893333004445
898.0497691608803 80.2648873759985
898.0497691608803 61.339812450923546
935.8999190110302 75.15000226111336
960.9628560739673 81.79935291046402
958.9169020280132 66.4546975658087
957.8939250050362 49.575576686687796
846.3894295005406 36.78836389947499
854.0617571728683 16.84031195142304
905.722096833208 50.08706519817632
906.745073856185 43.43771454882565
939.4803385914497 51.110042221153314
930.785033896145 60.31683542794656
1004.9508680619792 30.13901325012438
1015.6921268032379 25.02412813523923
734.8849339960451 50.08706519817632
759.9478710589823 29.627524738635845
751.2525663636775 29.627524738635845
773.758060869172 25.535616646727757
791.66015877127 21.955197066308187
813.6541647652758 18.886265997377087
542.0537651648763 14.794357905468994
641.2825363936475 22.466685577796717
620.3115074226187 28.604547715658796
619.2885303996416 43.43771454882565
641.794024905136 43.43771454882565
648.9548640659751 36.27687538798652
664.811007922119 22.466685577796717
682.2016173127284 19.397754508865614
696.0118071229183 38.834317945429035
681.1786402897513 39.34580645691756
907.2565623676735 121.18396829507938
918.5093096204207 104.81633592744703
998.3015174126286 89.47168058279169
1016.4593595704706 577.7727128838239
997.0227961339074 528.6698157809269
1011.3444744555857 495.93455104566203
992.9308880419992 486.7277578388689
1011.3444744555857 446.83165394276506
1000.0917272028382 434.5559296670407
985.77004888116 400.79768790879905
1000.0917272028382 367.03944615055724
977.5862326973438 367.03944615055724
983.724094835206 661.6568287679398
10.617201728312853 53.15599626710736
20.335483446594562 41.903249014360135
41.81800092911205 12.23691534802648
46.932886043997144 45.995157106268216
86.82898994010105 63.89725500836612
99.10471421582531 62.87427798538907
117.51830062941174 48.55259966371074
128.771047882159 57.75939287050397
162.52928964040078 55.20195031306141
177.36245647356756 48.55259966371074
207.02879013990122 42.92622603733712
231.5802386913498 65.94320905432016
229.53428464539573 54.69046180157295
229.53428464539573 43.94920306031418
206.00581311692423 17.863288974400096
173.782036893148 17.863288974400096
262.26954938066046 34.230921342032474
271.98783109894225 64.92023203134312
308.8150039261151 64.40874351985465
324.1596592707704 45.995157106268216
366.10171721282825 26.047105158216283
402.92889004000114 31.16199027310137
426.96885007996116 15.30584641695752
434.1296892408004 47.01813412924522
469.9338850449962 53.15599626710736
503.18063829174935 12.23691534802648
547.4243945355057 40.36878347989461
723.8879309990422 21.44370855481966
725.4223965335077 13.259892371003474
320.83498394609506 8.997488108599164
794.4733455844568 7.974511085622111
96.80301591412703 10.020465131576218
131.58423469534583 3.8826029937140176
