43.02352528089888 6.957514044943878
37.281952247191015 31.00035112359555
32.25807584269663 28.847261235955102
25.798806179775283 34.9476825842697
20.41608146067415 11.26369382022476
14.315660112359552 15.928721910112401
11.803721910112358 24.89992977528094
22.56917134831461 20.952598314606774
25.798806179775283 27.411867977528132
18.262991573033702 27.411867977528132
17.90414325842697 32.435744382022506
11.444873595505612 37.45962078651689
24.72226123595506 46.43082865168543
29.746137640449433 40.689255617977565
19.69838483146067 43.20119382022476
10.009480337078656 44.27773876404498
2.114817415730343 46.78967696629218
4.267907303370791 37.45962078651689
36.20540730337079 5.1632724719101475
45.535463483146074 27.411867977528132
55.58321629213482 38.53616573033712
48.76509831460673 38.17731741573037
37.99964887640449 12.340238764044983
36.92310393258427 16.287570224719133
34.05231741573033 22.029143258427013
29.746137640449433 22.74683988764049
5.703300561797747 61.50245786516858
15.392205056179776 48.22507022471913
16.109901685393254 60.06706460674161
37.64080056179775 51.81355337078655
19.339536516853926 53.966643258427
53.07127808988763 29.923806179775326
65.6309691011236 27.053019662921386
59.88939606741572 51.45470505617982
62.40133426966291 44.27773876404498
66.34866573033706 39.97155898876409
51.99473314606742 56.83742977528094
44.10007022471909 41.40695224719104
60.965941011235955 58.63167134831464
57.73630617977527 65.090941011236
44.81776685393258 67.60287921348318
32.975772471910105 71.90905898876409
40.51158707865169 62.579002808988804
36.56425561797752 66.8851825842697
21.85147471910112 64.3732443820225
11.444873595505612 70.11481741573037
23.645716292134836 70.11481741573037
5.703300561797747 86.62183988764049
11.08602528089888 78.72717696629218
17.90414325842697 86.98068820224722
32.61692415730337 85.18644662921352
41.58813202247191 83.75105337078655
16.109901685393254 95.23419943820227
25.798806179775283 94.87535112359555
53.07127808988763 99.54037921348319
22.56917134831461 107.43504213483149
15.751053370786522 117.84164325842701
36.56425561797752 119.99473314606746
59.17169943820225 111.02352528089892
48.406249999999986 114.25316011235958
33.872893258426956 105.99789325842707
39.614466292134836 102.40941011235967
14.495084269662925 101.69171348314617
48.22682584269663 82.31390449438211
55.40379213483146 81.59620786516865
61.14536516853934 85.90238764044955
56.121488764044955 85.90238764044955
43.92064606741573 90.92626404494393
35.30828651685394 59.34761235955065
64.01615168539325 64.37148876404504
32.4375 132.55266853932594
16.648174157303373 134.70575842696638
3.011938202247194 129.68188202247202
25.978230337078656 131.11727528089898
5.165028089887642 107.43328651685403
27.23419943820224 75.85639044943824
43.38237359550561 73.70330056179779
38.35849719101124 77.65063202247194
38.71734550561797 87.33953651685397
69.93714887640449 123.22436797752812
87.87956460674157 109.22928370786519
87.87956460674157 103.48771067415734
79.26720505617978 92.36341292134836
84.64992977528088 94.5165028089888
73.5256320224719 96.66959269662925
102.9511938202247 94.87535112359555
69.75772471910113 102.40941011235967
6.6004213483145975 154.80126404494393
25.260533707865164 142.6004213483147
33.15519662921349 146.18890449438211
25.260533707865164 162.69592696629223
16.648174157303373 182.79143258426978
6.6004213483145975 184.22682584269674
10.906601123595493 167.71980337078662
36.025983146067404 171.30828651685405
43.92064606741573 154.80126404494393
39.614466292134836 181.3560393258428
44.63834269662922 177.0498595505619
22.389747191011224 202.88693820224728
51.09761235955057 200.01615168539337
54.68609550561797 196.42766853932596
16.648174157303373 230.87710674157313
10.906601123595493 222.98244382022483
30.284410112359552 222.98244382022483
39.614466292134836 219.39396067415743
61.3247893258427 155.51720505617982
72.80793539325843 148.34023876404498
85.00877808988763 147.26369382022477
58.095154494382015 145.8283005617978
77.83181179775279 179.56004213483152
80.70259831460673 160.5410814606742
72.44908707865169 193.55512640449442
26.51650280898876 184.22507022471913
33.6934691011236 204.6794241573034
10.727176966292134 242.717345505618
26.875351123595507 239.48771067415734
50.200491573033716 214.36832865168543
69.57830056179775 237.69346910112364
86.44417134831461 249.17661516853937
75.31987359550563 258.8655196629214
22.210323033707866 253.841643258427
46.612008426966284 248.81776685393262
49.482794943820224 266.4013342696629
62.042485955056165 263.88939606741576
101.51580056179775 221.18644662921352
100.08040730337079 203.60287921348316
112.28124999999999 214.72717696629218
120.53476123595506 230.15765449438206
99.72155898876404 256.35358146067415
109.05161516853933 241.99964887640454
118.38167134831461 264.965941011236
92.90344101123596 78.36832865168543
72.44908707865169 13.416783707865207
56.65976123595506 9.82830056179779
104.74543539325843 6.957514044943878
85.72647471910112 9.82830056179779
94.69768258426966 11.981390449438237
100.08040730337079 14.852176966292177
104.74543539325843 12.340238764044983
101.87464887640449 23.46453651685397
81.77914325842697 24.89992977528094
76.39641853932584 45.71313202247195
60.965941011235955 22.387991573033744
57.37745786516852 17.005266853932625
88.9561095505618 65.090941011236
125.55863764044942 67.60287921348318
113.35779494382022 61.50245786516858
129.14712078651684 58.990519662921386
135.6063904494382 61.50245786516858
134.88869382022472 75.85639044943824
133.45330056179773 95.23419943820227
123.76439606741572 112.81776685393262
91.82689606741572 38.53616573033712
99.72155898876404 36.024227528089924
78.54950842696628 18.44066011235958
125.55863764044942 22.387991573033744
119.45821629213482 24.89992977528094
112.99894662921348 31.00035112359555
75.76843398876403 56.56829353932589
73.43591994382021 82.4053721910113
70.74455758426964 68.41028792134837
74.87131320224717 64.64238061797758
113.26808286516852 89.58233848314613
153.10024578651684 99.63009129213489
102.32320926966291 72.89589185393264
97.4787570224719 86.35270365168546
27.413623595505612 265.32654494382035
89.13553370786519 167.71980337078662
97.03019662921349 181.3560393258428
89.13553370786519 181.3560393258428
80.52317415730337 197.14536516853946
61.14536516853934 184.22682584269674
81.24087078651687 152.6481741573035
71.91081460674158 158.38974719101134
137.22120786516854 26.333567415730442
148.7043539325843 22.027387640449547
125.73806179775283 13.415028089887755
131.47963483146066 9.826544943820295
136.50351123595505 9.108848314606803
134.35042134831463 22.027387640449547
131.47963483146066 50.0175561797754
125.02036516853934 48.58216292134841
95.59480337078651 49.299859550561905
123.58497191011236 33.51053370786525
139.374297752809 36.38132022471922
132.91502808988764 41.40519662921358
127.17345505617976 39.25210674157313
114.97261235955057 46.429073033707965
115.69030898876406 14.850421348314683
98.46558988764048 65.806882022472
162.34058988764048 54.32373595505629
123.58497191011236 102.40941011235967
130.76193820224722 85.90238764044955
138.65660112359552 85.90238764044955
111.38412921348316 105.99789325842707
102.77176966292137 106.71558988764056
99.9009831460674 126.09339887640459
87.70014044943821 136.14115168539337
67.60463483146069 139.72963483146077
58.2745786516854 128.24648876404504
130.76193820224722 141.16502808988776
139.374297752809 129.68188202247202
126.45575842696633 124.65800561797764
125.73806179775283 166.28441011235967
111.38412921348316 168.4375000000001
105.64255617977528 174.89676966292146
127.17345505617976 184.22682584269674
137.22120786516854 161.26053370786528
147.2689606741573 158.38974719101134
159.4698033707865 161.26053370786528
109.94873595505618 189.9683988764046
141.52738764044943 189.2507022471911
129.32654494382024 201.45154494382035
127.17345505617976 211.49929775280913
141.52738764044943 235.90098314606752
135.7858146067416 222.98244382022483
73.34620786516854 211.49929775280913
150.13974719101122 202.88693820224728
137.22120786516854 199.29845505617988
149.4220505617978 219.39396067415743
154.44592696629212 237.3363764044945
137.22120786516854 245.9487359550563
152.2928370786517 254.56109550561808
123.58497191011236 240.9248595505619
96.3125 267.47963483146077
117.84339887640448 149.77738764044955
139.374297752809 116.04564606741584
148.7043539325843 88.05547752809
103.48946629213486 41.40519662921358
150.13974719101122 33.51053370786525
144.3981741573034 32.075140449438294
145.83356741573033 28.486657303370862
171.67064606741576 24.180477528089966
133.63272471910113 4.084971910112472
117.84339887640448 6.238061797752891
142.24508426966293 11.26193820224728
163.7759831460674 11.979634831460771
151.5751404494382 11.979634831460771
137.93890449438203 105.99789325842707
173.82373595505618 53.6060393258428
172.38834269662925 67.95997191011247
158.75210674157307 76.57233146067426
165.2113764044944 79.4431179775282
164.4936797752809 64.37148876404504
147.9866573033708 56.47682584269671
146.55126404494382 69.39536516853943
165.92907303370788 43.558286516854025
158.75210674157307 34.945926966292234
153.0105337078652 28.486657303370862
160.1875 43.558286516854025
150.13974719101122 51.452949438202324
155.8813202247191 50.0175561797754
142.24508426966293 41.40519662921358
150.13974719101122 44.99367977528101
178.84761235955057 32.075140449438294
168.0821629213483 33.51053370786525
163.7759831460674 26.333567415730442
181.71839887640454 19.156601123595607
158.75210674157307 21.309691011236055
85.54705056179776 34.22823033707874
77.65238764044943 29.204353932584354
74.78160112359552 34.22823033707874
71.19311797752809 26.333567415730442
41.76755617977528 21.309691011236055
30.284410112359552 47.14676966292143
26.69592696629215 54.32373595505629
44.63834269662922 49.299859550561905
64.73384831460675 51.452949438202324
68.32233146067415 56.47682584269671
58.992275280898866 28.486657303370862
64.01615168539325 32.075140449438294
53.96839887640451 24.180477528089966
86.26474719101125 19.87429775280907
92.7240168539326 27.051264044943935
97.74789325842698 28.486657303370862
93.44171348314609 56.47682584269671
86.26474719101125 56.47682584269671
83.39396067415731 61.5007022471911
68.32233146067415 72.98384831460683
79.80547752808988 67.24227528089898
88.4178370786517 71.54845505617988
74.78160112359552 72.26615168539337
64.01615168539325 79.4431179775282
61.14536516853934 69.39536516853943
107.79564606741576 69.39536516853943
104.2071629213483 62.21839887640459
101.33637640449439 44.27598314606752
95.59480337078651 42.12289325842707
124.30266853932585 85.90238764044955
118.56109550561797 93.07935393258438
74.78160112359552 114.61025280898886
118.56109550561797 129.68188202247202
181.00070224719104 39.25210674157313
175.97682584269666 14.850421348314683
183.87148876404495 13.415028089887755
170.95294943820227 9.108848314606803
158.75210674157307 6.238061797752891
144.3981741573034 6.238061797752891
169.51755617977528 97.38553370786528
190.33075842696633 116.76334269662931
158.75210674157307 121.0695224719102
157.3167134831461 134.70575842696638
147.2689606741573 138.29424157303382
175.97682584269666 136.85884831460686
167.36446629213486 139.72963483146077
166.64676966292137 156.2366573033709
154.44592696629212 141.16502808988776
184.58918539325845 111.73946629213492
180.28300561797755 103.12710674157313
164.4936797752809 105.99789325842707
158.03441011235958 112.45716292134841
147.9866573033708 111.02176966292146
148.7043539325843 94.51474719101134
163.05828651685397 173.4613764044945
162.34058988764048 192.83918539325856
161.62289325842698 202.88693820224728
152.2928370786517 179.20294943820235
175.25912921348316 193.556882022472
175.25912921348316 174.17907303370797
170.95294943820227 216.52317415730346
190.33075842696633 197.14536516853946
176.69452247191015 231.59480337078662
198.94311797752812 250.97261235955068
192.48384831460675 231.59480337078662
185.30688202247194 249.5372191011237
205.40238764044943 265.32654494382035
219.7563202247191 241.6425561797754
232.6748595505618 216.52317415730346
193.91924157303373 217.95856741573044
197.50772471910113 209.34620786516865
222.62710674157307 231.59480337078662
175.25912921348316 265.32654494382035
181.71839887640454 69.39536516853943
186.74227528089887 58.62991573033719
170.23525280898878 86.62008426966301
171.67064606741576 80.87851123595516
186.74227528089887 94.51474719101134
180.28300561797755 89.49087078651695
183.15379213483146 75.85463483146077
183.15379213483146 84.46699438202256
190.33075842696633 79.4431179775282
199.6608146067416 36.38132022471922
190.33075842696633 34.22823033707874
184.58918539325845 31.35744382022483
189.61306179775283 24.89817415730346
186.02457865168543 23.462780898876503
181.71839887640454 26.333567415730442
198.94311797752812 24.89817415730346
192.48384831460675 29.204353932584354
204.684691011236 24.180477528089966
190.33075842696633 21.309691011236055
190.33075842696633 6.238061797752891
186.74227528089887 8.391151685393368
180.28300561797755 3.36727528089898
173.82373595505618 4.802668539325964
177.41221910112358 9.108848314606803
223.3448033707865 27.051264044943935
186.74227528089887 44.27598314606752
216.8855337078652 33.51053370786525
211.1439606741573 32.075140449438294
208.2731741573034 19.87429775280907
213.2970505617978 21.309691011236055
211.8616573033708 39.25210674157313
198.22542134831463 43.558286516854025
206.12008426966293 4.084971910112472
210.42626404494382 4.084971910112472
214.73244382022472 4.802668539325964
202.53160112359552 11.26193820224728
188.89536516853934 126.81109550561808
175.97682584269666 117.4810393258428
204.684691011236 132.55266853932594
203.249297752809 156.2366573033709
199.6608146067416 187.09761235955068
188.89536516853934 174.89676966292146
196.07233146067415 169.15519662921358
204.684691011236 171.30828651685405
193.20154494382024 161.97823033707877
211.8616573033708 196.42766853932596
216.8855337078652 207.91081460674167
217.60323033707868 189.2507022471911
224.0625 201.45154494382035
238.41643258426967 245.2310393258428
206.12008426966293 220.11165730337092
224.0625 36.38132022471922
219.0386235955056 61.5007022471911
219.7563202247191 53.6060393258428
229.80407303370788 50.0175561797754
218.32092696629218 48.58216292134841
196.07233146067415 51.452949438202324
205.40238764044943 104.56250000000011
196.79002808988764 92.36165730337089
188.17766853932585 99.53862359550573
203.249297752809 56.47682584269671
223.3448033707865 86.62008426966301
219.7563202247191 84.46699438202256
214.73244382022472 84.46699438202256
213.2970505617978 78.00772471910122
208.2731741573034 72.26615168539337
196.07233146067415 74.41924157303382
204.684691011236 74.41924157303382
215.4501404494382 55.04143258426976
211.8616573033708 56.47682584269671
211.8616573033708 49.299859550561905
175.97682584269666 38.53441011235964
190.33075842696633 49.299859550561905
195.35463483146071 65.806882022472
194.63693820224722 58.62991573033719
207.5554775280899 58.62991573033719
213.2970505617978 129.68188202247202
213.2970505617978 141.88272471910122
201.81390449438203 124.65800561797764
223.3448033707865 116.04564606741584
216.1678370786517 111.02176966292146
208.9908707865169 122.50491573033719
190.33075842696633 106.71558988764056
219.0386235955056 96.66783707865179
221.1917134831461 142.6004213483147
194.63693820224722 129.68188202247202
193.20154494382024 146.9066011235956
180.28300561797755 121.7872191011237
168.7998595505618 114.61025280898886
159.4698033707865 84.46699438202256
92.0063202247191 198.58075842696638
104.92485955056179 139.72963483146077
96.3125 233.0301966292136
84.1116573033708 237.3363764044945
221.1917134831461 257.43188202247205
229.0863764044944 161.26053370786528
230.52176966292137 179.92064606741584
239.85182584269666 173.4613764044945
236.9810393258427 196.42766853932596
236.26334269662925 209.34620786516865
238.41643258426967 257.43188202247205
231.23946629213486 141.16502808988776
226.21558988764048 104.56250000000011
220.4740168539326 8.391151685393368
220.4740168539326 19.156601123595607
242.00491573033707 29.204353932584354
223.3448033707865 79.4431179775282
205.40238764044943 84.46699438202256
224.0625 71.54845505617988
207.5554775280899 66.52457865168549
233.39255617977528 28.486657303370862
230.52176966292137 13.415028089887755
227.65098314606746 8.391151685393368
224.0625 3.36727528089898
239.13412921348316 38.53441011235964
232.6748595505618 34.22823033707874
246.31109550561797 39.96980337078662
236.9810393258427 52.17064606741582
238.41643258426967 58.62991573033719
239.85182584269666 62.936095505618084
234.82794943820227 64.37148876404504
229.0863764044944 59.34761235955065
231.95716292134836 56.47682584269671
247.5670646067416 57.555126404494416
238.59585674157307 44.27773876404498
206.65835674157307 45.71313202247195
265.86832865168543 36.024227528089924
257.97366573033713 26.33532303370791
266.5860252808989 25.976474719101162
249.0024578651686 27.770716292134864
275.55723314606746 33.51228932584273
271.96875 29.56495786516858
255.4617275280899 69.3971207865169
239.31355337078656 79.08602528089892
259.0502106741573 56.47858146067419
263.3563904494382 75.13869382022474
235.00737359550567 99.54037921348319
243.61973314606746 90.92801966292139
227.8304073033708 88.77492977528094
265.86832865168543 66.8851825842697
258.3325140449438 61.86130617977531
249.72015449438203 98.46383426966295
234.28967696629218 111.02352528089892
241.46664325842698 126.09515449438206
242.54318820224722 119.99473314606746
250.07900280898878 107.43504213483149
249.36130617977528 115.32970505617982
258.69136235955057 106.717345505618
262.99754213483146 112.81776685393262
257.25596910112364 87.33953651685397
266.5860252808989 90.92801966292139
271.6099016853933 82.31566011235958
232.8542837078652 92.36341292134836
249.36130617977528 79.8037219101124
252.590941011236 29.923806179775326
249.72015449438203 35.66537921348319
281.29880617977534 27.411867977528132
267.6625702247191 50.01931179775285
275.1983848314607 41.76580056179779
285.2461376404495 43.20119382022476
250.79669943820227 46.43082865168543
275.9160814606742 55.04318820224722
238.23700842696633 88.41608146067419
259.40905898876406 120.35358146067418
258.69136235955057 133.2721207865169
281.29880617977534 78.72717696629218
275.1983848314607 71.55021067415734
280.2222612359551 67.60287921348318
264.43293539325845 101.69346910112364
258.69136235955057 97.028441011236
251.8732443820225 90.92801966292139
235.7250702247191 70.11481741573037
254.02633426966293 56.47858146067419
245.0551264044944 17.36411516853937
258.3325140449438 33.51228932584273
260.12675561797755 45.71313202247195
262.279845505618 43.20119382022476
262.279845505618 51.45470505617982
245.0551264044944 49.30161516853936
200.9167837078652 108.51158707865173
201.63448033707868 103.48771067415734
208.8114466292135 92.00456460674161
249.36130617977528 66.16748595505622
277.35147471910113 91.28686797752812
266.5860252808989 128.965941011236
272.32759831460675 109.22928370786519
279.5045646067416 104.9231039325843
279.14571629213486 96.66959269662925
280.2222612359551 118.55933988764048
279.5045646067416 113.53546348314609
289.91116573033713 126.09515449438206
282.3753511235955 131.8367275280899
287.3992275280899 102.4111657303371
294.217345505618 110.30582865168543
291.34655898876406 82.31566011235958
290.6288623595506 90.92801966292139
286.3226825842697 57.555126404494416
293.49964887640454 44.99543539325846
295.652738764045 63.29669943820228
305.70049157303373 67.60287921348318
297.4469803370787 85.18644662921352
306.0593398876405 86.98068820224722
303.5474016853933 82.31566011235958
311.08321629213486 68.6794241573034
300.67661516853934 53.60779494382027
294.9350421348315 99.89922752808991
308.93012640449444 109.94698033707868
312.51860955056185 125.37745786516857
300.67661516853934 98.46383426966295
299.9589185393259 117.48279494382027
301.7531601123596 104.20540730337083
281.29880617977534 48.58391853932588
294.5761938202248 36.38307584269667
289.5523174157304 18.44066011235958
313.77457865168543 80.87851123595516
305.8799157303371 74.41924157303382
295.11446629213486 57.194522471910204
306.59761235955057 59.34761235955065
297.2675561797753 72.98384831460683
294.3967696629214 6.9557584269663835
285.7844101123596 9.108848314606803
274.3012640449438 11.26193820224728
282.1959269662922 11.979634831460771
279.3251404494382 13.415028089887755
254.92345505617982 9.826544943820295
253.48806179775283 3.36727528089898
294.3967696629214 28.486657303370862
234.82794943820227 134.70575842696638
239.85182584269666 136.85884831460686
245.59339887640454 146.18890449438211
254.92345505617982 147.6242977528091
270.7127808988764 151.21278089887653
277.8897471910113 141.16502808988776
277.1720505617978 4.802668539325964
245.59339887640454 10.544241573033787
260.66502808988764 181.3560393258428
255.64115168539325 159.10744382022483
247.74648876404495 196.42766853932596
244.15800561797755 210.06390449438214
257.07654494382024 211.49929775280913
255.64115168539325 241.6425561797754
259.94733146067415 248.10182584269677
243.44030898876406 265.32654494382035
272.1481741573034 222.98244382022483
264.97120786516854 227.28862359550573
274.3012640449438 250.2549157303372
290.0905898876405 248.10182584269677
269.27738764044943 241.6425561797754
272.8658707865169 233.0301966292136
279.3251404494382 238.054073033708
294.3967696629214 230.87710674157313
303.72682584269666 235.18328651685403
264.2535112359551 201.45154494382035
283.6313202247191 188.53300561797766
272.1481741573034 181.3560393258428
288.6551966292135 181.3560393258428
257.07654494382024 169.15519662921358
272.1481741573034 171.30828651685405
300.85603932584274 138.29424157303382
290.0905898876405 169.87289325842707
295.11446629213486 148.3419943820226
303.72682584269666 174.17907303370797
303.00912921348316 156.95435393258438
244.87570224719104 72.98384831460683
258.5119382022472 80.87851123595516
75.49929775280899 123.22261235955065
111.38412921348316 141.16502808988776
311.62148876404495 132.55266853932594
312.33918539325845 146.9066011235956
306.59761235955057 142.6004213483147
321.66924157303373 91.6439606741574
318.0807584269663 99.53862359550573
311.62148876404495 101.69171348314617
286.5021067415731 202.88693820224728
295.11446629213486 196.42766853932596
313.05688202247194 189.9683988764046
300.13834269662925 219.39396067415743
317.36306179775283 204.32233146067426
304.44452247191015 184.94452247191023
322.3869382022472 139.72963483146077
307.31530898876406 32.075140449438294
307.31530898876406 9.108848314606803
314.4922752808989 46.429073033707965
305.16221910112364 39.25210674157313
325.25772471910113 56.47682584269671
321.66924157303373 43.558286516854025
331.7169943820225 41.40519662921358
320.95154494382024 38.53441011235964
328.84620786516854 46.429073033707965
342.4824438202248 44.27598314606752
333.8700842696629 46.429073033707965
342.4824438202248 51.452949438202324
338.1762640449438 61.5007022471911
320.95154494382024 233.0301966292136
320.95154494382024 233.0301966292136
417.12289325842704 256.71418539325856
408.51053370786525 247.38412921348328
378.3672752808989 250.97261235955068
384.82654494382024 240.2071629213484
326.6931179775281 264.60884831460686
329.56390449438203 239.48946629213492
352.53019662921355 258.1495786516855
460.184691011236 249.5372191011237
478.1271067415731 256.71418539325856
318.08075842696627 7.675210674157341
330.28160112359546 8.751755617977565
357.91292134831457 28.847261235955102
333.5112359550561 63.65554775280903
319.87499999999994 68.32057584269667
331.71699438202245 71.90905898876409
325.2577247191011 75.85639044943824
337.8174157303371 84.46875000000003
380.87921348314603 73.70330056179779
362.93679775280896 120.71242977528092
372.98455056179773 119.99473314606746
332.0758426966292 103.48771067415734
322.0280898876404 100.25807584269666
321.3103932584269 115.32970505617982
352.8890449438202 108.51158707865173
348.94171348314603 101.69346910112364
343.20014044943815 110.30582865168543
362.93679775280896 102.4111657303371
394.5154494382022 79.44487359550565
411.7401685393258 81.5979634831461
416.04634831460675 90.92801966292139
410.6636235955056 108.51158707865173
408.8693820224719 100.25807584269666
391.28581460674155 111.02352528089892
382.67345505617976 118.20049157303373
147.62780898876403 155.16186797752812
439.37148876404495 225.85323033707874
484.5863764044944 188.53300561797766
502.52879213483146 238.054073033708
506.8349719101124 196.42766853932596
503.24648876404495 151.21278089887653
408.51053370786525 225.1355337078653
415.68750000000006 202.88693820224728
387.6973314606742 201.45154494382035
369.03721910112364 216.52317415730346
371.1903089887641 233.0301966292136
439.37148876404495 259.5849719101125
356.8363764044944 151.21278089887653
341.0470505617978 151.21278089887653
325.25772471910113 169.87289325842707
320.95154494382024 159.10744382022483
327.4108146067416 153.36587078651695
331.7169943820225 127.52879213483158
330.999297752809 137.57654494382032
343.91783707865176 136.14115168539337
337.4585674157304 161.26053370786528
353.96558988764053 164.13132022471922
338.1762640449438 169.15519662921358
349.6594101123596 179.92064606741584
333.1523876404495 179.92064606741584
342.4824438202248 193.556882022472
339.6116573033708 201.45154494382035
333.8700842696629 189.9683988764046
326.6931179775281 207.91081460674167
330.999297752809 221.54705056179785
346.7886235955056 216.52317415730346
343.91783707865176 239.48946629213492
353.24789325842704 246.66643258426978
376.21418539325845 266.7619382022473
378.3672752808989 184.22682584269674
385.54424157303373 166.28441011235967
369.75491573033713 161.26053370786528
316.82478932584274 53.24894662921352
303.90625000000006 52.53125000000004
324.3606039325843 9.82830056179779
350.19768258426967 13.775632022471953
348.04459269662925 24.541081460674206
354.8627106741573 14.852176966292177
360.6042837078652 15.928721910112401
343.3795646067416 5.5221207865168935
336.92029494382024 7.316362359550595
321.84866573033713 33.153441011236
316.10709269662925 32.435744382022506
357.7334971910113 46.78967696629218
344.0972612359551 40.689255617977565
344.8149578651686 65.090941011236
337.279143258427 53.24894662921352
343.3795646067416 78.72717696629218
330.1021769662922 84.1099016853933
320.41327247191015 83.3922050561798
315.030547752809 73.34445224719104
320.41327247191015 107.43504213483149
343.73841292134836 92.36341292134836
356.65695224719104 83.75105337078655
347.6857443820225 73.34445224719104
348.403441011236 60.78476123595509
345.53265449438203 87.69838483146071
350.5565308988764 77.65063202247194
359.8865870786517 96.66959269662925
365.6281601123596 89.49262640449442
369.216643258427 79.44487359550565
365.26931179775283 73.34445224719104
371.36973314606746 65.80863764044948
366.3458567415731 66.52633426966295
357.0158005617978 68.6794241573034
354.8627106741573 61.143609550561834
374.95821629213486 83.75105337078655
371.0108848314607 48.22507022471913
355.5804073033708 20.952598314606774
354.1450140449439 10.187148876404535
358.092345505618 10.187148876404535
337.9968398876405 13.416783707865207
342.6618679775281 11.26369382022476
349.1211376404495 115.32970505617982
354.8627106741573 121.43012640449442
355.93925561797755 130.40133426966295
349.8388342696629 123.58321629213486
339.0733848314607 72.62675561797757
372.44627808988764 99.54037921348319
384.28827247191015 89.49262640449442
386.4413623595506 82.67450842696633
376.7524578651686 94.5165028089888
377.8290028089888 104.20540730337083
356.65695224719104 41.76580056179779
364.9104634831461 19.51720505617982
345.8915028089888 15.211025280898923
373.5228230337079 57.555126404494416
358.81004213483146 55.760884831460714
378.905547752809 52.53125000000004
378.1878511235955 44.27773876404498
373.16397471910113 35.66537921348319
370.65203651685397 26.33532303370791
383.57057584269666 33.153441011236
399.71875000000006 102.77001404494385
399.3599016853933 94.5165028089888
397.20681179775283 89.85147471910116
392.5417837078652 88.77492977528094
393.61832865168543 95.95189606741576
388.59445224719104 97.028441011236
369.216643258427 44.27773876404498
363.1162219101124 5.5221207865168935
348.403441011236 6.957514044943878
371.7285814606742 11.981390449438237
374.2405196629214 14.852176966292177
380.340941011236 28.488412921348356
378.54669943820227 20.952598314606774
391.10639044943827 40.689255617977565
385.00596910112364 41.40695224719104
380.340941011236 17.722963483146117
387.15905898876406 18.44066011235958
377.1113061797753 65.090941011236
383.2117275280899 69.3971207865169
368.14009831460675 109.22928370786519
370.65203651685397 102.77001404494385
367.06355337078656 95.95189606741576
335.84375000000006 94.87535112359555
398.6422050561798 122.50667134831463
375.3170646067416 132.5544241573034
406.89571629213486 118.91818820224722
407.2545646067416 113.89431179775283
395.0537219101124 31.359199438202282
400.43644662921355 27.411867977528132
404.3837780898877 25.976474719101162
394.3360252808989 22.029143258427013
399.3599016853933 20.234901685393297
380.69978932584274 12.340238764044983
373.8816713483146 22.029143258427013
371.7285814606742 18.799508426966327
392.90063202247194 72.62675561797757
402.2306882022472 74.42099719101127
403.6660814606742 39.253862359550595
407.9722612359551 63.29669943820228
393.61832865168543 66.16748595505622
387.15905898876406 54.325491573033744
390.029845505618 59.34936797752813
407.9722612359551 68.32057584269667
403.6660814606742 58.27282303370791
397.9245084269663 58.27282303370791
417.3023174157304 107.43504213483149
412.278441011236 33.871137640449476
410.48419943820227 39.97155898876409
420.1731039325843 68.6794241573034
418.73771067415737 79.44487359550565
424.4792837078652 75.85639044943824
423.04389044943827 87.33953651685397
430.2208567415731 89.13377808988767
425.9146769662922 99.54037921348319
424.83813202247194 111.02352528089892
415.8669241573034 60.06706460674161
416.22577247191015 44.27773876404498
413.713834269663 25.976474719101162
395.0537219101124 15.928721910112401
425.9146769662922 68.32057584269667
435.6035814606742 70.83251404494386
198.04599719101117 13.416783707865207
332.6141151685393 15.928721910112401
323.284058988764 28.847261235955102
381.7763342696629 6.957514044943878
396.84796348314603 36.741924157303416
419.45540730337075 12.340238764044983
418.37886235955057 9.82830056179779
427.3500702247191 12.340238764044983
430.9385533707865 11.981390449438237
421.96734550561797 19.876053370786565
417.6611657303371 15.928721910112401
401.5129915730337 14.852176966292177
435.9624297752809 21.31144662921352
451.3929073033708 15.928721910112401
444.93363764044943 16.287570224719133
438.8332162921348 15.211025280898923
432.73279494382024 17.36411516853937
429.14431179775283 16.287570224719133
423.40273876404495 27.770716292134864
414.07268258426967 12.340238764044983
390.3886938202247 4.445575842696655
396.84796348314603 4.804424157303401
400.79529494382024 2.6513342696629536
403.66608146067415 10.904845505618027
399.0010533707865 10.904845505618027
408.68995786516854 10.904845505618027
464.67029494382024 15.928721910112401
471.4884129213483 15.928721910112401
455.34023876404495 19.51720505617982
449.23981741573033 23.46453651685397
446.3690308988764 23.823384831460714
440.2686095505618 30.282654494382058
442.780547752809 22.029143258427013
420.17310393258424 39.97155898876409
420.89080056179773 33.153441011236
426.27352528089887 49.30161516853936
430.220856741573 31.718047752809028
451.3929073033708 31.359199438202282
465.38799157303373 31.359199438202282
456.7756320224719 26.33532303370791
502.34936797752806 15.928721910112401
491.2250702247191 20.952598314606774
487.99543539325845 24.541081460674206
484.76580056179773 17.36411516853937
482.25386235955057 20.952598314606774
478.3065308988764 25.976474719101162
475.43574438202245 33.153441011236
495.89009831460675 24.89992977528094
505.9378511235955 21.31144662921352
487.27773876404495 33.51228932584273
407.6134129213483 19.876053370786565
445.6513342696629 50.01931179775285
499.8374297752809 35.66537921348319
483.3304073033708 43.20119382022476
474.0003511235955 40.689255617977565
458.5698735955056 36.024227528089924
454.62254213483146 53.24894662921352
487.6365870786517 40.689255617977565
492.6604634831461 39.253862359550595
500.91397471910113 39.97155898876409
477.94768258426967 46.78967696629218
473.28265449438203 51.45470505617982
467.1822331460674 54.325491573033744
466.10568820224717 49.30161516853936
472.56495786516854 22.387991573033744
430.9385533707865 38.53616573033712
430.57970505617976 52.53125000000004
441.34515449438203 46.43082865168543
435.9624297752809 50.73700842696633
469.3353230337079 60.06706460674161
439.90976123595505 57.555126404494416
499.47858146067415 43.560042134831505
493.3781601123595 43.560042134831505
488.7131320224719 52.53125000000004
482.97155898876406 53.24894662921352
454.9813904494382 61.50245786516858
458.92872191011236 68.32057584269667
466.10568820224717 65.80863764044948
453.90484550561797 73.70330056179779
446.01018258426967 79.08602528089892
438.8332162921348 85.18644662921352
482.97155898876406 62.579002808988804
491.58391853932585 80.88026685393262
491.58391853932585 70.83251404494386
485.1246488764045 72.62675561797757
474.718047752809 70.11481741573037
496.2489466292135 50.73700842696633
500.19627808988764 49.30161516853936
509.1674859550562 37.45962078651689
510.2440308988764 22.387991573033744
509.5263342696629 30.282654494382058
448.1632724719101 40.689255617977565
448.8809691011236 86.62183988764049
437.7566713483146 100.97577247191015
447.44557584269666 100.97577247191015
461.08181179775283 95.23419943820227
461.79950842696627 82.67450842696633
464.67029494382024 76.21523876404498
467.1822331460674 43.560042134831505
507.37324438202245 63.29669943820228
503.06706460674155 56.47858146067419
503.06706460674155 69.3971207865169
497.6843398876404 79.44487359550565
501.6316713483146 75.85639044943824
504.8613061797753 79.44487359550565
493.3781601123595 53.966643258427
481.5361657303371 80.88026685393262
478.66537921348316 90.21032303370791
488.7131320224719 92.36341292134836
474.35919943820227 84.1099016853933
460.36411516853934 88.41608146067419
481.8950140449438 97.38728932584274
457.4933286516854 105.99964887640454
461.79950842696627 103.48771067415734
467.8999297752809 100.25807584269666
490.86622191011236 100.25807584269666
467.54108146067415 115.68855337078654
461.08181179775283 111.02352528089892
438.4743679775281 107.43504213483149
437.03897471910113 117.84164325842701
430.9385533707865 117.84164325842701
509.1674859550562 104.9231039325843
497.32549157303373 98.8226825842697
494.45470505617976 88.77492977528094
482.25386235955057 58.27282303370791
497.32549157303373 60.78476123595509
499.47858146067415 53.966643258427
487.99543539325845 58.990519662921386
494.45470505617976 116.40625000000003
467.1822331460674 126.81285112359555
442.0628511235955 129.32478932584272
431.65625 126.81285112359555
478.66537921348316 123.58321629213486
475.0768960674157 96.66959269662925
424.47928370786514 57.555126404494416
401.154143258427 44.99543539325846
450.31636235955057 107.43504213483149
469.3353230337079 92.36341292134836
455.6990870786517 120.35358146067418
450.6752106741573 123.22436797752812
480.8184691011236 103.48771067415734
495.53125 129.32478932584272
371.3697331460674 138.47366573033722
367.78125 144.93293539325856
388.95330056179773 135.96172752809002
383.92942415730334 142.7798455056181
389.3121488764045 142.42099719101137
397.5656601123595 143.13869382022486
392.9006320224719 151.3922050561799
382.85287921348316 153.9041432584271
368.4989466292135 152.82759831460686
410.4841994382022 189.07127808988778
411.2018960674157 162.87535112359564
398.283356741573 162.5165028089889
410.84304775280896 137.75596910112372
434.16818820224717 136.67942415730352
425.1969803370786 153.54529494382035
421.96734550561797 166.82268258426978
449.23981741573033 142.42099719101137
437.3978230337079 160.00456460674172
433.45049157303373 150.67450842696644
449.23981741573033 153.9041432584271
431.29740168539325 184.40625000000014
448.8809691011236 171.48771067415743
453.5459971910112 186.5593398876406
447.80442415730334 193.37745786516868
460.7229634831461 191.9420646067417
464.3114466292135 185.1239466292136
463.59375 154.98068820224734
466.4645365168539 138.47366573033722
478.66537921348316 157.4926264044945
485.4834971910112 153.54529494382035
487.27773876404495 137.75596910112372
420.17310393258424 119.81355337078665
499.1197331460674 159.28686797752823
489.7896769662921 165.38728932584283
444.21594101123594 115.50737359550575
435.9624297752809 90.0291432584271
484.04810393258424 119.81355337078665
341.5853230337079 144.93293539325856
343.7384129213483 163.23419943820238
338.35568820224717 181.5354634831462
350.5565308988764 189.4301264044945
363.4750702247191 171.48771067415743
408.3311095505618 146.72717696629226
482.25386235955057 173.28195224719116
494.45470505617976 187.27703651685405
506.655547752809 124.11973314606755
498.04318820224717 109.76580056179789
503.06706460674155 92.54108146067429
458.5698735955056 74.95751404494396
479.38307584269666 133.44978932584283
369.9343398876404 192.11973314606746
349.12113764044943 229.43995786516857
320.4132724719101 226.21032303370788
305.70049157303373 203.60287921348316
285.6049859550562 225.85147471910116
379.2643960674157 229.43995786516857
396.1302668539326 218.31566011235958
423.7615870786517 235.5403792134832
419.8142556179775 226.92801966292137
447.0867275280899 201.8086376404495
473.6415028089888 216.16257022471913
460.7229634831461 222.62183988764048
452.469452247191 230.5165028089888
481.8950140449438 237.69346910112364
490.86622191011236 249.89431179775283
453.5459971910112 254.55933988764048
437.7566713483146 241.99964887640454
355.9392556179775 235.5403792134832
449.9575140449438 217.95681179775283
420.531952247191 216.16257022471913
397.2068117977528 187.45470505617982
396.1302668539326 256.71242977528095
391.8240870786517 247.02352528089892
498.76088483146066 261.3774578651686
461.08181179775283 234.46383426966295
505.39957865168543 112.45716292134841
491.7633426966293 207.91081460674167
58.2745786516854 210.06390449438214
60.42766853932585 97.38553370786528
9.471207865168537 126.09339887640459
25.978230337078656 116.04564606741584
2.294241573033702 202.88693820224728
117.12570224719104 181.3560393258428
