45.75419363757114 54.028115853182065
44.11710330983334 74.08247236797024
5.645480607994805 70.80829171249464
5.645480607994805 56.89302392672326
82.99799859360633 67.12483847508456
112.87489707482135 76.94738044151143
117.78616805803479 59.7579320002644
107.9636260916079 128.92499834718686
92.00199539616429 99.45737244790631
55.57673560399802 109.68918699626762
52.302554948522385 130.97136125685913
10.147479009273786 116.6468208891533
24.06274679504516 102.32228052144747
22.016383885372914 83.49574175246265
62.94364207881815 97.8202821201685
123.51598420511712 74.90101753183913
158.71342625148003 90.86264822728279
165.67106014436573 109.27991441433315
198.82213928105637 107.2335515046609
195.1386860436463 64.25993040154341
169.3545133817758 66.71556589315009
213.55595223069665 57.71156909059214
188.18105215076062 38.475757739672915
114.51198740255916 177.21916301545224
109.19144383741127 151.0257177716473
80.95163568393406 179.67479850705894
97.32253896131215 146.93299195230279
56.39528076786691 171.48934686836992
23.65347421311072 165.35025813935312
42.889285564029976 214.46296797148742
80.54236310199961 232.47096157660334
90.77417765036093 251.70677292752262
149.30015686698763 247.2047745262436
187.36250698689173 217.32787604502855
170.1730585456447 218.9649663727664
203.32413768233533 223.87623735597978
198.4128666991219 177.21916301545224
163.215424652759 167.39662104902538
148.07233912118426 131.78990642072804
38.79655974468545 287.31348755581996
8.510388681535982 324.5572925118551
255.30175558801085 49.116844869968624
223.787766779058 40.52212064934516
271.67265886538894 59.7579320002644
265.12429755443765 102.73155310338193
274.9468395208645 115.00973056141547
224.19703936099245 116.6468208891533
224.60631194292688 87.17919498987273
306.46082832981733 132.19917900266248
317.92046062398197 106.41500634079198
335.10990906522903 85.13283208020047
324.4688219349333 46.25193679642748
359.6662639812962 56.89302392672326
402.6398850844137 59.34865941832997
434.15387389336655 42.159210977082935
407.55115606762706 173.12643719610773
390.3617076263801 143.65881129682717
360.0755365632306 151.0257177716473
313.41846222270306 152.6628080993851
334.29136390136006 130.1528160929902
394.863706027659 99.45737244790631
383.4040737334945 118.69318379882556
448.88768684300675 139.9753580594171
475.08113208681175 203.00333567732275
435.79096422110433 235.33586965014453
458.7102288094336 258.25513423847383
500.04675958481334 265.21276813135955
504.54875798609237 187.0417049818791
499.6374870028789 137.92899514974482
484.9036740532386 152.25353551745064
439.06514487657995 76.94738044151143
464.8493175384504 59.34865941832997
500.86530474868226 63.441385237674474
470.9884062674672 37.65721257580397
427.6055125824152 272.57967460617965
458.3009562274992 309.0049343983459
459.938046555237 338.88183287956093
429.2426029101531 328.24074574926516
422.2849690172674 322.51092960218284
422.2849690172674 309.82347956221486
400.5935221747414 317.59965861896944
390.77098020831454 327.0129280034618
374.40007693093645 276.2631278435897
351.4808123426071 302.86584566932913
367.0331704561163 238.20077772368566
350.66226717873815 200.95697276765048
332.6542735736223 255.39022616493264
321.19464127945764 230.42459866693108
296.22901378145605 227.96896317532435
283.541563741488 244.7491390346369
270.03556853765105 247.2047745262436
310.14428156722744 306.54929890673924
293.3641057079149 304.5029359970669
282.31374599568466 302.86584566932913
322.8317316071954 323.7387473479862
486.13149179904195 323.32947476605176
123.92525678705157 231.65241641273442
117.37689547610032 309.0049343983459
71.53836629944165 303.27511825126356
27.746200032455242 278.309490753262
5.2362080260603605 252.93459067332597
4.417662862191459 233.28950674047223
239.34012489256713 108.0520966685298
396.09152377346237 202.18479051345383
367.8517156199852 208.73315182440504
103.87090027226338 329.877836077003
80.95163568393406 316.7811134551005
53.53037269432574 328.24074574926516
166.48960530823462 319.2367489467072
172.21942145531693 303.68439083319805
184.08832633141606 332.7427441505441
208.2354086655488 316.37184087316604
199.64068444492526 323.32947476605176
233.20103616355036 323.32947476605176
241.79576038417386 301.6380279235258
257.34811849768306 207.91460666053618
236.88448940096043 212.41660506181515
232.38249099968147 180.08407108899343
253.66466526027295 165.35025813935312
537.2905645408484 260.7992403070024
550.7965597446854 248.5210628489688
545.4760161795375 206.77525949165468
589.268182446524 234.19652248126297
593.770180847803 261.2085128889368
588.449637282655 290.26686620628294
595.8165437574752 313.1861307946123
581.4920033897694 319.73449210556356
543.4296532698652 311.13976788494006
522.9660241731426 321.78085501523583
513.5527547886503 310.32122272107114
559.8005565472434 169.94072711755396
543.0203806879308 129.83201408797765
583.5383662994416 110.59620273705836
607.6854486335743 143.74728187374902
608.0947212155088 176.4890884285052
614.2338099445255 225.6017982606395
640.4272551883305 244.42833702962434
650.2497971547573 270.2125096914948
649.4312519908885 281.262869403725
627.330532566428 295.9966823533653
637.9716196967238 318.5066743597602
710.8221392810564 304.5914065739888
721.8724989932865 73.3523977810232
584.7661840452449 67.62258163394087
636.334529368986 121.23728986735412
678.898877890169 122.05583503122305
656.3888858837742 156.43473191371703
675.6246972346935 174.0334529368985
645.3385261715439 223.55543535096723
669.4856085056766 221.09979985936053
714.0963199365319 267.3476016179536
695.6790537494817 264.8919661263469
714.9148651004009 201.04544334457236
763.2090297686663 214.14216596647483
683.8101488733824 174.44272551883296
703.4552328062363 134.74328507119105
710.0035941171874 118.37238179381296
742.7454006719436 126.14856085056756
740.6990377622714 138.42673830860113
755.0235781299772 124.9207431047642
743.1546732538781 82.35639458358114
754.2050329661083 74.58021552682656
765.2553926783385 92.17893655000802
793.4952008318157 70.48748970748207
785.3097491931267 102.0014785164349
791.4488379221435 120.41874470348523
808.229013781456 84.81203007518785
836.0595493529987 82.35639458358114
844.2450009916879 90.54184622227018
871.2569913993617 79.08221392810553
871.2569913993617 95.45311720548362
911.365704428938 90.54184622227018
909.3193415192657 76.21730585456439
961.7062320068757 84.81203007518785
936.7406045088741 67.62258163394087
1011.2282144209445 108.9591124093206
1012.0467595848133 138.42673830860113
986.6718595048773 151.5234609305036
972.3473191371714 159.2996399872582
989.946040160353 199.40835301683455
976.8493175384504 189.99508363234213
1017.7765757318956 192.85999170588332
993.2202208158284 262.0270580528058
962.11550458881 214.14216596647483
945.3353287294975 219.87198211355718
927.3273351243816 165.02945613434056
919.1418834856926 130.65055925184654
867.1642655800172 175.6705432646363
846.29136390136 150.7049157666347
826.2370073865719 136.78964798086332
781.6262959557166 146.20291736535575
811.5031944369317 151.5234609305036
775.0779346447654 162.57382064273384
783.6726588653889 195.31562719749
821.735008985293 195.72489977942448
906.4544334457246 196.5434449432934
906.863706027659 179.35399650204639
937.559149672743 226.82961600644285
1000.1778547087142 247.29324510316545
988.7182224145495 136.38037539892886
963.752594916548 104.86638658997603
970.3009562274992 153.9790964221103
1012.0467595848133 331.6033969816626
1010.0003966751409 315.641766286219
933.4664238533985 301.72649850044763
966.6175029900891 350.8392083325819
956.3856884417278 308.68413239333336
926.0995173785783 257.11578706959233
891.7206204960844 241.1541563741487
895.4040737334944 283.7185048953317
869.2106284896895 236.24288539093524
855.295360703918 212.91434822067149
834.422459025261 264.4826935444125
852.8397252123114 322.5994001791047
845.0635461555567 323.0086727610392
863.4808123426071 347.56502767710634
831.9668235336543 357.38756964353314
807.4104686175872 330.3755792358593
802.9084702163082 299.6801355907754
779.9892056279789 273.89596292890485
801.2713798885703 241.1541563741487
818.0515557478828 245.65615477542767
751.3401248925671 293.950319443693
751.3401248925671 277.1701435843805
672.7597891611522 338.9703034564828
617.9172631819357 334.4683050552038
618.3265357638701 354.522661569992
732.9228587055168 341.42593894808954
764.0275749325351 341.01666636615505
728.8301328861722 319.73449210556356
972.3473191371714 311.54904046687454
969.0731384816958 267.7568741998881
58.44164367753918 630.3723817938129
35.93165167114429 610.3180252790248
91.18345023229537 613.5922059345005
73.99400179104836 543.1973218417746
50.66546462078458 540.7416863501679
25.29056454084852 571.8464025771863
4.826935444125903 562.0238606107595
34.70383392534093 524.7800556547243
35.52237908920984 492.856794263837
25.699837122782967 433.9215424652758
65.39927757042487 429.82881664593134
86.27217924908193 422.87118275304556
100.59671961678778 460.5242602910152
94.45763088777097 442.92553926783376
6.054753189929263 539.923141186299
141.52397781023302 606.6345720416147
189.8181424784984 597.6305752390567
204.5519554281387 628.3260188841408
237.2937619828949 614.4107510983692
247.11630394932175 634.8743801950919
276.5839298486024 623.4147479009273
277.4024750124712 594.3563945835812
249.16266685899404 556.2940444636771
236.06594423709154 589.0358510184333
236.06594423709154 526.0078734005276
190.63668764236732 526.8264185643966
127.1994374425272 520.2780572534454
142.34252297410194 526.8264185643966
93.22981314196763 526.8264185643966
112.87489707482135 553.4291363901359
159.53197141534892 444.5626295955716
124.74380195092048 424.5082730807834
137.43125199088848 415.9135488601599
124.33452936898601 398.31482783697845
164.85251498049684 378.66974390412474
150.52797461279098 368.02865677382897
166.89887789016908 406.90955205760196
179.5863279301371 427.3731811543246
213.55595223069665 406.90955205760196
210.69104415715552 456.84080705360515
193.09232313397405 492.856794263837
267.9892056279789 446.19971992330943
224.19703936099245 403.22609882019185
196.77577637138413 388.08301328861717
266.352115300241 377.03265357638696
290.90847021630816 413.8671859504876
311.7813718949653 452.7480812342606
331.83572840975336 426.96390857239015
330.1986380820156 384.39956005120706
360.8940817270996 369.6657471015668
306.46082832981733 371.3028374293046
375.21862209480537 431.4659069736691
375.21862209480537 452.7480812342606
363.3497172187063 476.8951635683933
360.0755365632306 498.58661041091926
360.8940817270996 523.1429653269864
306.0515557478829 530.5098718018066
288.04356214276703 530.5098718018066
330.6079106639501 617.2756591719105
353.9364478342138 612.364388188697
380.1298930780188 611.5458430248282
414.09951737857835 602.1325736403357
433.744601311432 586.5802155268266
486.13149179904195 604.5882091319424
468.1234981939261 639.3763785963708
509.8693015512402 591.49148651004
437.4280545488421 470.3468022574421
417.3736980340539 455.6129893078018
397.3193415192657 451.52026348845726
412.46242705084046 374.57701808478026
443.9764158597933 411.4115504588809
480.4016756519596 411.8208230408154
472.21622401327056 393.8128294356995
506.18584831383015 386.0366503789449
507.4136660596335 372.53065517510794
505.7765757318957 453.975898980064
498.000396675141 481.3971619696723
482.8573111435663 473.6209829129177
466.07713528425376 455.6129893078018
455.84532073589247 433.9215424652758
463.2122272107126 540.3324137682334
480.8109482338941 546.8807750791847
502.50239507642004 530.5098718018066
425.55914967274305 534.6025976211511
430.47042065595645 550.5642283165948
371.5351688573953 550.5642283165948
191.4552328062362 449.06462799685056
163.62469723469346 559.1589525372183
537.6998371227829 623.5032184778491
556.5263758917678 588.7150490134208
547.9316516711442 537.9652488535487
549.568741998882 513.4088939374815
536.4720193769796 490.4896293491522
525.8309322466838 468.79818250662623
545.885288761472 451.6087340653792
551.2058323266199 394.3105725945559
568.3952807678669 420.5040178383608
587.2218195368516 383.2602128823257
622.8285341651491 428.68946947704984
637.9716196967238 384.8973032100635
644.9292535896095 456.1107324666582
595.4072711755408 464.29618410534727
592.951635683934 510.95325844587484
591.7238179381307 580.938869956666
579.0363678981627 635.3721233539484
619.9636260916078 638.2370314274895
628.149077730297 616.136312003029
610.5503567071155 570.7070554083049
647.7941616631506 569.4792376625015
677.2617875624312 568.2514199166982
678.898877890169 543.695065000631
655.9796133018397 535.1003407800075
672.3505165792178 474.93727123564304
678.4896053082346 377.12112415330887
703.4552328062363 410.68147587193397
738.6526748525991 380.3953048087845
739.471220016468 414.7742016912785
699.7717795688261 454.47364213892035
711.2314118629907 480.66708738272536
722.281771575221 485.1690857840043
702.2274150604328 467.5703647608229
719.4168635016798 541.6487020909587
689.1306924385303 642.3297572468341
654.3425229741019 595.263410324372
759.1163039493217 590.3521393411586
779.9892056279789 646.4224830661785
804.9548331259805 588.3057764314863
796.7693814872913 550.2434263115822
773.4408443170275 509.72544070007143
793.4952008318157 498.2658084059068
785.3097491931267 477.80217930918417
777.1242975544376 421.32256300222974
764.4368475144696 421.32256300222974
764.0275749325351 412.72783878160624
826.2370073865719 417.2298371828852
811.5031944369317 388.990029029408
858.5695413593936 379.98603222685006
872.8940817270995 413.54638394547516
898.2689818070356 381.2138499726534
925.6902447966438 418.45765492868856
939.1962400004808 431.5543775505911
934.2849690172674 458.15709537633046
933.057151271464 495.40090033236567
891.7206204960844 480.25781480079087
881.8980785296575 530.5983423787286
858.5695413593936 526.505616559384
850.793362302639 560.8845134418781
829.5111880420476 532.6447052884008
825.8277348046374 518.320164920695
835.6502767710643 488.0339938575455
840.1522751723434 461.8405486137405
872.4848091451651 636.1906685178174
833.1946412794576 630.0515797888005
929.3736980340539 587.4872312676174
899.496799552839 614.9084942572257
938.3776948366118 646.4224830661785
956.3856884417278 625.5495813875215
970.3009562274992 641.1019395010308
1009.5911240932065 646.831755648113
1006.7262160196656 628.0052168791282
975.2122272107126 592.3985022508309
961.7062320068757 565.7957844250915
945.744601311432 558.0196053683368
924.4624270508405 542.4672472548276
978.8956804481227 498.2658084059068
1001.8149450364522 510.5439858639404
986.6718595048773 537.9652488535487
1016.1394854041579 558.8381505322058
1023.5063918789781 569.4792376625015
980.9420433577949 440.1491017712146
987.0811320868117 407.40729521645835
967.0267755720236 402.08675165131046
1016.5487579860925 408.6351129622617
1003.0427627822553 467.9796373427573
951.0651448765799 481.0763599646598
974.3936820468437 391.4456645210147
19.560748393766193 352.47629866031974
57.213825931735826 345.92793734936856
114.51198740255916 346.7464825132374
193.50159571590848 340.1981212022862
222.55994903325464 347.1557550951719
403.04915766634815 335.6961228010072
288.45283472470146 369.2564745196323
778.5567515912084 339.3795760384172
12.907513539092534 21.131710394868243
80.42399705557602 14.99384825700619
146.91750354908254 24.20064146379932
262.5139071454862 6.810032073189976
269.6747463063253 24.20064146379932
429.25916189074087 21.131710394868243
460.9714496030286 6.810032073189976
504.95946159104057 18.06277932593716
544.8555654871445 40.56827383143175
625.6707503023293 52.84399810715596
616.4639570955362 14.99384825700619
575.5448761764553 21.131710394868243
699.325095956675 56.93590619906407
664.5438771754564 52.84399810715596
680.9115095430885 24.20064146379932
651.2451758767548 10.901940165098084
732.0603606919399 6.810032073189976
793.4389820705612 7.833009096167004
776.048372679952 43.637204900362725
825.151269782849 6.810032073189976
863.0014196329988 24.20064146379932
882.4379830695623 6.810032073189976
898.8056154371947 52.84399810715596
964.276144907724 42.6142278773858
713.6467742783534 19.085756348914188
312.6397812713602 6.810032073189976
227.73268836426737 26.758084021241945
