22.213615023474176 345.2769953051643
35.71126760563379 367.57746478873236
46.861502347417854 322.9765258215962
60.35915492957747 297.15492957746477
15.171361502347423 308.3051643192488
16.93192488262912 286.5915492957746
39.232394366197184 253.7276995305164
60.94600938967136 252.55399061032858
42.16666666666666 224.97183098591543
45.68779342723005 206.77934272300465
70.92253521126759 183.89201877934266
77.96478873239437 197.97652582159617
89.11502347417843 210.88732394366193
102.02582159624416 235.53521126760558
122.5657276995305 250.7934272300469
106.72065727699533 314.76056338028167
134.88967136150234 330.01877934272295
99.67840375586854 365.23004694835674
150.73474178403757 294.80751173708916
181.83802816901408 253.7276995305164
221.7441314553991 263.70422535211264
202.96478873239437 313.58685446009383
290.9929577464789 356.4272300469483
302.7300469483568 317.1079812206572
283.9507042253521 281.89671361502343
306.2511737089202 261.9436619718309
279.25586854460096 231.42723004694827
347.9178403755869 243.7511737089201
381.36854460093895 232.0140845070422
363.1760563380282 304.1971830985915
319.1619718309859 290.6995305164319
433.01173708920186 339.4084507042253
481.13380281690144 356.4272300469483
454.1384976525822 301.26291079812205
478.19953051643193 272.5070422535211
479.96009389671366 233.18779342723
454.1384976525822 226.14553990610327
431.25117370892025 222.62441314553988
425.9694835680752 242.57746478873236
426.556338028169 284.83098591549293
381.36854460093895 198.5633802816901
408.3638497652582 198.5633802816901
417.1666666666667 172.15492957746474
455.8990610328639 168.04694835680746
490.5234741784038 169.22065727699527
458.2464788732395 131.66197183098586
431.25117370892025 159.244131455399
437.7065727699531 145.15962441314548
447.0962441314554 109.36150234741778
434.7723004694836 101.73239436619713
481.13380281690144 97.03755868544597
495.218309859155 107.01408450704218
466.46244131455404 88.8215962441314
475.26525821596243 77.6713615023474
495.80516431924883 73.56338028169012
479.3732394366197 45.981220657276936
488.76291079812205 45.981220657276936
464.1150234741784 64.76056338028161
448.2699530516432 76.49765258215956
453.55164319248826 39.5258215962441
453.55164319248826 19.57276995305159
438.2934272300469 36.00469483568071
427.14319248826297 28.962441314553928
434.7723004694836 17.812206572769867
418.34037558685446 41.28638497652577
408.3638497652582 33.6572769953051
415.9929577464789 23.09389671361498
398.97417840375584 15.464788732394311
399.5610328638498 27.201877934272257
392.518779342723 39.5258215962441
382.5422535211267 37.765258215962376
372.56572769953056 21.333333333333258
376.0868544600939 13.704225352112642
382.5422535211267 12.53051643192481
396.03990610328646 12.53051643192481
371.3920187793428 33.07042253521121
365.5234741784038 52.43661971830978
383.12910798122067 53.610328638497606
408.3638497652582 60.06572769953044
398.97417840375584 89.99530516431918
397.21361502347423 112.29577464788726
392.518779342723 129.90140845070417
393.6924882629108 153.37558685446004
369.0446009389671 178.6103286384976
362.00234741784044 154.54929577464785
345.5704225352113 146.3333333333333
354.3732394366197 134.00938967136145
326.2042253521127 183.89201877934266
325.0305164319249 216.7558685446009
282.77699530516435 193.86854460093892
297.44835680751174 181.54460093896708
302.1431924882629 142.8122065727699
271.6267605633803 155.13615023474173
320.92253521126764 121.68544600938964
313.293427230047 105.84037558685439
332.65962441314554 95.86384976525818
341.46244131455404 76.49765258215956
358.481220657277 90.58215962441307
348.5046948356808 56.54460093896705
336.180751173709 62.41314553990605
328.55164319248826 62.99999999999994
319.74882629107987 53.610328638497606
327.3779342723005 45.39436619718305
329.1384976525822 38.352112676056265
344.39671361502354 37.765258215962376
347.9178403755869 27.78873239436615
339.7018779342723 14.877934272300422
330.31220657277 25.441314553990537
321.5093896713615 29.549295774647817
314.46713615023475 21.333333333333258
310.35915492957747 11.356807511737031
316.2276995305165 13.117370892018698
324.443661971831 11.356807511737031
297.44835680751174 12.53051643192481
298.6220657276995 23.09389671361498
292.1666666666667 37.17840375586849
304.4906103286385 37.765258215962376
306.8380281690141 61.826291079812165
285.1244131455399 66.52112676056333
288.0586854460094 82.3661971830985
276.90845070422534 89.40845070422529
265.75821596244134 78.25821596244123
263.9976525821596 107.01408450704218
243.45774647887328 173.32863849765252
234.65492957746483 156.89671361502343
217.63615023474182 234.3615023474178
240.52347417840377 206.77934272300465
208.83333333333331 202.67136150234737
210.59389671361504 185.06572769953047
198.2699530516432 156.89671361502343
224.09154929577466 144.5727699530516
253.4342723004695 124.61971830985907
266.34507042253523 134.59624413145536
223.50469483568077 109.94835680751169
205.89906103286387 109.36150234741778
190.05399061032864 117.57746478873236
150.14788732394368 177.4366197183098
126.67370892018778 213.8215962441314
179.49061032863852 161.0046948356807
162.47183098591552 151.02816901408445
172.44835680751174 114.05633802816897
154.25586854460096 108.18779342722996
169.51408450704224 97.03755868544597
147.21361502347418 88.8215962441314
140.75821596244134 109.36150234741778
129.60798122065728 111.70892018779334
118.45774647887322 114.64319248826286
99.67840375586854 144.5727699530516
110.8286384976526 148.68075117370887
113.17605633802816 197.3896713615023
128.4342723004695 161.0046948356807
153.08215962441318 132.24882629107975
66.22769953051642 148.68075117370887
46.861502347417854 166.87323943661966
22.213615023474176 199.150234741784
19.866197183098592 182.71830985915489
12.237089201877922 138.70422535211262
29.25586854460093 155.13615023474173
52.7300469483568 123.4460093896713
63.293427230046966 136.35680751173703
85.59389671361504 114.64319248826286
18.105633802816897 97.03755868544597
4.021126760563391 110.53521126760558
24.56103286384976 90.58215962441307
36.8849765258216 80.60563380281684
39.232394366197184 70.04225352112672
13.410798122065728 68.86854460093889
53.31690140845072 85.8873239436619
48.62206572769952 101.73239436619713
75.03051643192487 81.19248826291073
86.18075117370893 92.92957746478868
84.42018779342726 70.62910798122061
91.46244131455398 65.93427230046944
73.85680751173709 61.826291079812165
87.3544600938967 48.32863849765254
104.9600938967136 48.32863849765254
121.97887323943661 54.784037558685384
138.99765258215962 51.84976525821588
143.69248826291079 65.93427230046944
124.91314553990611 66.52112676056333
168.34037558685446 49.502347417840326
183.01173708920186 49.502347417840326
197.09624413145542 54.197183098591495
175.96948356807513 76.49765258215956
163.6455399061033 74.15023474178395
161.88497652582163 64.17370892018772
152.49530516431923 61.826291079812165
156.01643192488262 80.60563380281684
194.16197183098592 84.71361502347412
217.04929577464787 94.10328638497646
196.50938967136153 95.86384976525818
234.65492957746483 101.73239436619713
240.52347417840377 85.8873239436619
252.26056338028175 89.40845070422529
265.75821596244134 58.89201877934266
255.1948356807512 58.305164319248775
245.80516431924883 61.826291079812165
228.19953051643193 70.04225352112672
208.83333333333331 62.41314553990605
221.7441314553991 49.502347417840326
217.63615023474182 37.765258215962376
231.72065727699533 43.63380281690138
250.5 45.39436619718305
254.60798122065725 27.201877934272257
262.23708920187795 17.812206572769867
264.5845070422535 37.17840375586849
273.387323943662 13.117370892018698
195.9225352112676 15.464788732394311
168.92723004694835 23.68075117370887
90.8755868544601 29.549295774647817
113.17605633802816 20.74647887323937
69.16197183098592 21.920187793427147
65.64084507042253 16.63849765258209
32.19014084507043 37.765258215962376
53.31690140845072 21.333333333333258
53.90375586854461 53.610328638497606
70.92253521126759 45.39436619718305
127.26056338028167 41.28638497652577
140.75821596244134 35.41784037558682
156.6032863849765 27.201877934272257
155.42957746478874 17.812206572769867
146.0399061032864 206.77934272300465
174.2089201877934 198.5633802816901
180.0774647887324 16.63849765258209
84.42018779342726 24.85446009389665
73.2699530516432 30.136150234741706
50.38262910798122 30.136150234741706
89.11502347417843 39.5258215962441
16.93192488262912 113.46948356807508
33.36384976525821 110.53521126760558
142.6078921078921 10.177822177822065
134.1163836163836 7.180819180819071
127.62287712287711 6.181818181818073
111.63886113886115 8.67932067932054
99.15134865134864 5.182817182817075
87.66283716283716 8.17982017982007
73.67682317682316 9.178821178821067
65.18531468531468 6.681318681318544
47.702797202797186 8.17982017982007
32.21828171828169 13.174825174825061
12.238261738261698 29.158841158841025
7.243256743256708 16.171828171828054
2.747752247752217 29.658341658341556
3.247252747252716 37.15084915084901
19.730769230769212 52.13586413586404
11.2392607392607 36.65134865134854
31.21928071928069 27.160839160839032
43.207292707292694 50.637362637362514
46.70379620379619 42.64535464535453
450.7997002997004 11.176823176823063
471.2792207792209 10.177822177822065
478.27222777222784 18.16983016983005
489.7607392607393 16.67132867132858
176.07442557442556 8.17982017982007
165.58491508491505 10.177822177822065
155.59490509490507 8.67932067932054
188.56193806193806 6.181818181818073
167.08341658341658 3.184815184815079
146.6038961038961 2.185814185814081
