81.6570247933885 435.893388429752
24.29504132231412 419.95950413223136
18.718181818181876 405.61900826446276
39.43223140495874 428.7231404958677
52.97603305785131 408.80578512396687
11.547933884297578 380.92148760330576
3.580991735537253 372.15785123966936
32.261983471074444 376.14132231404955
57.75619834710747 362.597520661157
74.4867768595042 382.5148760330578
58.552892561983555 388.09173553719006
71.30000000000004 367.3776859504132
78.47024793388434 346.66363636363633
107.15123966942151 364.98760330578506
108.74462809917358 410.399173553719
80.06363636363639 411.99256198347103
89.62396694214883 400.0421487603305
111.13471074380172 388.09173553719006
115.11818181818185 431.11322314049585
129.45867768595045 439.0801652892562
160.52975206611578 434.29999999999995
135.0355371900827 418.3661157024793
185.22727272727275 386.49834710743795
192.39752066115707 427.9264462809917
221.0785123966943 431.11322314049585
288.79752066115714 439.8768595041322
268.8801652892563 417.5694214876033
331.02231404958684 418.3661157024793
356.5165289256199 432.7066115702479
199.56776859504137 404.82231404958674
217.8917355371901 392.0752066115702
210.7214876033058 376.14132231404955
238.60578512396697 390.48181818181814
244.97933884297524 408.00909090909084
264.1 398.44876033057847
299.9512396694215 411.99256198347103
299.15454545454554 392.8719008264462
430.609090909091 426.33305785123963
469.6471074380165 434.29999999999995
443.3561983471075 445.4537190082644
390.77438016528936 413.5859504132231
380.41735537190084 387.29504132231403
361.2966942148761 386.49834710743795
328.6322314049587 376.14132231404955
331.02231404958684 396.0586776859504
534.1793388429752 446.25041322314047
57.80909090909089 338.696694214876
20.364462809917345 325.9495867768595
28.33140495867767 305.63388429752064
60.59752066115701 317.58429752066115
83.70165289256197 319.57603305785125
80.91322314049587 297.6669421487603
93.66033057851239 325.1528925619835
112.78099173553717 327.94132231404956
98.44049586776859 342.28181818181815
129.51157024793386 331.1280991735537
117.56115702479339 308.8206611570248
149.03057851239672 300.8537190082645
129.9099173553719 350.6471074380165
129.9099173553719 368.57272727272726
150.62396694214877 355.0289256198347
171.73636363636362 347.06198347107437
195.23884297520664 351.8421487603306
204.00247933884296 362.995867768595
190.0603305785124 339.8917355371901
185.67851239669423 364.5892561983471
225.1148760330579 351.04545454545456
247.02396694214875 361.0041322314049
301.19917355371905 363.39421487603306
275.70495867768597 378.92975206611567
275.306611570248 353.43553719008264
309.1661157024794 341.08677685950414
284.4685950413223 334.71322314049587
327.4900826446281 353.43553719008264
345.01735537190086 347.4603305785124
322.70991735537194 335.5099173553719
313.1495867768595 322.36446280991737
291.24049586776863 320.3727272727273
258.57603305785125 324.3561983471074
224.71652892561985 331.92479338842975
199.2223140495868 321.1694214876033
179.70330578512394 324.3561983471074
169.34628099173554 285.71652892561985
150.62396694214877 286.11487603305784
180.49999999999997 298.8619834710744
207.98595041322318 296.8702479338843
236.2685950413223 294.4801652892562
217.54628099173553 303.6421487603306
246.62561983471073 298.8619834710744
252.99917355371898 305.23553719008265
277.69669421487606 300.8537190082645
286.4603305785124 309.6173553719008
301.9958677685951 312.80413223140494
317.1330578512397 303.6421487603306
312.3528925619835 292.09008264462807
327.4900826446281 309.2190082644628
355.7727272727273 309.2190082644628
356.1710743801653 324.3561983471074
339.8388429752066 362.59752066115703
354.9760330578512 359.0123966942149
344.2206611570248 375.3446280991735
63.78429752066115 288.5049586776859
52.232231404958675 297.2685950413223
54.22396694214874 277.74958677685953
41.87520661157024 264.20578512396696
27.534710743801647 280.93636363636364
17.17768595041321 296.8702479338843
3.2355371900826246 294.08181818181816
19.169421487603305 276.95289256198345
21.9578512396694 256.63719008264457
11.600826446280992 242.69504132231404
5.625619834710734 262.6123966942149
22.35619834710744 234.72809917355372
41.47685950413223 228.35454545454544
57.80909090909089 220.38760330578512
61.79256198347106 233.13471074380166
64.18264462809915 258.2305785123967
77.72644628099174 236.71983471074378
81.31157024793389 265.400826446281
85.69338842975206 276.95289256198345
103.6190082644628 257.03553719008266
113.97603305785124 241.101652892562
94.0586776859504 242.29669421487603
105.21239669421486 231.14297520661157
120.74793388429752 223.17603305785124
123.1380165289256 271.37603305785126
132.29999999999998 247.87355371900824
127.51983471074378 257.03553719008266
151.02231404958675 255.84049586776857
156.99752066115704 267.79090909090905
162.97272727272727 274.56280991735537
182.49173553719004 272.17272727272723
166.95619834710746 246.2801652892562
147.83553719008265 242.29669421487603
140.66528925619835 234.72809917355372
194.04380165289254 272.9694214876033
209.97768595041325 258.2305785123967
198.82396694214876 250.26363636363635
185.2801652892562 243.09338842975205
173.72809917355372 221.58264462809916
160.18429752066115 217.599173553719
190.0603305785124 223.97272727272727
223.12314049586774 266.595867768595
240.25206611570246 275.3595041322314
225.9115702479339 287.7082644628099
271.72148760330583 270.9776859504132
288.4520661157025 289.301652892562
307.1743801652893 262.6123966942149
290.04545454545456 247.87355371900824
319.9214876033058 260.62066115702476
327.0917355371901 276.95289256198345
335.85537190082647 267.39256198347107
352.9842975206612 280.5380165289256
345.41570247933885 259.0272727272727
355.7727272727273 258.2305785123967
353.7809917355372 239.90661157024792
332.2702479338843 236.32148760330577
306.37768595041325 237.51652892561984
257.7793388429752 258.6289256198347
272.1198347107438 247.87355371900824
280.08677685950414 239.90661157024792
286.06198347107437 224.37107438016528
255.7876033057851 234.32975206611567
255.3892561983471 247.07685950413222
248.21900826446284 262.6123966942149
223.9198347107438 249.4669421487603
213.96115702479338 244.2884297520661
209.5793388429752 232.3380165289256
203.20578512396693 223.97272727272727
224.71652892561985 228.35454545454544
214.7578512396694 213.21735537190082
230.69173553719008 216.80247933884297
192.0520661157025 212.4206611570248
202.4090909090909 202.06363636363636
204.799173553719 186.52809917355373
186.87355371900824 197.28347107438017
213.5628099173554 200.86859504132232
237.06528925619833 202.46198347107438
249.01570247933884 212.81900826446278
260.1694214876033 211.22561983471073
269.3314049586777 212.81900826446278
259.7710743801653 221.18429752066115
265.34793388429756 203.65702479338842
260.1694214876033 188.5198347107438
273.3148760330579 195.6900826446281
284.07024793388433 204.05537190082643
277.298347107438 204.05537190082643
307.9710743801653 213.21735537190082
300.004132231405 210.0305785123967
332.2702479338843 219.5909090909091
340.23719008264464 219.98925619834708
352.18760330578516 217.997520661157
357.76446280991735 207.24214876033056
350.9925619834711 202.06363636363636
325.498347107438 202.8603305785124
300.004132231405 192.10495867768594
308.76776859504133 198.87685950413223
286.06198347107437 188.12148760330578
280.08677685950414 178.9595041322314
290.8421487603306 164.6190082644628
303.1909090909091 180.95123966942148
319.1247933884298 171.39090909090908
313.1495867768595 169.000826446281
328.6851239669422 172.18760330578513
329.88016528925624 181.7479338842975
343.42396694214875 171.7892561983471
339.8388429752066 193.29999999999998
258.9743801652893 168.20413223140494
268.9330578512397 176.17107438016527
243.0404958677686 167.4074380165289
237.46363636363637 179.35785123966943
201.6123966942149 171.7892561983471
212.36776859504135 165.41570247933885
196.83223140495866 163.42396694214875
179.30495867768596 176.17107438016527
166.55785123966942 191.30826446280992
152.21735537190082 189.71487603305783
146.2421487603306 203.2586776859504
121.14628099173552 207.64049586776858
126.72314049586775 201.66528925619835
130.30826446280994 183.7396694214876
135.0884297520661 172.58595041322315
166.55785123966942 169.000826446281
158.5909090909091 181.3495867768595
113.57768595041324 183.7396694214876
86.49008264462809 189.71487603305783
98.83884297520663 182.54462809917354
109.19586776859501 169.79752066115702
119.95123966942147 163.82231404958677
80.91322314049587 169.79752066115702
56.61404958677685 167.80578512396693
53.427272727272715 172.98429752066116
64.18264462809915 174.1793388429752
25.941322314049586 215.6074380165289
331.07520661157025 251.85702479338843
329.4818181818182 320.3727272727273
202.4090909090909 400.4404958677686
448.08347107438016 428.7900826446281
460.0338842975207 414.4495867768595
447.6851239669422 394.9305785123967
418.60578512396694 393.73553719008265
428.96280991735534 375.8099173553719
394.70495867768597 372.6231404958678
369.2107438016529 359.4776859504133
384.3479338842975 358.6809917355372
396.298347107438 338.7636363636364
408.24876033057853 339.1619834710744
406.25702479338844 357.4859504132232
426.57272727272726 347.92561983471074
364.0322314049587 338.7636363636364
381.5595041322314 321.23636363636365
379.1694214876033 302.5140495867769
409.8421487603306 322.0330578512397
389.1280991735537 304.5057851239669
415.8173553719008 305.700826446281
443.701652892562 308.4892561983471
436.5314049586777 326.4148760330579
448.08347107438016 330.7966942148761
422.9876033057851 326.01652892561987
468.000826446281 360.2743801652893
440.5148760330579 361.0710743801653
445.6933884297521 376.60661157024794
475.9677685950413 396.1256198347108
495.4867768595042 414.84793388429756
485.5280991735537 439.54545454545456
516.200826446281 422.8148760330579
572.3677685950413 447.5123966942149
556.0355371900827 429.18842975206616
564.0024793388429 437.1553719008265
572.3677685950413 391.74380165289256
524.5661157024794 383.77685950413223
512.6157024793389 367.4446280991736
540.101652892562 370.2330578512397
583.9198347107438 377.403305785124
569.9776859504133 369.43636363636364
607.4223140495868 396.5239669421488
609.8123966942148 410.06776859504134
616.1859504132232 422.8148760330579
598.6586776859504 432.37520661157026
610.2107438016529 446.71570247933886
632.9165289256198 443.1305785123967
641.6801652892561 433.1719008264463
687.0917355371901 440.3421487603306
679.5231404958678 423.21322314049587
698.6438016528925 429.58677685950414
715.3743801652893 417.6363636363637
672.3528925619835 402.100826446281
652.0371900826447 406.4826446280992
638.8917355371901 401.304132231405
665.9793388429753 386.16694214876037
658.8090909090909 370.6314049586777
638.8917355371901 358.2826446280992
622.9578512396695 373.81818181818187
588.301652892562 361.4694214876033
571.9694214876033 354.299173553719
555.2388429752066 361.0710743801653
601.0487603305785 349.1206611570248
519.7859504132232 346.3322314049587
500.6652892561983 355.4942148760331
479.95123966942145 345.53553719008266
471.58595041322315 329.601652892562
495.4867768595042 337.9669421487604
517.395867768595 326.01652892561987
530.9396694214876 330.7966942148761
570.3760330578513 323.6264462809918
592.2851239669421 333.58512396694215
567.1892561983472 343.54380165289257
618.5760330578512 317.6512396694215
624.1528925619834 341.55206611570253
654.0289256198348 344.73884297520664
640.4851239669422 320.83801652892566
659.207438016529 308.4892561983471
637.6966942148761 306.49752066115707
681.5148760330578 316.05785123966945
692.2702479338843 322.4314049586777
667.9710743801653 343.1454545454546
678.3280991735537 354.299173553719
699.0421487603305 367.8429752066116
700.6355371900827 388.1586776859504
681.5148760330578 293.7504132231405
672.7512396694215 303.70909090909095
706.6107438016529 285.38512396694216
691.0752066115703 280.604958677686
693.4652892561983 271.84132231404965
709.000826446281 261.88264462809923
701.0338842975207 268.25619834710744
709.000826446281 251.92396694214878
697.4487603305786 251.12727272727275
657.6140495867769 272.23966942148763
667.5727272727272 275.42644628099174
651.2404958677687 243.55867768595044
655.6223140495867 225.6330578512397
673.1495867768595 241.96528925619836
699.0421487603305 235.5917355371901
701.4322314049587 222.44628099173556
609.0157024793389 289.36859504132235
579.9363636363636 306.099173553719
616.9826446280993 303.3107438016529
628.1363636363637 296.53884297520665
562.0107438016529 301.7173553719008
548.0685950413223 307.69256198347114
573.1644628099174 279.01157024793395
562.4090909090909 284.58842975206613
531.3380165289257 291.75867768595043
551.6537190082645 276.6214876033058
548.0685950413223 287.37685950413226
589.895041322314 279.8082644628099
585.9115702479339 265.06942148760334
568.7826446280992 265.06942148760334
544.8818181818182 263.87438016528927
561.2140495867768 254.7123966942149
571.9694214876033 250.33057851239673
603.4388429752066 243.16033057851243
577.5462809917356 233.99834710743804
623.7545454545455 238.77851239669425
616.1859504132232 232.40495867768598
607.8206611570248 273.03636363636366
620.5677685950413 256.305785123967
619.3727272727273 219.65785123966944
592.2851239669421 219.65785123966944
550.4586776859504 224.03966942148762
549.6619834710743 244.75371900826448
542.49173553719 239.9735537190083
526.9561983471075 250.33057851239673
535.7198347107438 265.06942148760334
515.0057851239669 278.21487603305786
501.0636363636364 288.1735537190083
500.26694214876034 317.6512396694215
484.3330578512397 301.3190082644628
467.20413223140497 310.87933884297524
460.0338842975207 284.1900826446281
419.800826446281 293.35206611570254
434.93801652892563 296.1404958677686
449.6768595041322 290.9619834710744
434.93801652892563 268.25619834710744
424.58099173553717 253.51735537190083
397.09504132231405 259.0942148760331
393.1115702479339 277.8165289256199
407.05371900826447 272.23966942148763
410.2404958677686 283.7917355371901
379.1694214876033 283.3933884297521
367.6173553719008 273.8330578512397
378.7710743801653 261.08595041322315
369.6090909090909 253.51735537190083
385.14462809917353 243.16033057851243
381.5595041322314 225.6330578512397
367.6173553719008 218.4628099173554
394.70495867768597 235.5917355371901
367.2190082644628 234.79504132231406
412.6305785123967 222.44628099173556
414.62231404958675 249.13553719008266
407.45206611570245 233.99834710743804
425.77603305785124 236.78677685950416
434.93801652892563 223.6413223140496
448.08347107438016 224.83636363636364
439.7181818181818 236.78677685950416
443.701652892562 258.297520661157
453.26198347107436 261.88264462809923
481.54462809917356 250.33057851239673
464.81404958677683 247.94049586776862
492.69834710743805 261.88264462809923
487.12148760330575 283.7917355371901
502.6570247933885 242.7619834710744
504.2504132231405 223.6413223140496
520.9809917355371 215.67438016528928
530.9396694214876 231.60826446280996
521.7776859504132 233.60000000000002
520.5826446280992 248.33884297520663
474.77272727272725 231.60826446280996
461.6272727272727 218.4628099173554
672.3528925619835 231.60826446280996
715.7727272727273 300.9206611570248
426.9710743801653 208.23801652892564
411.43553719008264 201.46611570247939
392.3148760330578 205.05123966942153
381.9578512396694 198.67768595041326
425.3776859504132 177.9636363636364
432.1495867768595 176.37024793388434
447.6851239669422 175.57355371900826
442.5066115702479 190.31239669421493
372.39752066115705 187.5239669421488
378.7710743801653 174.37851239669425
368.01570247933887 170.39504132231406
401.4768595041322 181.15041322314053
393.5099173553719 169.20000000000005
413.8256198347107 160.83471074380168
462.0256198347107 184.73553719008268
476.3661157024793 184.33719008264467
489.51157024793383 191.10909090909095
487.12148760330575 177.56528925619838
473.57768595041324 169.20000000000005
507.8355371900826 189.51570247933887
485.1297520661157 210.22975206611574
468.797520661157 207.83966942148763
457.64380165289253 208.63636363636368
440.11652892561983 209.83140495867772
501.0636363636364 211.8231404958678
514.6074380165289 201.06776859504134
527.7528925619835 203.85619834710747
563.205785123967 209.83140495867772
583.5214876033058 211.42479338842978
603.8371900826446 201.46611570247939
591.8867768595042 201.06776859504134
659.6057851239669 206.24628099173557
634.9082644628099 212.22148760330583
627.3396694214875 193.49917355371903
643.2735537190083 192.702479338843
658.4107438016529 183.14214876033063
681.5148760330578 185.1338842975207
679.1247933884298 211.42479338842978
687.0917355371901 199.8727272727273
713.3826446280991 209.4330578512397
714.1793388429752 199.07603305785128
698.6438016528925 189.91404958677688
715.3743801652893 187.92231404958682
686.2950413223141 173.58181818181822
695.0586776859504 168.801652892562
680.7181818181818 157.24958677685953
657.6140495867769 164.0214876033058
664.3859504132231 157.24958677685953
671.1578512396694 151.2743801652893
654.0289256198348 152.86776859504135
666.3776859504133 141.71404958677687
629.3314049586777 165.21652892561985
615.3892561983471 161.6314049586777
605.4305785123967 166.01322314049588
598.6586776859504 177.56528925619838
581.5297520661157 191.10909090909095
579.1396694214876 177.9636363636364
588.7 165.6148760330579
589.496694214876 156.4528925619835
593.8785123966942 148.48595041322318
605.8289256198346 138.52727272727276
620.1694214876034 139.72231404958683
621.3644628099173 145.29917355371902
620.5677685950413 123.39008264462814
643.6719008264463 126.17851239669425
642.0785123966942 142.5107438016529
669.1661157024794 122.1950413223141
684.3033057851239 114.62644628099177
704.6190082644628 122.1950413223141
711.7892561983472 122.99173553719011
711.3909090909091 137.73057851239673
714.1793388429752 109.04958677685951
704.2206611570248 105.46446280991736
699.4404958677686 138.12892561983472
579.5380165289256 162.82644628099177
534.1264462809918 169.20000000000005
518.5909090909091 175.17520661157027
548.8652892561984 191.50743801652897
492.69834710743805 154.4611570247934
505.8438016528926 137.3322314049587
490.7066115702479 143.70578512396696
481.54462809917356 136.13719008264468
485.1297520661157 125.78016528925625
460.8305785123967 152.86776859504135
415.0206611570248 152.86776859504135
417.41074380165287 144.90082644628103
411.43553719008264 126.17851239669425
379.56776859504134 131.75537190082645
389.1280991735537 144.502479338843
370.0074380165289 153.66446280991738
436.9297520661157 130.56033057851243
436.13305785123964 108.25289256198349
452.46528925619833 93.91239669421489
465.2123966942149 99.88760330578512
475.5694214876033 116.21983471074383
464.41570247933885 113.82975206611574
458.44049586776856 109.04958677685951
452.8636363636364 106.65950413223143
446.8884297520661 113.43140495867769
391.5181818181818 107.45619834710746
373.9909090909091 107.85454545454547
386.3396694214876 119.00826446280995
374.3892561983471 117.01652892561985
370.40578512396695 85.54710743801655
366.0239669421488 98.69256198347111
388.7297520661157 82.75867768595043
402.27355371900825 81.16528925619835
420.995867768595 90.72561983471076
419.40247933884297 77.97851239669424
484.7314049586777 98.29421487603307
495.88512396694216 113.43140495867769
509.4289256198347 106.65950413223143
516.200826446281 104.26942148760332
526.9561983471075 103.87107438016531
518.192561983471 125.3818181818182
546.0768595041322 121.79669421487607
554.8404958677686 138.12892561983472
560.4173553719008 150.87603305785126
578.3429752066115 134.54380165289257
569.9776859504133 116.61818181818184
540.898347107438 112.23636363636365
530.5413223140496 150.47768595041327
541.6950413223141 139.3239669421488
563.205785123967 107.45619834710746
573.1644628099174 88.33553719008265
550.8570247933884 81.9619834710744
511.8190082644628 90.72561983471076
497.8768595041322 91.9206611570248
523.7694214876033 73.59669421487607
515.0057851239669 66.42644628099177
613.795867768595 86.34380165289258
601.8454545454546 109.84628099173554
583.1231404958678 99.48925619834714
587.1066115702479 86.34380165289258
589.098347107438 102.27768595041326
618.5760330578512 101.08264462809919
644.4685950413223 106.26115702479339
664.3859504132231 104.66776859504134
680.7181818181818 102.67603305785124
667.1743801652892 93.51404958677688
658.0123966942149 91.52231404958681
646.0619834710744 85.54710743801655
648.0537190082645 73.19834710743802
655.2239669421488 66.42644628099177
670.7595041322314 69.21487603305789
671.9545454545455 81.9619834710744
679.1247933884298 83.55537190082646
689.4818181818182 83.95371900826447
701.4322314049587 86.34380165289258
695.4570247933884 97.09917355371903
709.797520661157 95.90413223140499
712.9842975206611 84.7504132231405
713.7809917355372 70.01157024793392
703.0256198347108 62.84132231404962
697.0504132231405 61.24793388429753
682.709917355372 52.08595041322317
672.7512396694215 56.86611570247936
650.8421487603306 44.11900826446285
638.095041322314 41.72892561983474
623.3561983471075 45.7123966942149
618.1776859504132 62.84132231404962
609.8123966942148 69.61322314049588
628.1363636363637 62.84132231404962
602.2438016528926 65.2314049586777
588.301652892562 74.7917355371901
607.4223140495868 78.37685950413226
616.9826446280993 73.99504132231405
559.2223140495868 73.59669421487607
570.3760330578513 64.43471074380167
573.5628099173554 46.110743801652916
595.4719008264462 42.127272727272754
585.5132231404958 38.14380165289259
577.5462809917356 26.99008264462813
589.496694214876 29.38016528925621
585.5132231404958 19.421487603305792
571.9694214876033 14.24297520661159
597.0652892561983 19.421487603305792
593.4801652892562 10.259504132231427
539.7033057851239 77.5801652892562
525.7611570247934 88.33553719008265
498.6735537190083 65.62975206611574
501.4619834710744 74.3933884297521
491.503305785124 62.84132231404962
460.8305785123967 81.16528925619835
458.8388429752066 72.80000000000004
453.26198347107436 69.21487603305789
446.09173553719006 71.20661157024796
442.5066115702479 60.45123966942151
427.3694214876033 69.21487603305789
430.55619834710745 60.0528925619835
407.45206611570245 62.84132231404962
383.1528925619835 75.58842975206613
396.298347107438 65.2314049586777
371.999173553719 72.80000000000004
381.9578512396694 65.62975206611574
376.7793388429752 75.19008264462812
370.80413223140494 58.85785123966943
375.58429752066115 64.03636363636366
364.4305785123967 63.239669421487605
375.18595041322317 45.7123966942149
381.9578512396694 34.957024793388456
385.5429752066116 21.8115702479339
404.26528925619834 27.388429752066145
412.6305785123967 27.388429752066145
401.07851239669424 37.347107438016536
416.61404958677684 37.347107438016536
417.8090909090909 48.500826446281025
390.7214876033058 7.072727272727292
397.09504132231405 12.251239669421523
405.06198347107437 5.479338842975238
411.8338842975207 16.234710743801685
421.79256198347105 17.82809917355374
420.995867768595 27.786776859504158
432.94628099173553 32.168595041322334
488.3165289256198 29.778512396694254
374.7876033057851 17.82809917355374
371.202479338843 29.38016528925621
361.6421487603306 23.404958677685983
372.79586776859503 5.080991735537225
463.6190082644628 60.45123966942151
487.12148760330575 39.737190082644645
499.86859504132235 36.94876033057855
495.88512396694216 30.17685950413224
502.6570247933885 49.695867768595065
482.3413223140496 56.06942148760331
475.1710743801653 47.305785123966956
476.3661157024793 88.33553719008265
480.3495867768595 78.77520661157027
540.101652892562 50.49256198347109
532.1347107438016 46.110743801652916
516.200826446281 46.90743801652894
518.9892561983471 32.168595041322334
539.7033057851239 38.14380165289259
534.5247933884298 32.96528925619836
543.2884297520661 24.20165289256201
536.1181818181818 21.014876033057874
522.9727272727273 20.61652892561986
556.8322314049586 23.803305785123996
569.5793388429752 24.998347107438036
563.205785123967 36.55041322314051
596.2685950413223 56.06942148760331
580.3347107438017 62.04462809917359
715.7727272727273 41.33057851239673
690.6768595041323 38.542148760330605
709.000826446281 32.56694214876035
696.6520661157025 23.803305785123996
682.709917355372 28.583471074380185
667.9710743801653 27.786776859504158
663.1909090909091 18.226446280991752
646.8586776859504 22.209917355371914
652.4355371900826 7.869421487603319
663.1909090909091 7.471074380165305
669.1661157024794 8.26776859504136
696.6520661157025 8.26776859504136
705.4157024793388 14.24297520661159
709.000826446281 3.487603305785143
712.1876033057852 4.28429752066117
619.7710743801654 14.641322314049603
627.7380165289256 15.039669421487616
620.5677685950413 25.795041322314063
628.1363636363637 26.59173553719009
608.2190082644628 2.292561983471103
623.3561983471075 2.6909090909091162
609.4140495867769 18.624793388429765
505.8438016528926 16.6330578512397
491.503305785124 20.218181818181847
502.6570247933885 8.666115702479374
511.0223140495867 10.65785123966944
552.8487603305786 10.259504132231427
541.2966942148761 7.869421487603319
544.8818181818182 14.641322314049603
524.5661157024794 4.28429752066117
567.9859504132231 1.495867768595076
489.90991735537193 9.064462809917387
481.54462809917356 19.023140495867807
464.81404958677683 8.26776859504136
481.1462809917355 8.26776859504136
464.41570247933885 20.218181818181847
442.5066115702479 1.8942148760330895
418.2074380165289 2.292561983471103
429.7595041322314 47.704132231405
442.1082644628099 44.517355371900834
401.4768595041322 109.04958677685951
395.501652892562 97.49752066115704
364.0322314049587 6.276033057851265
687.1446280991736 16.83223140495869
682.3644628099174 2.4917355371900953
537.3661157024794 89.3314049586777
548.5198347107438 90.92479338842975
437.7793388429752 119.60578512396694
457.69669421487606 129.96280991735534
323.85206611570254 125.97933884297517
338.9892561983472 122.79256198347105
309.51157024793395 128.3694214876033
296.7644628099174 128.3694214876033
296.7644628099174 141.11652892561983
284.81404958677695 141.91322314049586
287.20413223140497 147.49008264462805
281.62727272727284 157.05041322314048
277.64380165289265 167.40743801652889
307.9181818181819 157.05041322314048
327.03884297520665 150.6768595041322
313.49504132231414 145.10000000000002
345.36280991735543 153.86363636363637
346.9561983471075 142.70991735537189
266.49008264462816 152.27024793388426
243.38595041322318 155.45702479338843
252.94628099173553 151.47355371900824
171.73636363636362 152.07107438016533
136.68181818181816 148.08760330578514
133.096694214876 158.84297520661158
105.21239669421486 163.22479338842976
99.63553719008264 157.64793388429757
67.76776859504132 159.6396694214876
24.74628099173552 157.24958677685953
41.078512396694215 161.23305785123972
46.655371900826424 147.68925619834715
3.633884297520638 139.3239669421488
11.999173553719006 129.36528925619837
49.84214876033056 103.87107438016531
69.75950413223141 146.89256198347113
74.93801652892562 139.72231404958683
61.39421487603303 133.74710743801654
67.76776859504132 128.56859504132234
53.427272727272715 129.36528925619837
56.61404958677685 118.60991735537193
86.8884297520661 143.70578512396696
91.66859504132232 133.74710743801654
106.40743801652891 148.48595041322318
118.75619834710744 136.13719008264468
106.80578512396694 131.35702479338846
116.36611570247932 123.39008264462814
106.00909090909092 118.21157024793392
113.57768595041324 109.84628099173554
85.29504132231405 122.1950413223141
90.87190082644626 109.44793388429753
86.8884297520661 105.46446280991736
97.64380165289253 96.30247933884297
106.00909090909092 97.49752066115704
119.95123966942147 104.26942148760332
122.34132231404958 114.22809917355376
154.6074380165289 119.40661157024796
143.45371900826447 115.4231404958678
164.96446280991736 121.00000000000003
190.45867768595042 107.85454545454547
174.52479338842974 99.48925619834714
166.95619834710746 109.04958677685951
181.29669421487606 120.601652892562
192.4504132231405 129.36528925619837
198.02727272727273 118.21157024793392
170.5413223140496 119.00826446280995
214.7578512396694 93.51404958677688
210.3760330578512 103.47272727272727
221.9280991735537 124.58512396694218
229.09834710743797 138.12892561983472
189.26363636363635 138.52727272727276
156.99752066115704 138.52727272727276
166.15950413223143 138.12892561983472
239.85371900826442 144.90082644628103
244.23553719008262 130.1619834710744
267.73801652892564 130.95867768595042
262.9578512396694 121.39834710743806
241.84545454545457 117.4148760330579
226.70826446280992 118.60991735537193
227.903305785124 107.45619834710746
233.0818181818182 97.49752066115704
249.01570247933884 106.65950413223143
273.3148760330579 113.03305785123968
262.1611570247934 97.89586776859505
251.40578512396692 94.3107438016529
245.03223140495865 91.9206611570248
230.69173553719008 91.12396694214877
221.9280991735537 80.76694214876036
229.09834710743797 72.80000000000004
238.2603305785124 70.4099173553719
251.40578512396692 71.20661157024796
255.7876033057851 85.54710743801655
264.9495867768595 86.34380165289258
274.90826446280994 90.72561983471076
283.2735537190083 103.47272727272727
270.52644628099176 77.18181818181822
298.0123966942149 105.8628099173554
286.85867768595045 130.95867768595042
301.59752066115703 119.40661157024796
315.53966942148764 119.40661157024796
326.2950413223141 106.26115702479339
339.0421487603306 108.25289256198349
327.88842975206614 97.49752066115704
338.6438016528926 90.72561983471076
343.8223140495868 98.69256198347111
350.59421487603305 88.73388429752069
346.2123966942149 78.77520661157027
322.70991735537194 80.36859504132232
306.77603305785124 90.32727272727274
296.41900826446283 83.15702479338844
307.57272727272726 70.4099173553719
288.8504132231405 72.401652892562
296.0206611570248 62.84132231404962
312.3528925619835 60.0528925619835
320.3198347107438 53.67933884297523
305.5809917355372 47.704132231405
301.9958677685951 44.11900826446285
296.41900826446283 35.75371900826448
291.6388429752066 31.770247933884324
303.9876033057851 30.973553719008294
298.8090909090909 21.014876033057874
288.4520661157025 23.00661157024794
315.1413223140496 24.20165289256201
327.88842975206614 30.973553719008294
334.2619834710744 21.8115702479339
341.0338842975207 34.16033057851243
347.0090909090909 28.9818181818182
347.40743801652894 46.110743801652916
351.7892561983471 47.704132231405
356.1710743801653 37.74545454545458
334.6603305785124 12.649586776859536
322.3115702479339 6.276033057851265
314.3446280991736 11.056198347107454
307.1743801652893 6.6743801652892785
301.9958677685951 6.6743801652892785
288.4520661157025 5.080991735537225
284.07024793388433 5.877685950413252
283.6719008264463 14.641322314049603
280.08677685950414 23.803305785123996
280.08677685950414 33.3636363636364
261.7628099173554 43.322314049586794
258.57603305785125 56.46776859504135
250.60909090909087 59.654545454545456
266.5429752066116 66.82479338842975
269.3314049586777 25.39669421487605
269.3314049586777 33.76198347107439
254.19421487603304 29.38016528925621
260.56776859504134 15.039669421487616
262.55950413223144 10.65785123966944
249.41404958677683 5.479338842975238
245.82892561983465 12.649586776859536
241.04876033057852 22.608264462809956
230.69173553719008 30.17685950413224
226.70826446280992 62.84132231404962
237.46363636363637 51.28925619834715
218.34297520661158 41.33057851239673
211.5710743801653 30.17685950413224
202.01074380165286 27.388429752066145
200.0190082644628 17.82809917355374
205.99421487603303 19.023140495867807
213.16446280991735 54.07768595041324
207.18925619834712 62.84132231404962
218.34297520661158 69.61322314049588
188.46694214876035 86.7421487603306
172.13471074380166 84.35206611570251
183.2884297520661 75.98677685950415
173.32975206611573 74.7917355371901
174.12644628099176 60.849586776859525
190.85702479338846 57.264462809917376
179.30495867768596 50.890909090909105
172.13471074380166 48.10247933884298
162.17603305785124 48.500826446281025
153.4123966942149 48.10247933884298
152.21735537190082 36.55041322314051
158.98925619834714 35.35537190082647
171.33801652892564 32.96528925619836
157.39586776859502 18.226446280991752
147.4371900826446 23.803305785123996
143.05537190082643 17.03140495867771
141.46198347107438 9.064462809917387
166.95619834710746 18.226446280991752
167.35454545454544 6.6743801652892785
158.19256198347105 3.487603305785143
117.16280991735537 76.78347107438017
150.62396694214877 77.97851239669424
93.26198347107439 85.14876033057854
88.08347107438017 79.5719008264463
72.94628099173552 83.95371900826447
78.92148760330578 96.70082644628101
67.3694214876033 99.0909090909091
57.012396694214864 93.11570247933886
48.24876033057851 88.73388429752069
35.10330578512396 87.53884297520662
25.941322314049586 105.46446280991736
9.609090909090897 78.77520661157027
17.974380165289237 83.15702479338844
26.339669421487603 83.15702479338844
30.72148760330578 76.78347107438017
62.98760330578512 75.58842975206613
41.87520661157024 62.44297520661157
51.83388429752066 56.46776859504135
65.77603305785122 58.459504132231444
60.59752066115701 50.890909090909105
88.48181818181818 59.25619834710747
78.92148760330578 60.849586776859525
98.44049586776859 54.07768595041324
102.42396694214877 53.280991735537214
114.37438016528925 48.10247933884298
123.53636363636362 50.49256198347109
103.6190082644628 67.62148760330581
104.0173553719008 40.932231404958685
112.38264462809914 31.770247933884324
104.41570247933883 28.583471074380185
121.94297520661158 25.795041322314063
111.98429752066114 22.209917355371914
117.16280991735537 11.85289256198351
125.12975206611571 39.737190082644645
86.8884297520661 30.973553719008294
72.1495867768595 29.778512396694254
82.50661157024793 23.803305785123996
74.14132231404959 20.218181818181847
70.15785123966943 14.24297520661159
55.41900826446281 17.82809917355374
57.41074380165288 6.276033057851265
50.24049586776859 28.18512396694217
41.47685950413223 24.600000000000023
35.10330578512396 16.6330578512397
16.779338842975196 8.666115702479374
14.389256198347084 22.608264462809956
22.754545454545454 28.18512396694217
20.364462809917345 44.517355371900834
24.347933884297504 50.49256198347109
22.754545454545454 56.86611570247936
11.600826446280992 54.874380165289296
9.609090909090897 65.62975206611574
27.13636363636363 64.03636363636366
39.88347107438015 39.33884297520663
29.128099173553696 35.75371900826448
60.995867768595026 33.3636363636364
98.04214876033056 239.3090909090909
123.1380165289256 94.70909090909092
154.20909090909092 89.13223140495867
417.0652892561984 107.65537190082642
47.399173553719066 41.52975206611569
78.47024793388434 42.32644628099172
86.43719008264466 209.63223140495865
104.76115702479345 213.61570247933884
550.113223140496 171.39090909090908
550.9099173553719 160.2371900826446
504.70165289256204 159.44049586776856
518.2454545454545 161.83057851239664
191.60082644628108 10.45867768595042
184.9955044955045 40.820679320679346
179.96053946053948 35.785714285714334
189.3111888111888 25.715784215784254
195.06543456543457 35.0664335664336
97.96253746253748 5.5759240759240924
93.64685314685315 19.961538461538453
95.08541458541463 30.750749250749262
284.9755244755245 42.978521478521486
277.7827172827173 52.329170829170835
274.90559440559446 60.96053946053951
284.9755244755245 53.7677322677323
396.46403596403593 58.08341658341658
380.63986013986016 51.6098901098901
354.74575424575426 57.3641358641359
346.1143856143856 60.241258741258775
346.1143856143856 69.59190809190812
360.5 81.10039960039967
363.37712287712293 105.55594405594411
361.93856143856146 122.81868131868134
356.1843156843157 155.90559440559446
364.09640359640366 184.67682317682318
356.90359640359645 174.60689310689315
368.41208791208794 195.466033966034
145.43506493506496 127.85364635364634
129.61088911088913 135.04645354645356
102.27822177822183 81.81968031968034
100.12037962037962 312.70879120879124
220.24025974025975 318.463036963037
258.36213786213784 139.3621378621379
330.2902097902098 48.73276723276729
600.0204795204795 119.94155844155847
610.0904095904096 128.5729270729271
697.8426573426574 210.57092907092908
686.3341658341659 334.28721278721287
19.455044955044855 441.73126873126864
96.70579420579413 441.0159840159839
392.11838161838153 441.73126873126864
400.70179820179806 432.43256743256734
