50.800959232613906 67.09852118305358
23.531574740207844 43.88269384492406
2.526778577138302 47.93625099920064
26.848121502797767 103.21203037569944
34.21822541966428 102.10651478816948
11.002398081534778 108.73960831334932
46.01039168665068 138.22002398081537
53.380495603517176 145.59012789768187
40.85131894484414 168.43745003996804
38.64028776978418 156.64528377298163
9.8968824940048 292.6237010391687
4.737809752198245 272.3559152677858
41.58832933653079 231.82034372502002
34.21822541966428 222.23920863309354
27.216626698641093 221.5021982414069
38.27178257394084 212.65807354116708
29.796163069544363 201.60291766586732
10.265387689848126 199.76039168665068
71.06874500399681 147.06414868105517
63.69864108713032 147.06414868105517
68.1207034372502 126.79636290967227
60.01358912869705 130.84992006394884
61.85611510791367 107.63409272581936
67.38369304556355 78.89068745003999
82.86091127098322 110.21362909672263
91.70503597122303 123.84832134292566
82.12390087929657 88.84032773780977
100.54916067146283 83.68125499600322
116.02637889688252 77.78517186251004
134.45163868904876 118.68924860111912
134.45163868904876 109.84512390087933
114.5523581135092 120.53177458033576
118.23741007194243 131.58693045563552
125.23900879296563 135.27198241406876
155.08792965627498 124.95383693045565
167.61710631494802 100.63249400479617
153.982414068745 86.62929656274983
149.19184652278176 43.88269384492406
128.55555555555554 49.04176658673066
90.59952038369303 55.674860111910505
121.18545163868906 186.12569944044765
106.07673860911271 166.59492406075145
59.276578737010404 170.64848121502797
63.69864108713032 224.8187450039968
84.70343725019984 219.65967226219024
76.59632294164669 234.7683852917666
79.54436450839327 254.66766586730617
61.487609912070354 260.9322541966427
47.11590727418067 278.9890087929656
58.53956834532374 294.46622701838527
101.6546762589928 288.5701438848921
113.0783373301359 284.1480815347722
76.96482813749 285.6221023181455
83.59792166266988 278.6205035971223
111.9728217426059 268.6708633093525
101.28617106314948 253.9306554756195
119.71143085531573 240.29596322941651
120.44844124700239 225.55575539568346
96.12709832134291 235.13689048760992
104.97122302158274 215.23760991207035
109.02478017585932 155.17126298960832
167.98561151079136 54.2008393285372
160.24700239808152 42.40867306155076
169.09112709832132 69.67805755395685
156.19344524380494 74.83713029576342
198.9400479616307 77.78517186251004
130.7665867306155 158.11930455635496
133.34612310151877 169.1744604316547
221.05035971223018 297.7827737809752
243.89768185451638 295.20323741007195
235.4220623501199 276.77797761790566
247.95123900879295 280.46302957633895
228.78896882494004 268.6708633093525
195.25499600319742 289.30715427657873
213.31175059952037 282.6740607513989
148.0863309352518 286.72761790567546
146.6123101518785 302.94184652278176
147.71782573940845 246.92905675459633
172.40767386091127 256.5101918465228
174.6187050359712 244.34952038369306
157.66746602717825 235.87390087929657
176.0927258193445 220.76518784972023
179.77777777777774 215.23760991207035
188.25339728217423 207.86750599520386
179.40927258193446 196.44384492406076
160.61550759392486 211.92106314948043
145.87529976019184 220.76518784972023
133.34612310151877 223.71322941646685
146.6123101518785 191.28477218225422
182.35731414868107 52.726818545163894
180.51478816946442 45.35671462829737
187.5163868904876 34.67006394884095
179.40927258193446 36.512589928057594
201.51958433253398 49.04176658673066
210.36370903277376 71.15207833733015
211.46922462030372 42.40867306155076
229.15747402078338 41.30315747402079
233.57953637090324 112.7931654676259
215.89128697042364 104.31754596322943
201.51958433253398 113.53017585931258
191.20143884892084 145.22162270183856
180.88329336530776 147.80115907274183
170.56514788169463 89.2088329336531
207.04716227018386 206.76199040767386
201.15107913669064 181.70363709032776
183.83133493205438 189.8107513988809
169.828137490008 178.3870903277378
206.67865707434052 248.77158273381295
196.36051159072738 233.2943645083933
278.537170263789 43.14568345323744
268.9560351718625 48.30475619504398
254.5843325339728 42.7771782573941
257.5323741007194 61.939448441247016
259.3749000799361 68.9410471622702
269.69304556354916 67.46702637889689
278.16866506794565 70.04656274980019
291.8033573141487 51.62130295763393
288.8553157474021 47.567745803357354
298.8049560351718 43.14568345323744
303.5955235811351 50.147282174260624
306.1750599520384 46.46223021582739
310.59712230215825 57.14888089528381
314.6506794564349 42.7771782573941
325.70583533173465 37.9866107114309
322.3892885691447 53.095323741007206
326.0743405275779 55.306354916067164
331.9704236610711 56.78037569944047
337.12949640287763 41.67166266986413
346.71063149480415 37.24960031974422
352.238209432454 86.26079136690649
341.92006394884095 83.68125499600322
362.92486011191045 83.68125499600322
341.18305355715427 95.47342126298963
351.50119904076735 98.0529576338929
343.3940847322142 103.21203037569944
333.44444444444446 91.41986410871304
327.54836131095124 92.89388489208636
315.7561950439648 87.7348121502798
315.7561950439648 74.83713029576342
307.64908073541164 74.83713029576342
319.4412470023981 65.62450039968027
288.8553157474021 93.99940047961631
298.06794564348525 105.05455635491607
287.74980015987205 104.31754596322943
268.58752997601914 90.6828537170264
254.21582733812946 116.10971223021585
274.48361310951236 145.22162270183856
257.5323741007194 145.59012789768187
257.16386890487604 154.06574740207833
257.9008792965627 166.59492406075145
268.58752997601914 182.07214228617107
277.8001598721023 178.3870903277378
289.59232613908875 155.53976818545163
301.01598721023174 141.9050759392486
306.5435651478816 147.43265387689848
312.8081534772182 156.27677857713832
317.9672262190247 141.16806554756198
311.7026378896883 132.6924460431655
330.49640287769785 152.96023181454837
322.3892885691447 157.75079936051162
323.86330935251794 164.38389288569144
323.12629896083126 173.59652278177458
322.3892885691447 182.4406474820144
326.81135091926456 192.75879296562752
312.8081534772182 194.60131894484414
304.3325339728217 181.70363709032776
299.5419664268585 191.28477218225422
295.11990407673864 169.54296562749798
274.48361310951236 194.96982414068745
272.6410871302958 206.0249800159872
270.43005595523584 215.97462030375698
288.1183053557154 197.1808553157474
299.5419664268585 202.7084332533973
289.59232613908875 204.1824540367706
290.69784172661866 223.71322941646685
281.4852118305356 228.87230215827338
278.537170263789 235.13689048760992
260.480415667466 231.08333333333334
247.58273381294958 210.0785371702638
237.63309352517982 186.8627098321343
233.9480415667466 171.753996802558
218.4708233413269 197.54936051159075
231.73701039168665 221.5021982414069
223.6298960831335 234.7683852917666
235.4220623501199 238.45343725019984
266.3764988009592 257.2472022382094
252.74180655475612 256.5101918465228
270.0615507593925 272.3559152677858
284.4332533972821 263.511790567546
288.48681055155873 248.77158273381295
303.96402877697835 258.35271782573943
298.06794564348525 266.4598321342926
306.91207034372496 244.34952038369306
318.33573141486806 218.92266187050362
339.3405275779377 222.9762190247802
348.1846522781774 231.08333333333334
353.34372501998394 220.76518784972023
371.7689848121503 223.71322941646685
367.3469224620303 235.87390087929657
370.2949640287769 241.76998401278976
354.0807354116706 258.35271782573943
352.238209432454 252.82513988808955
347.4476418864908 249.5085931254996
305.4380495603517 315.4710231814548
320.17825739408477 276.4094724220623
330.8649080735412 266.4598321342926
324.6003197442046 296.3087529976019
333.8129496402878 287.8331334932054
357.0287769784172 277.51498800959234
350.39568345323744 269.77637889688253
355.9232613908873 292.6237010391687
336.0239808153477 305.52138289368503
359.6083133493205 194.60131894484414
358.8713029576338 182.07214228617107
337.8665067945643 174.70203836930457
349.65867306155076 129.00739408473223
372.50599520383696 156.27677857713832
379.87609912070343 160.3303357314149
387.9832134292566 154.802757793765
386.14068745004 139.32553956834533
357.0287769784172 158.8563149480416
345.97362110311747 156.27677857713832
334.9184652278177 150.3806954436451
336.39248601119107 129.37589928057554
327.1798561151079 104.68605115907275
309.49160671462823 121.26878497202239
298.8049560351718 121.26878497202239
313.9136690647482 108.37110311750601
306.5435651478816 94.73641087130298
295.48840927258186 88.84032773780977
299.5419664268585 81.10171862509995
289.960831334932 70.78357314148684
352.60671462829737 119.05775379696246
386.5091926458832 103.21203037569944
374.7170263788969 106.8970823341327
370.66346922462026 124.216826538769
363.66187050359713 126.42785771382896
361.4508393285372 134.1664668265388
365.5043964828137 141.9050759392486
380.24460431654677 181.70363709032776
379.87609912070343 189.8107513988809
376.9280575539568 199.76039168665068
375.45403677058346 218.185651478817
359.97681854516384 214.5005995203837
310.9656274980016 207.86750599520386
334.181454836131 207.4990007993605
340.8145483613109 212.65807354116708
270.43005595523584 165.48940847322143
327.9168665067946 65.62450039968027
325.3373301358913 71.15207833733015
286.2757793764988 63.044964028777
279.6426858513189 63.044964028777
294.38289368505195 67.09852118305358
304.70103916866503 64.51898481215031
336.39248601119107 76.31115107913672
348.1846522781774 75.20563549160673
355.554756195044 70.04656274980019
364.3988808952837 70.78357314148684
355.554756195044 75.94264588329338
351.8697042366107 69.67805755395685
358.5027977617906 61.202438049560385
377.6650679456435 65.62450039968027
382.4556354916067 81.10171862509995
385.03517186250997 82.94424460431655
371.7689848121503 90.31434852118308
409.3565147881694 106.8970823341327
397.564348521183 100.63249400479617
409.3565147881694 90.6828537170264
397.9328537170263 86.26079136690649
392.0367705835331 86.26079136690649
420.7801758593125 73.36310951239011
420.4116706634692 78.89068745003999
412.67306155075937 75.94264588329338
407.1454836131095 79.99620303756996
410.0935251798561 86.62929656274983
424.4652278177457 97.31594724220625
432.57234212629885 101.73800959232614
430.72981614708226 93.99940047961631
432.9408473221422 88.10331734612309
438.46842525979207 85.15527577937652
427.4132693844923 79.2591926458833
433.67785771382887 75.94264588329338
429.255795363709 73.36310951239011
435.8888888888888 66.36151079136692
449.8920863309352 88.84032773780977
455.7881694644284 86.99780175859314
447.68105515587524 92.89388489208636
453.9456434852118 100.63249400479617
458.736211031175 101.73800959232614
458.736211031175 113.53017585931258
414.51558752997596 123.84832134292566
404.1974420463629 126.42785771382896
386.14068745004 127.90187849720223
388.3517186250999 114.63569144684254
404.1974420463629 137.48301358912872
417.46362909672257 142.64208633093529
400.14388489208625 145.95863309352518
449.8920863309352 108.73960831334932
442.89048760991204 101.73800959232614
453.57713828936846 69.67805755395685
449.8920863309352 61.939448441247016
449.8920863309352 54.2008393285372
451.73461231015176 48.30475619504398
457.630695443645 63.044964028777
456.15667466027173 76.67965627498003
409.3565147881694 51.98980815347727
354.0807354116706 36.512589928057594
374.34852118305355 37.9866107114309
385.4036770583533 41.67166266986413
387.9832134292566 67.46702637889689
350.39568345323744 49.04176658673066
277.8001598721023 300.73081534772183
136.66266986410872 152.22322142286174
163.93205435651478 61.939448441247016
156.19344524380494 61.939448441247016
108.65627498001598 36.512589928057594
259.3749000799361 35.40707434052763
368.82094324540367 41.67166266986413
377.6650679456435 40.56614708233417
372.1374900079936 51.62130295763393
440.6794564348521 50.147282174260624
261.2174260591527 75.94264588329338
455.41966426858505 125.32234212629896
432.2038369304556 125.6908473221423
448.0495603517186 120.53177458033576
427.78177458033565 36.14408473221425
403.82893685051954 37.24960031974422
282.2222222222222 323.9466426858513
183.83133493205438 103.21203037569944
207.78417266187049 54.2008393285372
116.02637889688252 67.46702637889689
92.44204636290968 170.64848121502797
106.44524380495602 231.45183852917665
30.901678657074342 374.8836930455636
25.742605915267788 409.8916866506795
61.487609912070354 441.21462829736214
62.59312549960032 408.7861710631495
25.742605915267788 483.2242206235012
14.318944844124701 519.7062350119904
20.583533173461234 553.6087130295764
2.1582733812949755 475.4856115107914
5.106314948041572 383.35931254996007
11.370903277378105 332.8741007194245
103.49720223820944 362.3545163868905
89.49400479616307 350.56235011990407
61.85611510791367 347.9828137490008
71.43725019984012 362.72302158273385
78.80735411670665 320.71342925659474
137.7681854516387 332.5055955235812
134.82014388489208 318.13389288569147
169.09112709832132 321.4504396482814
173.88169464428458 389.25539568345323
170.56514788169463 413.945243804956
98.70663469224621 414.31374900079936
80.28137490007992 394.4144684252598
118.97442046362909 446.0051958433254
135.55715427657873 469.58952837729817
90.23101518784972 527.0763389288569
102.76019184652279 536.2889688249401
80.64988009592327 508.2825739408473
122.65947242206236 570.5599520383694
142.92725819344523 567.6119104716227
178.67226219024778 562.8213429256595
215.89128697042364 559.5047961630696
226.57793764988006 539.2370103916867
206.31015187849718 497.96442845723425
203.7306155075939 471.4320543565148
213.6802557953637 432.001998401279
242.05515587529973 472.16906474820144
256.05835331734613 496.4904076738609
306.91207034372496 529.6558752997602
302.4900079936051 584.1946442845724
341.92006394884095 573.8764988009592
352.9752198241407 531.1298960831335
320.91526778577133 453.0067945643485
309.49160671462823 444.1626698641087
292.9088729016786 427.21143085531577
260.11191047162265 388.14988009592327
243.529176658673 398.83653077537974
274.8521183053557 373.04116706634693
285.90727418065546 359.77498001598724
294.7513988808953 343.1922462030376
264.1654676258993 349.0883293365308
234.68505195843326 335.08513189448445
196.36051159072738 320.71342925659474
242.7921662669864 317.0283772981615
324.6003197442046 345.4032773780975
333.44444444444446 335.08513189448445
348.1846522781774 320.71342925659474
334.54996003197436 366.0395683453238
361.4508393285372 387.0443645083933
367.3469224620303 404.7326139088729
392.40527577937644 427.9484412470024
416.7266187050359 400.67905675459633
424.4652278177457 416.52478017585935
440.3109512390088 496.4904076738609
453.57713828936846 520.8117505995203
411.56754596322935 521.9172661870504
374.7170263788969 503.86051159072747
393.1422861710631 581.9836131095124
196.1762589928057 610.5427657873701
271.351318944844 291.41726618705036
436.44164668265387 581.7993605115907
480.66227018385285 610.5427657873701
557.3113509192646 559.6890487609912
572.0515587529975 572.9552358113509
495.4024780175859 512.5203836930456
519.7238209432453 502.20223820943244
487.29536370903276 491.88409272581936
518.9868105515586 419.6570743405276
476.9772182254197 390.1766586730616
463.71103117505993 374.6994404476419
479.92525979216623 416.70903277378096
462.97402078337325 420.39408473221425
573.3413269384492 356.54176658673066
575.9208633093525 391.91826538768987
550.494004796163 391.91826538768987
523.224620303757 369.439448441247
548.2829736211031 372.3874900079936
551.5995203836931 350.64568345323744
530.5947242206234 347.3291366906475
579.974420463629 439.45543565147887
564.8657074340528 428.7687849720224
538.7018385291767 444.24600319744206
564.4972022382094 457.8806954436451
593.2406075139888 417.7136290967226
615.3509192645884 387.8647082334133
633.7761790567546 387.49620303756996
603.9272581934453 366.85991207034374
652.2014388489208 406.65847322142287
659.5715427657874 395.2348121502798
684.9984012789768 393.76079136690646
694.2110311750599 367.96542765787376
659.5715427657874 359.48980815347727
714.8473221422862 397.8143485211831
752.066346922462 401.86790567545967
730.3245403677058 438.34992006394884
757.5939248601119 444.24600319744206
803.2885691446842 394.1292965627498
766.0695443645084 382.3371302957634
805.4996003197442 373.8615107913669
865.9344524380496 409.23800959232614
842.71862509992 442.77198241406876
827.9784172661871 430.2428057553957
839.7705835331734 516.8415267785772
754.2773780975219 491.78317346123106
669.8896882494005 514.9990007993605
669.1526778577138 493.62569944044765
701.2126298960832 498.7847721822542
711.1622701838529 531.9502398081535
680.2078337330136 522.0005995203837
654.4124700239809 520.8950839328537
613.1398880895283 527.1596722621903
630.0911270983213 560.6936450839329
725.5339728217426 512.7879696243006
766.4380495603517 572.117306155076
876.621103117506 528.2651878497202
880.3061550759393 576.9078737010392
820.9768185451638 553.6920463629097
839.0335731414868 595.3331334932054
912.3661071143085 575.8023581135092
921.2102318145483 450.8790967226219
797.0239808153477 352.4882094324541
739.9056754596322 345.11810551558756
645.568345323741 347.3291366906475
573.3413269384492 376.4410471622702
541.0971223021581 322.3717026378897
427.59752198241404 139.59312549960038
528.5679456434851 290.68025579536373
516.0387689848121 289.9432454036771
518.249800159872 266.3589128697042
511.61670663469215 255.30375699440447
507.9316546762589 229.50839328537177
511.61670663469215 223.61231015187855
511.61670663469215 217.71622701838533
884.5439648281373 317.9496402877698
874.2258193445242 290.68025579536373
781.3625099920063 315.00159872102324
692.9212629896082 335.6378896882494
668.5999200639487 332.6898481215029
648.7006394884091 325.3197442046363
623.642286171063 317.2126298960832
598.5839328537169 315.00159872102324
581.632693844924 323.10871302957634
919.9204636290966 343.7450039968026
816.0019984012788 306.8944844124701
745.2490007993604 312.79056754596326
697.343325339728 296.57633892885696
614.7981614708233 299.5243804956035
639.8565147881693 312.05355715427663
608.9020783373301 289.9432454036771
578.6846522781774 296.57633892885696
566.892486011191 307.63149480415666
541.0971223021581 298.7873701039169
509.2214228617106 243.69584332533975
530.2262190247802 242.22182254196647
523.224620303757 236.32573940847325
532.0687450039968 226.74460431654677
522.8561151079136 217.16346922462034
523.224620303757 209.4248601119105
531.7002398081535 200.94924060751404
521.013589128697 192.47362110311755
507.0103916866507 188.78856914468426
497.79776179056756 193.57913669064752
488.58513189448445 189.89408473221425
477.5299760191847 163.73021582733816
474.5819344524381 138.30335731414874
493.0071942446043 65.70783373301367
501.85131894484414 66.07633892885696
499.6402877697842 59.07474020783377
511.8009592326139 55.389688249400535
518.8025579536371 60.548760991207075
511.4324540367706 83.76458832933659
502.9568345323741 76.02597921662675
499.6402877697842 86.71262989608317
491.533173461231 86.71262989608317
486.7426059152678 79.71103117506001
477.5299760191847 74.55195843325345
467.5803357314149 67.55035971223026
462.78976818545163 66.07633892885696
478.2669864108713 94.0827338129497
483.42605915267785 114.71902478017591
483.05755395683457 110.66546762589932
505.1678657074341 122.82613908872906
508.1159072741807 138.30335731414874
519.1710631494805 155.99160671462835
515.8545163868905 175.5223820943246
525.8041566746602 167.0467625899281
505.9048760991207 175.8908872901679
465.73780975219825 113.2450039968026
470.8968824940048 88.18665067945648
469.0543565147882 135.35531574740213
486.0055955235811 124.30015987210236
495.2182254196643 111.40247801758599
489.3221422861711 99.24180655475624
507.0103916866507 94.0827338129497
536.1223021582734 104.4008792965628
539.4388489208633 95.18824940047966
519.908073541167 117.66706634692252
514.7490007993605 108.08593125499605
525.4356514788169 105.87490007993611
549.0199840127898 56.4952038369305
564.8657074340528 68.65587529976023
551.2310151878497 207.9508393285372
541.6498800959232 192.47362110311755
560.4436450839329 187.31454836131098
535.0167865707434 188.42006394884098
533.5427657873702 178.47042366107118
538.3333333333334 168.88928856914472
549.7569944044765 146.04196642685855
547.5459632294164 136.82933653077544
534.6482813749001 127.61670663469229
526.1726618705036 131.30175859312556
541.28137490008 116.56155075939253
549.0199840127898 117.29856115107918
551.2310151878497 128.72222222222229
563.0231814548362 127.61670663469229
569.2877697841727 127.61670663469229
574.0783373301359 138.67186250999205
586.9760191846523 140.882893685052
565.6027178257394 148.2529976019185
557.1270983213429 151.56954436450843
561.5491606714628 163.73021582733816
576.2893685051959 160.04516386890492
577.7633892885691 171.83733013589134
569.2877697841727 179.57593924860117
591.3980815347722 176.9964028776979
598.3996802557954 178.10191846522787
608.7178257394085 158.57114308553162
613.876898481215 146.04196642685855
594.7146282973621 133.14428457234217
619.0359712230215 123.56314948041572
613.1398880895283 116.19304556354922
622.3525179856115 112.13948840927264
605.4012789768185 110.66546762589932
596.1886490807354 113.61350919264595
577.7633892885691 111.40247801758599
565.9712230215828 113.61350919264595
557.1270983213429 98.50479616306959
552.3365307753797 102.18984812150283
552.3365307753797 82.29056754596328
534.2797761790567 88.18665067945648
539.4388489208633 88.18665067945648
559.3381294964029 59.07474020783377
598.031175059952 72.70943245403683
574.8153477218225 72.34092725819349
578.5003996802558 84.87010391686655
585.1334932054357 92.97721822541973
568.9192645883293 81.18505195843329
564.4972022382094 92.60871302957639
597.2941646682654 89.29216626698647
605.4012789768185 76.02597921662675
613.5083932853718 82.29056754596328
615.7194244604316 69.3928856914469
628.2486011191047 84.87010391686655
634.5131894484413 72.70943245403683
655.8864908073541 66.07633892885696
662.519584332534 55.758193445243876
671.3637090327737 62.02278177458038
675.4172661870504 71.97242206235018
636.7242206235012 117.66706634692252
635.6187050359712 179.57593924860117
631.1966426858513 166.30975219824145
638.5667466027178 148.62150279776182
629.722621902478 136.82933653077544
658.097521982414 112.50799360511596
673.2062350119904 112.50799360511596
544.2294164668265 245.9068745003997
547.5459632294164 277.2298161470824
532.4372501998402 251.0659472422063
525.8041566746602 251.80295763389293
554.5475619504397 242.95883293365313
568.550759392486 229.32414068745007
573.3413269384492 229.32414068745007
585.1334932054357 235.22022382094326
568.550759392486 242.22182254196647
599.136690647482 246.64388489208636
615.7194244604316 213.1099120703438
589.9240607513989 208.68784972022385
588.8185451638689 203.5287769784173
595.4516386890488 184.3665067945644
651.4644284572342 196.52717825739413
658.4660271782574 221.5855315747403
670.9952038369305 253.27697841726624
641.8832933653077 259.1730615507594
639.3037569944045 274.6502797761791
609.4548361310951 272.07074340527583
576.2893685051959 275.75579536370907
562.2861710631495 282.3888888888889
679.1023181454837 280.177857713829
700.1071143085532 265.43764988009593
723.6914468425259 282.75739408473225
760.9104716227018 272.07074340527583
759.4364508393285 243.32733812949644
724.7969624300559 204.6342925659473
700.1071143085532 205.37130295763393
677.259792166267 217.16346922462034
669.5211830535571 179.94444444444449
660.308553157474 170.36330935251803
660.308553157474 159.67665867306158
659.9400479616307 143.09392486011194
685.7354116706634 156.728617106315
695.6850519584333 178.10191846522787
713.3733013589128 168.15227817745807
709.6882494004795 154.51758593125504
699.0015987210231 138.67186250999205
697.8960831334932 104.4008792965628
684.9984012789768 85.2386091127099
637.8297362110312 54.28417266187057
598.3996802557954 57.23221422861718
579.974420463629 54.65267785771391
694.2110311750599 63.128297362110345
696.0535571542765 77.13149480415672
520.6450839328537 335.4536370903278
715.2158273381294 122.45763389288572
737.6946442845723 111.40247801758599
738.431654676259 95.18824940047966
756.8569144684252 101.82134292565951
753.171862509992 82.6590727418066
725.5339728217426 78.97402078337336
749.1183053557154 66.07633892885696
724.4284572342126 55.389688249400535
710.4252597921662 69.3928856914469
710.7937649880096 63.128297362110345
743.9592326139089 155.99160671462835
723.6914468425259 144.9364508393286
754.6458832933653 112.13948840927264
775.6506794564349 101.82134292565951
798.1294964028776 98.50479616306959
794.4444444444445 94.45123900879301
778.9672262190247 73.44644284572348
767.912070343725 82.29056754596328
770.123101518785 55.758193445243876
782.652278177458 66.81334932054364
799.2350119904077 55.758193445243876
810.2901678657074 68.65587529976023
813.6067146282974 55.758193445243876
824.6618705035971 100.71582733812954
801.0775379696242 84.1330935251799
828.7154276578736 66.81334932054364
841.6131095123901 79.71103117506001
860.775379696243 75.2889688249401
861.5123900879296 83.76458832933659
865.1974420463629 98.50479616306959
865.1974420463629 112.13948840927264
846.03517186251 113.2450039968026
835.7170263788969 122.82613908872906
834.2430055955235 127.61670663469229
819.5027977617906 113.2450039968026
803.2885691446842 136.09232613908878
776.3876898481215 116.19304556354922
816.554756195044 142.35691446842532
816.554756195044 166.30975219824145
784.4948041566746 155.2545963229417
779.7042366107114 151.93804956035177
760.5419664268585 164.83573141486815
753.9088729016786 161.88768984812157
733.2725819344524 179.20743405275783
747.2757793764988 190.99960031974427
784.1262989608313 226.00759392486015
787.4428457234212 246.27537969624305
808.816147082334 256.59352517985616
797.3924860111911 273.9132693844924
810.2901678657074 290.49600319744206
857.8273381294964 280.177857713829
895.7833733013589 276.4928057553957
916.419664268585 294.5495603517187
893.5723421262988 238.90527577937652
904.996003197442 216.4264588329337
907.9440447641886 115.82454036770586
879.9376498800959 117.66706634692252
904.996003197442 83.02757793764994
913.4716227018384 81.18505195843329
913.4716227018384 73.44644284572348
913.8401278976818 60.548760991207075
820.6083133493205 83.76458832933659
840.8760991207034 90.39768185451643
856.353317346123 86.34412470023986
522.4876099120704 95.18824940047966
567.8137490007994 260.2785771382894
556.7585931254996 219.00599520383696
571.867306155076 189.52557953637094
530.9632294164668 116.19304556354922
858.9328537170263 58.337729816147146
913.8401278976818 139.4088729016787
882.1486810551559 167.78377298161476
881.4116706634692 180.68145483613114
860.4068745003997 211.26738609112715
721.1119104716227 251.0659472422063
840.1390887290167 184.3665067945644
826.5043964828137 196.89568345323744
795.9184652278177 192.84212629896086
788.9168665067946 177.36490807354124
833.1374900079936 229.32414068745007
860.4068745003997 234.48321342925664
841.6131095123901 254.3824940047962
680.5763389288569 321.4504396482814
876.9896083133493 83.76458832933659
890.6243005595524 73.44644284572348
896.5203836930455 60.548760991207075
874.7785771382894 69.3928856914469
917.5251798561151 96.66227018385297
879.2006394884093 220.8485211830536
845.6666666666666 204.6342925659473
836.0855315747402 212.0043964828138
817.6602717825739 216.4264588329337
748.0127897681855 237.0627498001599
778.2302158273382 161.88768984812157
866.6714628297361 161.1506794564349
891.7298161470823 128.72222222222229
910.8920863309352 105.50639488409277
908.3125499600319 100.34732214228623
639.3037569944045 245.16986410871306
830.189448441247 57.23221422861718
895.7833733013589 155.99160671462835
871.0935251798561 119.14108713029582
473.29216626698644 148.90667466027185
421.3329336530776 107.26558752997607
618.1147082334134 198.2863709032774
654.2282174260592 36.14408473221425
643.1730615507595 36.512589928057594
539.2545963229418 47.567745803357354
555.8373301358913 49.41027178257394
516.0387689848122 37.9866107114309
570.9460431654677 50.147282174260624
564.6814548361313 45.35671462829737
516.7757793764988 47.567745803357354
690.7102318145485 39.82913669064749
667.1258992805756 49.04176658673066
337.6822541966427 50.147282174260624
389.64148681055156 61.93944844124704
484.71582733812954 47.567745803357354
482.5047961630696 60.46542765787373
476.97721822541973 59.72841726618708
527.093924860112 46.83073541167067
591.5823341326939 46.83073541167067
699.9228617106317 47.567745803357354
50.69880119880111 13.715284715284838
34.119380619380536 7.267732267732299
17.539960039959936 7.267732267732299
48.85664335664325 27.53146853146859
67.27822177822168 24.768231768231885
81.09440559440549 29.373626373626507
93.9895104895104 33.057942057942114
108.7267732267731 20.162837162837263
94.9105894105893 22.92607392607397
140.04345654345644 10.030969030969118
146.49100899100887 20.162837162837263
139.12237762237754 22.92607392607397
131.75374625374616 26.61038961038969
133.59590409590396 33.979020979021016
147.41208791208783 33.979020979021016
107.8056943056942 7.267732267732299
185.1763236763236 27.53146853146859
205.44005994005983 16.478521478521543
217.41408591408583 17.399600399600445
225.70379620379612 20.162837162837263
246.88861138861128 17.399600399600445
268.07342657342645 17.399600399600445
245.04645354645345 30.29470529470541
262.5469530469529 16.478521478521543
271.75774225774217 13.715284715284838
295.7057942057941 18.320679320679346
302.15334665334655 18.320679320679346
301.23226773226764 4.504495504495594
292.0214785214784 3.5834165834166924
286.4950049950049 20.162837162837263
291.1003996003995 18.320679320679346
313.2062937062936 21.08391608391617
315.0484515484514 13.715284715284838
327.02247752247746 13.715284715284838
328.86463536463526 27.53146853146859
317.8116883116882 29.373626373626507
330.70679320679307 29.373626373626507
340.8386613386612 29.373626373626507
339.9175824175823 20.162837162837263
331.62787212787197 20.162837162837263
338.0754245754245 13.715284715284838
347.28621378621364 13.715284715284838
360.1813186813186 17.399600399600445
367.5499500499499 13.715284715284838
368.47102897102883 13.715284715284838
354.6548451548451 7.267732267732299
346.36513486513473 7.267732267732299
351.89160839160826 26.61038961038969
361.1023976023975 27.53146853146859
381.3661338661338 18.320679320679346
399.78771228771217 13.715284715284838
407.1563436563436 16.478521478521543
391.49800199800194 22.92607392607397
380.4450549450549 22.92607392607397
381.3661338661338 22.92607392607397
365.7077922077921 11.873126873126921
368.47102897102883 13.715284715284838
384.1293706293705 14.63636363636374
385.9715284715284 10.030969030969118
392.41908091908084 10.030969030969118
449.5259740259739 29.373626373626507
441.23626373626365 18.320679320679346
452.2892107892107 20.162837162837263
455.0524475524474 29.373626373626507
438.47302697302683 10.95204795204802
425.577922077922 11.873126873126921
423.7357642357642 20.162837162837263
528.7387612387611 20.162837162837263
522.2912087912086 22.92607392607397
507.55394605394594 23.847152847152984
495.57992007991993 20.162837162837263
493.7377622377622 10.95204795204802
479.0004995004994 11.873126873126921
478.0794205794205 13.715284715284838
492.81668331668317 29.373626373626507
503.8696303696303 22.92607392607397
510.3171828171828 13.715284715284838
514.9225774225774 13.715284715284838
534.2652347652347 13.715284715284838
542.5549450549449 13.715284715284838
550.8446553446552 14.63636363636374
584.9245754245753 22.92607392607397
608.8726273726272 14.63636363636374
588.6088911088909 13.715284715284838
581.2402597402597 10.030969030969118
574.7927072927073 7.267732267732299
616.2412587412587 8.188811188811314
634.6628371628371 7.267732267732299
647.557942057942 5.425574425574496
634.6628371628371 10.95204795204802
631.8996003996003 10.95204795204802
643.8736263736262 20.162837162837263
667.8216783216783 13.715284715284838
672.4270729270729 13.715284715284838
663.2162837162837 16.478521478521543
702.8226773226772 14.63636363636374
721.2442557442557 20.162837162837263
724.0074925074923 35.82117882117893
702.8226773226772 26.61038961038969
693.611888111888 14.63636363636374
682.558941058941 7.267732267732299
703.7437562437563 39.50549450549466
720.3231768231767 39.50549450549466
727.6918081918081 17.399600399600445
746.1133866133864 20.162837162837263
758.0874125874125 35.82117882117893
743.3501498501498 37.663336663336736
729.533966033966 23.847152847152984
735.9815184815184 26.61038961038969
744.2712287712286 29.373626373626507
754.4030969030969 33.057942057942114
761.7717282717281 29.373626373626507
712.0334665334665 7.267732267732299
703.7437562437563 4.504495504495594
695.4540459540458 10.95204795204802
712.9545454545453 13.715284715284838
689.9275724275724 33.057942057942114
772.8246753246751 24.768231768231885
784.7987012987012 26.61038961038969
815.1943056943057 26.61038961038969
787.561938061938 37.663336663336736
805.0624375624375 22.92607392607397
805.9835164835165 13.715284715284838
792.1673326673326 11.873126873126921
791.2462537462536 27.53146853146859
804.1413586413587 33.057942057942114
804.1413586413587 29.373626373626507
790.3251748251748 20.162837162837263
844.668831168831 16.478521478521543
853.8796203796203 22.92607392607397
855.7217782217781 31.215784215784314
854.8006993006993 35.82117882117893
829.9315684315684 49.637362637362685
822.562937062937 48.71628371628378
821.6418581418582 44.11088911088916
882.4330669330668 37.663336663336736
872.3011988011988 40.426573426573555
876.9065934065934 33.057942057942114
850.1953046953047 0.8201798201798738
874.1433566433566 27.53146853146859
906.3811188811189 39.50549450549466
913.7497502497502 50.5584415584417
916.512987012987 42.26873126873136
912.8286713286714 33.057942057942114
868.6168831168832 20.162837162837263
776.508991008991 13.715284715284838
470.71078921078913 7.267732267732299
481.76373626373606 30.29470529470541
483.6058941058941 22.92607392607397
448.604895104895 16.478521478521543
317.8116883116882 5.425574425574496
206.36113886113873 29.373626373626507
188.86063936063925 21.08391608391617
188.86063936063925 13.715284715284838
60.830669330669195 10.030969030969118
