194.57913669064743 287.4592326139088
122.15547561950441 285.83173461231024
225.2981614708233 197.3365307753798
174.03197442046365 233.1414868105516
283.48121502797767 236.39648281374903
339.62989608313353 233.95523581135097
336.3749000799361 218.08713029576342
347.76738609112715 201.8121502797762
314.81055155875305 192.0471622701839
268.0199840127898 146.07034372502
220.8225419664269 162.75219824140692
223.263788968825 128.98161470823345
193.96882494004802 153.39408473221425
112.59392486011193 188.79216626698644
139.04076738609115 154.20783373301362
163.04636290967227 131.01598721023186
180.54196642685855 146.88409272581936
92.65707434052759 152.5803357314149
85.33333333333333 132.2366107114309
27.150279776179048 133.45723421262994
41.79776179056755 120.84412470023983
21.86091127098321 102.12789768185453
33.66027178257393 92.7697841726619
95.91207034372503 94.3972821742606
119.51079136690647 90.32853717026381
117.88329336530775 108.63788968824943
164.673860911271 100.90727418065549
177.69384492406078 98.4660271782574
140.2613908872902 82.59792166266988
193.56195043964834 93.99040767386091
230.99440447641888 93.58353317346123
196.00319744204637 120.84412470023983
259.06874500399687 112.70663469224624
273.7162270183853 98.4660271782574
302.19744204636294 103.34852118305358
341.25739408473225 117.1822541966427
341.25739408473225 155.02158273381298
387.23421262989615 129.7953637090328
401.88169464428466 119.62350119904079
416.1223021582735 114.33413269384496
359.5667466027179 106.60351718625103
371.77298161470827 102.53477218225422
349.3948840927259 91.54916067146286
337.18864908073544 89.10791366906477
359.9736211031176 80.56354916067147
299.34932054356517 83.41167066346924
149.82294164668266 188.18185451638695
243.607513988809 254.70583533173465
265.5787370103917 262.84332533972827
212.6850519584333 257.9608313349321
423.03916866506796 269.35331734612316
428.1250999200639 335.4704236610712
516.0099920063948 311.0579536370904
525.7749800159871 251.6542765787371
559.1386890487609 248.39928057553965
483.4600319744204 195.5055955235812
508.6862509992005 191.4368505195844
433.0075939248601 193.06434852118312
472.8812949640287 169.46562749800165
491.59752198241404 168.6518784972023
450.91007194244594 134.47442046362917
473.6950439648281 109.248201438849
483.4600319744204 125.52318145483619
488.3425259792166 137.7294164668266
541.236211031175 166.21063149480423
603.8948840927258 298.0379696243006
654.3473221422861 333.8429256594725
649.4648281374899 276.0667466027179
630.7486011191046 233.75179856115113
67.02398081534771 72.77657873701035
69.05835331734612 54.06035171862506
85.33333333333333 65.45283772981611
103.23581135091926 64.23221422861707
123.1726618705036 63.82533972821738
92.65707434052759 46.329736211031125
110.9664268585132 41.44724220623496
135.7857713828937 46.736610711430814
156.53637090327743 39.412869704236556
124.39328537170265 36.9716227018385
156.9432454036771 49.991606714628254
169.14948041566748 58.12909672262187
189.49320543565153 60.16346922462026
214.31254996003202 73.9972022382094
212.6850519584333 50.39848121502793
195.189448441247 41.85411670663464
204.95443645083935 34.12350119904073
217.56754596322946 29.64788169464424
216.7537969624301 21.51039168665062
215.53317346123106 17.848521183053492
185.01758593125504 21.51039168665062
233.84252597921665 73.18345323741003
241.57314148681058 60.97721822541962
249.30375699440452 43.074740207833685
270.86810551558756 56.908473221422824
276.1574740207834 78.06594724220619
310.74180655475624 63.82533972821738
302.6043165467626 43.88848920863305
348.17426059152683 49.991606714628254
328.6442845723422 39.005995203836875
346.9536370903278 34.93725019984009
342.884892086331 21.51039168665062
327.42366107114316 23.137889688249345
334.3405275779377 17.848521183053492
300.9768185451639 17.848521183053492
276.5643485211831 26.392885691446793
262.730615507594 22.324140687449983
256.2206235011991 17.848521183053492
240.75939248601122 22.731015187849664
258.6618705035972 6.049160671462772
277.37809752198245 13.37290167865703
292.02557953637097 5.642286171063091
299.75619504396485 4.828537170263729
359.5667466027179 43.88848920863305
391.70983213429264 56.908473221422824
404.7298161470824 53.246602717825695
383.16546762589934 37.78537170263786
394.9648281374901 87.01718625099916
379.09672262190253 84.16906474820141
426.2941646682654 64.63908872901675
404.3229416466827 96.37529976019181
41.39088729016787 12.152278177457987
114.62829736211033 21.10351718625094
131.3101518784972 5.642286171063091
152.87450039968024 21.51039168665062
235.47002398081537 15.000399680255754
187.45883293365313 33.71662669864105
459.0475619504397 90.27218225419661
475.72941646682654 87.42406075139884
494.0387689848122 88.6446842525979
496.88689048760995 110.20903277378093
542.4568345323742 118.75339728217422
587.6199040767386 159.44084732214225
581.1099120703437 135.8421262989608
586.3992805755396 90.27218225419661
593.7230215827338 128.51838529176655
629.5279776179057 121.19464428457232
639.6998401278977 161.47521982414065
684.8629096722623 135.02837729816144
658.8229416466827 126.89088729016783
644.5823341326939 111.0227817745803
625.8661071143085 101.25779376498798
629.121103117506 74.81095123900876
558.7318145483614 35.344124700239774
492.81814548361314 66.26658673061547
465.1506794564349 51.61910471622697
455.7925659472422 43.88848920863305
443.5863309352518 32.08912869704233
459.0475619504397 31.682254196642646
427.3113509192646 31.275379696242965
406.1538768984812 39.005995203836875
393.54076738609115 28.427258193445198
358.9564348521183 30.461630695443603
382.55515587529976 19.069144684252535
364.65267785771385 14.186650679456392
350.8189448441247 8.490407673860858
423.2426059152678 12.152278177457987
443.9932054356515 10.931654676258944
465.1506794564349 10.931654676258944
489.5631494804157 6.049160671462772
489.5631494804157 23.544764188649026
493.6318944844125 37.78537170263786
513.9756195043965 16.221023181454797
533.5055955235812 15.407274180655435
502.99000799360516 5.23541167066341
510.72062350119904 5.23541167066341
589.2474020783374 15.814148681055116
612.0323741007195 6.049160671462772
597.7917665867307 7.269784172661815
575.0067945643486 5.23541167066341
633.5967226219025 10.117905675459582
645.8029576338929 15.000399680255754
662.8916866506795 13.77977617905671
684.0491606714629 10.524780175859263
672.6566746602718 2.3872901678656717
687.3041566746604 6.862909672262134
693.4072741806556 15.407274180655435
679.1666666666667 52.43285371702633
664.9260591526779 65.04596322941643
643.3617106314948 68.70783373301354
648.6510791366907 48.77098321342922
660.0435651478817 37.37849720223818
640.9204636290967 49.584732214228566
671.0291766586731 30.86850519584328
627.4936051159073 50.39848121502793
615.2873701039168 44.70223820943241
596.1642685851319 40.63349320543563
589.2474020783374 57.315347721822505
599.0123900879297 76.84532374100715
607.9636290967227 62.60471622701835
684.0491606714629 87.83093525179852
690.9660271782575 112.24340527577932
409.00199840127897 27.206634692246155
401.27138289368503 15.407274180655435
745.2837729816147 252.67146282973627
851.0711430855316 289.6970423661072
844.9680255795364 218.08713029576342
941.8041566746604 211.57713828936855
905.1854516386891 189.19904076738612
852.2917665867307 192.0471622701839
796.1430855315748 194.48840927258198
786.7849720223821 172.51718625099926
772.951239008793 153.39408473221425
751.3868904876099 150.1390887290168
711.5131894484413 152.98721023181457
703.3756994404478 152.98721023181457
666.3501199040768 172.51718625099926
641.1239008792966 202.2190247801759
888.0967226219025 162.34532374100723
823.8105515587531 157.46282973621106
852.2917665867307 136.30535571542768
898.6754596322942 137.11910471622704
957.2653876898482 151.35971223021585
944.2454036770584 138.74660271782577
870.8045563549158 321.63669064748206
769.0859312549959 288.27298161470827
701.544764188649 205.27058353317352
714.5647482014388 132.0331734612311
782.3093525179856 130.60911270983212
750.5731414868105 115.96163069544363
726.9744204636291 102.53477218225419
701.3413269384494 77.30855315747401
710.2925659472422 59.812949640287755
699.306954436451 42.31734612310149
703.7825739408473 32.95923261390885
720.8713029576339 22.787370103916828
731.4500399680256 38.65547561950439
741.2150279776179 45.979216626698616
766.8481215027978 41.50359712230215
783.123101518785 43.94484412470021
770.9168665067946 31.33173461231013
760.3381294964029 27.669864108713
758.7106314948041 16.27737809752196
742.4356514788169 13.836131095123875
791.6674660271783 18.718625099920047
806.7218225419665 19.125499600319728
807.5355715427659 34.99360511590726
780.2749800159872 65.91606714628296
798.9912070343726 70.79856115107911
766.4412470023981 83.00479616306953
778.2406075139888 85.03916866506793
735.1119104716228 80.15667466027176
744.4700239808153 74.46043165467624
723.7194244604317 69.57793764988008
638.2757793764988 28.89048760991204
836.0167865707435 27.262989608313315
819.3349320543566 39.06235011990407
876.2973621103118 21.159872102318104
855.9536370903278 28.07673860911268
871.8217426059153 85.44604316546761
891.7585931254996 68.76418864908072
887.6898481215028 60.62669864108712
912.916067146283 66.72981614708232
888.9104716227018 41.910471622701806
922.6810551558754 28.07673860911268
940.5835331734613 13.022382094324513
927.9704236610712 96.02478017585929
916.9848121502798 85.44604316546761
778.2406075139888 112.2997601918465
826.2517985611512 135.4916067146283
816.4868105515588 89.10791366906473
829.9136690647483 82.19104716227017
848.2230215827338 104.56914468425258
857.5811350919265 121.65787370103916
872.228617106315 118.8097521982414
798.9912070343726 142.00159872102319
695.2382094324541 123.28537170263789
709.8856914468425 96.02478017585929
572.3621103117506 123.69224620303757
538.1846522781775 58.9992006394884
893.3860911270983 20.346123101518742
884.841726618705 8.546762589928022
934.4804156674661 22.380495603517147
859.6155075939249 14.649880095923237
873.4492406075141 9.767386091127065
322.375124875125 9.799700299700362
383.39410589410596 6.748751248751319
397.6318681318682 6.748751248751319
199.32017982017993 14.884615384615472
221.69380619380632 5.731768231768285
716.9645354645356 7.765734265734352
787.1363636363639 8.782717282717329
796.2892107892109 4.714785214785309
815.6118881118883 8.782717282717329
978.329170829171 183.70379620379632
995.6178821178822 147.09240759240768
968.1593406593407 120.65084915084927
989.5159840159841 113.53196803196815
962.0574425574426 100.31118881118888
940.7007992007995 113.53196803196815
949.8536463536465 88.10739260739271
937.6498501498503 79.97152847152853
940.7007992007995 60.64885114885123
972.2272727272729 63.69980019980028
985.448051948052 82.0054945054946
996.6348651348652 88.10739260739271
990.5329670329671 24.037462537462602
976.295204795205 27.088411588411645
971.2102897102899 8.782717282717329
949.8536463536465 20.98651348651356
1008.8386613386614 24.037462537462602
