63.856663820730816 502.8644963312176
90.88305678260765 486.84885605751276
121.91335981291066 489.8517886088324
143.93486518925474 494.85667619436515
149.94073029189408 465.82832819827524
122.91433733001723 462.8253956469556
78.87132657732907 451.8146429587835
57.85079871809149 430.794115099546
29.82342823910811 435.79900268507873
71.86448395758316 398.76283455213644
92.88501181682074 394.7589244837102
124.91629236423033 358.7237338678744
138.92997760372202 388.7530593810709
176.9671232537709 408.7726097232019
221.01013400645908 370.735464073153
203.99351621564773 384.74914931264465
218.0072014551394 415.77945234294776
252.04043703676209 405.7696771718822
201.99156118143466 466.82930571538174
222.01111152356566 491.8537436430455
242.03066186569657 512.874271502283
271.05900986178654 509.87133895096343
281.06878503285213 467.83028323248834
313.1000655802616 463.8263731640621
327.1137508197533 505.8674288825372
359.14503136716297 504.8664513654307
361.14698640137595 472.8351708180211
384.1694692948267 498.86058626279134
432.21639011594107 486.84885605751276
404.1890196369577 449.8126879245704
414.1987948080232 423.78727247980015
437.2212777014738 437.80095771929183
448.23203038964584 463.8263731640621
453.23691797517864 488.85081109172586
471.25451328309646 473.8361483351276
497.2799287278668 494.85667619436515
510.2926364502519 440.8038902706115
522.3043666555304 406.7706546889888
485.26819852258814 396.76087951792334
454.2378954922852 361.7266664191941
427.21150253040827 351.7168912481286
387.1724018461463 359.724711384981
381.166536743507 382.7471942784316
401.18608708563795 347.71298117970235
378.1636041921874 331.6973409059976
353.1391662645236 336.7022284915303
326.1127733026467 309.6758355296535
341.127436059245 287.65433015330944
325.11179578554027 238.60643181508848
412.19683977381004 187.55657844265448
388.1733793632529 186.5556009255479
365.15089646980226 185.55462340844133
522.3043666555304 189.5585334768675
585.3659502332432 200.56928616503959
553.3346696858337 189.5585334768675
476.2594008686292 186.5556009255479
467.25060321467026 171.54093816894965
441.22518776989995 187.55657844265448
524.3063216897436 270.6377123624981
478.26135590284235 274.64162243092426
457.2408280436048 286.65335263620284
487.2701535568013 312.67876808097316
471.25451328309646 328.69440835467793
430.214435081728 319.685610700719
127.91922491554999 333.6992959402107
77.8703490602225 328.69440835467793
95.8879443681404 359.724711384981
37.83124837596053 310.67681304676006
15.809742999616406 330.69636338889103
14.808765482509862 349.7149362139155
24.81854065357536 410.774564757415
724.5018251110536 498.86058626279134
746.5233304873975 496.85863122857825
799.5751388940448 480.8429909548734
858.6328124033312 467.83028323248834
880.6543177796752 451.8146429587835
919.6924409468306 431.7950926166525
936.7090587376421 419.7833624113739
922.6953734981504 498.86058626279134
943.7159013573878 465.82832819827524
958.730564113986 501.863518814111
1006.7774849351006 433.79704765086564
987.758912110076 417.78140737716086
963.7354516995189 381.74621676132506
917.6904859126176 359.724711384981
887.6611603994211 384.74914931264465
880.6543177796752 415.77945234294776
262.0502122078276 213.58199388742474
313.1000655802616 203.57221871635923
178.969078287984 233.60154422955574
144.9358427063613 237.6054542979819
124.91629236423033 214.58297140453124
256.0443471051883 368.7335090389399
265.05314475914724 314.68072311518625
228.01697662620492 333.6992959402107
296.08344778945025 284.6513976019898
307.0942004776223 293.6601952559486
374.1596941237612 296.6631278072683
399.18413205142497 303.66997042701416
392.17728943167907 272.6396673967112
539.3209844463418 391.7559919323906
567.3483549253253 391.7559919323906
589.3698603016693 368.7335090389399
628.4079834688247 342.70809359416967
613.3933207122265 328.69440835467793
632.4118935372509 319.685610700719
694.472499597857 344.71004862838276
716.4940049742011 387.75208186396435
708.4861848373487 371.7364415902596
669.4480616701933 385.75012682975125
692.4705445636439 456.81953054431625
670.4490391872998 428.7921600653329
743.520397936078 435.79900268507873
820.5956667532822 406.7706546889888
820.5956667532822 374.7393741415792
787.5634086887661 359.724711384981
783.5594986203399 308.6748580125469
860.6347674375443 356.72177883366135
860.6347674375443 382.7471942784316
980.7520694903301 336.7022284915303
958.730564113986 326.69245332046484
940.7129688060683 305.6719254612273
954.7266540455599 294.6611727730553
979.7510919732237 279.64651001645706
997.7686872811415 302.6689929099077
75.8683940260094 45.4177710135244
88.88110174839457 53.42559115037682
101.89380947077966 53.42559115037682
112.90456215895173 80.45198411225365
92.88501181682074 88.45980424910607
63.856663820730816 73.44514149250782
44.83809099570636 103.47446700570431
32.82636079042778 115.48619721098284
70.86350644047666 113.48424217676981
131.92313498397618 127.49792741626149
113.90553967605825 129.49988245047456
91.88403429971416 129.49988245047456
88.88110174839457 148.51845527549904
75.8683940260094 165.53507306631033
85.8781691970749 176.5458257544824
107.89967457341899 193.56244354529375
136.9280225695089 182.55169085712174
170.96125815113157 152.52236534392523
172.96321318534467 120.49108479651558
205.99547124986083 76.44807404382742
170.96125815113157 62.43438880433574
163.95441553138573 20.393333085860654
199.9896061472215 32.40506329113924
198.988628630115 49.421681081950645
239.02772931437698 41.41386094509823
252.04043703676209 59.431456253016144
286.0736726183848 49.421681081950645
298.0854028236634 66.43829887276198
306.09322296051573 85.4568716977864
270.05803234468 98.46957942017157
295.08247027234376 139.50965762154004
304.0912679263027 123.49401734783531
221.01013400645908 116.48717472808941
223.01208904067215 161.53116299788417
177.9681007708774 173.54289320316275
207.99742628407392 187.55657844265448
36.83027085885395 167.5370281005235
20.814630585149157 80.45198411225365
39.83320341017361 48.42070356484407
54.84786616677186 42.41483846220474
55.84884368387841 134.5047700360073
56.84982120098495 196.5653760966134
71.86448395758316 193.56244354529375
35.8292933417474 224.59274657559675
5.79996782855094 242.61034188351465
96.88892188524692 228.596656644023
76.86937154311592 210.57906133610507
228.01697662620492 208.577106301892
280.06780751574547 189.5585334768675
284.07171758417167 166.5360505834169
299.0863803407699 153.5233428610318
411.1958622567035 133.50379251890084
70.86350644047666 284.6513976019898
95.8879443681404 252.62011705458016
58.85177623519803 238.60643181508848
31.825383273321197 267.6347798111784
54.84786616677186 217.58590395585097
28.82245072200157 141.51161265575317
125.9172698813369 42.41483846220474
258.0463021394014 34.4070183253524
243.03163938280315 24.397243154286894
285.0726951012782 13.386490466114818
312.099088063155 27.40017570560649
333.1196159223926 27.40017570560649
348.1342786789909 41.41386094509823
334.1205934394992 53.42559115037682
321.10788571711396 56.42852370169648
311.0981105460485 49.421681081950645
333.1196159223926 80.45198411225365
358.14405385005637 73.44514149250782
392.17728943167907 67.43927638986848
382.16751426061353 56.42852370169648
370.155784055335 56.42852370169648
360.1460088842694 31.40408577403273
395.1802219829988 24.397243154286894
433.2173676330476 63.43536632144232
414.1987948080232 60.43243377012265
466.2496256975637 80.45198411225365
476.2594008686292 63.43536632144232
499.2818837620798 60.43243377012265
510.2926364502519 45.4177710135244
551.3327146516203 52.42461363327024
177.9681007708774 319.685610700719
185.97592090772983 301.668015392801
164.9553930484923 293.6601952559486
159.95050546295957 275.64259994803086
138.92997760372202 284.6513976019898
135.92704505240232 305.6719254612273
97.88989940235349 301.668015392801
92.88501181682074 321.6875657349321
51.8449336154522 298.66508284148136
40.83418092728015 379.7442617271119
6.8009453456574835 444.80780033903767
33.82733830753432 189.5585334768675
76.86937154311592 85.4568716977864
129.9211799497631 151.52138782681865
192.98276352747567 108.47935459123707
165.95637056559883 84.45589418067982
301.088335374983 412.77651979162806
321.10788571711396 419.7833624113739
333.1196159223926 401.7657671034561
312.099088063155 375.74035165868577
296.08344778945025 385.75012682975125
278.0658524815324 416.78042986005426
376.16164915797424 433.79704765086564
576.3571525792842 435.79900268507873
614.394298229333 454.81757551010315
634.4138485714641 447.8107328903573
625.4050509175052 400.7647895863495
628.4079834688247 378.7432842100054
632.4118935372509 365.7305764876202
709.4871623544553 307.6738804954404
709.4871623544553 307.6738804954404
664.4431740846605 310.67681304676006
652.4314438793818 330.69636338889103
743.520397936078 298.66508284148136
743.520397936078 268.635757328285
711.4891173886683 242.61034188351465
709.4871623544553 225.59372409270333
734.511600282119 225.59372409270333
754.53115062425 240.60838684930158
751.5282180729303 221.58981402427716
751.5282180729303 200.56928616503959
732.5096452479058 196.5653760966134
758.5350606926762 180.5497358229086
746.5233304873975 168.53800561763
723.500847593947 169.53898313473658
702.4803197347094 169.53898313473658
712.4900949057749 151.52138782681865
743.520397936078 138.50868010443358
767.5438583466351 143.5135676899663
771.5477684150613 120.49108479651558
773.5497234492744 95.4666468688519
737.5145328334387 74.44611900961439
710.4881398715619 62.43438880433574
652.4314438793818 34.4070183253524
621.401140849079 41.41386094509823
611.3913656780135 67.43927638986848
601.381590506948 66.43829887276198
587.3679052674563 64.4363438385489
590.3708378187758 38.41092839377857
593.3737703700955 10.383557914795155
555.3366247200466 22.39528812007374
468.25158073177687 17.390400534540994
458.2418055607114 39.411905910885146
444.2281203212197 38.41092839377857
444.2281203212197 20.393333085860654
373.15871660665465 143.5135676899663
387.1724018461463 129.49988245047456
354.1401437816302 129.49988245047456
335.12157095660575 141.51161265575317
338.1245035079254 155.52529789524482
326.1127733026467 165.53507306631033
349.13525619609743 200.56928616503959
659.4382864991278 233.60154422955574
628.4079834688247 207.57612878478548
648.4275338109558 183.55266837422823
626.4060284346117 179.548758305802
600.3806129898413 173.54289320316275
577.3581300963908 137.50770258732697
596.3767029214152 134.5047700360073
585.3659502332432 116.48717472808941
603.3835455411609 103.47446700570431
810.5858915822167 80.45198411225365
823.598599304602 73.44514149250782
803.579048962471 64.4363438385489
803.579048962471 45.4177710135244
812.5878466164298 34.4070183253524
425.2095474961953 102.47348948859774
137.92900008661547 106.47739955702392
127.91922491554999 96.46762438595842
5.79996782855094 38.41092839377857
116.90847222737791 7.380625363475559
234.02284172884424 11.384535431901732
198.988628630115 15.388445500327904
146.93779774057438 50.42265859905715
200.99058366432808 140.5106351386466
351.13721123031047 105.4764220399174
335.12157095660575 112.48326465966323
266.0541222762538 129.49988245047456
494.2769961765472 137.50770258732697
453.23691797517864 124.49499486494182
440.2242102527934 104.47544452281082
667.4461066359802 179.548758305802
828.6034868901347 322.68854325203864
850.6249922664788 315.68170063229275
807.5829590308971 173.54289320316275
787.5634086887661 175.54484823737582
825.600554338815 143.5135676899663
802.5780714453643 123.49401734783531
847.6220597151591 122.49303983072873
840.6152170954132 111.48228714255666
933.7061261863223 62.43438880433574
946.7188339087076 95.4666468688519
928.7012386007896 105.4764220399174
905.678755707339 99.47055693727808
871.6455201257163 91.46273680042566
873.6474751599295 76.44807404382742
874.648452677036 55.4275461845899
887.6611603994211 35.40799584245891
896.66995805338 17.390400534540994
970.7422943192646 71.44318645829465
989.7608671442891 61.43341128722923
1001.7725973495678 77.44905156093398
1001.7725973495678 98.46957942017157
992.7637996956088 130.50085996758108
1013.7843275548464 154.52432037813833
934.7071037034289 210.57906133610507
917.6904859126176 225.59372409270333
924.6973285323634 267.6347798111784
894.6680030191669 273.64064491381777
892.6660479849539 258.6259821572195
892.6660479849539 245.61327443483432
862.6367224717574 210.57906133610507
858.6328124033312 182.55169085712174
833.6083744756675 179.548758305802
828.6034868901347 207.57612878478548
812.5878466164298 197.56635361371997
817.5927342019627 224.59274657559675
800.5761164111512 231.59958919534262
784.5604761374466 235.60349926376884
776.5526560005941 200.56928616503959
782.5585211032334 246.6142519519409
795.5712288256185 258.6259821572195
812.5878466164298 270.6377123624981
839.6142395783066 266.63380229407187
805.581003996684 295.66215029016183
838.6132620612002 298.66508284148136
858.6328124033312 289.65628518752254
871.6455201257163 277.64455498224396
990.7618446613956 194.56342106240024
975.7471819047973 144.5145452070728
953.7256765284533 113.48424217676981
884.6582278481014 127.49792741626149
1010.7813950035265 38.41092839377857
970.7422943192646 27.40017570560649
966.7383842508385 13.386490466114818
938.711013771855 21.39431060296723
920.6934184639372 32.40506329113924
1018.7892151403792 507.8693839167503
893.6670255020604 433.79704765086564
903.6768006731259 476.8390808864473
952.7246990113467 270.6377123624981
946.7188339087076 203.57221871635923
955.7276315626665 182.55169085712174
943.7159013573878 155.52529789524482
926.6992835665766 141.51161265575317
913.6865758441913 125.49597238204834
914.6875533612979 194.56342106240024
891.6650704678473 193.56244354529375
875.6494301941425 186.5556009255479
902.6758231560194 168.53800561763
902.6758231560194 155.52529789524482
874.648452677036 146.5165002412859
883.6572503309948 160.5301854807776
759.5360382097828 338.7041835257434
742.5194204189714 358.7237338678744
716.4940049742011 342.70809359416967
704.4822747689226 328.69440835467793
762.5389707611024 389.75403689817745
782.5585211032334 419.7833624113739
797.5731838598316 405.7696771718822
766.5428808295286 454.81757551010315
726.5037801452665 468.83126074959483
850.6249922664788 514.8762265364961
1002.7735748666743 363.7286214534072
782.5585211032334 20.393333085860654
793.5692737914054 7.380625363475559
715.4930274570946 17.390400534540994
721.4988925597338 10.383557914795155
736.513555316332 38.41092839377857
722.4998700768404 38.41092839377857
675.4539267728326 11.384535431901732
641.4206911912099 8.381602880582069
655.4343764307016 96.46762438595842
683.461746909685 108.47935459123707
667.4461066359802 110.48130962545015
625.4050509175052 115.48619721098284
635.4148260885706 98.46957942017157
583.36399519903 90.46175928331915
558.3395572713664 69.44123142408164
549.3307596174074 81.45296162936016
553.3346696858337 94.46566935174532
551.3327146516203 119.49010727940907
525.3072992068502 81.45296162936016
504.28677134761256 101.47251197149116
498.2809062449734 95.4666468688519
532.3141418265959 131.50183748468766
552.3336921687271 138.50868010443358
537.3190294121289 189.5585334768675
522.3043666555304 157.52725292945797
543.3248945147681 153.5233428610318
513.2955690015715 145.51552272417933
427.21150253040827 165.53507306631033
451.2349629409655 157.52725292945797
383.16849177772013 158.52823044656455
356.1420988158432 165.53507306631033
301.088335374983 186.5556009255479
251.03945951965557 183.55266837422823
236.02479676305734 87.4588267319995
525.3072992068502 7.380625363475559
507.28970389893226 22.39528812007374
856.6308573691181 34.4070183253524
833.6083744756675 24.397243154286894
858.6328124033312 17.390400534540994
775.5516784834875 52.42461363327024
778.5546110348072 76.44807404382742
898.6719130875931 307.6738804954404
879.6533402625687 344.71004862838276
635.4148260885706 486.84885605751276
621.401140849079 516.8781815707092
654.433398913595 515.8772040536027
565.346399891112 515.8772040536027
571.3522649937515 496.85863122857825
502.2848163133995 470.833215783808
468.25158073177687 417.78140737716086
437.2212777014738 391.7559919323906
402.18706460274456 378.7432842100054
401.18608708563795 398.76283455213644
421.205637427769 399.76381206924293
639.4187361569968 61.43341128722923
639.4187361569968 61.43341128722923
639.4187361569968 76.44807404382742
507.28970389893226 351.7168912481286
523.3053441726372 342.70809359416967
582.3630176819236 293.6601952559486
562.3434673397925 286.65335263620284
600.3806129898413 363.7286214534072
587.3679052674563 342.70809359416967
564.3454223740056 342.70809359416967
545.3268495489812 352.7178687652351
662.4412190504474 356.72177883366135
281.10178429165774 325.99946888554473
106.17271336258676 423.182286068362
748.6022837921574 321.9075607936366
105.1497363396098 32.916551802628014
86.73614992602334 37.00845989453611
45.817069006942475 19.61785050392672
112.31057550044892 167.94951883559497
208.4704156602891 293.77569266176886
204.378507568381 281.4999683860445
181.8730130628865 286.61485350092966
218.7001858900593 281.4999683860445
113.333552523426 281.4999683860445
641.1896963795698 155.67379455987071
645.2816044714777 134.19127707735322
676.9938921837655 136.2372311233073
735.3035824934559 117.82364470972085
690.2925934824669 153.62784051391668
466.2606254504988 102.47898936506554
444.7781079679814 90.20326508934126
416.1347513246248 84.06540295147916
477.51337270324615 116.80066768674384
496.94993613980955 115.77769066376683
478.53634972622314 287.6378305239067
413.0658202556936 312.1892790753552
306.6762098660833 349.016451902528
296.446439636313 365.3840842701604
866.2446414345147 430.8546137406899
712.7980879879614 445.17629206236813
853.9689171587905 140.3291392152154
938.8760100658833 44.16929905537529
893.8650210548943 58.49097737705358
902.0488372387105 77.92754081361704
891.8190670089404 94.29517318124935
903.0718142616876 47.238230124306305
967.51936670924 128.05341493949112
1012.5303557202292 134.19127707735322
178.80408199395544 97.36410425018045
199.2636224534959 91.22624211231827
215.6312548211282 96.34112722720344
710.7521339420073 122.93852982460602
683.1317543216277 90.20326508934126
771.1077782976516 518.8306377167138
954.2206654105388 521.8995687856449
