10.089041095890366 288.8943248532291
0.9559686888453598 279.0587084148729
19.222113502935372 250.9569471624267
52.9442270058708 288.8943248532291
61.37475538160464 312.78082191780834
85.2612524461839 324.724070450098
94.39432485322891 281.8688845401175
138.65459882583167 292.40704500978484
145.6800391389432 239.71624266144823
123.90117416829742 214.42465753424668
87.36888454011738 224.962818003914
55.05185909980424 224.26027397260285
39.595890410958816 217.93737769080246
51.539138943248474 206.69667318982394
74.72309197651657 188.43052837573399
59.267123287671154 170.86692759295508
19.924657534246535 195.45596868884553
173.07925636007826 256.577299412916
161.1360078277886 322.6164383561645
168.86399217221134 335.2622309197653
204.6937377690802 283.976516634051
213.8268101761252 292.40704500978484
237.71330724070447 265.0078277886498
237.0107632093933 326.12915851272027
254.5743639921722 340.8825831702545
272.13796477495106 332.4520547945207
288.2964774951076 320.508806262231
294.61937377690805 333.15459882583184
321.3160469667319 338.7749510763211
327.63894324853226 305.05283757338566
274.9481409001957 269.22309197651674
272.13796477495106 241.82387475538172
303.75244618395305 222.85518590998058
313.5880626223092 224.962818003914
317.8033268101761 185.6203522504893
322.01859099804307 163.84148727984353
111.95792563600774 195.45596868884553
3.766144814089955 175.78473581213316
21.329745596868804 158.92367906066545
42.40606653620346 157.51859099804315
33.975538160469625 109.04305283757347
59.969667318982324 113.25831702544039
52.24168297455963 146.27788649706466
66.99510763209389 149.79060665362044
83.85616438356158 161.0313111545989
95.09686888454007 170.16438356164392
119.6859099804305 167.35420743639932
111.95792563600774 151.19569471624274
88.07142857142851 85.15655577299424
95.09686888454007 90.07436399217227
102.12230919765157 99.90998043052844
92.9892367906066 114.66340508806269
104.22994129158508 121.68884540117428
126.00880626223085 116.77103718199616
120.38845401174166 88.66927592955
129.52152641878666 90.07436399217227
138.65459882583167 90.77690802348343
133.73679060665359 163.84148727984353
107.04011741682966 183.51272015655587
135.1418786692759 191.94324853228972
149.192759295499 177.1898238747555
149.192759295499 164.5440313111547
162.54109589041093 165.949119373777
169.56653620352245 178.5949119373778
149.89530332681016 201.77886497064588
168.86399217221134 206.69667318982394
185.72504892367903 199.6712328767124
187.13013698630135 219.34246575342476
206.0988258317025 200.3737769080236
206.0988258317025 189.13307240704512
224.36497064579254 195.45596868884553
218.7446183953033 177.89236790606662
238.41585127201563 203.1839530332682
248.25146771037174 175.78473581213316
234.2005870841487 168.05675146771046
256.6819960861057 190.53816046966742
232.79549902152638 234.095890410959
220.85225048923678 213.01956947162435
199.07338551859095 239.71624266144823
177.99706457925637 246.74168297455984
259.49217221135024 221.45009784735822
273.5430528375734 187.02544031311163
284.7837573385519 217.93737769080246
284.7837573385519 229.88062622309212
303.75244618395305 182.10763209393357
314.99315068493155 211.61448140900205
300.23972602739724 169.46183953033278
280.5684931506849 162.43639921722124
302.3473581213307 152.60078277886507
289.7015655577299 144.87279843444236
303.75244618395305 136.44227005870852
323.4236790606654 151.19569471624274
326.23385518590993 142.7651663405089
315.6956947162426 128.01174168297464
322.72113502935423 123.09393346379656
162.54109589041093 99.90998043052844
154.8131115459882 93.5870841487281
170.2690802348336 98.50489236790617
177.29452054794518 114.66340508806269
197.6682974559687 113.25831702544039
185.02250489236786 92.18199608610576
175.1868884540117 83.75146771037191
218.7446183953033 99.90998043052844
228.58023483365946 104.82778864970652
240.52348336594912 99.90998043052844
243.3336594911937 113.96086105675155
234.2005870841487 123.09393346379656
228.58023483365946 119.58121330724077
195.5606653620352 165.24657534246586
324.12622309197656 319.8062622309199
104.93248532289624 66.18786692759306
120.38845401174166 64.78277886497074
293.9168297455969 119.58121330724077
284.0812133072407 123.09393346379656
260.1947162426614 118.87866927592964
265.11252446183954 108.34050880626233
143.39677103718196 183.1614481409003
185.54941291585124 178.5949119373778
169.03962818003907 139.95499021526427
183.44178082191775 128.01174168297464
160.60909980430523 130.1193737769081
133.91242661448138 133.98336594911945
58.74021526418784 128.01174168297464
102.64921722113499 135.0371819960862
155.69129158512715 78.48238747553825
153.93493150684927 69.7005870841488
190.11594911937374 77.07729941291592
141.2891389432485 68.99804305283766
162.7167318982387 65.48532289628187
121.0909980430528 138.54990215264198
95.09686888454007 156.11350293542083
73.31800391389424 249.5518590998044
186.42759295499016 234.095890410959
307.26516634050876 121.68884540117428
304.4549902152642 111.8532289628181
309.37279843444225 99.90998043052844
277.75831702544025 103.42270058708425
284.0812133072407 94.9921722113504
295.3219178082192 100.6125244618396
305.1575342465754 126.60665362035235
269.3277886497064 95.69471624266151
255.2769080234834 97.09980430528384
267.22015655577303 85.15655577299424
293.9168297455969 85.15655577299424
287.5939334637964 72.51076320939342
278.4608610567514 74.6183953033269
266.51761252446187 76.02348336594918
293.2142857142857 108.34050880626233
192.5748532289628 191.94324853228972
204.5181017612524 161.03131115459894
217.51516634050878 153.6545988258318
215.75880626223093 126.60665362035235
202.41046966731898 126.95792563600793
240.3478473581213 140.65753424657544
214.00244618395303 114.31213307240714
212.59735812133067 84.45401174168308
223.13551859099803 90.07436399217232
239.6453033268102 84.80528375733866
200.65410958904107 103.77397260273983
158.15019569471622 161.03131115459894
196.08757338551857 144.8727984344424
203.81555772994125 116.06849315068504
260.42270058708414 145.22407045009788
257.61252446183954 131.1731898238748
276.58121330724066 141.36007827788654
249.88454011741683 155.76223091976522
192.04794520547946 134.33463796477503
182.91487279843443 134.33463796477503
87.19324853228957 58.63551859099802
94.5699608610567 49.502446183953
100.19031311154595 49.502446183953
97.02886497064574 40.36937377690799
99.1364970645792 31.58757338551857
81.9241682974559 33.343933463796446
75.24999999999994 26.669765166340483
111.07974559686883 31.58757338551857
104.40557729941287 29.128669275929525
117.7539138943248 26.669765166340483
126.18444227005864 24.562133072407025
107.91829745596863 53.71771037181993
114.24119373776904 48.0973581213307
147.26076320939328 61.79696673189821
149.71966731898232 51.96135029354204
173.60616438356158 20.3468688845401
192.22358121330717 56.176614481408976
184.84686888454007 62.49951076320937
177.47015655577292 67.76859099804302
177.11888454011734 62.850782778864954
200.654109589041 66.7147749510763
207.6795499021526 64.95841487279841
191.521037181996 68.47113502935419
193.6286692759295 66.01223091976514
158.50146771037177 52.31262230919762
153.93493150684927 63.55332681017611
133.56115459882577 53.71771037181993
125.4818982387475 46.34099804305282
136.72260273972597 61.79696673189821
140.5865949119373 60.39187866927591
160.9603718199608 38.26174168297453
170.4447162426614 48.79990215264186
162.01418786692753 47.74608610567512
170.4447162426614 42.47700587084145
167.98581213307236 44.58463796477491
164.121819960861 49.502446183953
173.95743639921716 43.179549902152615
158.85273972602735 41.423189823874736
159.90655577299407 60.39187866927591
164.82436399217215 60.04060665362034
180.63160469667315 45.287181996086076
182.03669275929542 53.71771037181993
206.62573385518584 47.043542074363984
132.50733855185905 21.751956947162398
130.3997064579256 17.887964774951058
126.18444227005864 17.185420743639895
108.97211350293537 47.043542074363984
127.23825831702538 37.91046966731895
129.69716242661443 25.264677103718185
171.49853228962814 37.207925636007815
196.0875733855185 53.01516634050879
140.5865949119373 14.02397260273969
170.09344422700582 19.644324853228937
153.58365949119369 26.669765166340483
132.15606653620347 41.423189823874736
134.9662426614481 35.80283757338549
138.47896281800385 40.36937377690799
138.12769080234824 22.805772994129143
137.77641878669272 17.185420743639895
172.9036203522504 14.02397260273969
182.387964774951 14.37524461839527
179.929060665362 34.74902152641877
175.36252446183948 28.77739726027394
166.58072407045003 23.157045009784724
160.60909980430523 28.074853228962805
167.98581213307236 5.593444227005847
160.60909980430523 10.511252446183931
154.28620352250482 4.188356164383549
194.33121330724066 33.343933463796446
208.38209393346375 22.805772994129143
208.73336594911933 31.236301369862986
197.84393346379642 30.18248532289627
203.46428571428567 35.80283757338549
201.70792563600776 48.79990215264186
197.14138943248525 47.74608610567512
188.35958904109583 44.935909980430495
185.19814090019565 39.66682974559683
156.04256360078273 12.970156555772974
152.8811154598825 6.9985322896281446
151.12475538160464 12.26761252446181
148.6658512720156 8.05234833659489
145.85567514677098 9.106164383561634
146.55821917808214 5.242172211350265
164.82436399217215 1.0269080234833439
173.60616438356158 1.0269080234833439
189.062133072407 2.783268101761223
191.8723091976516 1.0269080234833439
196.79011741682967 1.729452054794507
200.654109589041 2.4319960861056416
197.84393346379642 6.9985322896281446
196.79011741682967 15.429060665362018
198.195205479452 9.808708414872768
194.33121330724066 5.242172211350265
203.46428571428567 5.593444227005847
206.97700587084142 2.08072407045006
204.86937377690793 0.3243639921721808
205.22064579256352 2.08072407045006
206.27446183953026 8.05234833659489
205.5719178082191 11.916340508806229
201.35665362035218 11.916340508806229
204.86937377690793 18.23923679060664
200.654109589041 18.23923679060664
193.27739726027391 20.698140900195682
188.35958904109583 24.21086105675144
191.521037181996 25.615949119373735
194.68248532289624 26.3184931506849
202.7617416829745 26.3184931506849
183.09050880626216 30.18248532289627
183.09050880626216 27.021037181996064
183.09050880626216 24.21086105675144
178.87524461839524 20.3468688845401
163.06800391389427 15.780332681017597
177.47015655577292 37.207925636007815
167.98581213307236 32.64138943248531
155.69129158512715 17.887964774951058
146.90949119373772 19.293052837573356
151.12475538160464 19.293052837573356
120.915362035225 30.18248532289627
98.78522504892362 57.93297455968687
100.89285714285708 55.122798434442245
132.15606653620347 48.0973581213307
134.26369863013693 45.63845401174166
190.6428571428571 2.9589041095891275
173.78180039138942 9.984344422700644
176.591976516634 8.579256360078318
177.99706457925637 7.876712328767213
181.5097847358121 7.876712328767213
180.10469667318978 3.6614481409002333
184.3199608610567 2.9589041095891275
188.53522504892362 9.281800391389481
175.1868884540117 5.769080234833723
169.56653620352245 2.9589041095891275
158.325831702544 1.5538160469668014
188.53522504892362 18.414872798434487
157.62328767123284 25.44031311154606
16.88649706457926 11.916340508806229
18.99412915851272 15.780332681017597
12.319960861056757 14.37524461839527
211.24380165289256 76.64428374655648
222.8140495867769 71.13464187327824
232.18044077134988 67.27789256198346
244.301652892562 76.09331955922866
250.91322314049592 71.68560606060606
254.21900826446281 55.70764462809916
259.72865013774106 73.33849862258953
264.1363636363636 59.56439393939394
279.0123966942149 55.70764462809916
267.99311294765846 49.09607438016529
240.99586776859508 55.70764462809916
248.70936639118457 51.85089531680441
236.03719008264466 52.40185950413223
222.8140495867769 60.66632231404958
221.71212121212125 53.503787878787875
227.7727272727273 39.17871900826445
217.30440771349862 50.74896694214877
225.56887052341602 19.894972451790622
238.7920110192838 31.465220385674925
249.81129476584027 27.608471074380162
238.7920110192838 43.03546831955923
255.3209366391185 45.79028925619835
252.01515151515156 40.28064738292011
262.4834710743802 40.83161157024793
273.50275482093673 41.93353994490357
268.54407713498625 36.42389807162533
263.03443526170804 36.42389807162533
217.30440771349862 38.07679063360881
213.9986225895317 28.710399449035805
245.9545454545455 6.671831955922855
237.69008264462815 13.283402203856738
230.80303030303028 33.11811294765839
226.94628099173556 27.608471074380148
219.78374655647386 31.46522038567491
213.7231404958678 20.996900826446264
209.86639118457302 17.1401515151515
212.62121212121215 18.793044077134965
215.37603305785123 13.283402203856738
211.51928374655645 8.324724517906319
260.5550964187328 13.283402203856738
259.4531680440772 17.691115702479323
257.2493112947659 9.977617079889797
253.39256198347107 2.8150826446280774
246.23002754820942 2.264118457300242
240.72038567493112 4.4679752066115554
230.80303030303028 8.324724517906319
226.3953168044077 12.181473829201082
220.8856749311295 14.38533057851238
224.74242424242422 9.426652892561961
226.94628099173556 5.569903581267198
217.57988980716252 5.569903581267198
212.62121212121215 4.4679752066115554
214.82506887052344 2.264118457300242
226.3953168044077 2.8150826446280774
231.35399449035813 0.6112258953167782
220.33471074380165 4.4679752066115554
217.02892561983472 9.977617079889797
228.0482093663912 23.751721763085385
234.65977961432506 18.793044077134965
246.23002754820942 12.181473829201082
240.1694214876033 23.751721763085385
244.5771349862259 28.71039944903579
263.86088154269976 25.40461432506885
259.4531680440772 24.853650137741027
264.96280991735534 22.649793388429742
253.9435261707989 18.793044077134965
254.49449035812674 32.56714876033057
245.67906336088157 36.42389807162533
267.7176308539945 41.93353994490357
274.32920110192833 49.64703856749309
246.78099173553719 40.280647382920094
250.63774104683196 56.80957300275482
