231.6282467532468 361.8027597402597
256.5876623376624 361.1939935064935
250.5 347.8011363636363
251.10876623376626 322.2329545454545
252.32629870129875 305.7962662337662
234.06331168831173 304.5787337662337
225.54058441558442 307.01379870129864
212.75649350649354 300.3173701298701
204.23376623376623 299.0998376623376
197.53733766233768 310.0576298701298
189.01461038961043 290.5771103896103
173.18668831168833 311.8839285714285
165.2727272727273 317.9715909090909
153.0974025974026 303.36120129870125
163.4464285714286 305.18749999999994
158.5762987012987 290.5771103896103
128.13798701298703 299.0998376623376
125.70292207792211 290.5771103896103
133.61688311688312 274.7491883116883
125.70292207792211 276.57548701298697
114.74512987012986 278.40178571428567
118.39772727272731 271.0965909090909
125.70292207792211 266.8352272727272
105.00487012987014 268.05275974025966
109.26623376623377 255.26866883116875
100.74350649350652 283.88068181818176
86.13311688311688 292.403409090909
94.0470779220779 303.36120129870125
112.91883116883116 296.6647727272727
108.0487012987013 289.35957792207785
91.00324675324674 313.7102272727272
94.65584415584414 327.7118506493506
106.2224025974026 337.45211038961037
105.00487012987014 354.4975649350649
139.0957792207792 365.4553571428571
165.2727272727273 356.32386363636357
166.49025974025977 339.27840909090907
173.18668831168833 331.9732142857142
186.5795454545455 331.9732142857142
218.23538961038963 336.8433441558441
199.36363636363637 353.88879870129864
189.01461038961043 350.23620129870125
129.3555194805195 335.6258116883116
129.96428571428572 314.9277597402597
142.74837662337666 313.7102272727272
62.39123376623377 306.4050324675324
59.347402597402606 297.88230519480516
62.39123376623377 287.53327922077915
74.56655844155847 279.0105519480519
58.738636363636374 274.7491883116883
46.5633116883117 287.53327922077915
40.47564935064935 280.8368506493506
45.95454545454547 268.05275974025966
27.08279220779221 370.32548701298697
68.47889610389609 374.5868506493506
86.13311688311688 366.6728896103896
98.30844155844159 365.4553571428571
122.65909090909093 370.32548701298697
67.87012987012986 352.06249999999994
81.87175324675326 343.5397727272727
82.48051948051949 330.75568181818176
60.56493506493507 330.75568181818176
19.16883116883116 324.66801948051943
16.125 341.10470779220776
3.3409090909090935 355.1063311688311
5.775974025974023 318.5803571428571
5.775974025974023 311.8839285714285
23.430194805194816 303.36120129870125
30.735389610389603 313.7102272727272
40.47564935064935 306.4050324675324
50.824675324675354 305.18749999999994
27.691558441558442 274.14042207792204
21.60389610389609 263.79139610389603
14.907467532467535 289.35957792207785
6.384740259740255 274.14042207792204
10.037337662337649 257.7037337662337
25.256493506493513 255.26866883116875
20.99512987012986 247.35470779220773
6.993506493506487 246.7459415584415
34.99675324675326 246.7459415584415
44.12824675324674 255.877435064935
61.782467532467535 249.18100649350646
65.43506493506493 240.04951298701292
55.08603896103898 230.30925324675317
62.39123376623377 230.30925324675317
54.47727272727275 221.1777597402597
49.60714285714286 226.65665584415578
38.64935064935065 226.65665584415578
44.12824675324674 235.78814935064926
32.5616883116883 237.00568181818176
18.56006493506493 230.30925324675317
30.12662337662337 228.48295454545448
33.77922077922079 212.6550324675324
25.256493506493513 215.69886363636354
5.775974025974023 221.1777597402597
11.863636363636374 226.04788961038952
12.472402597402606 234.57061688311683
277.89448051948057 303.36120129870125
261.45779220779224 302.1436688311688
304.0714285714286 327.7118506493506
289.461038961039 350.23620129870125
314.42045454545456 358.7589285714285
329.03084415584425 342.93100649350646
327.20454545454544 304.5787337662337
326.5957792207792 290.5771103896103
344.8587662337663 290.5771103896103
338.16233766233773 272.9228896103896
367.9918831168831 292.403409090909
352.7727272727273 294.838474025974
386.86363636363643 296.05600649350646
381.9935064935066 283.2719155844155
372.25324675324674 265.61769480519473
383.81980519480527 254.05113636363632
397.2126623376624 268.05275974025966
431.3035714285715 300.9261363636363
420.3457792207793 288.1420454545454
438.00000000000006 278.40178571428567
418.5194805194806 271.0965909090909
405.73538961038963 274.7491883116883
414.2581168831169 265.0089285714285
414.8668831168831 257.7037337662337
398.43019480519484 245.528409090909
408.7792207792208 245.528409090909
393.560064935065 238.83198051948048
383.81980519480527 243.70211038961034
371.6444805194805 243.70211038961034
362.512987012987 242.48457792207788
372.25324675324674 251.00730519480518
361.29545454545456 263.79139610389603
338.77110389610397 255.877435064935
322.9431818181818 256.48620129870125
324.7694805194805 263.79139610389603
322.3344155844156 276.57548701298697
318.07305194805195 279.0105519480519
308.33279220779224 282.6631493506493
311.3766233766234 262.57386363636357
298.5925324675325 258.31249999999994
293.1136363636364 261.3563311688311
290.67857142857144 255.26866883116875
257.1964285714286 268.05275974025966
248.6737012987013 261.3563311688311
231.01948051948057 270.48782467532465
226.14935064935065 268.05275974025966
148.22727272727275 274.7491883116883
143.96590909090912 266.22646103896096
128.74675324675326 246.7459415584415
120.224025974026 244.31087662337657
108.65746753246754 244.31087662337657
94.65584415584414 249.18100649350646
98.30844155844159 233.9618506493506
91.00324675324674 238.22321428571422
79.43668831168833 237.00568181818176
91.61201298701297 229.7004870129869
476.96103896103904 272.31412337662334
458.69805194805195 287.53327922077915
495.224025974026 289.35957792207785
493.3977272727273 251.61607142857136
494.6152597402598 242.48457792207788
481.22240259740266 238.22321428571422
478.1785714285715 244.31087662337657
478.1785714285715 252.83360389610385
464.17694805194816 255.26866883116875
458.69805194805195 261.96509740259734
438.00000000000006 256.48620129870125
445.9139610389611 246.7459415584415
462.35064935064946 244.31087662337657
456.87175324675326 234.57061688311683
445.30519480519484 235.78814935064926
436.17370129870136 237.00568181818176
431.3035714285715 241.26704545454538
419.12824675324686 237.00568181818176
431.3035714285715 230.30925324675317
423.9983766233767 225.43912337662334
413.0405844155844 226.65665584415578
406.34415584415586 229.7004870129869
482.4399350649351 226.04788961038952
463.5681818181819 230.9180194805194
469.65584415584425 225.43912337662334
453.21915584415586 222.39529220779212
441.0438311688312 221.78652597402595
450.1753246753247 218.74269480519476
494.00649350649354 208.39366883116875
485.4837662337663 204.13230519480513
470.2646103896105 200.47970779220773
456.87175324675326 197.43587662337654
442.8701298701299 194.39204545454538
151.87987012987014 242.48457792207788
157.35876623376623 243.70211038961034
168.31655844155847 243.70211038961034
178.0568181818182 245.528409090909
172.57792207792212 268.2049512987012
188.10146103896108 268.2049512987012
201.79870129870136 276.72767857142844
213.36525974025977 277.3364448051947
200.885551948052 255.4208603896103
196.3198051948052 248.72443181818173
186.8839285714286 244.46306818181807
159.79383116883122 258.7690746753246
150.3579545454546 258.4646915584415
224.01866883116884 247.81128246753235
248.67370129870136 233.20089285714278
227.06250000000006 235.94034090909082
220.97483766233768 231.07021103896096
210.93019480519484 230.76582792207782
197.8417207792208 238.37540584415575
187.18831168831173 225.28693181818173
193.58035714285717 233.809659090909
175.31737012987017 232.28774350649343
176.53490259740263 225.89569805194796
180.18750000000003 216.15543831168821
159.4894480519481 226.5044642857142
159.4894480519481 208.2414772727272
166.7946428571429 211.28530844155836
138.48701298701303 226.8088474025973
128.44237012987017 211.58969155844147
121.44155844155847 211.28530844155836
111.09253246753252 228.02637987012977
106.22240259740263 226.5044642857142
98.91720779220785 223.46063311688303
108.04870129870133 216.76420454545445
112.00568181818187 235.94034090909082
123.2678571428572 235.3315746753246
91.91639610389615 226.20008116883108
78.82792207792212 209.45900974025966
73.04464285714289 209.45900974025966
63.608766233766275 213.7203733766233
52.650974025974065 217.06858766233756
115.65827922077926 197.89245129870122
121.74594155844159 195.76176948051938
110.7881493506494 196.3705357142856
104.70048701298705 202.76258116883108
93.74269480519484 207.0239448051947
96.17775974025977 203.0669642857142
89.1769480519481 199.71874999999991
80.3498376623377 197.89245129870122
153.40178571428575 199.71874999999991
158.57629870129875 191.19602272727263
217.01785714285717 207.32832792207782
204.5381493506494 207.0239448051947
187.79707792207796 205.197646103896
259.63149350649354 195.45738636363626
266.3279220779221 195.45738636363626
247.76055194805195 197.58806818181807
239.2378246753247 196.3705357142856
262.6753246753247 206.11079545454535
262.3709415584416 217.37297077922068
278.1988636363637 219.8080357142856
278.1988636363637 202.76258116883108
275.45941558441564 188.4565746753246
245.62987012987014 212.50284090909082
224.93181818181824 219.19926948051938
212.45211038961043 221.93871753246742
214.58279220779224 212.80722402597394
232.84577922077926 216.76420454545445
275.76379870129875 235.94034090909082
272.1112012987013 261.81290584415575
265.71915584415586 246.5937499999999
274.8506493506494 240.81047077922068
264.5016233766234 238.37540584415575
253.84821428571433 214.63352272727263
288.2435064935065 210.98092532467524
259.0227272727273 279.46712662337654
242.8904220779221 281.59780844155836
177.44805194805198 284.3372564935064
67.36282467532467 133.05884740259734
57.926948051948045 128.79748376623368
45.75162337662337 128.79748376623368
37.22889610389612 129.71063311688306
20.792207792207805 131.84131493506487
29.010551948051955 131.84131493506487
13.487012987012989 130.92816558441552
4.659902597402606 129.71063311688306
90.49594155844156 129.40624999999991
97.19237012987014 129.40624999999991
100.84496753246754 126.66680194805187
116.36850649350649 129.71063311688306
120.32548701298703 127.57995129870122
126.10876623376623 128.18871753246745
141.9366883116883 128.49310064935057
216.51055194805195 106.88189935064929
204.33522727272725 114.4914772727272
198.55194805194805 120.27475649350643
207.68344155844153 132.75446428571422
192.46428571428572 130.3193993506493
174.5056818181818 130.3193993506493
140.41477272727272 210.0677759740259
147.71996753246754 207.93709415584408
128.23944805194805 234.11404220779212
184.55032467532465 193.93547077922068
181.50649350649348 185.1083603896103
177.24512987012986 193.63108766233756
174.5056818181818 199.4143668831168
167.20048701298703 181.1513798701298
216.81493506493507 196.67491883116875
206.46590909090907 194.54423701298694
193.37743506493507 190.89163961038952
284.89529220779224 280.07589285714283
303.4626623376623 308.3835227272727
347.59821428571433 209.1546266233766
338.4667207792208 209.1546266233766
356.7297077922078 198.80560064935062
324.76948051948057 193.02232142857142
301.9407467532468 222.85186688311686
305.5933441558442 212.50284090909088
326.59577922077926 212.19845779220776
320.20373376623377 229.54829545454544
313.5073051948052 237.76663961038957
308.63717532467535 250.5507305194805
286.72159090909093 237.76663961038957
290.37418831168833 223.7650162337662
348.5113636363637 226.20008116883116
336.03165584415586 224.9825487012987
367.07873376623377 223.4606331168831
384.42857142857144 221.6343344155844
371.64448051948057 216.45982142857142
359.773538961039 217.981737012987
379.8628246753247 235.94034090909088
408.17045454545456 203.06696428571428
409.69237012987014 194.23985389610388
399.9521103896104 193.93547077922076
390.51623376623377 199.41436688311686
381.08035714285717 197.28368506493504
359.46915584415586 211.2853084415584
299.81006493506493 194.5442370129869
423.3896103896104 209.45900974025966
420.6501623376624 221.0255681818181
420.9545454545455 200.32751623376612
421.86769480519484 192.71793831168821
350.9464285714286 245.07183441558433
329.0308441558442 245.68060064935057
432.4196428571429 208.85024350649343
487.5129870129871 181.4557629870129
460.4228896103897 185.71712662337654
448.8563311688312 185.71712662337654
431.50649350649354 198.80560064935054
220.67045454545456 102.46834415584408
224.9318181818182 101.2508116883116
231.6282467532468 95.77191558441551
240.15097402597405 85.42288961038952
264.5016233766234 79.3352272727272
278.5032467532468 60.46347402597394
287.6347402597403 57.41964285714278
307.724025974026 37.939123376623286
467.82954545454555 184.0430194805194
475.13474025974034 184.0430194805194
378.3409090909092 27.590097402597337
369.8181818181818 27.590097402597337
364.3392857142857 23.328733766233654
359.46915584415586 23.328733766233654
350.9464285714286 31.851461038960963
339.98863636363643 28.19886363636357
334.50974025974034 23.937499999999886
324.7694805194805 23.937499999999886
311.98538961038963 25.155032467532354
306.50649350649354 25.155032467532354
234.06331168831173 22.11120129870119
163.4464285714286 30.025162337662266
175.01298701298703 28.19886363636357
138.48701298701297 29.416396103896034
123.8766233766234 30.025162337662266
119.00649350649354 28.19886363636357
112.91883116883116 28.19886363636357
103.78733766233768 27.590097402597337
100.74350649350652 28.19886363636357
97.09090909090912 28.19886363636357
90.39448051948051 28.19886363636357
85.52435064935065 28.19886363636357
75.78409090909093 29.416396103896034
67.87012987012986 30.025162337662266
61.782467532467535 27.590097402597337
56.303571428571445 28.19886363636357
48.3896103896104 26.372564935064815
38.64935064935065 27.590097402597337
31.952922077922064 27.590097402597337
24.64772727272728 29.416396103896034
16.733766233766232 29.416396103896034
3.949675324675326 29.416396103896034
9.428571428571416 29.416396103896034
153.0974025974026 33.67775974025966
150.05357142857144 31.851461038960963
144.57467532467535 30.633928571428502
148.83603896103898 25.155032467532354
202.40746753246754 29.416396103896034
288.85227272727275 33.67775974025966
287.02597402597405 30.025162337662266
282.7646103896104 29.416396103896034
277.28571428571433 28.19886363636357
268.762987012987 30.025162337662266
262.06655844155847 30.025162337662266
255.37012987012992 29.416396103896034
251.10876623376626 29.416396103896034
248.06493506493507 29.416396103896034
243.1948051948052 29.416396103896034
218.84415584415586 31.851461038960963
250.5 140.8206168831168
287.6347402597403 137.1680194805194
52.04220779220782 199.8709415584415
44.737012987013 199.8709415584415
36.21428571428572 199.8709415584415
46.5633116883117 190.13068181818176
33.77922077922079 188.91314935064926
38.04058441558442 184.0430194805194
38.04058441558442 181.60795454545448
27.08279220779221 181.60795454545448
14.907467532467535 196.8271103896103
11.254870129870113 187.69561688311683
3.3409090909090935 184.65178571428564
120.224025974026 184.65178571428564
98.91720779220782 174.30275974025966
109.26623376623377 166.38879870129864
94.65584415584414 180.390422077922
96.48214285714289 183.43425324675317
82.48051948051949 184.0430194805194
84.91558441558442 179.78165584415578
144.57467532467535 178.56412337662331
142.74837662337666 184.65178571428564
141.5308441558442 195.60957792207788
134.22564935064935 204.13230519480513
161.01136363636363 174.30275974025966
198.1461038961039 182.82548701298694
391.12500000000006 181.60795454545448
441.0438311688312 182.82548701298694
438.00000000000006 170.65016233766227
472.0909090909092 142.64691558441552
476.3522727272728 140.8206168831168
482.4399350649351 140.8206168831168
498.26785714285717 137.1680194805194
400.8652597402598 143.25568181818176
414.2581168831169 137.1680194805194
424.60714285714295 134.73295454545448
441.0438311688312 134.73295454545448
497.0503246753247 191.95698051948048
8.616883116883102 208.85024350649343
15.313311688311686 215.24228896103887
23.22727272727272 206.11079545454535
25.05357142857143 196.97930194805184
158.9821428571429 184.19521103896093
233.4545454545455 208.39366883116875
285.19967532467535 194.39204545454538
302.2451298701299 190.13068181818176
310.76785714285717 178.56412337662331
307.724025974026 176.12905844155839
463.26379870129875 192.71793831168827
498.8766233766234 151.778409090909
490.35389610389615 154.21347402597397
481.22240259740266 158.4748376623376
475.7435064935066 160.3011363636363
469.65584415584425 162.73620129870122
464.17694805194816 162.73620129870122
490.35389610389615 164.56249999999994
464.17694805194816 139.60308441558433
457.4805194805195 138.9943181818181
321.72564935064935 174.9115259740259
403.3003246753248 183.8908279220779
390.21185064935077 173.84618506493504
256.8920454545455 182.97767857142856
332.0746753246754 167.6063311688311
343.6412337662338 165.17126623376618
321.1168831168831 166.38879870129864
314.42045454545456 160.3011363636363
273.0243506493507 157.86607142857136
252.93506493506501 170.04139610389603
241.97727272727275 170.04139610389603
240.75974025974028 165.17126623376618
240.15097402597405 162.12743506493499
234.06331168831173 162.12743506493499
229.8019480519481 160.90990259740252
99.32305194805195 188.15219155844147
150.45941558441558 182.36891233766224
282.1558441558442 178.71631493506482
328.726461038961 186.6302759740259
339.9886363636364 198.1968344155843
326.5957792207792 203.6757305194804
333.2922077922078 202.15381493506482
59.95616883116884 178.56412337662331
55.08603896103898 177.34659090909085
45.345779220779235 174.9115259740259
52.65097402597405 170.04139610389603
47.780844155844164 170.04139610389603
42.301948051948045 170.04139610389603
36.21428571428572 170.04139610389603
71.52272727272725 176.12905844155839
78.21915584415586 178.56412337662331
78.21915584415586 164.56249999999994
69.69642857142856 162.12743506493499
88.56818181818181 167.6063311688311
84.30681818181819 171.86769480519473
99.52597402597405 170.04139610389603
166.49025974025977 171.2589285714285
165.88149350649354 168.82386363636357
175.01298701298703 165.17126623376618
189.01461038961043 166.38879870129864
192.0584415584416 160.90990259740252
207.88636363636368 173.0852272727272
200.58116883116884 171.2589285714285
244.41233766233768 188.3043831168831
246.23863636363637 181.60795454545448
237.71590909090912 181.60795454545448
234.67207792207796 177.34659090909085
228.58441558441564 167.6063311688311
224.32305194805195 180.390422077922
295.54870129870136 171.2589285714285
327.81331168831167 151.16964285714278
323.55194805194805 154.21347402597397
321.72564935064935 147.51704545454538
313.2029220779221 148.12581168831161
307.724025974026 149.34334415584408
304.0714285714286 149.34334415584408
400.8652597402598 162.12743506493499
418.5194805194806 168.82386363636357
421.5633116883118 173.0852272727272
413.0405844155844 147.51704545454538
274.2418831168832 168.82386363636357
282.1558441558442 170.04139610389603
288.85227272727275 171.2589285714285
261.45779220779224 174.9115259740259
364.94805194805195 132.90665584415578
371.0357142857143 138.9943181818181
355.81655844155847 136.55925324675317
348.5113636363637 135.3417207792207
339.98863636363643 137.1680194805194
353.38149350649354 156.6485389610389
141.5308441558442 170.65016233766227
127.5292207792208 175.52029220779212
385.03733766233773 163.95373376623368
366.1655844155844 173.0852272727272
373.4707792207793 171.86769480519473
370.42694805194805 168.82386363636357
370.42694805194805 162.73620129870122
398.43019480519484 17.24107142857133
399.6477272727273 297.88230519480516
411.2142857142857 310.66639610389603
444.0876623376624 339.27840909090907
294.93993506493507 230.30925324675317
272.4155844155845 212.50284090909082
115.96266233766232 146.90827922077915
30.12662337662337 353.2800324675324
28.909090909090907 323.45048701298697
452.61038961038963 170.04139610389603
218.84415584415586 149.9521103896103
223.71428571428572 149.34334415584408
187.18831168831173 160.90990259740252
133.61688311688312 191.34821428571422
314.42045454545456 191.34821428571422
307.724025974026 204.74107142857136
246.8474025974026 248.57224025974023
151.2711038961039 214.4813311688311
46.66477272727272 205.80641233766224
41.490259740259745 206.7195616883116
36.31574675324677 206.11079545454535
66.75405844155844 218.89488636363626
72.23295454545456 217.37297077922068
57.31818181818181 188.15219155844144
60.66639610389612 171.1067370129869
17.74837662337663 161.36647727272717
22.00974025974027 156.49634740259728
26.27110389610391 161.36647727272717
53.66558441558442 155.88758116883105
66.44967532467533 156.49634740259728
84.71266233766235 149.1911525974025
82.2775974025974 153.45251623376612
135.24025974025975 162.27962662337652
167.20048701298703 145.5385551948051
168.7224025974026 140.97280844155836
133.71834415584416 133.97199675324663
139.50162337662337 150.10430194805184
180.59334415584414 155.58319805194793
170.2443181818182 152.23498376623365
175.11444805194805 147.6692370129869
185.15909090909093 144.32102272727263
210.72727272727275 149.4955357142856
215.2930194805195 142.19034090909082
6.181818181818187 172.6286525974025
183.84009740259745 173.54180194805184
218.23538961038966 189.06534090909082
231.6282467532468 194.2398538961038
250.80438311688317 175.36810064935054
262.9797077922078 154.06128246753238
270.5892857142858 143.10349025974017
284.5909090909091 143.10349025974017
278.8076298701299 143.4078733766233
296.4618506493507 140.059659090909
289.15665584415586 148.27800324675314
296.4618506493507 152.84374999999991
282.1558441558442 153.14813311688303
300.1144480519481 166.8453733766233
322.63879870129875 158.32264610389603
319.5949675324676 161.97524350649343
330.24837662337666 156.80073051948042
188.7102272727273 147.6692370129869
168.01217532467538 158.32264610389603
157.6631493506494 159.84456168831161
158.88068181818187 140.059659090909
245.93425324675331 157.10511363636354
217.0178571428572 158.01826298701292
217.0178571428572 164.41030844155836
205.45129870129875 162.58400974025966
201.49431818181822 200.63189935064923
197.84172077922082 196.67491883116872
210.0170454545455 181.4557629870129
212.45211038961043 186.934659090909
204.5381493506494 179.6294642857142
451.9001623376623 152.8437499999999
464.68425324675326 152.23498376623365
468.64123376623377 153.148133116883
480.2077922077922 167.1497564935064
486.5998376623377 169.28043831168821
497.25324675324674 174.4549512987012
465.2930194805195 174.15056818181807
431.5064935064935 161.3664772727272
412.9391233766234 158.62702922077912
437.898538961039 140.36404220779212
429.9845779220779 139.14650974025966
435.15909090909093 135.18952922077912
439.7248376623377 152.23498376623365
480.8165584415584 145.84293831168821
489.94805194805195 147.06047077922068
490.25243506493507 142.49472402597394
496.3400974025974 141.27719155844147
499.38392857142856 144.62540584415575
493.90503246753246 167.75852272727263
388.58847402597405 136.4070616883116
379.1525974025974 140.36404220779212
374.89123376623377 137.62459415584408
374.58685064935065 144.62540584415575
375.5 150.10430194805184
331.66883116883116 137.62459415584408
309.4488636363636 157.71387987012977
338.3652597402597 174.15056818181807
344.7573051948052 178.4119318181817
335.6258116883117 176.89001623376612
361.1939935064935 190.2828733766233
365.4553571428571 191.19602272727263
374.28246753246754 183.58644480519467
386.1534090909091 183.58644480519467
388.8928571428571 190.2828733766233
396.19805194805195 175.06371753246742
414.461038961039 176.2812499999999
405.63392857142856 169.88920454545445
438.2029220779221 178.71631493506484
431.5064935064935 180.54261363636354
425.41883116883116 181.45576298701292
492.3831168831169 176.89001623376612
331.06006493506493 172.01988636363626
366.6728896103896 182.97767857142847
356.3238636363636 180.84699675324666
353.28003246753246 188.4565746753246
340.4959415584416 187.84780844155836
337.14772727272725 188.4565746753246
374.58685064935065 207.63271103896093
381.5876623376623 209.45900974025963
395.5892857142857 208.8502435064934
399.2418831168831 220.11241883116872
402.8944805194805 229.54829545454535
432.72402597402595 219.5036525974025
489.0349025974026 220.11241883116872
480.2077922077922 194.84862012987003
462.85795454545456 213.7203733766233
447.9431818181818 208.8502435064934
439.42045454545456 208.24147727272717
464.37987012987014 248.72443181818173
448.349025974026 358.15016233766227
31.344155844155836 159.69237012987006
35.60551948051949 159.69237012987006
39.866883116883116 151.778409090909
35.60551948051949 149.34334415584408
31.344155844155836 151.778409090909
24.038961038961048 151.778409090909
13.081168831168839 151.778409090909
6.993506493506487 149.34334415584408
58.12987012987014 146.90827922077915
56.91233766233768 153.60470779220773
46.5633116883117 151.16964285714278
51.43344155844159 149.9521103896103
77.61038961038963 143.864448051948
73.95779220779224 149.34334415584408
73.95779220779224 157.86607142857136
70.30519480519479 153.60470779220773
200.58116883116884 160.3011363636363
203.625 156.6485389610389
193.27597402597405 170.65016233766227
189.01461038961043 174.30275974025966
189.01461038961043 181.60795454545448
170.14285714285717 196.8271103896103
168.31655844155847 201.08847402597397
184.7532467532468 210.21996753246748
179.88311688311688 257.0949675324675
84.91558441558442 262.57386363636357
78.8279220779221 255.26866883116875
66.04383116883116 266.22646103896096
34.387987012987026 266.8352272727272
154.31493506493507 166.38879870129864
263.89285714285717 165.17126623376618
255.97889610389612 164.56249999999994
251.71753246753252 165.17126623376618
258.4139610389611 162.73620129870122
280.9383116883117 160.3011363636363
287.6347402597403 160.3011363636363
293.7224025974026 160.3011363636363
306.50649350649354 164.56249999999994
316.24675324675326 214.4813311688311
357.64285714285717 176.12905844155839
350.3376623376624 178.56412337662331
340.59740259740266 157.86607142857136
343.6412337662338 157.86607142857136
343.6412337662338 149.9521103896103
338.16233766233773 145.69074675324669
313.2029220779221 141.42938311688303
318.6818181818182 141.42938311688303
133.00811688311688 181.60795454545448
126.92045454545456 167.6063311688311
133.61688311688312 156.03977272727266
118.39772727272731 162.12743506493499
106.83116883116884 152.38717532467524
95.26461038961043 163.95373376623368
86.74188311688312 162.12743506493499
93.43831168831167 159.69237012987006
97.09090909090912 154.21347402597397
100.13474025974028 151.778409090909
101.96103896103898 149.34334415584408
106.2224025974026 147.51704545454538
108.65746753246754 145.08198051948045
105.00487012987014 143.25568181818176
98.91720779220782 147.51704545454538
95.26461038961043 149.34334415584408
102.56980519480521 143.864448051948
110.48376623376623 140.8206168831168
59.95616883116884 162.12743506493499
47.17207792207793 162.73620129870122
60.56493506493507 157.86607142857136
61.782467532467535 197.43587662337654
69.08766233766232 204.74107142857136
69.69642857142856 184.0430194805194
63.0 180.390422077922
83.69805194805195 190.13068181818176
94.0470779220779 198.653409090909
151.2711038961039 223.00405844155839
120.224025974026 218.74269480519476
119.61525974025977 226.04788961038952
164.66396103896108 152.38717532467524
157.35876623376623 151.778409090909
151.2711038961039 156.03977272727266
193.58035714285717 214.93790584415575
199.05925324675326 227.41761363636354
112.91883116883118 176.2812499999999
108.35308441558443 183.28206168831161
102.5698051948052 176.2812499999999
107.7443181818182 170.49797077922068
126.31168831168833 162.27962662337654
121.74594155844157 164.41030844155836
44.43262987012987 217.06858766233756
144.57467532467535 218.89488636363626
216.40909090909093 174.7593344155843
21.705357142857153 171.71550324675314
15.922077922077932 171.71550324675314
34.489448051948045 179.020698051948
3.746753246753258 164.71469155844147
103.8887987012987 163.80154220779212
358.55600649350663 231.98336038961028
354.29464285714295 165.62784090909082
351.5551948051949 165.93222402597394
347.2938311688313 168.9760551948051
394.7775974025975 149.4955357142856
389.6030844155845 148.58238636363626
388.6899350649352 141.27719155844147
449.5665584415585 146.45170454545445
445.91396103896113 149.4955357142856
445.91396103896113 141.5815746753246
472.3952922077923 151.62621753246742
385.0373376623378 178.10754870129864
433.73863636363643 188.15219155844147
149.1013986013986 144.54345654345647
153.0974025974026 138.04995004994996
143.6068931068931 139.04895104895095
50.20029970029968 142.54545454545448
53.696803196803174 138.04995004994996
49.70079920079918 131.05694305694297
16.733766233766218 142.54545454545448
14.236263736263695 146.04195804195797
25.7247752247752 144.04395604395597
29.221278721278694 144.54345654345647
29.221278721278694 139.54845154845145
37.71278721278718 143.04495504495497
44.70579420579419 144.54345654345647
177.5729270729271 136.05194805194796
171.07942057942057 136.05194805194796
166.08441558441558 136.55144855144846
187.56293706293707 26.16183816183803
192.55794205794206 29.158841158841025
195.05544455544458 25.662337662337563
190.55994005994006 33.65434565434555
290.9595404595405 29.158841158841025
296.45404595404597 29.158841158841025
419.3311688311689 152.53546453546446
427.8226773226774 152.53546453546446
426.82367632367635 158.52947052947044
445.30519480519484 157.03096903096895
442.3081918081919 161.52647352647344
438.3121878121879 160.02797202797194
438.81168831168833 165.02297702297696
412.33816183816185 164.52347652347646
429.8206793206794 173.51448551448544
448.8016983016984 163.52447552447543
454.2962037962039 157.53046953046945
459.79070929070934 154.53346653346645
459.2912087912088 147.54045954045947
300.45004995004996 290.3976023976023
326.92357642357643 325.86213786213784
358.39210789210796 300.38761238761236
99.65084915084914 210.47752247752237
47.827672327672325 316.83991008991006
132.24325674325675 359.54720279720283
89.7857142857143 277.6291208791209
72.30319680319681 225.4313186813187
