574.8296296296297 447.0685185185186
605.0296296296298 386.6685185185186
593.8444444444445 287.12037037037044
597.2000000000002 267.54629629629636
556.3740740740742 320.1166666666668
539.5962962962964 296.0685185185186
556.3740740740742 277.0537037037038
518.9037037037037 258.038888888889
511.07407407407413 292.1537037037038
493.7370370370371 301.10185185185196
494.2962962962964 263.0722222222223
514.4296296296297 233.43148148148154
568.1185185185186 232.8722222222223
546.8666666666668 208.26481481481488
453.47037037037046 380.51666666666677
435.57407407407413 328.50555555555565
456.26666666666677 428.05370370370383
413.2037037037037 434.76481481481494
504.92222222222233 449.86481481481496
576.5074074074075 194.8425925925926
565.8814814814816 179.74259259259264
583.7777777777778 173.03148148148153
607.8259259259261 197.63888888888894
535.6814814814816 192.6055555555556
533.4444444444446 180.86111111111114
527.851851851852 166.87962962962968
516.1074074074074 156.25370370370376
541.2740740740742 142.27222222222224
531.7666666666668 108.7166666666667
542.951851851852 99.20925925925928
526.7333333333335 99.20925925925928
533.4444444444446 92.49814814814818
516.6666666666667 110.9537037037037
559.7296296296297 105.36111111111114
561.4074074074075 98.09074074074078
579.862962962963 87.46481481481482
567.5592592592593 79.63518518518521
595.5222222222224 81.87222222222226
608.9444444444446 84.66851851851851
608.3851851851853 102.00555555555559
589.3703703703704 96.97222222222223
576.5074074074075 106.47962962962964
564.7629629629631 112.07222222222225
573.7111111111112 123.25740740740741
587.1333333333334 117.10555555555561
590.488888888889 107.5981481481482
611.7407407407409 115.4277777777778
575.388888888889 135.00185185185188
597.7592592592594 132.20555555555558
552.4592592592594 156.812962962963
572.5925925925927 154.57592592592596
607.8259259259261 160.16851851851857
503.2444444444445 199.31666666666672
498.2111111111112 172.47222222222229
475.8407407407408 181.4203703703704
479.7555555555556 217.77222222222227
441.72592592592594 214.975925925926
433.8962962962963 233.43148148148154
405.9333333333334 222.80555555555563
423.8296296296297 203.23148148148152
422.7111111111111 189.25000000000006
447.87777777777785 169.11666666666667
454.02962962962965 147.86481481481485
461.30000000000007 132.20555555555558
469.688888888889 135.00185185185188
456.82592592592596 120.46111111111111
483.1111111111112 107.5981481481482
495.4148148148149 100.32777777777778
516.6666666666667 89.70185185185187
521.7 81.31296296296296
493.7370370370371 88.58333333333337
350.0074074074074 277.0537037037038
377.97037037037035 291.59444444444455
374.05555555555554 214.975925925926
394.188888888889 204.9092592592593
390.83333333333337 186.45370370370375
418.2370370370371 148.98333333333335
434.45555555555563 145.06851851851854
431.1 115.4277777777778
452.91111111111115 101.44629629629634
461.8592592592594 106.47962962962964
461.30000000000007 95.85370370370373
468.5703703703705 95.29444444444448
472.4851851851853 80.19444444444446
450.67407407407416 85.22777777777782
441.16666666666674 91.93888888888893
413.2037037037037 110.39444444444445
419.9148148148149 87.46481481481482
418.7962962962963 146.74629629629635
412.6444444444445 127.73148148148152
391.95185185185187 132.20555555555558
398.1037037037038 145.06851851851854
393.6296296296297 157.9314814814815
379.08888888888896 154.0166666666667
375.17407407407416 170.79444444444448
371.81851851851854 184.775925925926
373.49629629629635 211.62037037037044
349.4481481481481 217.77222222222227
350.0074074074074 197.07962962962966
341.6185185185185 171.91296296296298
331.5518518518519 208.82407407407413
312.53703703703707 212.73888888888894
323.7222222222222 185.8944444444445
304.70740740740735 227.27962962962968
333.2296296296296 248.53148148148156
354.4814814814815 271.4611111111112
324.84074074074067 265.3092592592593
324.84074074074067 299.42407407407416
229.20740740740737 359.26481481481494
185.5851851851851 441.47592592592605
104.4925925925925 400.65000000000015
116.79629629629622 358.7055555555557
149.23333333333326 340.2500000000001
184.4666666666666 315.6425925925927
243.18888888888884 292.1537037037038
249.89999999999995 260.83518518518525
242.6296296296296 245.73518518518526
275.0666666666666 244.61666666666673
285.6925925925925 245.175925925926
356.7185185185185 145.6277777777778
374.61481481481485 138.91666666666669
367.90370370370374 132.76481481481483
381.88518518518526 111.512962962963
384.12222222222226 101.44629629629634
399.7814814814815 81.87222222222226
409.2888888888889 79.07592592592596
385.24074074074076 82.99074074074076
371.25925925925924 81.31296296296296
359.5148148148148 99.76851851851853
358.3962962962963 114.86851851851856
351.6851851851852 135.00185185185188
330.9925925925926 148.4240740740741
313.65555555555557 161.84629629629632
318.12962962962956 174.15000000000003
287.3703703703703 174.15000000000003
285.1333333333333 196.52037037037042
292.4037037037036 161.28703703703707
264.4407407407407 189.25000000000006
252.137037037037 197.63888888888894
243.7481481481481 228.3981481481482
238.15555555555554 210.5018518518519
280.1 230.63518518518524
202.36296296296288 241.82037037037043
6.0629629629628425 355.9092592592594
37.38148148148136 277.612962962963
50.244444444444326 310.05000000000007
95.54444444444434 287.67962962962974
83.24074074074065 271.4611111111112
69.25925925925915 256.92037037037045
105.61111111111103 242.3796296296297
121.82962962962952 222.80555555555563
146.9962962962962 241.26111111111118
169.92592592592584 231.75370370370376
219.69999999999996 211.62037037037044
179.9925925925925 212.73888888888894
173.2814814814814 197.07962962962966
193.97407407407403 214.4166666666667
208.51481481481474 195.40185185185192
185.5851851851851 180.86111111111114
211.31111111111105 173.59074074074078
229.76666666666662 185.33518518518525
247.6629629629629 171.35370370370373
242.6296296296296 151.2203703703704
268.9148148148148 166.32037037037043
258.2888888888889 140.03518518518524
286.81111111111113 142.83148148148155
305.82592592592596 141.712962962963
304.70740740740735 132.20555555555558
312.53703703703707 124.93518518518522
324.2814814814815 117.66481481481486
331.5518518518519 105.92037037037039
333.2296296296296 97.53148148148148
334.9074074074074 92.49814814814818
354.4814814814815 86.90555555555557
318.12962962962956 89.14259259259262
311.41851851851845 98.09074074074078
296.87777777777774 114.3092592592593
286.81111111111113 101.44629629629634
294.08148148148143 92.49814814814818
300.79259259259254 81.31296296296296
275.6259259259259 107.03888888888889
283.4555555555555 123.25740740740741
272.8296296296296 121.02037037037042
259.9666666666666 136.67962962962963
251.0185185185185 108.15740740740745
259.4074074074074 128.29074074074077
238.7148148148148 126.61296296296297
235.91851851851848 138.35740740740744
219.69999999999996 147.3055555555556
206.837037037037 138.91666666666669
211.31111111111105 129.40925925925927
218.5814814814814 121.57962962962966
227.52962962962957 123.25740740740741
233.12222222222218 112.6314814814815
238.15555555555554 96.97222222222223
246.5444444444444 92.49814814814818
265.0 85.22777777777782
247.10370370370364 84.10925925925926
219.69999999999996 102.56481481481484
213.5481481481481 90.82037037037037
202.9222222222222 86.34629629629632
200.68518518518513 98.65000000000003
186.14444444444436 109.8351851851852
186.14444444444436 127.17222222222227
197.32962962962958 142.27222222222224
179.43333333333325 135.56111111111113
169.92592592592584 123.81666666666672
170.4851851851851 107.03888888888889
182.7888888888888 89.70185185185187
157.06296296296287 99.76851851851853
149.23333333333326 108.15740740740745
138.04814814814804 102.00555555555559
121.27037037037027 89.70185185185187
118.47407407407397 96.41296296296298
108.4074074074073 101.44629629629634
93.30740740740731 88.58333333333337
101.6962962962962 76.27962962962965
78.20740740740732 77.39814814814815
58.63333333333321 86.90555555555557
28.992592592592473 86.34629629629632
28.433333333333223 94.73518518518517
3.8259259259257874 88.58333333333337
12.214814814814702 101.44629629629634
30.111111111111 101.44629629629634
55.837037037036936 110.39444444444445
68.6999999999999 103.12407407407409
67.58148148148138 91.93888888888893
83.7999999999999 112.6314814814815
96.66296296296287 109.27592592592595
94.42592592592584 124.37592592592597
70.93703703703693 118.22407407407411
53.59999999999988 137.23888888888894
44.651851851851745 123.25740740740741
26.755555555555446 115.4277777777778
34.025925925925804 128.85000000000002
36.26296296296286 143.95000000000005
31.2296296296295 151.77962962962965
17.807407407407283 179.74259259259264
9.977777777777646 206.02777777777783
42.97407407407397 176.3870370370371
51.9222222222221 190.9277777777778
49.68518518518508 181.4203703703704
61.988888888888795 162.96481481481487
63.107407407407294 142.83148148148155
84.35925925925915 138.35740740740744
92.18888888888878 150.66111111111115
79.8851851851851 151.77962962962965
103.37407407407397 173.03148148148153
113.44074074074067 156.25370370370376
107.84814814814806 139.47592592592594
120.15185185185177 130.52777777777783
131.33703703703694 121.02037037037042
136.92962962962955 138.35740740740744
148.674074074074 129.40925925925927
155.38518518518512 119.34259259259261
164.89259259259254 141.15370370370374
168.80740740740734 149.54259259259265
141.9629629629629 160.16851851851857
138.04814814814804 177.5055555555556
148.674074074074 171.91296296296298
169.3666666666666 167.99814814814818
183.90740740740736 157.37222222222226
139.1666666666666 195.40185185185192
115.67777777777766 184.2166666666667
91.62962962962953 192.6055555555556
79.8851851851851 189.25000000000006
78.20740740740732 225.04259259259265
11.655555555555424 254.6833333333334
38.499999999999886 251.88703703703712
625.4203703703704 356.2587962962963
628.4962962962964 326.05879629629624
651.425925925926 311.7976851851852
651.2861111111112 277.40324074074067
662.1916666666667 256.15138888888885
613.9555555555555 236.1578703703703
551.8777777777777 77.46805555555554
528.8083333333334 64.04583333333332
543.9083333333333 60.96990740740739
572.2907407407407 67.6810185185185
561.525 62.088425925925904
596.7583333333333 70.4773148148148
612.5574074074075 70.33749999999998
610.3203703703704 76.20972222222221
616.4722222222222 83.75972222222221
621.0861111111111 79.84490740740739
638.4231481481481 69.91805555555554
654.0824074074075 69.4986111111111
653.3833333333333 51.88194444444442
657.8574074074074 60.270833333333314
637.4444444444445 57.89398148148146
624.8611111111111 54.81805555555553
607.2444444444445 47.68749999999997
596.8981481481482 61.249537037037015
620.9462962962963 45.59027777777776
631.8518518518518 43.77268518518517
648.7694444444445 27.83379629629627
660.3740740740741 24.338425925925904
661.3527777777778 32.8671296296296
662.1916666666667 47.8273148148148
636.7453703703704 26.295833333333306
621.925 30.350462962962936
605.0074074074074 32.168055555555526
560.825925925926 34.12546296296294
582.2175925925926 33.28657407407405
576.4851851851852 42.51435185185183
538.875 30.210648148148124
546.425 25.317129629629605
529.5074074074074 32.30787037037035
516.5046296296297 32.30787037037035
529.3675925925926 25.177314814814792
546.5648148148148 41.955092592592564
539.7138888888888 38.319907407407385
538.5953703703703 48.94583333333331
533.1425925925926 48.246759259259235
521.3981481481482 51.18287037037035
517.9027777777778 43.77268518518517
511.4712962962963 70.4773148148148
536.0787037037037 76.62916666666665
535.2398148148148 41.81527777777775
641.3592592592593 34.82453703703702
657.9972222222223 83.34027777777776
652.8240740740741 88.09398148148146
645.5537037037037 84.03935185185183
632.9703703703703 86.69583333333331
642.7648148148148 137.3787037037037
623.75 143.2509259259259
627.1055555555556 132.625
638.2907407407407 172.89166666666665
625.987037037037 167.01944444444445
618.437037037037 179.6027777777778
631.0203703703704 192.1861111111111
632.9777777777778 214.8361111111111
622.6314814814815 112.77129629629628
581.8055555555555 64.11574074074073
583.2037037037037 53.21018518518517
589.3555555555556 47.61759259259256
592.4314814814815 43.42314814814813
569.7814814814815 47.61759259259256
552.1648148148148 56.84537037037035
481.1388888888889 61.039814814814804
486.73148148148147 50.97314814814814
498.75555555555553 56.00648148148147
505.18703703703704 46.778703703703684
495.9592592592593 69.42870370370369
504.62777777777774 74.46203703703702
466.0388888888889 68.31018518518516
457.92962962962963 65.51388888888886
452.337037037037 47.61759259259256
454.2944444444444 40.3472222222222
485.6129629629629 40.3472222222222
441.1518518518518 59.64166666666665
443.9481481481481 50.97314814814814
439.47407407407405 39.22870370370367
426.05185185185184 47.33796296296293
418.2222222222222 60.480555555555526
435.55925925925925 68.31018518518516
444.787037037037 73.90277777777777
412.9092592592592 68.86944444444441
395.01296296296294 60.480555555555526
410.9518518518518 49.57499999999999
392.21666666666664 47.61759259259256
379.3537037037037 47.89722222222221
361.737037037037 47.61759259259256
348.87407407407403 42.02499999999998
363.4148148148148 40.067592592592575
372.0833333333333 59.921296296296276
381.8703703703703 69.70833333333331
347.75555555555553 77.81759259259258
354.74629629629624 74.74166666666665
385.2259259259259 43.42314814814813
415.14629629629627 46.219444444444434
356.9833333333333 59.0824074074074
343.2814814814815 63.556481481481455
351.67037037037034 54.04907407407404
363.13518518518515 64.67499999999998
671.0662037037038 213.9622685185185
635.3472222222222 119.13287037037031
651.7055555555555 117.73472222222217
652.6842592592593 130.87731481481478
641.4990740740741 109.76527777777773
536.5203703703705 370.58981481481476
331.13240740740736 75.93009259259257
317.01111111111106 79.9847222222222
314.21481481481476 71.87546296296294
324.2814814814815 63.06712962962961
336.44537037037037 67.26157407407405
311.97777777777776 61.039814814814804
304.70740740740735 39.22870370370367
301.0722222222222 47.05833333333331
289.3277777777777 39.22870370370367
279.5407407407407 68.58981481481479
289.0481481481481 75.02129629629627
305.2666666666666 66.35277777777776
296.5981481481481 75.02129629629627
296.5981481481481 66.35277777777776
299.3944444444444 57.68425925925925
269.75370370370365 65.79351851851851
260.8055555555555 68.58981481481479
254.65370370370363 60.480555555555526
248.78148148148142 53.76944444444442
242.0703703703703 43.143518518518505
251.85740740740735 48.736111111111086
271.71111111111105 58.523148148148124
277.024074074074 86.76574074074074
236.19814814814808 72.50462962962962
232.28333333333327 62.71759259259258
222.21666666666658 58.80277777777775
237.03703703703695 53.76944444444442
224.73333333333326 50.69351851851849
202.92222222222213 47.89722222222221
190.33888888888882 56.00648148148147
181.39074074074068 68.58981481481479
190.89814814814807 66.35277777777776
176.0777777777777 47.33796296296293
188.66111111111104 46.49907407407406
202.36296296296288 40.067592592592575
157.62222222222215 69.14907407407406
160.9777777777777 47.05833333333331
146.71666666666658 42.02499999999998
389.4351851851852 26.715277777777757
377.5509259259259 28.113425925925895
364.68796296296296 28.113425925925895
340.5 34.82453703703702
348.46944444444443 22.381018518518488
346.51203703703703 33.006944444444414
339.8009259259259 28.81249999999997
333.64907407407406 31.049537037037013
324.8407407407408 22.381018518518488
331.27222222222224 23.499537037037015
323.72222222222223 33.426388888888866
320.22685185185185 34.54490740740738
324.4212962962963 40.97638888888886
328.8953703703704 53.97916666666664
305.1268518518519 25.456944444444417
295.61944444444447 22.520833333333314
313.7953703703704 20.70324074074071
292.5435185185185 32.447685185185165
269.05462962962963 27.554166666666646
282.7564814814815 29.231944444444423
10.559259259259264 63.206944444444424
27.057407407407418 59.292129629629606
16.01203703703704 46.28935185185183
16.711111111111116 33.98564814814813
34.74722222222223 38.87916666666665
43.41574074074075 50.343981481481464
36.56481481481482 26.715277777777757
48.029629629629646 23.080092592592564
70.95925925925928 36.222685185185156
65.6462962962963 28.113425925925895
84.24166666666667 27.973611111111083
98.36296296296297 35.243981481481455
93.60925925925926 23.499537037037015
111.36574074074076 29.9310185185185
117.93703703703704 34.82453703703702
130.24074074074076 28.952314814814798
135.55370370370372 23.080092592592564
144.36203703703706 21.96157407407405
147.57777777777778 41.25601851851849
145.06111111111113 60.550462962962946
128.42314814814816 42.93379629629628
127.86388888888891 53.69953703703702
120.3138888888889 44.75138888888887
135.97314814814817 71.4560185185185
120.87314814814818 65.30416666666665
118.21666666666667 72.4347222222222
95.00740740740741 68.38009259259258
85.63981481481483 51.88194444444442
67.60370370370373 53.83935185185183
55.43981481481483 62.92731481481479
43.13611111111113 42.65416666666664
108.15 24.058796296296265
103.95555555555558 30.210648148148124
135.83333333333334 33.70601851851849
50.96574074074075 57.334722222222204
65.6462962962963 47.54768518518516
205.5935185185185 35.24398148148147
226.14629629629627 35.66342592592591
243.48333333333332 25.45694444444443
251.0333333333333 40.97638888888888
192.73055555555553 33.42638888888888
182.9435185185185 23.918981481481467
186.15925925925924 27.833796296296285
407.33148148148155 23.918981481481453
415.72037037037046 27.554166666666646
409.8481481481482 33.28657407407405
402.1583333333334 47.268055555555534
389.57500000000005 37.90046296296293
396.9851851851853 40.83657407407405
670.6498501498502 21.845154845154866
676.7637362637363 91.13586413586415
672.6878121878123 84.34265734265739
669.2912087912088 65.32167832167835
676.0844155844156 57.16983016983022
676.0844155844156 45.62137862137865
670.6498501498502 38.82817182817183
667.9325674325675 35.43156843156845
653.6668331668332 36.790209790209815
657.0634365634365 33.39360639360643
653.6668331668332 23.20379620379623
646.8736263736264 20.486513486513502
654.3461538461538 98.60839160839163
677.443056943057 124.42257742257743
677.443056943057 131.8951048951049
668.6118881118881 153.63336663336668
669.2912087912088 169.25774225774228
657.0634365634365 169.93706293706293
647.552947052947 157.7092907092907
674.0464535464536 305.80119880119884
616.9835164835165 17.08991008991012
607.473026973027 21.165834165834212
609.5109890109891 16.41058941058941
629.8906093906094 18.448551448551484
640.7597402597403 19.127872127872138
644.1563436563437 15.051948051948102
646.1943056943057 16.41058941058941
660.46003996004 17.769230769230774
665.2152847152847 15.731268731268756
670.6498501498502 15.731268731268756
591.1693306693306 15.051948051948102
584.3761238761239 15.731268731268756
583.6968031968032 17.769230769230774
576.2242757242757 23.20379620379623
577.5829170829171 25.241758241758248
582.3381618381618 29.31768231768234
586.414085914086 29.99700299700305
593.2072927072927 28.638361638361687
597.9625374625375 19.80719280719285
566.7137862137862 18.448551448551484
555.1653346653346 17.08991008991012
555.1653346653346 13.693306693306738
540.8996003996004 18.448551448551484
538.8616383616384 19.80719280719285
545.6548451548451 17.769230769230774
547.0134865134866 15.051948051948102
560.5999000999001 19.127872127872138
563.3171828171828 30.676323676323705
580.9795204795205 20.486513486513502
583.0174825174826 21.845154845154866
628.5319680319681 32.03496503496507
635.3251748251748 36.790209790209815
532.7477522477523 19.127872127872138
505.5749250749251 26.600399600399612
513.0474525474525 20.486513486513502
500.14035964035963 13.693306693306738
645.5999000999001 5.326798201798212
642.7127872127872 10.76136363636364
652.393106893107 9.572552447552454
669.8856143856144 6.006118881118894
662.2432567432568 4.64747752247753
624.8806193806194 13.478646353646354
628.9565434565434 8.893231768231772
633.2022977022978 14.327797202797214
634.9005994005994 9.06306193806195
620.465034965035 10.931193806193818
612.9925074925075 12.289835164835168
612.1433566433566 5.8362887112887165
602.9725274725274 5.156968031968034
593.2922077922078 13.478646353646354
592.2732267732267 6.006118881118894
586.1593406593406 5.326798201798212
579.1963036963036 8.723401598401608
570.1953046953047 12.629495504495509
573.5919080919081 6.515609390609399
566.1193806193806 5.156968031968034
539.6258741258741 13.138986013986028
530.455044955045 16.365759240759246
533.1723276723277 9.40272227772229
523.1523476523477 19.762362637362642
511.26423576423576 12.629495504495509
523.492007992008 8.723401598401608
547.4380619380619 10.4217032967033
561.7037962037962 13.648476523476532
555.0804195804196 7.025099900099903
602.6328671328671 12.799325674325686
675.49000999001 13.478646353646354
677.1883116883117 6.1759490509490576
668.0174825174826 9.572552447552454
21.3041958041958 15.686438561438564
29.625874125874127 18.573551448551456
41.0044955044955 15.17694805194806
44.9105894105894 10.4217032967033
60.53496503496503 16.365759240759246
66.13936063936063 9.06306193806195
73.78171828171827 19.252872127872138
126.76873126873127 18.573551448551456
151.2242757242757 8.21391108891109
164.9805194805195 12.459665334665345
164.13136863136864 26.38573926073927
153.43206793206792 38.78334165834167
158.1873126873127 8.383741258741267
112.33316683316684 4.307817182817189
195.29520479520482 16.607142857142833
207.18331668331672 17.62612387612387
196.31418581418586 11.851898101898087
190.53996003996008 10.493256743256723
164.3861138861139 20.003746253746243
137.89260739260737 20.683066933066925
209.56093906093912 10.493256743256723
230.9595404595405 12.531218781218769
242.8476523476524 8.794955044955032
262.8876123876124 7.775974025974023
266.6238761238762 17.965784215784197
277.49300699300704 11.851898101898087
281.56893106893114 18.984765234765234
284.9655344655345 10.153596403596396
306.0244755244756 11.51223776223776
317.57292707292714 7.775974025974023
329.1213786213787 14.569180819180815
261.5289710289711 27.136613386613362
262.8876123876124 35.28846153846155
252.01848151848156 18.64510489510488
259.1513486513487 17.965784215784197
293.79670329670336 45.81793206793208
283.94655344655354 58.72502497502498
470.25024975024974 39.70404595404594
464.1363636363636 49.554195804195786
471.6088911088911 70.61313686313687
464.1363636363636 33.2504995004995
464.476023976024 24.75899100899099
477.7227772227772 21.022727272727252
493.00749250749254 21.362387612387607
500.81968031968034 22.381368631368616
487.9125874125874 15.248501498501497
489.9505494505495 11.51223776223776
490.62987012987014 15.92782217782218
474.32617382617383 15.248501498501497
465.495004995005 13.889860139860133
466.85364635364635 8.455294705294705
455.9845154845155 15.248501498501497
454.62587412587413 21.362387612387607
451.22927072927075 27.136613386613362
435.6048951048951 33.2504995004995
439.6808191808192 27.476273726273718
433.9065934065934 22.381368631368616
426.4340659340659 26.45729270729271
432.88761238761236 11.172577422577405
440.36013986013984 18.305444555444552
444.77572427572426 13.550199800199778
444.0964035964036 7.096653346653341
451.22927072927075 15.588161838161824
368.69180819180815 14.569180819180815
354.76573426573424 16.607142857142833
339.48101898101896 9.474275724275714
377.522977022977 21.702047952047934
377.18331668331666 13.21053946053945
483.15734265734267 33.92982017982018
477.3831168831169 27.476273726273718
502.51798201798204 6.756993006992985
538.8616383616384 87.59615384615387
495.38511488511494 147.716033966034
487.23326673326676 156.54720279720283
470.25024975024974 172.17157842157846
482.13836163836163 146.69705294705298
233.16733266733266 37.326423576423565
297.7027972027972 38.00574425574425
146.89360639360635 6.900099900099917
140.77972027972024 4.8621378621378994
478.4020979020979 6.220779220779264
