596.3230593607307 245.3664383561644
574.5993150684931 250.89611872146116
532.7317351598174 247.73630136986299
464.005707762557 256.0308219178082
424.50799086757985 261.16552511415523
427.2728310502283 240.23173515981733
451.36643835616434 251.29109589041093
467.560502283105 238.25684931506848
454.9212328767122 241.02168949771686
456.1061643835616 228.38242009132418
467.1655251141553 223.24771689497715
477.4349315068493 243.3915525114155
493.23401826484013 214.1632420091324
524.4372146118722 203.49885844748857
513.3778538812785 235.49200913242007
531.546803652968 224.0376712328767
546.1609589041095 211.398401826484
555.6404109589041 187.6997716894977
610.5422374429224 198.36415525114154
603.4326484018266 181.77511415525112
593.953196347032 173.8755707762557
591.1883561643835 145.43721461187212
598.2979452054794 133.58789954337897
616.0719178082193 105.54452054794518
573.8093607305937 149.38698630136986
563.9349315068494 134.7728310502283
553.6655251141553 157.68150684931504
533.5216894977168 164.79109589041093
528.3869863013699 144.6472602739726
541.4212328767123 133.98287671232876
532.7317351598174 123.3184931506849
519.302511415525 113.44406392694063
537.4714611872146 104.35958904109589
540.236301369863 115.81392694063925
552.480593607306 114.23401826484016
565.1198630136987 111.46917808219177
576.1792237442921 115.41894977168947
584.8687214611873 105.54452054794518
569.0696347031962 103.56963470319633
551.2956621004566 101.1997716894977
569.8595890410959 85.00570776255705
554.060502283105 78.29109589041093
542.2111872146118 85.79566210045661
67.44863013698628 258.4006849315068
52.43949771689495 217.71803652968035
43.355022831050206 204.2888127853881
62.708904109589014 207.84360730593605
92.33219178082189 254.05593607305934
101.81164383561642 233.12214611872145
92.72716894977168 204.2888127853881
98.65182648401824 172.69063926940638
92.72716894977168 155.31164383561642
112.08105022831049 155.31164383561642
112.08105022831049 141.88242009132418
119.19063926940638 128.05821917808217
122.74543378995435 138.722602739726
68.6335616438356 78.29109589041093
66.65867579908675 71.18150684931504
80.08789954337897 72.76141552511413
83.24771689497715 60.51712328767121
90.75228310502283 68.81164383561642
119.58561643835615 61.702054794520535
134.98972602739724 64.46689497716892
136.96461187214612 51.037671232876676
118.00570776255705 42.74315068493149
104.18150684931504 46.29794520547944
144.074200913242 26.94406392694063
148.02397260273972 22.99429223744289
151.97374429223743 22.99429223744289
161.0582191780822 21.41438356164383
150.39383561643837 30.10388127853878
137.3595890410959 172.2956621004566
149.60388127853878 169.5308219178082
139.72945205479448 157.68150684931504
142.09931506849313 142.27739726027394
144.074200913242 126.47831050228308
129.06506849315065 112.65410958904107
116.42579908675796 101.1997716894977
143.67922374429224 90.53538812785386
148.81392694063925 98.4349315068493
158.29337899543378 85.00570776255705
168.95776255707761 90.53538812785386
159.47831050228308 109.88926940639266
163.03310502283102 127.6632420091324
169.35273972602738 139.1175799086758
170.1426940639269 143.85730593607303
177.25228310502283 168.3458904109589
159.08333333333331 199.94406392694063
148.02397260273972 224.82762557077623
156.3184931506849 251.29109589041093
122.35045662100453 200.73401826484016
121.560502283105 173.08561643835614
185.9417808219178 248.92123287671234
176.46232876712327 250.89611872146116
206.8755707762557 270.25
222.67465753424653 245.3664383561644
233.33904109589045 258.4006849315068
255.45776255707761 269.85502283105023
268.4920091324201 267.4851598173516
252.29794520547944 239.83675799086757
248.34817351598173 222.06278538812785
240.0536529680365 209.81849315068493
250.71803652968038 202.708904109589
251.90296803652964 190.4646118721461
221.88470319634698 188.48972602739724
227.41438356164383 183.74999999999997
188.70662100456622 221.2728310502283
196.21118721461184 213.37328767123287
202.53082191780823 209.81849315068493
215.17009132420088 179.80022831050226
197.0011415525114 160.44634703196346
214.77511415525112 163.60616438356163
223.06963470319636 159.6563926940639
244.79337899543378 168.3458904109589
238.86872146118716 148.99200913242007
202.53082191780823 148.20205479452054
181.20205479452054 129.2431506849315
196.60616438356163 119.36872146118719
213.19520547945203 118.97374429223741
231.36415525114154 120.94863013698628
242.42351598173514 116.99885844748857
231.36415525114154 109.88926940639266
222.67465753424653 105.14954337899542
228.99429223744292 90.53538812785386
219.1198630136986 80.26598173515981
209.6404109589041 97.64497716894975
195.8162100456621 90.53538812785386
206.48059360730593 87.3755707762557
202.53082191780823 85.00570776255705
188.70662100456622 85.79566210045661
168.56278538812785 62.492009132420094
168.16780821917808 58.14726027397259
183.57191780821915 62.0970319634703
191.47146118721457 65.65182648401824
177.25228310502283 85.00570776255705
198.58105022831046 58.54223744292236
193.84132420091322 51.43264840182647
191.8664383561644 45.90296803652967
191.07648401826478 38.793378995433784
191.47146118721457 30.498858447488573
185.54680365296807 28.52397260273972
179.62214611872145 44.32305936073058
181.20205479452054 47.877853881278526
213.9851598173516 53.01255707762556
208.8504566210045 53.01255707762556
212.01027397260273 48.667808219178085
200.9509132420091 46.29794520547944
202.925799086758 43.13812785388126
176.46232876712327 216.13812785388126
284.29109589041093 222.06278538812785
292.58561643835617 189.67465753424656
276.3915525114155 162.4212328767123
292.1906392694064 159.6563926940639
299.3002283105023 150.57191780821915
281.92123287671234 145.8321917808219
261.3824200913242 156.49657534246575
251.90296803652964 144.6472602739726
250.32305936073055 131.21803652968035
260.5924657534246 124.10844748858446
280.3413242009132 119.76369863013696
295.74543378995435 115.02397260273972
294.16552511415523 100.80479452054794
279.1563926940639 101.1997716894977
272.4417808219178 109.09931506849313
261.3824200913242 108.30936073059358
246.37328767123284 107.91438356164383
252.6929223744292 92.11529680365294
244.39840182648402 83.0308219178082
260.98744292237444 81.45091324200911
308.77968036529677 263.93036529680364
299.3002283105023 255.24086757990864
348.277397260274 254.05593607305934
356.5719178082191 225.6175799086758
342.3527397260274 229.17237442922374
321.4189497716895 197.17922374429222
321.4189497716895 178.61529680365294
344.32762557077626 191.64954337899542
340.7728310502283 156.8915525114155
319.4440639269406 164.79109589041093
316.2842465753424 152.546803652968
337.61301369863014 149.78196347031962
328.52853881278537 122.52853881278536
307.98972602739724 113.8390410958904
318.2591324200913 94.09018264840181
312.3344748858447 92.9052511415525
388.1700913242009 265.11529680365294
396.85958904109583 249.71118721461187
389.74999999999994 242.60159817351598
386.195205479452 213.37328767123287
366.8413242009133 211.398401826484
375.53082191780817 184.14497716894977
396.06963470319624 196.38926940639269
403.96917808219166 183.74999999999997
405.9440639269406 170.32077625570776
375.53082191780817 169.5308219178082
379.87557077625564 167.16095890410958
438.3321917808219 233.5171232876712
434.777397260274 213.37328767123287
438.7271689497716 197.17922374429222
438.7271689497716 184.14497716894977
430.4326484018265 175.85045662100455
432.8025114155251 163.21118721461187
449.7865296803653 158.86643835616437
462.03082191780817 156.10159817351595
473.88013698630135 156.10159817351595
457.6860730593607 197.17922374429222
460.0559360730594 186.90981735159815
468.74543378995435 185.32990867579906
487.7043378995434 186.11986301369862
553.6655251141553 251.6860730593607
327.3436073059361 137.5376712328767
311.5445205479452 127.6632420091324
289.82077625570776 136.74771689497715
365.26141552511416 154.1267123287671
375.13584474885846 156.8915525114155
379.87557077625564 144.25228310502283
363.2865296803653 138.722602739726
362.101598173516 128.05821917808217
384.61529680365294 127.6632420091324
385.0102739726028 114.23401826484016
370.791095890411 112.65410958904107
347.0924657534246 120.55365296803652
356.9668949771689 110.28424657534245
350.64726027397256 94.48515981735159
359.73173515981733 94.48515981735159
391.3299086757991 101.59474885844747
413.05365296803643 104.75456621004564
422.5331050228311 105.14954337899542
430.4326484018265 105.14954337899542
414.63356164383555 137.1426940639269
410.6837899543379 150.57191780821915
425.6929223744292 144.25228310502283
435.9623287671234 145.43721461187212
443.4668949771689 146.22716894977168
452.15639269406387 150.57191780821915
449.7865296803653 111.86415525114153
469.14041095890406 116.99885844748857
493.62899543378995 111.46917808219177
505.0833333333333 108.30936073059358
236.89383561643837 75.13127853881275
277.5764840182648 79.47602739726025
303.64497716894977 75.92123287671231
294.16552511415523 84.21575342465752
294.16552511415523 75.13127853881275
309.17465753424653 72.36643835616437
317.074200913242 80.66095890410958
317.074200913242 62.0970319634703
263.7522831050228 73.55136986301369
249.9280821917808 67.6267123287671
206.08561643835617 62.88698630136986
403.1792237442922 83.42579908675798
411.86872146118725 96.06506849315065
402.7842465753425 99.22488584474883
432.4075342465754 96.06506849315065
435.9623287671234 80.26598173515981
434.777397260274 88.560502283105
450.97146118721463 85.40068493150682
458.0810502283105 98.4349315068493
451.76141552511416 102.77968036529677
471.11529680365294 85.79566210045661
472.3002283105023 79.87100456621003
460.0559360730594 82.24086757990864
486.12442922374424 81.84589041095887
484.939497716895 98.03995433789953
468.3504566210045 105.54452054794518
503.50342465753425 94.09018264840181
509.0331050228311 92.11529680365294
510.61301369863014 83.0308219178082
507.8481735159817 68.81164383561642
517.722602739726 71.57648401826481
524.8321917808219 67.6267123287671
521.6723744292237 50.247716894977145
550.1107305936073 62.0970319634703
527.99200913242 80.26598173515981
520.4874429223744 77.89611872146116
489.6792237442922 36.8184931506849
480.5947488584475 37.213470319634695
500.73858447488584 52.22260273972603
465.98059360730593 54.98744292237441
472.695205479452 58.14726027397259
473.4851598173515 49.85273972602738
442.28196347031957 60.122146118721446
448.20662100456616 61.702054794520535
455.7111872146118 56.5673515981735
454.52625570776263 43.92808219178079
437.14726027397256 53.80251141552509
442.6769406392694 53.80251141552509
441.09703196347033 43.13812785388126
401.5993150684931 65.65182648401824
409.10388127853884 58.54223744292236
402.7842465753425 51.037671232876676
395.67465753424653 51.827625570776235
396.4646118721461 37.60844748858446
411.0787671232876 42.74315068493149
421.7431506849315 49.457762557077615
421.7431506849315 40.76826484018264
432.01255707762556 38.003424657534225
431.61757990867574 32.07876712328766
434.777397260274 30.498858447488573
472.695205479452 15.48972602739724
482.17465753424653 14.304794520547944
468.74543378995435 3.6404109589041127
272.04680365296804 37.60844748858446
263.35730593607303 39.18835616438355
262.5673515981735 32.47374429223743
271.25684931506845 30.10388127853878
275.601598173516 33.26369863013696
249.53310502283102 44.32305936073058
240.4486301369863 43.92808219178079
234.91894977168946 37.60844748858446
230.96917808219177 36.02853881278537
221.48972602739724 37.213470319634695
215.96004566210044 22.599315068493127
202.53082191780823 12.724885844748826
216.35502283105026 10.355022831050235
212.8002283105023 12.724885844748826
250.32305936073055 8.380136986301352
245.58333333333331 21.41438356164383
242.0285388127854 10.75
239.65867579908672 3.2454337899542907
232.9440639269406 21.41438356164383
227.8093607305936 21.019406392694066
221.0947488584475 19.439497716894948
291.7956621004566 37.60844748858446
285.08105022831046 35.633561643835606
302.85502283105023 39.583333333333314
304.4349315068493 35.633561643835606
309.9646118721461 33.65867579908672
328.1335616438356 38.793378995433784
332.0833333333333 39.18835616438355
330.10844748858443 77.10616438356163
344.32762557077626 74.34132420091322
405.5490867579909 72.76141552511413
385.8002283105023 81.45091324200911
383.82534246575347 76.31621004566209
353.8070776255708 77.10616438356163
413.4486301369863 87.3755707762557
422.1381278538812 75.13127853881275
409.8938356164384 65.65182648401824
344.32762557077626 65.65182648401824
341.56278538812785 54.59246575342462
358.94178082191786 59.332191780821915
368.8162100456621 70.78652968036528
417.00342465753425 117.39383561643834
406.3390410958904 112.2591324200913
398.0445205479452 32.07876712328766
383.82534246575347 34.053652968036516
372.37100456621005 37.213470319634695
354.2020547945205 43.13812785388126
415.8184931506849 30.893835616438338
426.087899543379 13.909817351598178
405.9440639269406 14.699771689497709
403.57420091324195 17.859589041095887
330.10844748858443 19.439497716894948
337.61301369863014 17.859589041095887
346.69748858447485 15.884703196347004
331.2933789954338 28.52397260273972
321.0239726027397 10.355022831050235
324.9737442922374 12.32990867579906
326.5536529680365 8.775114155251117
366.0513698630137 14.304794520547944
375.53082191780817 21.019406392694066
388.1700913242009 22.99429223744289
376.32077625570776 21.809360730593596
377.505707762557 22.99429223744289
396.06963470319624 22.99429223744289
390.5399543378995 17.859589041095887
392.11986301369865 12.32990867579906
399.62442922374424 13.909817351598178
401.994292237443 12.724885844748826
477.8299086757991 65.65182648401824
473.09018264840176 64.07191780821915
466.77054794520546 65.65182648401824
219.5148401826484 117.7888127853881
503.89840182648396 207.05365296803652
309.07591324200916 43.74029680365296
361.80536529680364 69.61130136986301
327.83732876712327 92.91495433789954
412.55993150684935 50.059931506849324
236.00513698630135 92.71746575342466
221.88470319634698 10.355022831050235
217.53995433789953 6.800228310502234
249.9280821917808 1.6655251141552299
315.0993150684931 2.060502283104995
306.0148401826484 13.909817351598178
476.24999999999994 141.88242009132418
481.38470319634706 137.1426940639269
502.7134703196347 137.5376712328767
510.61301369863014 120.55365296803652
503.10844748858443 165.97602739726025
531.9417808219177 175.4554794520548
344.32762557077626 86.98059360730592
228.59931506849313 65.65182648401824
238.0787671232877 60.912100456620976
219.90981735159818 60.912100456620976
269.2819634703196 47.48287671232873
272.04680365296804 49.457762557077615
411.0787671232876 22.599315068493127
416.60844748858443 12.32990867579906
419.76826484018267 21.019406392694066
455.7111872146118 6.800228310502234
416.2134703196347 221.2728310502283
112.47602739726027 261.16552511415523
108.1312785388128 273.80479452054794
65.13736263736263 44.40809190809193
65.13736263736263 44.40809190809193
626.5599571734475 114.32155603140615
628.5356887937188 125.68201284796572
664.098857958601 176.06316916488228
645.3294075660243 200.26588151320487
623.5963597430407 247.68344039971447
644.8354746609565 255.58636688079946
657.1837972876517 265.9589578872234
671.5078515346181 264.47715917202
674.471448965025 250.15310492505353
659.1595289079229 231.38365453247678
626.0660242683797 220.02319771591718
642.3658101356174 214.58993576017133
630.0174875089222 175.0753033547466
621.6206281227694 170.1359743040685
674.9653818700928 153.34225553176302
281.05389007851534 25.058172733761594
288.70985010706636 26.04603854389721
294.63704496788006 22.34154175588864
301.3051391862955 21.106709493219114
290.9325481798715 163.35938615274802
348.96966452533906 149.39079229122055
288.4300699300699 9.842657342657334
283.5909090909091 22.799700299700334
284.28221778221774 15.88661338661342
284.9735264735265 7.590909090909121
282.8996003996004 3.4430569430569733
278.06043956043953 3.7887112887113403
271.8386613386613 6.208291708291739
270.80169830169825 13.467032967033006
273.9125874125874 17.614885114885155
273.2212787212787 22.799700299700334
262.85164835164835 24.87362637362641
250.75374625374624 26.25624375624379
244.531968031968 34.55194805194809
252.13636363636363 39.045454545454575
226.9035964035964 4.825674325674356
234.85364635364633 6.899600399600445
230.36013986013984 9.319180819180872
234.85364635364633 13.121378621378653
240.38411588411586 15.54095904095908
257.66683316683316 3.4430569430569733
271.493006993007 1.7147852147852518
282.8996003996004 1.3691308691309132
288.4300699300699 2.7517482517482676
297.4170829170829 2.0604395604395904
299.491008991009 8.973526473526505
296.3801198801199 13.812687312687345
312.2802197802197 6.899600399600445
321.2672327672328 3.7887112887113403
326.79770229770224 2.406093906093929
331.9825174825175 2.0604395604395904
339.9325674325674 2.406093906093929
345.8086913086913 5.516983016983033
336.47602397602395 8.2822177822178
332.32817182817183 11.393106893106932
343.73476523476523 14.503996003996036
349.26523476523477 25.21928071928076
350.99350649350646 30.749750249750292
342.69780219780216 42.50199800199803
340.2782217782218 31.095404595404627
338.2042957042957 25.21928071928076
357.2152847152847 7.590909090909121
357.9065934065934 3.0974025974026347
350.6478521478521 4.480019980020018
368.6218781218781 5.6948051948052125
371.38711288711283 2.9295704295704468
365.1653346653346 2.2382617382617127
378.3001998001998 2.2382617382617127
376.91758241758237 9.84265734265739
382.4480519480519 9.84265734265739
372.7697302697303 16.0644355644356
366.54795204795204 18.13836163836163
357.56093906093906 13.99050949050951
351.33916083916085 11.916583416583421
352.0304695304695 7.768731268731244
385.9045954045954 5.003496503496535
391.43506493506493 2.2382617382617127
391.43506493506493 7.077422577422567
385.2132867132867 11.916583416583421
396.2742257742258 17.447052947052953
396.96553446553446 9.151348651348655
399.03946053946055 5.003496503496535
403.87862137862135 7.077422577422567
410.7917082917083 9.84265734265739
415.6308691308691 4.312187812187858
419.77872127872126 4.312187812187858
427.3831168831168 8.460039960039978
439.1353646353646 7.077422577422567
259.3951048951049 11.916583416583421
253.17332667332664 16.755744255744276
264.2342657342657 20.21228771228772
259.3951048951049 20.903596403596453
