112.89024390243901 426.9585365853659
15.48536585365855 707.9341463414634
75.42682926829264 665.4756097560976
107.8951219512195 724.1682926829268
46.70487804878053 566.8219512195122
177.82682926829273 585.5536585365853
230.27560975609754 757.8853658536585
129.12439024390244 493.1439024390244
155.3487804878049 469.4170731707317
26.724390243902462 486.9
4.2463414634146375 357.02682926829266
177.82682926829273 414.470731707317
216.53902439024387 559.329268292683
210.29512195121947 505.63170731707316
235.27073170731705 629.2609756097561
61.690243902438965 263.36829268292684
2.9975609756097583 289.59268292682924
59.19268292682932 230.89999999999998
22.978048780487825 227.15365853658534
31.71951219512198 188.4414634146342
5.495121951219517 204.67560975609763
57.94390243902444 167.21219512195125
4.2463414634146375 94.78292682926826
86.66585365853655 202.17804878048787
62.939024390243844 143.48536585365855
86.66585365853655 124.75365853658536
62.939024390243844 82.29512195121947
101.6512195121951 94.78292682926826
132.87073170731708 93.53414634146338
74.17804878048776 52.324390243902485
25.475609756097583 49.82682926829273
11.739024390243912 29.84634146341466
14.23658536585367 6.119512195121956
51.07560975609755 22.041463414634052
69.80731707317074 20.168292682926733
113.5146341463415 24.53902439024381
107.89512195121955 47.641463414634075
127.25121951219512 51.38780487804871
152.2268292682927 35.77804878048772
134.11951219512196 27.660975609756008
166.58780487804881 8.92926829268282
166.58780487804881 44.51951219512188
196.5585365853659 18.919512195121854
164.09024390243906 65.74878048780477
193.43658536585372 90.09999999999991
185.319512195122 113.82682926829261
179.0756097560976 147.54390243902435
138.49024390243903 143.7975609756097
145.35853658536587 186.88048780487804
143.48536585365855 228.7146341463415
185.319512195122 200.61707317073171
200.30487804878055 140.67560975609751
227.1536585365854 24.53902439024381
229.02682926829272 45.143902439024316
219.03658536585374 58.88048780487799
219.66097560975618 82.60731707317063
251.50487804878054 146.29512195121947
236.519512195122 178.1390243902439
234.02195121951223 211.23170731707313
271.4853658536586 203.73902439024386
273.98292682926837 98.21707317073162
250.25609756097566 278.6658536585366
254.62682926829274 246.19756097560978
292.71463414634155 241.82682926829273
315.1926829268294 198.11951219512196
220.2853658536585 328.3048780487805
195.30975609756092 364.51951219512193
247.75853658536585 348.28536585365856
231.52439024390242 400.73414634146343
256.5 435.7
295.21219512195125 544.3439024390244
318.93902439024384 506.88048780487804
370.1390243902439 601.7878048780487
338.9195121951219 722.9195121951219
405.1048780487805 664.2268292682927
336.42195121951215 458.1780487804878
292.7146341463415 424.4609756097561
342.66585365853655 373.2609756097561
311.4463414634147 333.3
276.48048780487807 319.56341463414634
327.680487804878 305.82682926829267
336.42195121951215 244.63658536585365
361.39756097560974 215.91463414634143
395.1146341463415 317.0658536585366
390.11951219512196 446.9390243902439
448.81219512195116 479.4073170731707
488.7731707317073 551.8365853658537
549.9634146341463 746.6463414634146
503.75853658536585 624.2658536585366
651.1146341463415 641.7487804878049
727.2902439024391 625.5146341463415
790.9780487804877 664.2268292682927
943.329268292683 623.0170731707317
1005.7682926829269 590.5487804878048
848.4219512195122 560.5780487804878
833.4365853658536 504.3829268292683
717.3000000000001 565.5731707317074
637.3780487804878 513.1243902439024
588.6756097560975 545.5926829268293
521.241463414634 495.64146341463413
532.480487804878 395.7390243902439
634.880487804878 431.95365853658535
718.548780487805 393.24146341463415
748.519512195122 455.680487804878
869.6512195121951 461.92439024390245
920.8512195121951 474.4121951219512
875.8951219512195 418.2170731707316
933.3390243902439 409.4756097560976
1013.2609756097562 483.15365853658534
1012.0121951219513 544.3439024390244
999.5243902439025 332.05121951219513
1013.2609756097562 294.58780487804876
1003.2707317073172 252.12926829268292
977.0463414634147 244.63658536585365
950.8219512195122 227.15365853658534
945.8268292682927 274.60731707317075
923.3487804878049 350.78292682926826
808.460975609756 350.78292682926826
840.9292682926829 323.309756097561
830.9390243902438 285.8463414634146
857.1634146341463 255.87560975609756
920.8512195121951 272.109756097561
741.0268292682928 319.56341463414634
762.2560975609757 375.75853658536585
667.3487804878049 348.28536585365856
599.9146341463414 337.04634146341465
587.4268292682926 384.5
475.0365853658536 365.7682926829268
487.5243902439024 320.8121951219512
511.251219512195 288.34390243902436
457.5536585365853 294.58780487804876
490.0219512195122 267.1146341463415
367.0170731707317 300.2073170731707
390.11951219512196 235.270731707317
402.60731707317075 255.8756097560975
431.9536585365854 215.290243902439
468.16829268292685 235.270731707317
513.1243902439026 192.18780487804872
599.9146341463415 303.3292682926829
602.4121951219513 270.8609756097561
639.2512195121951 285.22195121951216
654.2365853658537 250.88048780487804
690.4512195121952 273.9829268292683
609.9048780487806 214.66585365853655
665.4756097560976 214.66585365853655
494.3926829268293 170.95853658536578
514.9975609756098 148.48048780487795
531.2317073170732 88.53902439024381
441.94390243902444 190.3146341463414
318.31463414634146 144.10975609756088
328.92926829268293 104.77317073170718
284.5975609756097 61.69024390243891
268.98780487804873 37.339024390243765
285.8463414634146 44.83170731707304
386.99756097560976 59.81707317073159
395.7390243902439 93.53414634146327
377.63170731707316 118.50975609756085
361.39756097560974 149.72926829268283
390.7439024390244 31.09512195121937
425.709756097561 36.714634146341325
448.18780487804884 48.57804878048768
463.79756097560977 67.30975609756086
492.519512195122 47.95365853658524
441.94390243902444 117.26097560975597
538.1000000000001 51.699999999999875
611.1536585365855 68.55853658536574
607.4073170731708 44.83170731707304
627.3878048780489 46.70487804878036
657.358536585366 51.075609756097435
676.0902439024392 63.56341463414623
689.8268292682928 67.9341463414633
723.5439024390246 45.45609756097548
714.8024390243904 89.78780487804863
616.148780487805 89.78780487804863
629.2609756097561 82.91951219512185
624.2658536585366 122.88048780487793
656.1097560975611 141.61219512195112
629.8853658536586 142.860975609756
648.6170731707318 109.7682926829267
655.4853658536585 118.50975609756085
661.1048780487806 169.08536585365846
614.2756097560975 169.08536585365846
716.6756097560976 186.56829268292677
718.5487804878051 163.4658536585365
724.1682926829269 121.63170731707305
252.75365853658536 9.865853658536594
312.69512195121956 14.86097560975611
341.41707317073167 7.368292682926835
460.0512195121951 18.607317073170748
547.4658536585366 33.280487804877964
606.7829268292683 3.3097560975608644
682.3341463414636 5.182926829268183
707.3097560975611 13.299999999999898
742.2756097560975 19.543902439024293
719.7975609756097 25.78780487804869
754.139024390244 84.48048780487795
770.3731707317074 70.74390243902428
794.7243902439025 82.60731707317063
782.8609756097562 32.031707317073085
790.9780487804878 6.431707317073062
833.4365853658537 44.51951219512188
822.1975609756098 95.71951219512187
789.729268292683 115.07560975609749
794.7243902439025 188.75365853658536
807.2121951219513 161.28048780487802
814.7048780487805 140.67560975609751
823.4463414634147 226.21707317073168
797.2219512195122 266.80243902439025
770.9975609756098 293.65121951219515
850.2951219512197 113.82682926829261
867.1536585365855 160.03170731707314
842.8024390243904 203.73902439024386
897.7487804878049 228.090243902439
995.1536585365855 208.109756097561
950.1975609756098 193.74878048780488
915.2317073170732 194.37317073170732
928.3439024390245 164.40243902439022
983.9146341463415 174.39268292682925
928.3439024390245 136.30487804878044
955.1926829268293 129.4365853658536
913.358536585366 119.44634146341457
870.2756097560978 116.94878048780481
887.1341463414635 98.84146341463406
871.5243902439026 75.7390243902438
887.1341463414635 48.265853658536514
850.919512195122 44.51951219512188
854.0414634146343 12.051219512195019
877.1439024390245 5.182926829268183
912.1097560975611 10.80243902439014
947.0756097560977 22.041463414634052
928.3439024390245 76.98780487804868
974.5487804878051 82.60731707317063
1005.1439024390245 42.64634146341456
1017.6317073170733 17.046341463414535
994.5292682926831 2.685365853658425
1022.0024390243901 134.7439024390244
612.7517482517483 685.2552447552448
