41.73876123876127 403.53696303696313
60.919580419580456 340.2402597402598
61.55894105894109 231.54895104895107
41.73876123876127 192.5479520479521
91.60889110889113 163.77672327672326
106.95354645354647 198.30219780219784
57.72277722277724 125.41508491508495
16.16433566433571 78.10239760239762
68.59190809190812 35.9045954045954
150.43006993006995 48.052447552447575
163.85664335664342 80.02047952047951
71.78871128871131 3.9365634365634605
5.295204795204825 129.89060939060937
129.33116883116887 221.31918081918081
153.6268731268731 159.30119880119878
137.0034965034965 137.56293706293707
190.70979020979019 101.11938061938065
206.05444555444555 44.85564435564436
255.2852147852148 53.16733266733269
286.6138861138861 48.69180819180821
307.71278721278725 8.41208791208794
340.95954045954045 69.15134865134866
346.0744255744255 9.051448551448573
402.3381618381618 9.051448551448573
429.83066933066937 33.34715284715287
386.9935064935065 98.56193806193806
145.31518481518484 301.8786213786214
139.5609390609391 415.04545454545456
178.56193806193804 384.3561438561439
169.61088911088913 357.502997002997
209.8906093906094 316.5839160839161
179.84065934065933 262.23826173826177
175.36513486513488 204.69580419580421
220.75974025974025 209.81068931068933
248.2522477522478 269.9105894105894
245.05544455544455 333.84665334665334
184.95554445554447 459.1613386613387
266.79370629370624 459.8006993006993
282.13836163836163 458.52197802197804
338.4020979020979 434.8656343656344
326.25424575424574 361.9785214785215
278.30219780219784 248.81168831168836
271.9085914085914 202.13836163836163
265.514985014985 154.82567432567436
298.7617382617383 108.79170829170835
308.3521478521478 156.10439560439562
351.1893106893107 149.07142857142856
357.5829170829171 195.10539460539462
316.6638361638361 239.22127872127874
348.63186813186815 252.00849150849155
381.87862137862135 371.5689310689311
397.22327672327674 390.74975024975026
473.9465534465535 404.81568431568434
448.37212787212786 377.3231768231768
481.61888111888106 270.54995004995004
443.8966033966034 226.43406593406596
422.15834165834167 170.1703296703297
445.81468531468533 134.36613386613385
470.74975024975026 86.41408591408594
480.3401598401598 60.83966033966032
512.9475524475524 35.9045954045954
597.3431568431567 11.608891108891157
591.588911088911 47.41308691308694
601.1793206793207 72.9875124875125
578.8016983016983 124.13636363636363
583.9165834165834 139.48101898101902
514.8656343656344 147.7927072927073
487.3731268731268 208.53196803196806
504.63586413586415 240.5
523.8166833166833 295.485014985015
548.1123876123876 329.3711288711289
569.2112887112887 266.71378621378625
621.6388611388611 236.6638361638362
609.4910089910089 193.82667332667336
619.7207792207791 128.6118881118881
628.6718281718281 298.6818181818182
594.7857142857142 372.84765234765234
551.9485514485514 424.63586413586415
457.9625374625374 460.44005994005994
515.504995004995 464.2762237762238
633.7867132867133 425.2752247752248
