279.4897683918456 855.4897683918455
477.3079502100274 765.7235346256117
733.3079502100273 749.1001580022352
967.6975605996379 815.5936644957416
857.9832748853523 795.6456125476897
856.3209372230147 715.8534047554817
874.6066515087289 669.3079502100272
946.0871709892483 727.4897683918455
691.749508651586 690.9183398204169
545.4637943658716 685.931326833404
510.55470345678077 669.3079502100272
459.02223592431307 665.983274885352
449.04820995028723 714.1910670931442
415.801456703534 795.6456125476897
392.52872943080666 692.5806774827546
277.8274307295079 680.944313846391
306.0871709892483 687.5936644957416
327.69756059963794 657.6715865736638
201.35989826197542 744.1131450152221
184.73652163859882 692.5806774827546
139.85340475548205 714.1910670931442
181.41184631392363 843.8534047554817
126.55470345678069 842.1910670931442
66.7105476126249 727.4897683918455
214.65859956067686 684.2689891710663
412.47678137885856 652.6845735866506
200.52872943080652 677.2040541061313
257.04820995028706 646.4508073528846
280.3209372230143 649.7754826775598
302.7624956645728 651.4378203398975
303.5936644957415 638.1391190411961
352.6326255347026 643.957300859378
394.1910670931441 640.6326255347027
433.2560021580792 644.7884696905469
488.94431384639097 648.1131450152221
645.2040541061314 714.1910670931442
592.0092489113262 662.6585995606766
615.2819761840534 654.3469112489885
660.1650930671702 648.1131450152221
636.8923657944429 638.1391190411961
587.8534047554818 634.8144437165207
562.918339820417 643.9573008593779
539.6456125476897 653.100158002235
472.3209372230143 639.8014567035337
456.5287294308065 641.4637943658715
507.23002813210525 649.7754826775597
498.91833982041703 630.6585995606766
482.2949631970402 628.1650930671701
440.73652163859873 652.2689891710663
512.2170411191182 629.8274307295078
337.6715865736637 658.9183398204168
765.7235346256117 663.074183976261
757.4118463139234 645.6196385217156
815.5936644957417 649.7754826775597
828.0611969632739 610.7105476126247
795.6456125476897 604.8923657944429
726.6585995606766 659.7495086515858
686.3469112489884 630.0352229373001
675.1261320282092 618.8144437165208
692.1650930671701 610.0871709892481
740.3728852749624 635.853404755482
756.5806774827546 634.1910670931443
715.4378203398975 593.0482099502871
680.1131450152221 607.1780800801572
662.6585995606766 602.6066515087286
667.2300281321052 601.3598982619754
648.1131450152221 608.8404177424949
636.4767813788584 607.1780800801572
633.1521060541832 600.1131450152222
621.9313268334039 598.8663917684689
626.9183398204169 608.8404177424949
611.9573008593779 617.5676904697676
607.8014567035337 630.0352229373001
611.1261320282091 637.931326833404
584.944313846391 611.7495086515858
577.4637943658715 603.4378203398975
567.074183976261 604.2689891710663
543.8014567035337 607.5936644957417
529.6715865736636 618.3988593009365
568.3209372230143 623.3858722879494
599.9053528074298 610.918339820417
608.2170411191182 594.2949631970404
604.8923657944429 585.983274885352
593.2560021580792 590.1391190411961
584.1131450152221 594.2949631970404
575.8014567035337 593.0482099502871
564.996261898339 600.1131450152222
552.944313846391 601.7754826775599
656.4248333269104 627.5417164437936
648.1131450152221 620.4767813788585
665.983274885352 618.3988593009365
720.8404177424949 633.3598982619754
732.8923657944429 629.2040541061314
701.7235346256117 579.3339242360014
711.2819761840533 575.5936644957417
697.5676904697675 571.0222359243131
683.4378203398975 584.3209372230143
673.0482099502871 594.2949631970404
727.9053528074298 552.3209372230143
712.944313846391 556.061196963274
604.8923657944429 561.0482099502871
624.8404177424948 567.6975605996378
644.7884696905468 570.6066515087286
634.3988593009364 579.3339242360014
624.4248333269104 588.0611969632741
663.4897683918455 574.7624956645728
714.3988593009364 607.4897683918455
703.3858722879494 606.4508073528846
700.2689891710663 599.1780800801572
729.152106054183 612.6845735866508
748.8923657944429 611.2300281321052
724.7884696905468 586.0871709892481
729.152106054183 592.7365216385988
729.3598982619753 575.2819761840533
735.3858722879494 577.1521060541832
734.9702878723649 548.061196963274
740.1650930671701 549.5157424178195
730.6066515087286 543.2819761840533
717.100158002235 575.0741839762611
721.6715865736636 566.3469112489884
776.5287294308065 595.2300281321052
761.3598982619753 599.5936644957417
679.2819761840533 573.2040541061313
666.3988593009364 563.4378203398975
690.0871709892481 558.8663917684689
697.5676904697675 558.4508073528846
679.2819761840533 562.1910670931443
670.3469112489884 558.6585995606766
674.9183398204169 567.8014567035337
660.3728852749623 666.7105476126249
676.9962618983388 759.3858722879495
690.5027554048326 548.061196963274
681.9832748853521 550.3469112489884
673.8793787814559 548.8923657944429
666.3988593009365 542.8663917684688
662.6585995606767 536.2170411191182
669.931326833404 532.061196963274
658.0871709892482 537.0482099502871
651.2300281321053 538.5027554048324
654.762495664573 547.022235924313
658.0871709892482 554.9183398204169
644.5806774827547 545.5676904697675
638.3469112489885 548.061196963274
629.4118463139235 542.6585995606766
629.4118463139235 570.9183398204169
714.3988593009365 543.6975605996377
700.6845735866508 544.3209372230143
706.2949631970404 542.6585995606766
694.4508073528846 552.4248333269104
696.3209372230144 540.3728852749624
689.8793787814559 537.8793787814559
687.1780800801573 541.2040541061313
681.3598982619754 538.7105476126247
678.866391768469 542.2430151450922
642.7105476126247 561.5676904697675
790.6585995606769 660.7884696905468
893.7235346256118 655.3858722879494
909.9313268334042 650.8144437165207
23.765004325425846 673.6887888195123
61.44174545551785 679.0711804095255
221.5678952584087 662.924005639486
