282.31818181818187 644.0064935064935
462.83766233766255 668.6818181818181
523.8766233766235 581.668831168831
516.0844155844156 501.1493506493506
557.6428571428573 463.4870129870129
595.305194805195 612.8376623376622
487.5129870129872 437.5129870129869
431.6688311688313 468.6818181818181
394.0064935064936 523.2272727272726
294.0064935064936 508.94155844155836
217.38311688311694 499.85064935064923
179.72077922077924 484.2662337662336
69.33116883116884 498.55194805194793
65.43506493506493 562.1883116883116
83.61688311688317 649.2012987012986
25.17532467532476 607.6428571428571
183.61688311688317 592.0584415584415
256.3441558441559 594.6558441558441
68.03246753246754 432.31818181818164
21.27922077922085 441.4090909090908
25.17532467532476 475.17532467532465
383.6168831168832 428.4220779220778
417.38311688311705 419.3311688311687
457.64285714285734 410.24025974025966
574.5259740259742 349.2012987012986
588.8116883116884 321.92857142857133
521.2792207792209 294.655844155844
497.9025974025976 277.77272727272714
345.9545454545455 405.0454545454544
270.62987012987026 434.91558441558425
177.12337662337666 450.4999999999999
192.7077922077923 418.0324675324674
158.94155844155853 416.7337662337661
119.98051948051955 405.0454545454544
262.83766233766244 389.46103896103887
252.448051948052 359.59090909090895
187.51298701298708 341.40909090909076
160.24025974025983 362.18831168831156
83.61688311688317 356.9935064935064
116.08441558441564 327.1233766233765
151.1493506493507 294.655844155844
168.03246753246754 271.2792207792206
199.2012987012988 290.7597402597401
229.07142857142867 250.49999999999986
261.53896103896113 232.31818181818164
269.33116883116895 308.9415584415583
282.31818181818187 337.5129870129869
390.1103896103898 345.3051948051947
322.57792207792215 323.22727272727263
321.27922077922085 295.9545454545453
419.9805194805196 340.1103896103895
466.73376623376635 312.8376623376622
484.9155844155846 336.2142857142856
458.9415584415585 281.66883116883105
391.40909090909093 273.87662337662323
494.0064935064936 228.42207792207773
468.03246753246754 199.85064935064918
412.18831168831184 264.7857142857142
412.18831168831184 244.00649350649337
348.5519480519481 253.0974025974025
201.79870129870142 206.34415584415567
566.7337662337663 177.77272727272714
501.7987012987014 141.40909090909076
355.6948051948053 156.0194805194803
367.38311688311705 137.8376623376621
424.52597402597416 129.39610389610363
465.43506493506516 124.20129870129841
412.18831168831184 106.66883116883092
405.69480519480544 128.09740259740232
386.8636363636366 110.56493506493479
377.12337662337677 99.52597402597377
382.318181818182 85.88961038961014
414.13636363636385 70.95454545454521
430.3701298701301 65.75974025974
356.99350649350663 124.8506493506491
351.1493506493508 103.42207792207768
340.1103896103898 107.96753246753224
360.24025974025994 93.03246753246725
360.88961038961054 85.88961038961014
362.18831168831184 78.74675324675303
347.9025974025976 73.55194805194782
331.0194805194807 76.79870129870102
331.0194805194807 138.48701298701275
313.48701298701314 148.87662337662314
307.6428571428573 169.65584415584394
263.48701298701314 183.29220779220756
262.18831168831184 164.46103896103875
270.62987012987026 209.2662337662335
223.22727272727286 180.69480519480499
195.9545454545456 176.79870129870108
245.30519480519496 144.98051948051926
262.18831168831184 124.20129870129841
274.52597402597416 96.92857142857116
305.0454545454547 119.00649350649326
306.99350649350663 137.18831168831144
323.87662337662357 119.00649350649326
334.2662337662339 120.9545454545452
325.82467532467547 108.61688311688289
314.78571428571445 108.61688311688289
313.48701298701314 98.22727272727246
315.43506493506516 87.18831168831144
311.5389610389612 78.09740259740232
298.5519480519482 87.8376623376621
291.40909090909105 94.98051948051926
293.357142857143 105.37012987012963
261.5389610389612 92.38311688311666
249.85064935064946 94.33116883116855
291.40909090909105 73.55194805194782
281.0194805194807 70.30519480519456
231.01948051948068 100.82467532467507
222.5779220779222 111.2142857142855
207.64285714285728 130.04545454545433
193.357142857143 144.98051948051926
227.77272727272742 124.8506493506491
469.33116883116895 173.87662337662323
174.52597402597405 151.7987012987012
153.74675324675331 310.2402597402596
175.82467532467535 124.52597402597392
214.78571428571442 84.59090909090901
231.6688311688313 76.14935064935054
240.11038961038972 61.21428571428561
205.04545454545465 104.0714285714285
198.5519480519482 79.3961038961038
160.88961038961048 95.62987012987003
146.6038961038962 99.52597402597394
166.7337662337663 113.81168831168821
158.94155844155853 113.81168831168821
297.2532467532469 59.26623376623371
274.52597402597416 54.071428571428505
206.01948051948065 64.9480519480519
199.8506493506495 46.11688311688309
206.99350649350663 38.3246753246753
214.4610389610391 49.03896103896102
225.50000000000017 45.467532467532436
236.21428571428584 28.909090909090878
221.92857142857156 23.064935064935014
238.1623376623378 18.194805194805156
253.74675324675337 42.22077922077918
263.81168831168844 44.49350649350646
249.85064935064952 49.36363636363632
181.34415584415598 40.27272727272725
173.5519480519482 24.03896103896099
160.88961038961054 58.129870129870085
174.20129870129884 65.27272727272725
183.94155844155858 61.37662337662334
193.68181818181833 64.29870129870125
167.38311688311703 85.72727272727269
158.61688311688326 84.4285714285714
135.56493506493518 90.92207792207789
286.2142857142859 38.3246753246753
272.57792207792227 43.194805194805184
508.2922077922078 128.42207792207773
206.34415584415598 17.707792207792124
188.81168831168844 13.811688311688217
195.95454545454555 11.214285714285609
169.9805194805196 8.616883116883002
119.98051948051962 107.3181818181817
273.87662337662357 31.993506493506402
192.68181818181816 96.38068181818178
286.1704545454545 48.31249999999999
239.12499999999997 42.6875
307.85873850197123 356.34756898817346
225.33574244415266 9.698423127463855
207.46452036793713 9.17279894875162
215.34888304862042 2.8653088042049717
222.70762155059154 2.8653088042049717
232.16885676741148 3.916557161629442
240.57884362680701 7.070302233902795
245.30946123521701 3.3909329829172066
163.31208935611062 45.966491458607095
195.3751642575561 3.3909329829172066
163.83771353482285 3.3909329829172066
