10.862570265555243 524.0100794727658
99.18976545842209 529.5305291723201
78.21205660011626 591.3595658073269
10.862570265555243 611.2331847257219
137.83291335530137 514.0732700135684
165.4351618530723 516.2814498933901
198.55786005039732 514.0732700135684
36.25663888350446 466.59740259740244
55.02616786198866 473.2219422368674
76.00387672029456 477.63830199651085
108.02248497770879 473.2219422368674
145.56154293467725 482.0546617561542
119.06338437681715 436.7869742198099
87.04477611940288 444.51560379918567
59.44252762163204 446.7237836790074
104.85908121729015 449.7600310137624
44.68617949214963 438.7191316146541
36.95754991277378 445.8957162240745
13.219616204690814 445.8957162240745
157.85539833301027 444.79162628416367
144.60631905408027 442.03140143438657
130.25314983523938 448.6559410738516
148.4706338437682 455.83252568327197
183.24946695095954 453.62434580345035
196.49854622988957 455.2804807133166
181.59333204109325 439.27117658460946
177.17697228144993 485.64295406086455
203.12308586935455 482.8827292110875
213.6119402985075 462.457065322737
232.9335142469471 475.706144601667
254.46326807520842 481.77863927117664
215.26807520837377 444.23958131420824
280.4093816631131 498.8920333397945
274.33688699360346 544.1597208761387
235.14169412676878 544.7117658460942
186.56173677069205 580.0426439232409
183.24946695095954 666.7137042062416
232.3814692769917 620.3419267299865
315.18821477030434 551.8883504555147
365.4243070362474 538.0872262066292
375.9131614654004 612.0612521806552
426.7012987012988 642.9757704981586
446.5749176196939 551.8883504555147
271.0246171738709 455.2804807133166
235.69373909672422 451.4161659236286
258.32758286489644 446.4477611940299
244.52645861601093 449.7600310137624
252.2550881953868 450.8641209536732
285.9298313626673 453.62434580345035
321.260709439814 480.6745493312658
388.05815080441954 506.6206629191704
429.46152355107586 517.1095173483234
497.36305485559234 627.5185113394069
348.3109129676295 509.3808877689475
359.35181236673776 467.42547005233575
340.58228338825364 482.8827292110875
343.8945532079861 465.2172901725141
335.0618336886994 454.1763907734057
320.7086644698586 446.99980616398534
307.4595851909286 442.58344640434194
339.75421593332044 443.2735026167863
326.2291141694127 449.8980422562513
348.3109129676294 449.8980422562513
351.3471603023842 440.7893002519869
334.23376623376623 473.63597596433425
367.90850940104673 439.6852103120761
390.81837565419653 441.61736770692005
404.619499903082 435.8208955223882
412.90017445241324 438.5811203721653
404.06745493312656 445.2056600116303
401.85927505330494 451.2781546811399
401.85927505330494 462.8710990502036
388.0581508044195 468.3915487497578
412.6241519674356 491.02539251792996
411.244039542547 459.55882923047113
422.28493894165535 444.65361504167487
391.6464431091297 449.6220197712736
329.5413839891452 456.2465594107386
504.53963946501284 606.2647799961234
534.902112812561 553.8205078503587
473.6251211475094 493.09556115526277
462.58422174840115 478.74239193642194
513.9244039542549 495.8557860050398
532.6939329327392 501.3762357045941
452.6474122892036 458.31672804807147
443.2626477999615 439.54719906958724
433.325838340764 447.2758286489631
442.710602830006 450.58809846869565
471.96898623764315 453.34832331847264
482.4578406667962 446.7237836790077
500.67532467532493 459.97286295793776
513.9244039542549 463.8371777476257
503.9875944950574 447.2758286489631
514.4764489242103 450.58809846869565
540.422562512115 461.0769528978485
548.7032370614463 466.0453576274473
621.4243070362476 663.1254119015313
619.2161271564258 606.8168249660786
589.4056987788333 578.1104865283969
572.8443496801708 541.6755185113393
568.4279899205275 505.2405504942817
619.2161271564258 497.51192091490583
610.3834076371392 469.90967241713497
583.8852490792792 465.4933126574916
725.2087613878662 599.0881953867028
746.1864702461721 665.3335917813529
777.1009885636754 613.4413646055435
808.0155068811789 582.5268462880401
880.885442915294 646.5640628028688
921.736770691995 541.6755185113393
856.5954642372558 533.9468889319635
789.2459779026946 541.6755185113393
751.7069199457262 528.4264392324093
708.6474122892037 541.6755185113393
665.5879046326811 526.2182593525877
679.9410738515219 486.4710215157975
652.3388253537511 493.0955611552625
631.3611164954451 462.1810428377591
623.6324869160693 446.7237836790074
709.7515022291146 475.4301221166892
698.7106028300061 494.19965109517335
745.0823803062611 478.74239193642177
788.1418879627839 487.57511145570834
803.5991471215353 486.4710215157975
870.9486334560966 488.6792013956192
969.2126381081608 493.0955611552625
1013.3762357045945 543.883698391161
1015.5844155844162 497.51192091490583
1010.063965884862 615.6495444853654
529.7848420236484 439.13316534212044
481.48090715254926 439.13316534212044
496.6621438263233 439.9612327970536
491.41771661174687 439.13316534212044
522.0562124442724 441.0653227369644
525.9205272339605 438.58112037216506
542.2058538476452 441.3413452219421
546.6222136072886 441.8933901918976
556.5590230664861 447.68986237642946
552.1426633068428 445.75770498158545
575.0525295599926 448.51792983136255
593.2700135685213 452.6582671060282
599.3425082380309 449.6220197712734
616.4559023066489 449.069974801318
610.9354526070948 444.3775925566969
603.2068230277189 444.3775925566969
583.0571816243462 442.9974801318084
560.423337856174 475.2921108742003
644.0581508044198 457.35064935064923
651.7867803837955 444.3775925566969
657.3072300833499 451.55417716611737
655.0990502035281 467.011436324869
565.8057763132393 452.451250242295
643.5061058344643 557.1327776700911
947.1308393099443 526.2182593525877
671.9364217871685 446.8617949214962
680.4931188214774 458.45473929056
692.362085675519 460.38689668540394
700.0907152548948 463.42314402015876
690.7059507656527 482.19267299864293
722.4485365380892 462.31905408024784
737.9057956968409 462.31905408024784
733.4894359371976 478.328358208955
728.2450087226212 492.12948245784037
776.2729211087424 475.2921108742002
767.4402015894558 489.09323512308566
754.7431672804812 467.2874588098466
785.1056406280292 455.14246947082745
792.834270207405 455.6945144407829
792.834270207405 444.92963752665224
784.0015506881183 437.4770304322541
735.1455708470637 444.92963752665224
741.2180655165733 453.2103120759835
748.9466950959493 453.4863345609612
754.1911223105257 452.6582671060281
730.1771661174652 455.6945144407829
684.9094785811209 446.8617949214962
633.0172514053115 446.8617949214962
715.5479744136466 441.8933901918975
722.724559023067 446.03372746656305
728.5210312075988 446.30974995154077
714.7199069587134 452.1062221360727
707.2672998643152 442.9974801318083
818.7803837953095 463.14712153518104
801.1149447567362 467.5634812948244
827.3370808296186 462.31905408024784
805.5313045163795 440.2372552820312
796.9746074820706 436.9249854622987
686.2895910060093 456.7295987594493
748.9466950959493 446.24074433029637
770.7524714091883 437.4080248110097
760.9536731924796 433.26768753634406
768.268269044389 432.7156425663886
772.8226400465211 431.33553014150004
784.0015506881182 432.1635975964332
747.7045939135495 440.3062609032756
837.4119015313049 446.37875557278517
848.1767784454356 447.3448342702072
837.9639465012604 451.4851715448728
842.9323512308591 458.3857336693155
819.8844737352204 438.65012599340935
811.4657879434002 431.7495638689666
831.8914518317507 429.54138398914495
841.2762163209928 434.78581120372144
863.2200038767206 447.6208567551849
864.3240938166315 465.5623182787359
847.9007559604579 475.22310525295575
856.7334754797445 479.2254312851325
817.6762938553987 442.3764295406084
812.9839116107777 435.88990114363224
864.4621050591204 440.03023841829787
846.934677263036 433.9577437487883
856.4574529947669 436.85597984105425
878.6772630354724 460.9389416553593
872.328745880985 462.31905408024784
873.7088583058736 449.3459972862955
889.1661174646252 464.2512114750918
903.5192866834661 470.8757511145568
919.2525683271956 462.31905408024784
930.5694902112817 462.87109905020327
932.2256251211478 485.2289203333977
914.2841635975967 485.2289203333977
870.9486334560966 443.2044969955415
895.9286683465792 451.6231827873616
931.6735801511925 453.0032952122501
934.847838728436 447.7588679976737
957.4816824966082 452.5892614847836
964.1062221360731 445.82671060282973
964.1062221360731 465.97635200620243
950.5811203721655 463.2161271564254
881.1614654002717 437.1320023260319
900.2070168637337 437.8220585384762
897.4467920139565 432.57763132389965
896.2046908315568 429.5413839891449
908.349680170576 438.2360922659427
917.3204109323516 438.78813723589815
925.4630742391939 436.1659236286099
929.7414227563485 436.1659236286099
915.11223105253 447.0688117852294
945.8887381275445 449.96704787749536
950.1670866446989 448.1729017251402
949.7530529172323 473.70498158557825
922.4268269044392 473.1529366156229
844.8645086257028 439.8232215545647
882.679589067649 445.3436712541189
898.2748594688895 446.03372746656316
836.4458228338827 487.57511145570834
868.6024423337858 438.8916456677649
874.3989145183177 440.40976933514236
871.9147121535183 433.57821283194403
863.3580151192093 433.8542353169218
850.3159527040126 433.37119596821077
848.5218065516575 431.02500484590024
841.1382050785038 431.6460554371001
841.6212444272148 429.23085869354514
880.2643923240939 433.02616786198865
888.4070556309364 443.3770110486527
881.2994766427604 440.7547974413645
860.3217677844546 459.4553207986043
861.5638689668542 455.5220003876719
864.255088195387 436.47644892421
892.547392905602 432.68113975576654
880.6784260515606 429.0238418298119
843.277379337081 430.26594301221155
943.3192479162628 487.9891451831749
957.6724171351036 476.3962008141112
986.3787555727854 478.3283582089551
1000.4559023066486 481.08858305873224
438.54855592169025 507.3107191316146
434.6842411320023 434.4407830974995
509.48633456096144 440.2372552820313
500.6536150416748 439.40918782709826
490.4407830974995 459.28280674549325
529.0839309943788 470.3237061446016
530.4640434192673 460.6629191703818
536.2605156037991 442.1694126768753
539.296762938554 448.2419073463849
567.4510564062803 442.1694126768753
575.1796859856561 438.3050978871874
562.2066291917038 439.6852103120759
604.714091878271 454.8664469858499
600.2977321186277 439.1331653421205
643.9092847451057 486.60903275828645
518.3190540802481 442.445435161853
391.2106997480132 458.52374491180456
397.14518317503394 455.9015313045163
407.6340376041869 449.9670478774956
431.92401628222524 439.20217096336495
472.49932157394846 439.61620469083147
462.7005233572398 434.5097887187439
452.7637138980423 445.1366543903857
9.758480325644372 483.15875169606494
994.7602248497772 454.2453963946501
1001.3847644892421 453.69335142469464
978.4748982360921 464.18220585384756
966.329908897073 455.211475092072
979.5789881760031 445.1366543903856
968.262066291917 445.5506881178522
943.9720876138786 442.2384182981197
941.3498740065903 436.7179685985655
928.9288621825935 441.6863733281643
929.0668734250823 431.61155262647793
956.3930994378755 432.0255863539445
945.2141887962783 434.0957549912773
949.6305485559217 432.99166505136645
946.0422562512114 430.92149641403364
939.831750339213 462.94010467144784
939.831750339213 452.72727272727263
962.4655941073852 441.13432835820885
970.0562124442721 439.7542159333203
996.9684047295987 443.06648575305286
1015.4619112231053 455.48749757704974
935.2773793370808 433.95774374878846
941.3498740065903 433.405698778833
900.4985462298896 458.7307617755378
921.2002326032177 430.99050203527804
920.2341539057958 427.81624345803436
885.869354526071 430.99050203527804
941.763907734057 431.4045357627446
937.7615817018802 433.33669315758857
936.7955030044583 430.02442333785604
935.0013568521032 430.7144795503003
984.9614266330685 448.103896103896
984.2713704206242 453.34832331847247
968.8141112618725 433.33669315758857
971.7123473541385 433.1986819150997
974.8866059313822 440.2372552820313
974.8866059313822 445.2056600116301
979.4409769335144 431.68055824772233
981.9251792983138 426.43613103314584
990.0678426051562 429.3343671254118
993.2421011823999 429.7484008528784
940.6598177941463 425.1940298507462
939.969761581702 428.3682884279898
922.3043225431285 424.91800736576846
892.2178716805582 441.9968986237642
811.8953285520449 446.72378367900745
812.3093622795114 453.34832331847247
807.6169800348904 460.11087420042634
793.8158557860049 433.75072688505514
808.7210699748013 434.1647606125217
826.3865090133746 430.0244233378561
836.323318472572 429.33436712541186
837.1513859275053 430.8524907927892
839.0835433223492 438.99515409963163
828.1806551657296 439.4091878270982
834.8051948051948 466.87342508238027
834.529172320217 436.9249854622988
852.8846675712347 440.37526652452016
868.4799379724751 454.3144020158945
876.0705563093621 435.54487303741024
726.025974025974 439.4091878270982
740.1031207598371 434.5787943399883
752.1100988563675 435.68288427989916
744.9335142469471 432.7846481876332
762.046908315565 441.47935646443096
766.877301802675 436.3729404923434
762.8749757704982 437.0629967047877
756.1124248885443 439.27117658460935
798.067842605156 433.4747044000775
800.828067454933 432.92265943012205
802.6222136072882 431.6805582477224
775.4339988369838 433.6127156425663
823.1858887381275 434.1647606125217
678.4229501841447 442.23841829811965
680.6311300639663 437.6840472959875
670.6943206047688 439.8922271758092
691.8100407055636 434.2337662337661
683.2533436712546 434.7858112037215
701.0567939523169 436.85597984105436
697.7445241325844 436.0279123861212
692.9141306454744 445.8267106028299
706.3012211668934 436.4419461135878
713.8918395037803 434.50978871874383
722.3105252956004 433.81973250629954
723.0005815080448 436.1659236286101
719.1362667183568 436.7179685985655
756.813335917814 444.17057569296367
753.5010660980815 433.26768753634417
729.9011436324874 437.1320023260321
733.2134134522199 435.4758674161658
694.5702655553406 440.0302384182981
653.442915293662 435.7518899011436
654.8230277185506 448.03489048265163
666.830005815081 448.586935452607
665.7259158751701 445.4126768753634
918.992052723396 435.1998449311882
916.7838728435743 431.74956386896685
967.1579763520062 420.4326419848808
965.50184144214 421.6747431672804
963.569684047296 421.6747431672804
960.67144795503 420.98468695483615
949.6305485559217 423.74491180461325
947.9744136460554 423.74491180461325
945.7662337662338 423.74491180461325
969.228144989339 429.40337274665626
963.9837177747625 427.6092265943011
958.877301802675 435.8899011436324
954.046908315565 436.44194611358785
922.9943787555728 442.5144407830974
974.4725722039155 436.57995735607665
965.6398526846287 438.6501259934095
966.0538864120954 435.1998449311882
961.4995154099631 436.303934871099
967.4339988369838 423.60690056212434
976.9567745687148 420.70866446985843
974.4725722039155 421.81275440976924
951.9077340569878 417.568908703237
951.1486722232991 426.608645086257
965.0188020934289 432.4051172707889
956.46210505912 430.81798798216704
962.2585772436519 429.78290366350063
973.92052723396 427.091684434968
973.4374878852491 430.95599922465584
971.160302384183 430.1969373909672
948.2504361310332 430.12793176972275
948.5954642372553 419.43206047683657
939.2797053692576 421.4332234929249
941.5568908703237 421.4332234929249
936.7955030044582 425.50455514634615
969.0211281256057 420.3981391742585
972.6784260515603 418.81100988563674
970.194223686761 422.74433029656905
970.5392517929831 426.9536731924791
980.062027524714 423.3653808877689
981.994184919558 423.9174258577243
978.75092072107 419.15603799185885
982.2702074045358 438.1325838340763
976.6807520837372 437.58053886412085
988.2046908315565 432.95716224074425
989.7918201201783 436.6144601666989
931.8961038961039 429.02384182981194
933.9662725334367 436.7524714091878
970.8152742779608 425.159527040124
983.443302965691 428.8513277767008
984.4093816631129 441.962395813142
988.273696452801 444.03256445047487
993.1040899399108 442.10040705563085
993.2421011823997 436.71796859856556
999.1765846094204 433.54371002132194
1002.4888544291529 435.1998449311882
1009.2514053111067 434.9238224462104
1005.9391354913743 432.0255863539445
1002.6268656716418 429.5413839891451
1009.8034502810622 445.82671060282996
1014.4958325256832 440.0302384182981
1016.0139561930607 436.16592362861013
1020.430315952704 440.72029463074233
1008.5613490986625 432.0255863539445
996.5543710021321 426.5051366543903
946.7323124636557 426.5051366543903
926.9967047877495 423.3308780771467
929.3428959100601 426.64314789687916
926.9967047877495 427.74723783679
899.118433805001 421.9507656522581
998.2105059119986 436.57995735607665
998.624539639465 440.4442721457646
905.0529172320217 437.82205853847637
922.4423337856173 435.47586741616584
923.5464237255281 429.40337274665626
940.3837953091684 420.4326419848808
297.3739096724172 445.343671254119
833.1335530141504 456.5225818957161
827.8891257995739 448.51792983136255
853.0071719325455 447.9658848614071
859.079666602055 434.0957549912773
863.6340376041873 427.0571816243457
858.8036441170774 430.0934289591005
873.2948245784071 425.95309168443487
877.9872068230281 425.5390579569683
907.1075789881763 451.7611940298506
906.1415002907544 444.86063190540796
891.0982748594693 427.74723783678996
887.7860050397367 426.36712541190144
896.8947470440012 424.2969567745686
924.0139561930612 449.5185113394068
930.0864508625706 445.3781740647412
955.2044969955422 422.4683078115914
957.8267106028304 422.8823415390579
919.9953479356465 421.67474316728027
916.8210893584027 427.74723783678985
917.2351230858693 426.5051366543901
917.6491568133358 424.0209342895908
898.8796278348516 427.1951928668344
910.6105834464042 421.950765652258
902.8819538670284 423.19286683465765
905.5041674743167 422.08877689474684
924.135685210312 420.70866446985826
932.692382244621 424.0209342895908
916.2690443884474 454.79744136460533
377.0864359521076 443.49978379829145
376.06345892913055 437.3619216604292
224.66285952853113 453.72955402806167
79.40012226579385 456.79848509699264
