213.47343591454924 457.75611397881204
254.39251683363017 518.1117583344563
160.27863071974411 502.767102989801
35.9526869332609 415.7006190242163
19.58709847576435 427.25279911186084
86.9748156536913 433.0288891556831
107.8329185897163 503.6255452468447
264.42913755556555 435.9169341775943
315.1303723846725 435.9169341775943
313.8467968193786 395.80519776216164
225.92187059675015 399.01413667539623
104.94487356780513 388.1037443703985
5.146873366208588 406.0738022845124
160.78041065808745 431.7453135903893
362.8280812691946 524.2496204723185
383.2876217287351 452.6412288639269
344.41449485560815 419.9059641286622
414.99990944102274 532.4334366561347
428.29861073972404 489.46840169109976
476.3785308196441 504.8130570357551
555.1477615888748 534.4793907020887
630.8480612891743 528.3415285642266
655.3995098406232 457.75611397881204
688.1347745758877 437.2965735192716
759.7431661842793 441.3884816111797
749.5133959545091 507.8819881046861
845.6732361143493 472.0777923004904
868.1787306198438 526.2955745182725
929.5573519984652 472.0777923004904
1000.1427665838797 459.8020680247661
889.6612481023612 415.81405603675415
868.1787306198438 403.5383317610298
762.8120972532105 400.4694006920988
729.0538554949686 369.7800900027881
697.341567782681 405.5842858069839
663.5833260244392 367.73413595683405
628.8021072432205 413.7681019908
686.0888205299339 355.45841168110974
555.1477615888748 472.0777923004904
508.0908185319319 434.22764245034045
556.1707386118519 389.2166534393515
430.3445647856781 421.9519181746162
458.9879214290347 398.42344664614467
426.25265669377 356.48138870408684
460.01089845201176 343.1826874053855
493.7691402102535 339.0907793134774
375.1038055449189 384.1017683244664
344.41449485560815 384.1017683244664
312.70220714332044 355.45841168110974
269.7371721782855 389.2166534393515
277.9209883621017 355.45841168110974
4.244998018778763 187.97683830942657
7.714535474330205 184.40817121228793
16.73533285876395 183.02035623006734
30.31609375620817 184.5073008538751
36.16474260985203 184.40817121228793
45.97857712698324 181.83080053102114
40.030798631752205 191.14898684021642
31.803038380015927 194.32113537100633
16.041425367653666 192.93332038878575
11.679721137817566 194.71765393735507
3.749349810842844 200.4671731494117
21.295296371774416 207.10885913575305
24.863963468913045 197.98893210973213
35.47083511874173 208.2984148347993
27.04481558383109 218.7070272014536
27.540463791767014 228.91738028493356
17.230981066699876 229.9086767008054
7.714535474330205 213.05663763098414
6.425850133696813 208.49667411797364
5.434553717824975 234.66689949699025
39.93166899016502 223.6635092808128
61.83931978093269 222.96960178970252
67.68796863457655 231.39562132461316
59.856726949189 181.33515232308523
53.809818812370786 193.82548716307042
54.503726303481066 186.58902332720598
58.76630089172999 184.90381942022384
77.20441422694623 182.32644873895705
67.29145006822782 188.57161615894967
64.2184311790251 212.46185978146102
42.5090396714318 205.91930343670688
87.31563766883899 194.02374644624476
89.49648978375704 183.02035623006734
80.77308132408484 197.98893210973213
76.70876601901028 205.32452558718379
80.87221096567204 215.73313795383808
95.14687935422651 214.74184153796625
83.94522985487473 224.15915748874872
98.02163896025485 210.5783965913045
77.9994952697796 164.43354843247036
76.41342100438465 167.80395624643464
70.86216107550233 164.43354843247036
68.87956824375865 168.79525266230647
54.406640572029794 177.51866112197865
53.01882558980921 183.06992105086098
49.45015849267058 171.57088262674762
57.182270536470945 169.7865490781783
34.97723082094171 174.34651259118877
35.96852723681355 179.89777252007107
27.04685949396699 171.76914190992198
30.81378587427999 176.1308461397581
28.2364151930132 177.12214255562992
22.883414547305264 174.54477187436314
21.49559956508468 178.31169825467612
3.850523362565922 174.1482533080144
77.20645813708211 159.67532563628555
74.23256888946659 158.28751065406496
51.23449204123991 157.4944735213675
54.20838128885543 158.6840292204137
70.66390179232798 159.47706635311118
67.69001254471245 153.92580642422885
42.70934286474207 156.50317710549567
45.286713546008855 153.7275471410545
33.58941583872114 167.80395624643464
40.72675003299838 168.3987340959577
21.099080998735946 165.62310413151658
14.358265370807427 157.89099208771623
17.332154618422955 156.70143638867
7.220931176530183 166.01962269786532
16.340858202551114 166.6144005473884
30.81378587427999 241.1598910209508
30.615526591105613 254.83978155998219
23.279933113653996 248.0989659320537
11.38437612319191 253.25370729458726
0.8766341149503951 259.598004356167
18.32345103429479 262.1753750374338
46.07975067870632 255.83107797585404
64.51786401392256 244.3320395517407
89.69679297706732 240.5651131714277
104.76449849831928 247.10766951618183
118.2461297541763 248.29722521522808
135.29642810717198 242.9442245695201
160.67361635349107 243.34074313586882
152.34672646016762 230.45388972953492
146.2006886817622 222.12699983621147
134.30513169130015 209.63666499622627
114.87572194021206 214.79140635875984
114.28094409068896 203.2923679346465
122.40957470083806 199.1289229879848
99.213238569437 178.5099575378505
79.18905096882581 174.54477187436314
79.78382881834891 169.7865490781783
62.33701189900451 168.3987340959577
24.271229529525836 163.44225201659853
89.69679297706732 260.5893007720388
70.06912394280486 261.58059718791066
101.19583140118067 235.01385324254537
82.95597734913879 234.41907539302227
114.67746265703771 161.45965918485484
127.56431606337159 165.22658556516782
132.7190574259052 178.5099575378505
123.00435255036116 181.08732821911727
120.8235004354431 188.62118097974326
114.28094409068896 188.02640313022016
131.33124244368463 168.99351194548083
128.75387176241784 158.6840292204137
122.40957470083806 158.28751065406496
118.2461297541763 159.2788070699368
110.11749914402722 177.12214255562992
107.7383877459348 171.37262334357325
105.16101706466802 169.39003051182956
100.00627570213442 187.03510671434833
164.4405427338041 216.17922134098043
176.7326182906149 238.38426105650964
180.69780395410226 256.2275965422028
181.68910036997408 221.33396270351398
195.96376875852863 209.2401464298775
182.48213750267158 205.47322004956456
197.1533244575748 197.54284872258984
177.92217398966113 190.80203309466134
184.66298961758963 189.41421811244075
175.3448033083943 181.08732821911727
195.96376875852863 184.45773603308155
193.5846573604362 172.56217904261945
184.861248900764 169.7865490781783
182.48213750267158 179.89777252007107
158.0962456722243 185.8455510153021
156.70843069000372 193.77592234227686
166.026616999199 200.71499725337972
157.69972710587555 204.68018291686707
144.41635513319292 209.8349242794006
149.57109649572647 197.14633015624108
138.46857663796183 194.37070019179995
138.46857663796183 188.02640313022016
141.04594731922865 181.48384678546603
143.2267994341467 166.01962269786532
151.95020789381888 168.002215529609
150.16587434524956 161.0631406185061
162.06143133571166 158.88228850358806
132.1242795763821 154.52058427375195
173.95698832617373 162.05443703437794
187.04210101568202 157.4944735213675
191.00728667916943 165.22658556516782
180.10302610457916 159.2788070699368
10.103355445567823 363.1813261292987
38.79167811191248 347.1059729110884
29.641092433854265 330.041367187142
55.85628383585886 328.06286217567
57.09284946802889 310.25631707242155
80.0929702263914 308.27781206094954
116.69531293862423 347.1059729110884
132.77066615683464 321.1380946355178
110.26517165134008 310.9982564517236
160.46973631744322 376.04160870386704
178.77090767355963 383.21368937045327
211.41624036284838 338.6973266123322
189.65268523665586 331.77255907218006
200.2871496733181 319.6542158769138
150.08258500721496 338.4500134858982
51.65196068648077 354.52536670410854
59.56598073236895 391.6223356692094
60.30792011167097 367.13833615224286
213.88937162718844 342.15971038240826
203.2549071905262 358.48237672705267
261.5533559944694 337.04482526752327
271.78312622423977 331.92994015263815
255.41549385660738 303.28658350928157
230.86404530515878 286.91895114164913
213.4734359145494 267.4823877050857
189.94496438607788 292.0338362565343
199.15175759287115 249.06880129149934
206.31259675371027 220.42544464814267
219.6112980524116 211.21865144134946
210.40450484561833 190.759110981809
219.6112980524116 188.71315693585495
309.6332760743896 331.92994015263815
313.72518416629765 307.37849160118964
333.16174760286117 296.12574434844237
341.34556378667736 272.59727281997084
323.9549543960679 262.3675025902006
334.1847246258381 249.06880129149934
39.56734200845548 286.91895114164913
5.809100250213715 294.07979030248833
6.8320772731907295 274.64322686592493
22.176732617846113 294.07979030248833
59.565469754835 151.8052496583173
56.47916544974947 151.95956487357157
51.23244813110407 153.34840181086005
50.15224162432414 150.26209750577453
32.714622300590925 154.58292353289426
37.03544832771066 157.0519669769627
48.30045904127284 164.61341252442224
79.78076295314519 148.10168449221467
91.50871931247016 145.3240106176377
101.23057787348958 148.5646301379775
122.06313193281687 150.10778229052028
118.51388198196854 146.40421712441764
80.55233902941656 190.84699911764918
32.560307085336646 159.5210104210311
73.60815434297413 145.16969540238344
72.83657826670274 141.00318459051798
65.89239358026032 147.02147798543473
131.32204484807346 136.37372813288968
137.80328388875307 140.6945541600094
103.39099088704944 140.38592372950083
146.5992511582468 140.38592372950083
152.308914122655 136.0650977023811
147.3708272345182 131.1270108142443
129.77889269553071 148.10168449221467
117.74230590569715 132.8244781820413
114.03874073959452 133.28742382780416
110.48949078874617 129.27522823119295
134.40834915315898 132.51584775153276
70.98479568365144 150.4164127210288
959.2236856647994 419.9059641286622
1015.4874219285357 374.89497511767314
992.9819274230412 365.6881819108799
977.6372720783856 346.25161847431644
927.5113979525117 356.4813887040868
876.3625468036605 355.45841168110974
896.8220872632011 333.9758941985922
941.83307627419 312.49337671607475
1007.3036057447194 305.3325375552356
1013.4414678825816 258.27559449829255
989.9129963541101 260.3215485442466
950.016892458006 276.6891809118789
919.3275817686954 283.8500200727181
903.9829264240402 285.89597411867214
889.6612481023619 272.59727281997084
886.5923170334308 299.19467541737345
906.0288804699941 267.4823877050857
891.7072021483158 245.99987022256826
957.1777316188452 239.86200808470613
798.6162930574068 374.89497511767314
794.5243849654986 319.6542158769139
798.6162930574068 283.8500200727181
835.4434658845796 283.8500200727181
850.7881212292349 269.5283417510398
874.3165927577064 241.90796213066014
854.880029321143 242.93093915363715
834.4204888616025 249.06880129149934
825.2136956548094 260.3215485442466
807.8230862641999 256.22964045233846
705.5253839664975 300.2176524403505
697.3415677826813 277.71215793485595
651.3076017487153 310.4474226701207
671.7671422082558 262.3675025902006
672.7901192312328 238.83903106172912
700.4104988516126 231.6781919008899
708.5943150354286 249.06880129149934
723.9389703800841 214.28758251028054
763.8350742761879 276.6891809118789
756.6742351153488 252.1377323604304
750.5363729774866 238.83903106172912
756.6742351153488 223.49437571707378
765.881028322142 213.26460548730356
477.40150784262147 303.28658350928157
418.06884050995404 326.815055037753
426.25265669377035 303.28658350928157
402.72418516529876 276.6891809118789
365.8970123381259 294.07979030248833
368.9659434070569 317.60826183095986
384.3105987517123 250.09177831447636
372.034874475988 232.70116892386693
347.4834259245394 230.6552148779129
320.8860233271368 213.26460548730356
254.39251683363034 250.09177831447636
251.32358576469923 281.804066026764
232.9099993511129 227.58628380898182
272.80610324721675 220.42544464814267
283.035873476987 210.19567441837245
298.3805288216423 209.1726973953954
315.7711382122517 202.01185823455617
328.04686248797606 192.80506502776308
352.5983110394245 207.12674334944137
333.16174760286117 180.52934075203873
339.2996097407232 173.36850159119962
348.5064029475165 167.23063945333743
364.8740353151488 192.80506502776308
376.12678256789616 203.0348352575333
462.056852497966 232.70116892386693
446.7121971533108 241.90796213066014
432.39051883163233 168.2536164763145
455.91899036010386 152.90896113165914
503.9989104400241 232.70116892386693
493.7691402102537 263.39047961317766
520.3665428076565 272.59727281997084
534.6882211293348 298.1716983943964
545.940968382082 341.1367333594313
576.6302790713927 329.8839861066841
596.0668425079562 357.50436572706377
628.8021072432209 362.6192508419488
499.907002348116 213.26460548730356
514.2286806697944 210.19567441837245
514.2286806697944 183.59827182096984
491.72318616429976 185.64422586692388
471.2636457047593 187.69017991287788
479.4474618885754 174.39147861417658
496.83807127918493 169.27659349929155
520.3665428076565 166.20766243036047
519.3435657846793 192.80506502776308
542.8720373131508 190.759110981809
540.826083267197 173.36850159119962
549.0098994510131 181.55231777501572
552.0788305199442 283.8500200727181
558.2166926578063 249.06880129149934
534.6882211293348 249.06880129149934
575.6073020484157 256.22964045233846
603.2276816687953 274.64322686592493
601.1817276228412 244.97689319959125
609.3655438066575 224.5173527400508
597.0898195309331 203.0348352575333
578.6762331173468 214.28758251028054
563.3315777726914 192.80506502776308
635.9629464040601 253.1607093834074
646.1927166338303 225.54032976302778
623.6872221283357 203.0348352575333
669.7211881623017 216.33353655623458
685.0658435069571 227.58628380898182
694.2726367137502 217.3565135792116
692.2266826677962 198.94292716562518
846.1811477831001 219.97476246319474
864.3310697891659 218.27320727512608
888.9090891723803 204.09358070788707
881.5356833574159 206.92950602133487
893.4465696738966 191.2373859535904
878.6997580439682 185.37647363913163
868.8685502906825 182.729610013247
880.5903749196 174.03277238534045
889.4762742350698 174.03277238534045
852.4201834726854 178.9483762619833
840.1311737810781 176.67963601122503
845.6139627204105 174.22183407290362
844.8577159701579 187.64521388988985
838.051495217883 203.33733395763434
903.6559008023088 194.64049632972774
906.6808878033198 181.59523988786788
913.4871085555944 174.97808082315638
919.3480208700532 169.49529188382397
927.099550060144 169.49529188382397
937.1198195009928 172.14215550970857
925.9651799347648 177.62494444904098
919.9152059327428 194.0733112670382
914.0542936182841 184.43116520131568
913.1089851804682 239.8262396573293
928.2339201855231 257.78709997583206
920.8605143705587 274.42452848139243
951.2994460682319 271.96672654307105
934.2838941875449 223.5669345268953
934.8510792502345 213.92478846117277
939.9557448144407 209.5763696472195
939.1994980641878 200.8795320193129
906.869949490883 213.92478846117277
908.004319616262 203.33733395763434
946.1947805040257 171.00778538432945
950.1650759428527 169.49529188382397
965.1009492603444 169.49529188382397
970.5837381996769 172.14215550970857
960.3744070712647 179.70462301223603
965.668134323034 176.86869769878825
952.0556928184844 188.96864570283216
944.6822870035203 182.729610013247
945.0604103786466 177.43588276147779
934.8510792502345 188.2123989525794
949.9760142552894 201.25765539443933
963.3993940722756 196.5311132053596
972.6634167628719 198.61079176855466
974.1759102633773 205.41701252082936
973.9868485758142 213.92478846117277
973.797786888251 223.94505790202163
972.8524784504351 237.1793760314447
939.5776214393143 217.89508389999972
951.6775694433582 271.58860316794465
991.3805238316273 262.7027038524749
1013.6898029640834 261.56833372709576
1001.5898549600394 249.657447410615
999.6992380844075 241.14967147027164
1016.7147899650943 234.5325124055601
1009.9085692128197 225.26848971496398
1017.6600984029102 219.0294540253788
1009.5304458376932 216.3825903994942
1017.471036715347 211.27792483528816
1005.9382737739926 202.2029638322552
1013.1226179013938 200.50140864418654
1017.2819750277838 194.64049632972774
1003.6695335232343 208.63106120940353
1000.0773614595339 212.03417158554092
994.2164491450751 216.3825903994942
988.7336602057427 223.94505790202163
985.5196115171685 197.47642164317557
985.8977348922948 190.67020089090084
990.6242770813747 202.77014889494478
994.0273874575118 188.77958401526897
983.4399329539734 183.48585676349975
986.6539816425476 178.9483762619833
977.2008972643883 172.70934057239813
991.1914621440642 172.89840225996133
988.5445985181794 176.1124509485355
992.3258322694431 179.70462301223603
1006.6945205242455 175.54526588584594
1000.2664231470972 180.2718080749256
992.8930173321328 169.68435357138713
998.3758062714652 170.06247694651353
1013.8788646516464 172.14215550970857
1017.0929133402205 170.2515386340767
1022.5757022795531 172.70934057239813
1022.0085172168634 177.43588276147779
1020.6850854039212 181.4061782003047
1019.7397769661052 185.37647363913163
1013.1226179013938 186.69990545207392
1011.9882477760146 180.08274638736242
1003.1023484605448 231.8856487796755
1018.416345153163 173.0874639475245
898.3621735505395 171.38590875945582
858.4701574747072 169.49529188382397
859.0373425373967 198.98891514368103
886.0731638589325 227.348168278159
1023.1428873422426 198.61079176855466
849.6736792276798 106.39723110344556
833.4859109519995 104.68034658935825
837.4102184127705 103.94453894046369
825.6372960304576 102.96346207527093
818.7697579741083 101.24657756118363
817.5434118926174 103.94453894046369
811.6569507014609 104.18980815676187
805.5252202940062 102.96346207527093
792.7712210465005 100.0202314796927
785.4131445575548 107.6235771849365
793.7522979116931 118.66069191835493
796.9407977235696 124.05661467691505
801.8461820495335 117.92488426946038
798.1671438050605 117.6796150531622
794.7333747768859 110.81207699681293
789.8279904509222 137.05588314071898
803.5630665636207 126.50930683989694
805.5252202940062 116.20799975537304
806.9968355917954 112.52896151090023
817.5434118926174 116.69853818796943
801.8461820495335 130.43361430066793
798.6576822376569 141.71599825038453
789.8279904509222 148.82880552303197
783.4509908271693 151.7720361186102
786.1489522064493 158.63957417495948
799.8840283191479 154.7152667141885
795.959720858377 148.33826709043558
803.8083357799188 164.52603536611596
801.6009128332352 176.29895774842893
807.2421048080935 188.8076877796365
787.6205675042385 192.73199524040749
780.9982986641875 178.01584226251626
821.4677193533885 182.67595737218184
819.2602964067047 167.22399674539602
810.6758738362681 164.52603536611596
819.9961040555993 155.20580514678485
815.5812581622318 159.8659202564504
813.8643736481445 150.0551516045229
812.1474891340572 139.75384451999903
836.4291415475777 121.1133840813368
825.1467575978612 122.09446094652957
839.1271029268579 128.9619990028788
834.7122570334905 130.43361430066793
833.4859109519995 123.56607624431868
826.3731036793521 140.98019060149
823.9204115163702 150.54569003711927
847.9567947135926 146.62138257634828
847.9567947135926 140.4896521688936
849.9189484439781 134.6031909777371
840.1081797920505 143.67815198077002
844.5230256854179 129.94307586807156
853.8432559047492 111.05734621311112
850.9000253091708 110.81207699681293
856.7864865003274 107.3783079686383
858.5033710144146 109.34046169902382
859.4844478796074 105.661423454551
879.3512543997605 109.34046169902382
885.7282540235134 113.26476915979481
892.8410612961609 116.69853818796943
911.236252518525 126.26403762359874
926.4429439290126 120.62284564874042
918.3490597911724 115.47219210647849
911.9720601674195 115.2269228901803
901.9160222991937 116.69853818796943
898.236984054721 132.39576803105342
891.8599844309681 135.82953705922804
888.6714846190918 129.69780665177336
889.4072922679862 140.98019060149
883.5208310768298 144.4139596296646
872.7289855597095 131.4146911658607
874.9364085063933 125.52822997470417
882.2944849953387 131.4146911658607
882.539754211637 128.9619990028788
857.2770249329238 131.4146911658607
861.2013323936947 130.43361430066793
858.2581017981164 120.37757643244224
868.314139666342 119.3964995672495
865.8614475033603 121.358653297635
874.691139290095 120.62284564874042
864.8803706381676 148.82880552303197
857.0317557166255 147.35719022524285
875.4269469389897 150.79095925341747
887.935676970197 146.62138257634828
871.7479086945167 164.52603536611596
869.7857549641312 172.86518872025434
857.5222941492219 162.56388163573047
861.691870826291 159.13011260755584
865.1256398544657 155.9416127956794
839.6176413594543 157.16795887717032
845.749371766909 165.01657379871233
831.2784880053158 162.56388163573047
834.9575262497887 187.3360724818474
824.6562191652648 192.73199524040749
826.8636421119485 183.16649580477818
899.7085993525102 151.7720361186102
900.9349454340011 144.4139596296646
908.2930219229467 143.18761354817366
912.9531370326122 142.69707511557726
905.1045221110702 147.8477286578392
900.9349454340011 135.09372941033348
894.8032150265464 163.7902277172214
910.5004448696303 166.2429198802033
913.6889446815067 157.65849730976672
922.5186364682415 155.451074363083
943.3665198535874 141.71599825038453
936.7442510135363 131.4146911658607
952.9320192892167 124.54715310951141
963.9691340226351 132.39576803105342
953.6678269381114 134.6031909777371
953.6678269381114 130.67888351696612
948.2719041795511 131.90522959845705
950.2340579099367 129.69780665177336
971.8177489441772 134.11265254514072
978.4400177842282 131.65996038215889
985.5528250568757 134.84846019403528
989.967670950243 135.82953705922804
1007.1365160911162 138.5274984385081
1009.0986698215016 142.69707511557726
1012.5324388496763 141.47072903408636
1015.9662078778509 143.18761354817366
1012.7777080659745 144.4139596296646
1018.664169257131 146.13084414375191
1022.3432075016037 157.16795887717032
1022.3432075016037 163.7902277172214
1007.3817853074145 152.99838220010116
1003.4574778466434 160.35645868904675
991.6845554643303 147.8477286578392
985.7980942731739 148.33826709043558
989.967670950243 152.26257455120657
994.6277860599085 156.43215122827576
983.345402110192 162.07334320313407
973.2893642419664 167.46926596169422
977.9494793516319 165.01657379871233
981.1379791635082 157.41322809346852
981.1379791635082 152.50784376750477
977.7042101353337 148.82880552303197
966.1765569693189 144.90449806226098
961.7617110759516 144.90449806226098
959.0637496966715 148.33826709043558
966.1765569693189 150.0551516045229
975.7420564049482 155.6963435793812
972.0630181604753 153.48892063269753
958.3279420477769 159.13011260755584
944.5928659350784 159.13011260755584
942.6307122046929 138.77276765480627
944.8381351513765 149.56461317192654
949.4982502610422 150.0551516045229
939.9327508254129 153.48892063269753
937.2347894461327 148.33826709043558
940.178020041711 146.62138257634828
944.102327502482 147.35719022524285
931.1030590386781 148.33826709043558
924.480790198627 152.0173053349084
921.5375596030487 144.90449806226098
908.2930219229467 151.28149768601386
908.783560355543 147.11192100894465
913.4436754652086 151.28149768601386
918.5943290074705 152.99838220010116
928.1598284430999 150.54569003711927
951.9509424240239 142.69707511557726
935.2726357157472 139.75384451999903
925.2165978475215 143.18761354817366
840.1081797920505 117.6796150531622
849.6736792276798 128.9619990028788
853.3527174721528 114.24584602498756
854.8243327699419 118.66069191835493
719.6053699146154 200.49987571158474
739.1655899143958 191.56287864271948
747.428096638441 206.40166622875984
759.9061680176112 198.98227243573967
776.0939362932917 198.64502726332967
764.7962230175565 187.17869140138941
769.5176554312965 169.979187608479
762.7727519830963 177.06133622908916
756.3650937073063 173.5202619187841
739.5028350868058 179.42205243595924
705.6096952596 180.09654278077923
692.1198883631997 184.14348484969935
695.4923400872998 175.03786519462912
716.0642956043102 167.11260364299395
693.4688690528398 166.43811329817393
695.8295852597098 149.57585467767353
697.0099433631449 141.81921571224333
700.5510176734499 146.20340295357346
708.3076566388801 142.83095122947338
715.7270504319002 155.30902260864366
715.3898052594902 144.68579967772843
719.6053699146154 139.7957446777833
730.9030831903506 141.14472536742335
743.0439093971108 137.09778329850326
740.0087028454209 151.7679482983386
734.6127800868607 160.03045502238376
759.7375454314063 161.37943571202382
770.1921457761165 152.4424386431586
780.8153687070317 142.83095122947338
771.8783716381666 139.2898769191683
780.9839912932367 132.03910571235312
775.7566911208817 145.86615778116345
769.0117876726815 145.19166743634344
832.245257499558 154.12866450520863
789.4151206034869 216.5190214010601
804.9283985343473 212.47207933214
816.5633569824926 224.61290553890026
711.1742406043652 134.73706709163318
856.8641550854885 199.3195176081497
729.8371840545215 128.67585158386427
742.6136663135212 129.35545170402384
749.2737474910849 127.8603314396728
758.3803891012232 145.12217449172567
759.0599892213826 158.85009691894882
760.5551094857337 153.0055358855766
688.1097366767244 150.28713540493834
689.3330168930116 135.7436928335237
689.8766969891393 125.5496910311303
690.1485370372031 119.16144990163042
697.6241383589584 123.64681069468352
702.2454191760432 118.88960985356658
706.4589399210327 123.91865074274735
712.4394209784367 125.5496910311303
712.4394209784367 128.9476916319281
721.0023824924473 121.33617028614101
717.4684618676175 116.44304942099217
724.2644630692131 126.09337112725794
720.0509423242238 131.66609211256633
724.9440631893726 134.38449259320458
735.0021449677341 120.79249019001337
738.1283055204682 125.5496910311303
758.9240691973507 128.13217148773663
759.8755093655741 131.66609211256633
750.0892676352764 131.80201213659825
770.6131912640952 131.53017208853444
774.9626320331164 132.4816122567578
771.9723915044143 127.18073131951324
765.7200703989464 127.04481129548132
774.6907919850527 123.3749706466197
768.3025508555527 121.06433023807719
774.011191864893 115.62752927680069
769.1180709997442 111.14216848374758
760.5551094857337 110.1907283155242
759.6036693175104 116.03528934889643
755.6619886205848 106.9286477387583
763.0016699183082 108.83152807520507
732.147824463064 97.41424605652445
698.1678184550859 108.28784797907743
709.0414203776389 108.69560805117317
712.7112610265006 109.23928814730081
719.3713422040643 112.22952867600289
725.3518232614684 112.63728874809863
721.9538226606705 116.44304942099217
713.7986212187558 113.58872891632201
717.7403019156814 104.48208730618389
720.7305424443833 101.76368682554563
712.8471810505325 99.0452863449074
697.2163782868626 97.00648598442869
690.1485370372031 102.98696704183286
690.9640571813945 112.09360865197097
742.0699862173936 105.16168742634345
737.0409453282128 108.83152807520507
734.0507047995109 111.82176860390715
726.3032634296917 97.82200612862016
722.9052628288939 99.31712639297122
717.3325418435855 126.7729712474175
753.6231882601061 133.56897244901313
753.3513482120424 117.12264954115173
749.4096675151168 114.5401690845454
747.5067871786702 120.1128900698538
626.6033709146143 173.64749532473894
613.9290841624055 172.67255018995363
598.9799254290309 166.98537023703943
605.3170688051354 158.21086402397177
607.591940786301 151.22375722467717
612.9541390276202 143.42419614639482
617.1789012783564 139.03694303986097
624.8159715008412 136.7620710586953
578.5060775985397 143.26170529059726
580.4559678681103 154.14859262903303
586.4681295326196 167.96031537182472
578.0186050311471 171.8600959109659
592.8052729087241 178.52222099866543
587.443074667405 141.63679673262178
635.5403679834794 143.26170529059726
646.2647644661178 149.7613395224992
626.4408800588167 153.17364749424775
644.1523833407496 168.44778793921736
652.1144352748295 156.42346461019872
664.7887220270384 137.0870527702904
663.0013226132653 147.64895839713108
652.1144352748295 143.91166871378746
654.7142889675903 135.94961677970755
677.3005179234495 155.77350118700855
672.100810537928 189.24661748130367
657.9641060835413 196.3962151363958
648.2146547356883 181.93452897041394
168.53040691557635 125.36011836603315
158.73496758966752 131.4550583910431
155.25214471823324 131.89041124997237
154.16376257091005 127.53688266067957
145.0213525333951 126.88385337228564
168.31273048611172 132.9787933972956
161.56476117270785 128.62526480800275
170.05414192182883 131.23738196157845
173.5369647932631 128.18991194907346
177.45514052362665 122.31264835352815
180.06725767720235 116.00003189905357
183.76775697810126 117.52376690530606
168.53040691557635 119.26517834102319
166.7889954798592 139.9444391401641
166.57131905039458 174.99034428397135
164.17687832628354 176.07872643129457
212.9363985263632 184.78578360988024
206.6237820718886 200.0231336724051
206.40610564242394 164.97722852859786
203.5763120593836 173.2489328482542
204.01166491831287 177.16710857861779
219.68436783976705 176.29640286075923
230.5681893129991 177.16710857861779
239.2752464915848 172.16055070093103
241.66968721569583 166.50096353485034
238.8398936326555 135.80858698033592
229.9151600246052 132.76111696783093
232.30960074871624 128.18991194907346
233.18030646657482 122.31264835352815
226.65001358263558 119.04750191155854
223.82021999959525 117.52376690530606
230.3505128835345 112.5172090276193
240.14595220944332 117.08841404637678
213.5894278147571 119.04750191155854
215.98386853886814 115.56467904012429
217.50760354512065 124.27173621870993
216.6368978272621 134.28485197408344
200.74651847634328 138.8560569928409
207.49448778974715 144.0802912999923
201.18187133527255 144.29796772945696
207.92984064867645 150.3929077544669
204.01166491831287 155.181789202689
185.2914919843537 135.80858698033592
188.55663842632336 124.05405978924529
199.4404598995554 121.22426620620496
195.73996059865652 122.09497192406353
257.1247137076854 195.01657579471836
243.19342222194834 182.39134288576915
254.29492012464505 174.99034428397135
263.00197730323066 170.41913926521391
251.90047940053395 154.96411277322437
258.64844871393785 148.43381988928513
250.81209725321077 138.42070413391164
248.6353329585644 129.71364695532597
259.51915443179644 126.88385337228564
263.21965373269535 128.8429412374674
265.1787415978771 132.10808767943703
265.1787415978771 124.27173621870993
265.831770886271 112.95256188654858
270.1852994755638 116.00003189905357
271.4913580523517 110.55812116243754
275.1918573532506 113.17023831601323
258.21309585500853 114.47629689280107
241.88736364516046 112.95256188654858
235.79242362015052 114.69397332226572
222.9495142817367 126.666176942821
261.04288943804886 163.23581709288072
268.6615644693114 161.27672922769898
263.21965373269535 154.96411277322437
273.88579877646276 141.9035270053459
278.89235665414947 136.02626340980058
272.7974166291395 132.10808767943703
279.5453859425434 129.9313233847906
276.7155923595031 125.36011836603315
271.273681622887 122.31264835352815
279.32770951307873 118.39447262316462
281.7221502371898 113.6055911749425
286.5110316854119 112.95256188654858
285.64032596755334 117.52376690530606
287.1640609738059 123.18335407138672
285.4226495380887 129.06061766693205
281.7221502371898 144.0802912999923
279.32770951307873 156.48784777947685
271.70903448181633 208.51251442152613
277.8039745068263 197.4110165188294
280.1984152309373 190.4453707759609
282.15750309611917 170.63681569467855
274.53882806485666 172.59590355986032
239.05757006212013 213.0837194402836
205.75307635403001 212.6483665813543
296.30647101132075 126.666176942821
299.78929388275503 132.76111696783093
299.78929388275503 141.4681741464166
290.2115309863108 142.55655629373982
291.29991313363405 151.0459370428608
303.2721167541893 147.99846703035587
292.38829528095727 119.04750191155854
302.83676389526 123.83638335978065
310.0200860675932 126.88385337228564
319.38017253457275 115.34700261065964
310.89079178545177 114.47629689280107
309.1493803497346 116.6530611874475
333.9644933087037 115.56467904012429
346.58972621765287 117.7414433347707
357.0381948319557 115.56467904012429
337.8826690390673 124.70708907763921
332.8761111613805 137.33232198658843
328.95793543101695 128.18991194907346
324.60440684172414 124.48941264817458
312.8498796506335 145.82170273570944
284.33426739076555 141.0328212874873
263.43733016216 136.02626340980058
266.7024766041296 141.0328212874873
319.1624961051081 145.82170273570944
326.5634947069059 149.52220203660835
333.7468168792391 147.99846703035587
340.27710976317826 134.28485197408344
320.2508782524313 131.67273482050774
323.9513775533302 133.19646982676022
327.21652399529984 121.65961906513425
350.50790194801647 141.0328212874873
355.7321362551678 137.33232198658843
353.3376955310568 129.27829409639668
349.2018433712286 130.14899981425526
356.1674891140971 146.69240845356802
339.1887276158551 156.48784777947685
348.1134612239054 152.78734847857794
333.7468168792391 164.1065228107393
323.29834826493635 179.34387287326422
293.0413245693511 162.80046423395146
298.9185881648965 160.4060235098404
299.3539410238257 176.7317557196885
290.4292074157755 173.0312564187896
310.89079178545177 174.1196385661128
253.42421440678646 118.17679619369997
249.50603867642295 119.70053119995247
244.93483365766545 122.96567764192208
233.18030646657482 118.17679619369997
299.78929388275503 136.6792926981945
333.7468168792391 158.01158278572936
252.1181558299986 183.697401462557
179.84958124773772 125.79547122496243
388.6232491382888 124.29217532006811
384.0632856252783 111.40532191373418
390.4075826868581 107.83665481659555
391.7953976690787 111.60358119690854
389.4162862709863 115.56876686039591
376.72769214782676 119.73221180705764
377.7189885636986 114.18095187817534
371.77121006846744 108.0349140997699
362.0565051929234 109.22446979881612
368.2025429713289 104.66450628580564
370.38339508624694 119.73221180705764
347.9800960875433 110.01750693151361
339.05842834469667 107.83665481659555
331.72283486724507 110.01750693151361
337.075835512953 106.8453584007237
338.661909778348 104.06972843628255
361.8582459097491 131.231250231171
365.2286537237133 138.1703251422739
365.8234315732364 129.4469166826017
362.2547644760978 116.56006327626775
354.32439314912307 121.91306392197569
366.6164687059339 101.29409847184138
398.1396947306585 119.3356932407089
399.72576899605343 110.81054406421107
408.4491774557256 121.51654535562697
412.01784455286423 128.65387954990422
412.8108816855617 181.9856267238093
436.60199566648595 153.2380306635259
414.1986966677823 158.7892905924082
422.72384584428016 156.60843847749015
390.4075826868581 171.2796254323934
387.03717487289384 186.3473309536454
329.3437234691527 187.33862736951724
417.96562304809527 108.23317338294427
433.429847135696 106.64709911754935
450.2818862055173 112.19835904643166
424.1116608265007 114.57747044452408
420.93951229571076 126.67128671816053
416.97432663222344 133.2138430629147
416.5778080658747 118.93917467436017
393.579731217648 103.67320986993381
398.3379540138328 103.07843202041072
394.76928691669417 100.50106133914392
437.79155136553214 123.8956567537194
429.06814290585993 119.93047109023202
424.3099201096751 128.05910170038112
427.68032792363937 144.71288148702806
435.8089585337884 129.8434352489504
439.57588491410144 133.61036162926342
436.9985142328346 139.35988084132012
421.73254942840833 140.74769582354068
456.4279239839227 134.4033987619609
461.58266534645634 144.91114077020242
469.7112959566055 154.62584564574647
486.3650757432524 162.35795768954685
493.1058913711809 154.0310677962234
505.79448549434045 155.61714206161832
511.94052327274585 145.50591861972555
508.3718561756072 164.73706908763927
518.8795981838488 142.92854793845873
494.09718778705275 110.21576621468796
507.18230047656107 100.89757990549266
512.3370418390946 105.85406198485185
516.1039682194076 103.27669130358508
519.4743760333719 104.46624700263128
489.3389649908679 107.83665481659555
476.6503708677084 108.23317338294427
479.2277415489752 115.76702614357029
476.8486301508827 121.3182860724526
470.1078145229542 124.49043460324249
468.91825882390793 134.00688019561218
461.979183912805 130.0416945321248
459.20355394836395 122.11132320515007
458.4105168156665 103.67320986993381
445.3254041261581 108.62969194929302
499.05366986641195 106.05232126802623
513.5265975381408 99.50976492327209
497.8641141673657 100.30280205596955
487.1581128759499 114.57747044452408
481.8051122302419 108.0349140997699
326.9646120710603 100.89757990549266
322.80116712439855 105.25928413532877
385.2528413243246 105.06102485215439
38.967454383592816 148.56565209304532
94.99154218390443 135.37629998661032
68.28172452903185 139.57040358530932
645.0854283177506 124.74336848255003
638.1719022833454 125.58648141357503
633.7877150420154 132.5000074479802
629.0662826282752 133.5117429652102
616.5882112491049 128.11582020665008
621.81551142146 123.90025555152499
626.0310760765852 119.8533134826049
628.3917922834552 126.26097175839504
665.826006420966 171.6204474475411
670.0415710760911 184.60438658532638
679.4844359035714 173.98116365441115
664.982893489941 126.59821693080507
650.8185962487207 127.44132986183007
631.0897536627352 104.50865813794957
623.6703598697151 102.65380968969451
638.6777700419605 104.67728072415456
615.9137209042849 100.29309348282447
620.12928555941 98.4382450345694
632.2701117661703 98.4382450345694
644.5795605591356 104.34003555174456
652.3361995245658 101.64207417246449
648.9637478004657 100.46171606902948
653.3479350417958 98.60686762077441
672.7395324553712 103.83416779312954
667.1749871106061 102.31656451728452
662.622177283071 111.59080675855974
663.8025353865061 108.55560020686964
667.1749871106061 106.8693743448196
662.959422455481 104.34003555174456
678.3040778001364 99.95584831041445
681.8451521104414 98.4382450345694
679.6530584897764 117.32397468952986
681.1706617656214 114.12014555163478
678.6413229725464 109.06146796548465
677.2923422829062 123.39438779290998
673.9198905588062 119.1788231377849
672.7395324553712 113.27703262060977
671.8964195243462 126.42959434460008
759.9174095233582 98.4382450345694
751.317657626903 99.95584831041445
558.6540894268713 152.14402776332923
551.8580882252757 173.69706014553245
558.6540894268713 173.11454575682424
574.1878064590899 156.8041428729948
544.4795726349719 157.19248579880022
539.2369431365981 163.6001440745904
551.0814023736648 145.3480265617336
546.8096301898047 135.63945341659704
539.6252860624036 136.99865365691616
540.0136289882091 127.67842343758502
554.3823172430112 126.90173758597412
547.0038016527075 122.629965402114
540.9844863027228 121.46493662469761
545.6446014123883 116.4164785892266
536.1301997301545 116.4164785892266
533.4117992495162 120.1057363843785
565.8384335542723 136.41613926820796
586.420608621962 131.1735097698342
603.3135258944995 132.92105293595878
606.8086122267487 126.31922319726593
596.1291817670985 123.98916564243312
583.8963796042265 121.65910808760034
571.857748904257 124.57168003114133
566.2267764800779 122.0474510134058
562.1491757591205 99.13521839088348
587.5856373993784 97.3876752247589
591.6632381203357 98.16436107636983
549.3338592075402 104.96036227796542
553.2172884655948 100.88276155700807
544.4795726349719 100.88276155700807
548.3630018930265 108.64962007311732
540.9844863027228 106.51373398118729
605.8377549122351 97.3876752247589
599.4300966364449 97.3876752247589
602.7310115057913 101.46527594571626
605.8377549122351 104.57201935215997
602.1484971170831 108.26127714731187
613.0220990396361 117.96985029244844
611.6628987993171 111.95053494246376
608.9444983186787 115.83396420051841
610.8862129477061 120.6882507730867
633.6042741073258 120.49407931018396
635.9343316621586 101.65944740861899
610.4978700219007 97.3876752247589
606.4202693009433 108.64962007311732
611.6628987993171 105.15453374086816
612.2454131880252 102.24196179732719
591.2748951945302 120.29990784728125
594.1874671380713 117.38733590374025
579.8187788832691 119.52322199567031
580.59546473488 132.92105293595878
589.7215234913084 133.69773878756973
661.7591362282218 132.92105293595878
676.5161674088295 142.62962608109535
685.8670562801977 107.63328575808163
630.4975307008818 96.2589258522532
641.4426694781885 93.2543779526004
688.0131619228068 90.24983005294757
677.497244274022 90.24983005294757
671.0589273461947 88.9621666673821
658.1822934905398 92.82515682407856
739.0904762169044 94.75665190242678
685.0086140231541 103.98490616564608
698.5290795715916 104.19951672990699
698.7436901358525 99.90730544468872
683.9355612018495 92.39593569555673
685.223224587415 94.75665190242678
662.689115340019 95.40048359520954
640.369616656884 100.12191600894963
510.9451390366022 95.91299406176601
523.372112662377 99.5102759008061
524.8437279601662 104.5791730376353
537.4342143968065 99.34676308994065
549.043623968254 94.11435314224599
523.699138284108 87.90086632935856
516.9951130386243 91.49814816839864
501.1343703846747 88.22789195108948
492.6317042196709 99.67378871167156
483.4749868112052 96.24001968349694
468.92234664417947 98.85622465734427
467.77775696812125 103.92512179417348
474.481782213605 117.82371071773743
604.6379796625098 87.24681508589674
590.7393907389459 86.75627665330036
522.5545486080498 94.76840438570783
528.2774969883409 93.29678908791868
477.91555124177967 95.42245562916963
506.20326752150396 96.4035324943624
526.1518304470899 109.15753174186814
532.0382916382463 109.15753174186814
534.0004453686319 112.59130077004276
516.9951130386243 109.81158298532996
505.38570346717665 103.59809617244257
502.4424728715984 102.12648087465342
473.9912437810086 131.88581245216685
520.4288820667988 152.3249138103491
527.9504713666099 150.52627289082906
556.0746748354686 139.24388894111243
407.9852098548948 96.2068061437899
432.61637090164027 91.18491894008451
446.9646200550842 94.05456877077329
439.07308302069004 99.31559346036941
382.1583613786957 98.3590435168065
352.0270381564634 95.96766865789917
360.63598764852975 100.75041837571382
379.76698651978836 95.01111871433623
389.33248595541767 99.55473094626015
392.6804107578879 96.92421860146209
475.90025584786287 99.31559346036941
471.8349185877203 95.4893936861177
412.76795957270946 111.75074272668753
411.8114096291465 115.81607998682998
489.05281757185315 94.53284374255476
467.29130635579645 88.55440659528645
355.6141004448244 95.01111871433623
780.2027066438201 234.74712296982102
141.76591466457054 145.9632435126149
117.30439815909799 171.11968946426566
4.530378971492436 152.50188783379357
1.972936414049879 155.05933039123613
5.55335599446945 155.5708189027246
10.668241109354565 154.0363533682591
10.156752597866056 150.45593378783948
11.6912181323316 148.921468253374
13.737172178285649 153.01337634528204
15.27163771275117 147.89849123039693
17.829080270193728 151.47891081081656
19.875034316147776 148.40997974188548
21.40949985061332 151.47891081081656
24.478430919544383 146.8755142074199
25.501407942521396 153.01337634528204
29.593316034429495 149.94444527635102
30.61629305740653 149.43295676486247
31.12778156889504 143.8065831384889
35.21968966080312 143.29509462700034
40.33457477568825 142.78360611551182
40.84606328717676 143.29509462700034
48.00690244801592 145.34104867295437
44.42648286759633 142.27211760402335
44.93797137908484 139.20318653509224
50.05285649396997 140.22616355806926
52.610299051412525 143.29509462700034
58.236672677786146 141.24914058104633
59.25964970076316 142.78360611551182
61.81709225820574 140.73765206955778
56.70220714332061 137.15723248913824
52.610299051412525 137.6687210006267
63.35155779267128 136.13425546616116
67.44346588457934 133.0653243972301
67.44346588457934 136.13425546616116
70.0009084420219 135.62276695467267
74.60430504541851 135.11127844318415
75.11579355690701 135.11127844318415
78.1847246258381 138.69169802360378
80.23067867179216 135.11127844318415
81.76514420625766 139.20318653509224
86.88002932114279 140.73765206955778
88.41449485560834 139.7146750465808
93.01789145900494 138.18020951211523
92.50640294751642 134.08830142020713
91.99491443602788 130.50788183978756
88.92598336709685 129.99639332829904
83.81109825221174 132.0423473742531
81.76514420625766 131.01937035127605
87.39151783263131 135.11127844318415
94.04086848198196 128.97341630532202
98.13277657389007 126.41597374787946
99.15575359686707 126.927462259368
103.24766168877518 127.43895077085648
99.66724210835561 131.53085886276457
98.13277657389007 135.62276695467267
103.24766168877518 131.01937035127605
105.80510424621774 126.927462259368
108.3625468036603 122.32406565597137
112.96594340705687 122.8355541674599
119.10380554491904 122.8355541674599
124.73017917129265 123.8585311904369
122.68422512533861 126.41597374787946
125.24166768278117 131.01937035127605
128.82208726320076 127.95043928234502
128.82208726320076 122.32406565597137
133.93697237808587 118.7436460755518
134.4484608895744 122.32406565597137
132.91399535510885 127.95043928234502
135.98292642403993 127.95043928234502
139.5633460044595 121.81257714448289
139.5633460044595 116.69769202959775
144.1667426078561 116.69769202959775
145.70120814232163 120.78960012150583
148.2586506997642 122.32406565597137
148.7701392112527 115.67471500662073
150.30460474571822 117.72066905257476
154.39651283762632 120.78960012150583
156.95395539506887 115.67471500662073
159.51139795251143 116.69769202959775
161.04586348697697 121.30108863299435
163.60330604441953 116.18620351810924
165.64926009037362 121.81257714448289
186.6202890614025 112.09429542620114
190.71219715331063 114.6517379836437
194.29261673373026 113.62876096066668
191.22368566479918 111.07131840322413
196.85005929117278 111.07131840322413
199.40750184861537 109.02536435727008
204.52238696350048 112.60578393768965
196.85005929117278 115.16322649513221
201.4534558945694 119.76662309852881
208.61429505540855 112.09429542620114
214.24066868178215 106.97941031131603
213.21769165880517 111.07131840322413
217.30959975071323 111.07131840322413
220.8900193311328 106.46792179982752
225.49341593452942 106.97941031131603
224.47043891155238 111.58280691471263
230.60830104941454 108.00238733429305
236.23467467578814 104.933456265362
236.74616318727672 108.51387584578157
239.81509425620771 108.00238733429305
245.4414678825814 108.00238733429305
249.53337597448947 108.00238733429305
255.15974960086305 106.46792179982752
256.6942151353286 102.88750221940793
249.53337597448947 100.84154817345386
257.71719215830564 102.88750221940793
263.34356578467924 101.35303668494242
269.9929164340299 102.88750221940793
267.94696238807586 103.39899073089646
273.061847502961 100.84154817345386
280.2226866638001 101.35303668494242
283.8031062442197 98.28410561601135
284.3145947557083 101.86452519643092
284.3145947557083 108.51387584578157
293.009899451013 101.35303668494242
298.12478456589804 100.33005966196538
303.23966968078315 98.79559412749983
308.35455479566826 97.26112859303429
295.055853496967 100.84154817345386
300.68222712334057 103.91047924238495
306.30860074971423 101.35303668494242
311.42348586459946 101.86452519643092
315.0039054450189 98.28410561601135
322.16474460585806 95.72666305856875
318.0728365139501 99.30708263898836
323.6992101403236 98.28410561601135
334.9519573930709 97.77261710452282
332.3945148356283 95.21517454708027
338.02088846200195 93.68070901261471
341.6013080424215 98.79559412749983
299.9149943561076 94.70368603559177
303.49541393652726 94.70368603559177
311.1677416088549 92.6577319896377
316.28262672374 94.19219752410325
326.51239695351023 92.6577319896377
342.8800293211426 89.58880092070666
352.0868225279358 91.12326645517217
357.2017076428209 91.63475496666068
361.2936157347291 96.7496400815458
365.3855238266371 93.16922050112623
364.87403531514866 89.07731240921812
369.4774319185453 91.12326645517217
374.5923170334304 92.6577319896377
380.218690659804 90.10028943219515
386.86804130915465 94.19219752410325
387.37952982064314 92.6577319896377
394.0288804699938 92.14624347814919
391.98292642403976 89.58880092070666
400.16674260785595 91.63475496666068
403.23567367678703 89.58880092070666
410.3965128376262 86.51986985177558
418.0688405099538 90.61177794368363
419.60330604441936 88.5658238977296
439.0398694809828 86.51986985177558
434.9479613890747 87.5428468747526
445.68922013033347 89.07731240921812
450.29261673373003 89.07731240921812
449.78112822224153 83.45093878284449
455.40750184861514 87.5428468747526
459.49940994052326 84.98540431731003
459.49940994052326 88.0543353862411
466.6602491013624 85.49689282879852
471.7751342162475 87.03135836326406
477.40150784262113 90.10028943219515
479.44746188857516 84.98540431731003
484.0508584919718 86.00838134028704
490.70020914132243 86.00838134028704
492.74616318727647 90.10028943219515
507.5793300204433 86.51986985177558
502.4644449055582 93.68070901261471
494.280628721742 89.58880092070666
512.6942151353285 87.5428468747526
529.5733360144493 88.5658238977296
536.7341751752884 87.5428468747526
540.3145947557081 84.47391580582156
543.8950143361277 89.07731240921812
550.0328764739897 87.03135836326406
552.5903190314324 92.14624347814919
555.1477615888749 84.47391580582156
559.239669680783 88.0543353862411
563.331577772691 90.10028943219515
569.4694399105532 86.51986985177558
612.9459633870766 89.58880092070666
617.0378714789847 84.47391580582156
616.5263829674961 91.63475496666068
623.1757336168469 86.00838134028704
624.7101991513124 92.14624347814919
629.313595754709 88.0543353862411
630.8480612891744 92.6577319896377
635.451457892571 90.61177794368363
635.9629464040596 87.5428468747526
640.5663430074562 87.03135836326406
644.1467625878757 87.03135836326406
648.7501591912724 86.51986985177558
653.8650443061575 86.51986985177558
658.4684409095541 86.51986985177558
665.6292800703933 86.51986985177558
674.8360732771864 93.68070901261471
676.370538811652 97.77261710452282
693.7611482022613 92.6577319896377
698.3645448056579 91.63475496666068
703.4794299205431 90.10028943219515
706.0368724779856 93.16922050112623
710.1287805698937 92.14624347814919
717.2896197307329 96.7496400815458
801.6852241263374 110.5598298917356
866.6442650853784 134.59978993169565
867.6672421083553 140.22616355806926
671.2556536967669 156.59379592570164
