44.049909255898456 435.779491833031
100.91379310344837 397.8702359346644
167.25499092558994 372.1460980036299
213.28765880217793 378.9156079854811
244.4274047186933 404.6397459165156
172.6705989110709 470.98094373865706
291.8139745916516 492.6433756805809
305.35299455535403 410.05535390199645
358.15517241379314 399.2241379310346
404.18784029038125 435.779491833031
339.20054446460983 468.2731397459167
470.5290381125228 416.8248638838477
493.5453720508167 372.1460980036299
547.7014519056263 369.4382940108894
546.347549909256 433.0716878402905
612.6887477313976 433.0716878402905
646.5362976406534 410.05535390199645
681.7377495462795 385.68511796733225
714.2313974591652 381.62341197822155
807.6506352087115 361.314882032668
848.2676950998186 389.74682395644294
910.5471869328494 385.68511796733225
802.2350272232306 426.30217785843934
748.078947368421 423.5943738656988
689.8611615245009 442.54900181488216
715.5852994555355 489.9355716878404
791.4038112522687 487.22776769509994
26.44918330308542 156.87568058076238
53.52722323049011 137.92105263157907
80.6052631578948 137.92105263157907
92.79038112522699 114.90471869328508
144.23865698729594 125.735934664247
125.28402903811264 141.98275862068976
141.5308529945554 160.93738656987307
115.80671506352098 189.36932849364803
86.02087114337576 198.84664246823968
54.88112522686038 173.12250453720526
21.03357531760446 225.9246823956444
50.81941923774957 257.0644283121598
57.5889292196008 282.7885662431943
92.79038112522699 280.08076225045386
96.85208711433768 242.17150635208725
169.96279491833036 185.30762250453733
191.6252268602542 133.85934664246838
213.28765880217793 137.92105263157907
192.97912885662436 204.2622504537206
207.87205081669697 235.40199637023608
207.87205081669697 254.35662431941935
229.5344827586208 205.61615245009077
248.48911070780412 229.98638838475514
240.36569872958262 286.85027223230503
172.6705989110709 286.85027223230503
207.87205081669697 311.22050816696924
221.4110707803993 334.2368421052633
263.3820326678766 334.2368421052633
267.4437386569874 255.7105263157896
276.9210526315791 234.04809437386575
271.5054446460981 213.7395644283123
224.11887477313985 158.22958257713265
207.87205081669697 113.55081669691481
228.18058076225054 110.84301270417438
241.7196007259529 106.7813067150637
249.84301270417427 105.42740471869342
260.6742286751362 95.95009074410179
241.7196007259529 144.6905626134303
262.02813067150646 147.39836660617073
272.85934664246827 140.6288566243195
262.02813067150646 175.83030852994568
278.2749546279492 162.29128856624334
271.5054446460981 147.39836660617073
297.22958257713253 147.39836660617073
301.2912885662432 160.93738656987307
294.5217785843921 129.7976406533577
286.3983666061707 135.21324863883865
275.5671506352088 113.55081669691481
287.7522686025409 104.07350272232316
310.7686025408349 101.36569872958273
234.95009074410166 128.44373865698742
249.84301270417427 118.96642468239577
317.5381125226861 320.6978221415609
340.5544464609801 305.80490018148834
308.06079854809445 242.17150635208725
291.8139745916516 266.54174228675146
337.8466424682397 243.52540834845746
321.5998185117968 201.55444646098022
294.5217785843921 198.84664246823968
297.22958257713253 178.5381125226861
276.9210526315791 194.784936479129
355.4473684210527 198.84664246823968
336.4927404718694 200.20054446460992
343.2622504537205 178.5381125226861
347.32395644283133 166.35299455535403
322.95372050816707 156.87568058076238
343.2622504537205 150.10617059891115
347.32395644283133 104.07350272232316
337.8466424682397 101.36569872958273
348.6778584392015 124.38203266787674
367.6324863883848 110.84301270417438
382.5254083484574 106.7813067150637
381.17150635208714 97.30399274047204
385.23321234119794 91.88838475499108
374.401996370236 91.88838475499108
367.6324863883848 95.95009074410179
360.8629764065337 104.07350272232316
383.8793103448277 347.77586206896564
374.401996370236 313.9283121597097
381.17150635208714 270.6034482758622
358.15517241379314 251.64882032667893
375.7558983666063 234.04809437386575
423.14246823956455 225.9246823956444
405.5417422867514 208.32395644283136
419.08076225045374 188.01542649727776
359.5090744101634 167.7068965517243
366.27858439201464 152.8139745916517
385.23321234119794 131.15154264972784
397.41833030853 124.38203266787674
404.18784029038125 86.47277676951012
420.434664246824 95.95009074410179
433.97368421052636 94.59618874773149
425.850272232305 113.55081669691481
415.01905626134305 125.735934664247
405.5417422867514 132.5054446460981
400.12613430127044 144.6905626134303
389.29491833030863 151.46007259528142
408.24954627949194 156.87568058076238
408.24954627949194 150.10617059891115
417.7268602540836 139.27495462794934
423.14246823956455 133.85934664246838
432.6197822141562 124.38203266787674
421.7885662431943 175.83030852994568
410.95735027223236 162.29128856624334
439.3892921960073 143.33666061706003
440.7431941923776 90.53448275862081
455.6361161524501 104.07350272232316
462.40562613430143 323.4056261343014
428.5580762250454 328.82123411978233
462.40562613430143 285.49637023593476
443.450998185118 261.12613430127055
482.7141560798548 242.17150635208725
469.17513611615254 219.15517241379325
442.09709618874786 204.2622504537206
463.75952813067147 189.36932849364803
432.6197822141562 175.83030852994568
439.3892921960073 169.06079854809445
448.86660617059897 156.87568058076238
454.2822141560798 147.39836660617073
469.17513611615254 129.7976406533577
485.4219600725953 113.55081669691481
475.94464609800366 100.01179673321246
456.99001814882035 166.35299455535403
473.2368421052631 156.87568058076238
492.1914700544464 147.39836660617073
494.89927404718696 135.21324863883865
481.36025408348473 135.21324863883865
477.2985480943739 204.2622504537206
478.6524500907442 185.30762250453733
490.8375680580764 167.7068965517243
471.8829401088931 171.768602540835
508.4382940108894 332.882940108893
490.8375680580764 328.82123411978233
501.6687840290381 276.0190562613431
520.6234119782214 263.83393829401103
500.31488203266804 243.52540834845746
536.8702359346644 234.04809437386575
520.6234119782214 209.6778584392016
496.25317604355723 215.09346642468245
498.96098003629777 188.01542649727776
521.9773139745917 189.36932849364803
528.746823956443 175.83030852994568
515.2078039927405 171.768602540835
515.2078039927405 156.87568058076238
526.0390199637025 162.29128856624334
536.8702359346644 163.6451905626136
551.7631578947369 160.93738656987307
534.1624319419238 144.6905626134303
534.1624319419238 131.15154264972784
534.1624319419238 112.19691470054453
542.2858439201452 100.01179673321246
536.8702359346644 91.88838475499108
519.2695099818513 110.84301270417438
517.9156079854811 94.59618874773149
504.3765880217786 85.11887477313985
486.7758620689656 95.95009074410179
498.96098003629777 76.99546279491847
485.4219600725953 86.47277676951012
1008.0281306715065 290.9119782214157
998.5508166969148 254.35662431941935
1012.089836660617 225.9246823956444
1003.9664246823957 235.40199637023608
1009.3820326678767 194.784936479129
998.5508166969148 170.41470054446472
995.8430127041743 158.22958257713265
1018.8593466424684 150.10617059891115
991.7813067150635 116.25862068965534
961.9954627949185 135.21324863883865
975.5344827586207 154.16787658802195
966.057168784029 167.7068965517243
951.1642468239565 156.87568058076238
936.2713248638838 140.6288566243195
938.9791288566244 175.83030852994568
974.1805807622504 198.84664246823968
936.2713248638838 220.50907441016352
963.3493647912885 224.5707803992741
979.5961887477315 235.40199637023608
968.7649727767696 251.64882032667893
932.2096188747732 270.6034482758622
926.7940108892922 346.4219600725954
901.0698729582577 229.98638838475514
901.0698729582577 204.2622504537206
924.0862068965519 205.61615245009077
911.9010889292197 171.768602540835
925.4401088929221 150.10617059891115
914.6088929219602 133.85934664246838
898.3620689655172 143.33666061706003
895.6542649727769 123.02813067150646
875.3457350272233 156.87568058076238
882.1152450090744 110.84301270417438
888.8847549909256 147.39836660617073
894.3003629764066 166.35299455535403
883.4691470054447 178.5381125226861
882.1152450090744 229.98638838475514
875.3457350272233 271.9573502722324
853.6833030852995 254.35662431941935
859.0989110707806 219.15517241379325
852.3294010889292 185.30762250453733
863.1606170598911 162.29128856624334
852.3294010889292 158.22958257713265
852.3294010889292 137.92105263157907
869.9301270417423 140.6288566243195
867.222323049002 120.32032667876602
861.8067150635209 112.19691470054453
853.6833030852995 125.735934664247
836.0825771324864 114.90471869328508
833.3747731397459 143.33666061706003
837.4364791288567 129.7976406533577
841.4981851179673 156.87568058076238
841.4981851179673 204.2622504537206
818.4818511796734 209.6778584392016
827.9591651542651 234.04809437386575
791.4038112522687 223.21687840290394
795.4655172413793 188.01542649727776
807.6506352087115 158.22958257713265
798.1733212341198 170.41470054446472
787.3421052631579 140.6288566243195
811.7123411978223 137.92105263157907
803.5889292196007 124.38203266787674
817.1279491833031 114.90471869328508
806.2967332123412 90.53448275862081
792.757713248639 104.07350272232316
779.2186932849365 105.42740471869342
768.3874773139746 114.90471869328508
760.2640653357532 94.59618874773149
779.2186932849365 90.53448275862081
790.0499092558985 85.11887477313985
745.3711433756807 94.59618874773149
734.5399274047188 95.95009074410179
733.1860254083485 116.25862068965534
739.9555353901997 106.7813067150637
750.7867513611616 106.7813067150637
761.6179673321235 137.92105263157907
761.6179673321235 125.735934664247
769.7413793103449 139.27495462794934
776.510889292196 152.8139745916517
772.4491833030854 162.29128856624334
760.2640653357532 152.8139745916517
739.9555353901997 151.46007259528142
718.2931034482758 137.92105263157907
718.2931034482758 121.67422867513619
718.2931034482758 106.7813067150637
722.3548094373866 156.87568058076238
726.4165154264974 175.83030852994568
741.3094373865699 175.83030852994568
756.2023593466424 166.35299455535403
754.8484573502724 182.5998185117969
771.0952813067152 181.24591651542664
776.510889292196 196.13883847549917
752.1406533575318 200.20054446460992
726.4165154264974 194.784936479129
734.5399274047188 223.21687840290394
772.4491833030854 224.5707803992741
765.6796733212341 244.87931034482773
745.3711433756807 258.4183303085301
790.0499092558985 251.64882032667893
769.7413793103449 289.5580762250455
804.942831215971 290.9119782214157
841.4981851179673 305.80490018148834
718.2931034482758 313.9283121597097
734.5399274047188 285.49637023593476
708.8157894736842 270.6034482758622
706.1079854809439 239.46370235934677
708.8157894736842 220.50907441016352
704.7540834845736 194.784936479129
703.4001814882033 160.93738656987307
688.5072595281308 166.35299455535403
696.6306715063522 143.33666061706003
684.44555353902 123.02813067150646
699.3384754990925 114.90471869328508
687.1533575317605 112.19691470054453
688.5072595281308 94.59618874773149
702.046279491833 87.82667876588039
708.8157894736842 100.01179673321246
708.8157894736842 104.07350272232316
670.9065335753178 90.53448275862081
674.9682395644284 104.07350272232316
670.9065335753178 118.96642468239577
657.3675136116153 114.90471869328508
657.3675136116153 106.7813067150637
649.2441016333939 94.59618874773149
635.7050816696915 101.36569872958273
642.4745916515428 118.96642468239577
641.1206896551726 128.44373865698742
647.8901996370237 128.44373865698742
654.6597096188748 139.27495462794934
666.844827586207 132.5054446460981
683.0916515426497 141.98275862068976
672.2604355716878 147.39836660617073
662.7831215970962 167.7068965517243
650.5980036297642 150.10617059891115
647.8901996370237 163.6451905626136
643.8284936479129 185.30762250453733
673.6143375680581 185.30762250453733
681.7377495462795 217.80127041742296
683.0916515426497 234.04809437386575
653.3058076225045 225.9246823956444
639.7667876588023 242.17150635208725
672.2604355716878 258.4183303085301
685.7994555353903 290.9119782214157
650.5980036297642 290.9119782214157
668.1987295825772 328.82123411978233
635.7050816696915 346.4219600725954
630.2894736842106 276.0190562613431
611.3348457350273 266.54174228675146
619.4582577132487 185.30762250453733
599.1497277676951 217.80127041742296
599.1497277676951 178.5381125226861
612.6887477313976 170.41470054446472
611.3348457350273 152.8139745916517
620.812159709619 140.6288566243195
635.7050816696915 150.10617059891115
628.9355716878404 135.21324863883865
605.9192377495463 137.92105263157907
607.2731397459165 123.02813067150646
607.2731397459165 85.11887477313985
580.1950998185118 104.07350272232316
592.380217785844 128.44373865698742
581.5490018148821 121.67422867513619
586.964609800363 140.6288566243195
586.964609800363 156.87568058076238
597.7958257713249 151.46007259528142
586.964609800363 175.83030852994568
582.9029038112524 196.13883847549917
565.3021778584393 181.24591651542664
573.4255898366607 162.29128856624334
561.2404718693285 158.22958257713265
569.3638838475499 147.39836660617073
561.2404718693285 139.27495462794934
566.6560798548096 132.5054446460981
565.3021778584393 125.735934664247
565.3021778584393 114.90471869328508
558.532667876588 100.01179673321246
569.3638838475499 105.42740471869342
551.7631578947369 123.02813067150646
551.7631578947369 140.6288566243195
551.7631578947369 194.784936479129
568.0099818511796 235.40199637023608
585.6107078039929 225.9246823956444
554.4709618874774 262.48003629764077
546.347549909256 299.03539019963716
596.4419237749546 286.85027223230503
593.7341197822143 323.4056261343014
296.1016333938293 103.73502722323049
347.5499092558982 94.93466424682396
366.50453720508153 118.62794918330307
567.5589836660615 102.04264972776771
570.9437386569871 86.47277676951
558.758620689655 79.7032667876588
549.6197822141559 74.28765880217787
506.6333938294009 80.38021778584394
528.2958257713246 84.10344827586209
547.250453720508 94.25771324863885
575.6823956442829 116.9355716878403
593.2831215970959 91.21143375680582
565.1896551724136 169.39927404718694
852.4419237749546 96.28856624319421
865.980943738657 81.73411978221418
863.611615245009 73.94918330308532
844.3185117967331 71.5798548094374
827.0562613430127 68.53357531760437
792.8702359346642 78.34936479128858
796.5934664246823 100.01179673321236
789.1470054446461 91.54990925589838
835.5181488203266 104.41197822141562
839.9183303085299 91.54990925589838
729.9137931034483 81.73411978221418
727.8829401088929 72.25680580762253
717.0517241379309 76.99546279491835
711.6361161524501 82.07259528130673
587.0771324863883 63.11796733212344
621.9401088929219 73.94918330308533
631.7558983666062 77.67241379310347
644.2794918330309 83.76497277676954
654.4337568058077 76.99546279491835
698.0970961887477 64.47186932849368
685.9119782214157 64.81034482758625
644.956442831216 106.442831215971
689.2967332123412 107.45825771324866
552.8911070780399 108.47368421052634
652.6478521478523 201.63986013986005
822.4620379620382 182.2032967032967
982.0464535464538 339.74175824175825
980.0004995004998 404.1893106893108
735.5089910089912 349.9715284715285
759.0374625374627 381.68381618381613
