44.45802713056872 340.4047056839264
15.592884851697333 342.10265522974237
4.83920439486289 342.66863841168106
49.5518757680166 348.32847023106757
42.760077584752736 350.02641977688353
32.57238030985695 350.59240295882216
28.610498036286373 342.66863841168106
22.38468303496117 355.12026841433146
13.328952123942713 357.38420114208606
3.1412548490469305 357.38420114208606
54.645724405464506 356.25223477820873
67.66333759005357 357.38420114208606
74.45513577331741 348.32847023106757
79.54898441076529 348.32847023106757
91.43463123147706 348.32847023106757
76.15308531913337 356.25223477820873
46.15597667638468 358.5161675059634
17.856817579451928 367.0059152350432
4.83920439486289 369.2698479627978
41.06212803893678 364.1759993253499
38.798195311182155 354.5542852323928
28.610498036286373 368.13788159892044
19.554767125267915 373.797713418307
10.49903621424943 381.72147796544823
59.173589860973756 372.09976387249105
90.86864804953842 357.9501843240247
80.68095077464261 361.3460834156566
105.58421077994342 357.38420114208606
95.9624966869863 366.4399320531045
90.86864804953842 377.19361250993893
89.17069850372246 369.2698479627978
72.19120304556282 372.09976387249105
22.38468303496117 381.15549478350954
48.419909404139304 368.13788159892044
45.58999349444602 386.2493434209574
34.27032985567294 385.11737705708015
19.554767125267915 389.64524251258933
37.66622894730486 397.00302387779186
18.42280076139059 408.88867069850363
12.76296894200405 419.642351155338
173.78518420355132 364.0345035298652
176.61510011324458 357.52569693757073
184.25587306941642 360.07262125629467
197.83946943594415 366.0154446666505
217.93187239476637 362.90253716598795
239.43923330843526 357.2427053466014
245.66504830976046 369.97732694022113
183.68988988747776 371.1092933040984
161.33355420090092 386.3908392164421
149.16491578921983 367.7133942124665
160.2015878370236 367.9963858034358
124.8276389658577 391.48468785389
148.5989326072812 399.4084524010311
123.97866419294971 361.204587620172
149.44790738018912 382.1459653519022
130.48747078524423 379.59904103317825
140.67516806013998 413.27504035852826
131.05345396718286 421.76478808760805
196.4245114810975 419.78384695082275
183.40689829650842 411.8600824036816
215.10195648507312 406.48324217526437
195.57553670818953 384.9758812615955
306.50824036816584 353.9883020504541
282.1709635448037 361.3460834156566
271.983266269908 364.17599932534984
278.7750644531718 377.19361250993893
282.1709635448037 370.4018143266751
263.4935185408282 382.8534443293255
253.87180444787097 389.64524251258933
243.68410717297522 395.87105751391454
202.93331807339203 403.7948220610557
191.61365443461895 405.49277160687166
153.1267980627904 409.45465388044227
120.86575669228708 404.92678842493297
131.61943714912152 403.7948220610557
114.63994169096188 385.11737705708015
114.63994169096188 377.19361250993893
114.07395850902324 397.00302387779186
92.00061441341566 411.7185866081969
103.88626123412743 377.19361250993893
106.15019396188202 367.0059152350432
7.103137122617426 399.8329397874851
48.98589258607791 417.3784184275835
54.07974122352579 403.7948220610557
69.3612871358695 406.05875478881035
54.64572440546445 394.7390911500372
63.70145531648293 393.60712478615994
66.53137122617622 428.6980820663565
66.53137122617622 417.3784184275835
54.07974122352579 434.92389706768176
52.94777485964849 424.73619979278595
56.90965713321907 414.54850251789014
42.76007758475271 423.6042334289086
33.70434667373422 426.4341493386019
6.537153940678792 439.45176252319095
17.85681757945187 436.6218466134977
5.971170758740129 430.39603161217246
42.194094402814045 440.5837288870682
28.044514854347682 434.92389706768176
7.669120304556088 455.29929161747333
13.328952123942628 446.8095438883935
59.739573042912355 448.50749343420944
71.6252198636241 449.6394597980868
74.45513577331738 425.8681661566633
78.98300122882662 414.54850251789014
114.07395850902324 426.4341493386019
89.17069850372238 400.96490615136247
103.88626123412743 389.0792593306507
81.24693395658122 395.87105751391454
75.5871021371947 386.2493434209574
79.54898441076526 376.06164614606166
48.98589258607791 377.19361250993893
94.83053032310895 427.56611570247924
38.79819531118213 453.6013420716573
22.950666216899776 456.4312579813506
37.10024576536614 470.58083752981696
51.24982531383253 462.09108980073717
87.47274895790642 449.6394597980868
79.54898441076526 451.3374093439027
86.90676577596778 462.09108980073717
75.5871021371947 469.4488711659397
68.79530395393081 470.58083752981696
34.83631303761152 481.3345179866514
28.610498036286316 474.54271980338757
18.988783943329196 483.59845071440606
6.537153940678792 471.14682071175565
44.45802713056867 494.3521311712405
27.47853167240902 502.8418789003203
8.801086668433413 518.123424812664
17.290834397513237 521.5193239042959
42.194094402814045 512.4635929932774
69.92727031780814 501.14392935450434
67.66333759005349 482.46648435052873
89.17069850372238 497.1820470809338
90.3026648675997 486.994349806038
102.18831168831147 470.58083752981696
103.3202780521888 454.73330843553464
117.46985760065515 442.84766161482287
114.63994169096188 459.2611738910439
113.50797532708455 476.24066934920353
127.65755487555091 465.4869888923691
144.07106715177193 462.6570729826758
139.54320169626268 449.6394597980868
119.73379032840977 500.011962990627
111.81002578126859 506.2377779919522
131.0534539671829 483.03246753246736
142.37311760595597 492.08819844348585
149.7308989711585 480.20255162277414
121.43173987422571 518.123424812664
104.45224441606607 528.8771052694984
89.73668168566107 523.2172734501119
393.1036672047801 308.7096474953617
152.56081488085178 431.5279979760498
161.6165457918702 407.7567043346263
82.37890032045854 439.45176252319095
196.70750307206683 433.7919307038044
224.44067898706092 426.4341493386019
224.44067898706092 419.642351155338
209.72511625665592 417.94440160952206
218.21486398573572 433.2259475218658
212.55503216634915 429.83004843023383
184.25587306941642 437.753812977375
172.37022624870465 434.92389706768176
162.74851215574753 440.5837288870682
150.86286533503576 445.6775775245162
131.61943714912152 438.3197961593137
167.8423607931954 454.73330843553464
179.72800761390718 455.29929161747333
189.915704888803 445.1115943425775
200.10340216369875 454.73330843553464
214.8189648941038 453.03535888971874
185.95382261523238 465.4869888923691
175.20014215839794 472.2787870756329
155.9567139724837 474.54271980338757
158.2206467002383 461.52510661879853
166.71039442931814 483.03246753246736
162.1825289738089 495.48409753511777
157.65466351829966 515.2935089029706
137.2792689685081 537.3668529985782
123.12968942004166 530.5750548153144
145.7690166975879 508.50171071970686
208.02716671083996 381.7214779654482
210.29109943859456 369.26984796279777
270.8512999060306 422.47226706503136
296.3205430932701 385.11737705708015
321.7897862805096 378.32557887381626
316.129954461123 386.8153266028961
357.44672674264484 378.32557887381626
278.7750644531718 417.94440160952206
262.3615521769508 417.3784184275835
271.4172830879693 411.7185866081969
245.9480399007298 413.4165361540129
278.2090812712331 432.6599643399271
287.8307953641903 430.39603161217246
291.2266944558222 421.340300701154
292.92464400163817 404.92678842493297
301.98037491265666 376.06164614606166
333.1094499192827 372.09976387249105
389.7077681131482 364.17599932534984
414.0450449365104 369.8358311447364
448.0040358528297 369.26984796279777
375.5581885646818 377.19361250993893
377.82212129243646 370.9677975086137
391.9717008409028 380.0235284196322
81.81291713851991 405.49277160687166
105.58421077994339 417.94440160952206
181.42595715972314 394.7390911500372
170.10629352095006 413.4165361540129
168.97432715707274 393.04114160422125
273.68121581572393 405.49277160687166
318.95987037081636 403.7948220610557
313.86602173336837 410.02063706238096
303.1123412765339 417.3784184275835
299.15045900296343 431.5279979760498
279.3410476351105 448.50749343420944
265.19146808664414 450.7714261619641
255.0037708117483 455.29929161747333
235.19435944389537 449.07347661614807
219.91281353155168 460.3931402549212
196.1415198901282 480.20255162277414
197.27348625400552 494.91811435317913
174.06817579452067 535.6689034527623
182.55792352360046 524.9152229959278
197.27348625400552 509.0676939016455
185.38783943329375 491.5222152615472
221.044779895429 483.03246753246736
235.19435944389537 487.5603329879766
201.23536852757607 522.6512902681732
219.34683034961304 514.1615425390935
229.53452762450885 537.3668529985782
245.38205671879118 518.123424812664
243.68410717297522 532.2730043611303
277.64309808929454 535.1029202708237
268.02138399633736 516.9914584487867
283.8689130906197 522.6512902681732
322.92175264438697 523.2172734501119
281.60498036286504 502.8418789003203
262.9275353588895 496.05008071705646
248.21197262848443 492.65418162542454
245.38205671879118 471.14682071175565
271.4172830879693 474.54271980338757
279.9070308170491 468.31690480206237
282.1709635448037 458.69519070910525
303.6783244584726 467.18493843818504
297.45250945714747 459.2611738910439
286.698829000313 486.994349806038
273.68121581572393 487.5603329879766
358.5786931065222 537.3668529985782
374.9922053827431 538.4988193624556
343.86313037611717 533.4049707250076
343.86313037611717 519.8213743584799
351.7868949232583 507.36974435582954
339.33526492060787 502.8418789003203
317.2619208250003 494.91811435317913
325.7516685540802 486.42836662409934
396.499566296412 523.7832566320506
384.6139194757003 512.4635929932774
416.30897766426494 515.2935089029706
403.85734766161454 511.33162662940015
403.29136447967596 499.4459798086884
439.5142881237498 503.9738452641976
423.1007758475289 489.25828253379257
433.28847312242465 494.3521311712405
411.21512902681707 488.1263161699153
403.29136447967596 481.3345179866514
385.74588583957757 482.46648435052873
374.42622220080455 478.5046020769581
367.068440835602 498.87999662674974
350.654928559381 490.9562320796086
347.8250126496878 480.20255162277414
334.8073994650987 480.20255162277414
321.2238030985709 450.2054429800254
306.50824036816584 445.1115943425775
315.56397127918433 436.6218466134977
326.3176517360189 424.73619979278595
339.33526492060787 431.5279979760498
334.24141628316 412.8505529720742
387.4438353853935 389.0792593306507
378.38810447437515 390.77720887646666
356.88074356070626 402.66285569717843
365.93647447172464 409.45465388044227
372.1622894730499 398.7009734236078
350.654928559381 386.2493434209574
334.24141628316 382.8534443293255
328.5815844637734 391.909175240344
379.5200708382524 410.02063706238096
345.5610799219331 457.5632243452279
337.07133219285333 446.8095438883935
360.84262583427676 441.1497120690069
364.80450810784737 462.09108980073717
368.2004071994793 451.3374093439027
380.0860540201911 461.52510661879853
384.0479362937616 502.27589571838166
431.5905235766087 466.6189552562464
417.4409440281423 460.3931402549212
450.83395176252293 459.2611738910439
461.0216490374187 436.6218466134977
459.8896826735414 424.73619979278595
454.22985085415485 421.340300701154
432.72248994048596 422.47226706503136
397.0655494783507 460.3931402549212
402.1593981157986 448.50749343420944
411.78111220875576 452.46937570778005
390.83973447702556 436.6218466134977
407.81922993518515 437.753812977375
358.01270992458353 429.2640652482952
368.2004071994793 432.6599643399271
386.31186902151626 415.68046888176747
399.89546538804404 400.96490615136247
424.79872539334485 409.45465388044227
410.6491458448785 402.66285569717843
418.5729103920196 404.92678842493297
453.0978844902776 390.211225694528
448.5700190347683 382.8534443293255
421.4028263017128 381.7214779654482
265.1914680866441 373.0902344408837
263.2105269498588 400.8234103558778
246.79701467363776 392.333662626798
221.32777148639832 396.01255330939927
234.34538467098736 381.57998216996356
243.1181239910365 434.4994096812278
260.3806110401655 435.06539286316644
465.12337662337654 387.92857142857133
487.56493506493496 386.6818181818181
500.0324675324674 387.92857142857133
478.8376623376623 389.7987012987012
471.98051948051943 366.7337662337661
505.6428571428571 310.62987012987
708.2402597402597 291.3051948051947
576.0844155844155 283.2012987012986
678.3181818181818 290.0584415584415
611.6168831168831 339.3051948051947
751.2532467532467 323.72077922077915
409.6428571428571 295.04545454545445
439.56493506493496 391.04545454545445
418.9935064935064 392.9155844155843
471.98051948051943 440.9155844155843
483.82467532467524 421.590909090909
475.0974025974025 414.7337662337661
474.47402597402595 401.64285714285705
481.9545454545454 407.2532467532467
500.6558441558441 402.8896103896103
563.6168831168831 375.46103896103887
562.9935064935064 391.04545454545445
549.9025974025974 405.38311688311677
538.6818181818181 401.01948051948045
516.2402597402597 397.9025974025973
514.9935064935064 387.92857142857133
529.3311688311687 396.6558441558441
523.7207792207791 424.7077922077921
493.17532467532465 415.3571428571428
503.1493506493506 423.46103896103887
489.43506493506493 439.04545454545445
486.31818181818176 429.07142857142844
510.0064935064935 432.8116883116882
505.6428571428571 440.9155844155843
491.92857142857133 455.8766233766233
476.3441558441558 455.8766233766233
465.7467532467532 468.96753246753235
412.75974025974017 561.2272727272726
394.68181818181813 558.7337662337661
376.603896103896 564.3441558441557
346.0584415584415 564.3441558441557
308.0324675324674 566.8376623376623
337.3311688311687 554.9935064935064
279.9805194805194 566.8376623376623
281.22727272727263 552.5
323.61688311688306 569.9545454545454
434.57792207792204 540.0324675324675
452.0324675324674 535.668831168831
452.6558441558441 521.9545454545454
463.87662337662334 510.1103896103895
479.46103896103887 506.9935064935064
494.42207792207785 508.86363636363626
510.62987012987 502.62987012987
495.0454545454545 475.20129870129864
482.57792207792204 478.31818181818176
500.0324675324674 458.3701298701298
512.5 458.3701298701298
534.3181818181818 458.3701298701298
529.9545454545454 439.04545454545445
539.9285714285713 418.47402597402584
581.0714285714284 414.1103896103895
559.2532467532467 414.1103896103895
597.9025974025973 410.9935064935064
606.0064935064935 420.34415584415575
608.4999999999999 406.00649350649337
622.2142857142857 404.1363636363635
620.3441558441558 414.1103896103895
642.1623376623376 381.07142857142844
695.7727272727273 385.4350649350648
761.2272727272726 395.4090909090908
559.8766233766233 430.31818181818176
561.7467532467532 450.26623376623365
550.5259740259739 439.04545454545445
537.4350649350649 449.01948051948045
552.3961038961038 468.34415584415575
529.9545454545454 473.9545454545454
510.0064935064935 473.3311688311687
526.2142857142857 492.6558441558441
521.2272727272726 513.8506493506493
541.7987012987013 502.62987012987
549.2792207792207 495.7727272727272
534.9415584415584 521.9545454545454
505.6428571428571 528.8116883116882
493.17532467532465 545.0194805194805
475.0974025974025 537.5389610389609
441.4350649350648 566.2142857142857
493.17532467532465 568.0844155844155
518.7337662337662 568.0844155844155
546.7857142857142 557.4870129870129
528.0844155844155 557.4870129870129
569.2272727272726 568.7077922077922
548.0324675324675 533.1753246753246
564.8636363636363 532.551948051948
582.3181818181818 538.7857142857142
634.0584415584415 546.8896103896103
602.8896103896103 544.3961038961038
609.7467532467532 509.4870129870129
582.9415584415584 522.577922077922
596.0324675324674 503.8766233766233
577.3311688311687 512.603896103896
561.7467532467532 495.14935064935054
569.2272727272726 486.42207792207785
582.9415584415584 492.6558441558441
596.0324675324674 469.590909090909
580.4480519480519 452.13636363636357
578.577922077922 437.7987012987012
620.3441558441558 432.1883116883116
611.6168831168831 445.2792207792207
591.668831168831 445.90259740259734
637.7987012987012 410.37012987012974
670.8376623376623 441.53896103896096
669.590909090909 417.22727272727263
653.3831168831168 430.31818181818176
648.3961038961038 440.2922077922077
640.9155844155844 449.01948051948045
617.8506493506493 451.5129870129869
625.9545454545454 453.38311688311677
618.474025974026 469.590909090909
630.9415584415584 482.6818181818181
625.9545454545454 499.5129870129869
673.9545454545454 533.1753246753246
693.9025974025974 530.681818181818
682.6818181818181 522.577922077922
661.4870129870129 512.603896103896
682.0584415584415 501.38311688311677
652.7597402597402 460.86363636363626
644.0324675324674 481.4350649350649
713.2272727272726 430.31818181818176
701.3831168831168 439.04545454545445
718.8376623376623 443.4090909090908
687.0454545454545 462.7337662337661
676.4480519480519 458.9935064935064
706.9935064935064 453.38311688311677
730.6818181818181 490.7857142857142
713.8506493506493 519.4610389610389
688.9155844155844 561.8506493506493
651.512987012987 569.9545454545454
708.8636363636363 421.590909090909
690.1623376623376 427.2012987012986
673.9545454545454 430.31818181818176
761.8506493506493 414.1103896103895
752.5 424.0844155844155
740.0324675324675 431.56493506493496
759.9805194805194 453.38311688311677
746.2662337662338 447.7727272727272
727.5649350649351 447.7727272727272
722.577922077922 463.3571428571428
707.6168831168831 468.96753246753235
759.9805194805194 510.1103896103895
755.6168831168831 490.7857142857142
758.7337662337662 473.3311688311687
735.6688311688312 521.3311688311687
721.9545454545454 517.590909090909
736.9155844155844 539.4090909090908
758.1103896103896 526.9415584415583
712.6038961038961 538.7857142857142
647.7727272727273 516.9675324675325
736.9155844155844 478.31818181818176
553.6428571428571 512.603896103896
94.82349468713095 623.0662843649857
165.83681902513064 594.1582054309326
144.15575982459092 593.2155506830832
191.91693371563497 591.6444594366671
209.19893742621008 602.6420981615786
252.87527407657274 602.9563164108617
272.3568055321302 634.6923595884634
285.5539720020239 596.357733175915
190.34584246921906 621.1809748692865
223.6529768932366 631.2359588463485
241.8776353516613 649.14639905549
283.66866250632484 674.2838589981448
214.85486591330744 701.6208466857818
190.34584246921906 748.7535840782595
237.16436161241353 730.2147073705517
257.27432956653735 746.239838083994
193.1738067127677 676.1691684938438
163.63729128014836 650.4032720526227
140.07092258390952 630.607522347782
128.4448473604317 585.3600944510035
117.44720863552025 576.2477652217912
96.70880418283006 576.2477652217912
89.16756620003365 589.4449316916848
54.28934052960017 583.7890032045875
74.08509023444078 613.0113003879237
66.22963400236117 658.5729465339855
87.59647495361772 701.9350649350649
134.100775847529 686.5383707201889
53.660904031033795 741.2123460954631
146.98372406813957 735.2421993590825
93.56662168999823 723.6161241356047
88.89433293978736 548.8907910271546
113.33353010625724 556.9208129532805
133.58315061561802 568.0930173722381
42.80898971158696 554.4768932366335
60.614690504300754 525.1498566368696
203.40942823410347 543.6538202057682
194.3320121437004 561.1103896103896
65.50252993759473 566.6964918198685
49.09335469725063 618.3679372575476
97.62261764209804 609.2905211671446
22.55936920222618 601.2604992410187
33.73157362118384 572.9808568055321
27.447208635520155 563.903440715129
47.34769775678852 535.6237982796424
244.60693202900993 690.9872659807725
33.7467532467532 675.6168831168831
37.48701298701292 711.7727272727273
121.01948051948051 609.538961038961
22.525974025973937 548.4480519480519
228.373840445269 585.9569067296339
229.5942823410356 552.1913476134255
315.8388429752066 546.4959520998482
109.58416259065609 637.21546635183
153.9268848035082 584.3296508686119
132.77255861022095 512.7303929836396
228.373840445269 570.0911620846684
249.9349806038118 626.6383032551863
332.51821555068307 615.2475122280316
334.9590993422162 587.1773486254006
303.2276100522854 603.043093270366
345.5362624388598 642.0972339348962
370.7587282847023 643.7244897959183
382.5563332771125 624.6042334289086
420.7968460111318 635.1813965255524
397.2016360263114 667.7265137459942
386.21765896441224 719.7987012987012
309.32981953111823 729.1554224995783
319.5001686625063 699.8648170011805
153.9268848035082 692.9489795918366
445.6620846685783 591.4281497723057
488.55970652723914 589.9982290436838
516.6814808568056 594.7646314724237
539.0835722718841 610.9703997301401
580.5512734019228 622.4097655591163
622.9722550177098 609.063838758644
594.8504806881431 579.9887839433295
618.2058525889697 561.8764547141171
664.9165963906225 588.0916680721876
659.6735537190084 546.1473266992748
708.7674987350313 583.8019058863216
673.9727610052287 605.727357058526
642.9911452184181 638.6155338168326
698.2814133918032 650.0548996458089
716.8703828638895 651.0081801315569
701.6178950919211 681.9897959183675
652.5239500758983 668.6438691178952
633.4583403609379 683.4197166469895
593.4205599595211 648.1483386743128
556.2426210153484 648.1483386743128
527.644206442908 645.7651374599428
490.9429077416092 636.7089728453366
454.7182492831845 634.8024118738406
459.4846517119246 579.5121437004555
474.73713948389286 696.2890032045877
441.84896272558626 686.7561983471076
466.1576151121607 714.4013324338001
530.027407657278 691.9992410187216
554.8127002867263 672.9336313037613
587.7008770450329 712.9714117051781
529.5507674144039 711.064850733682
497.1392308989713 759.205515263957
547.1864564007423 749.1960701636027
614.8693708888516 733.4669421487604
607.7197672457414 761.112076235453
673.0194805194806 745.3829482206106
682.0756451340867 711.064850733682
692.561730477315 702.9619666048238
513.8216393995616 734.6585427559455
747.3753584078258 380.03820205768295
829.2271005053303 417.32040605498423
855.1850364595768 426.71470668604485
949.1280427701831 434.37847825348905
942.4531449533769 463.0558170219899
906.3592530550914 464.78634608560634
926.38394650551 463.0558170219899
810.6857176808686 410.8927266758375
794.3693007953423 413.11769261477286
782.2555973500272 431.1646385639157
829.7215373806494 452.9198610779508
849.0045755180896 464.04469077262786
792.8859901693853 448.2227107624205
797.5831404849156 437.8395363807219
811.6745914315065 431.4118570015752
782.9972526630057 478.38336015687827
772.1196414059881 463.0558170219899
819.3383629989507 466.51687514922276
867.7931767802108 476.1583942179429
908.3370005563672 445.0088710728471
831.2048480066063 443.52556044689015
817.1133970600154 452.1782057649723
796.5942667342777 477.1472679685808
785.7166554772601 501.37467485921087
793.1332086070448 547.357304263876
863.5904633399995 498.65527204495646
861.1182789634046 513.4883783045259
887.3234333553106 510.52175705261203
898.2010446123281 510.02732017729306
927.372820256148 534.749163943242
769.8946754670527 437.0978810677434
734.4028503963568 589.6399898802497
761.2070332265138 593.9418957665712
786.3566368696239 574.0869455220104
827.3902007083825 574.7487771968292
812.498988024962 595.5964749536179
817.7936414235115 608.1712767751729
846.5833192781245 606.1857817507168
793.9677011300388 607.178529262945
916.7374768089054 595.5964749536179
894.5661157024794 581.6980097824254
864.1218586608197 622.0697419463654
877.3584921571935 617.4369202226345
903.1699274751223 622.0697419463654
913.7592342722213 642.2556080283354
881.660398043515 663.103305785124
921.7012143700456 661.4487265980773
965.382104908079 656.1540731995278
950.1599763872491 672.3689492325857
970.0149266318098 615.1205093607691
960.0874515095295 585.0071681565188
931.2977736549166 700.1658795749705
837.6485916680722 626.3716478326869
794.9604486422668 641.2628605161074
763.5234440883792 651.1903356383876
732.4173553719008 617.1060043852252
752.6032214538708 679.9800134930006
744.3303255186372 705.46053297352
732.4173553719008 748.8105076741441
819.4482206105583 734.9120425029516
847.2451509529432 730.2792207792209
807.8661663012313 679.3181818181819
841.288665879575 656.1540731995278
829.706611570248 645.5647664024287
968.3603474447631 740.2066959015012
901.8462641254849 763.7017203575647
935.2687637038287 763.3708045201553
845.5905717658965 578.0579355709226
865.7764378478664 585.3380839939282
810.1825771630967 575.0796930342385
903.9805194805195 552.1883116883115
862.8376623376624 562.1623376623374
845.3831168831169 560.9155844155842
845.3831168831169 532.2402597402596
1007.461038961039 698.0584415584414
997.4870129870129 669.3831168831167
999.9805194805195 614.5259740259738
1019.9285714285714 605.7987012987011
1016.1883116883117 554.681818181818
1017.4350649350648 663.1493506493505
999.9805194805195 735.4610389610388
977.538961038961 506.0584415584413
968.8116883116883 473.642857142857
947.6168831168831 491.0974025974024
908.9675324675324 484.8636363636362
793.0194805194805 711.7727272727271
783.0454545454546 673.1233766233764
637.1753246753248 575.8766233766232
607.2532467532468 588.3441558441557
736.9155844155845 565.9025974025973
764.3441558441558 553.4350649350648
794.2662337662338 527.2532467532466
807.9805194805195 508.5519480519478
892.7597402597402 434.99350649350635
887.7727272727274 452.4480519480518
876.551948051948 453.69480519480504
997.4870129870129 467.40909090909076
991.2532467532468 453.69480519480504
695.7727272727274 479.8766233766233
604.7597402597404 481.1233766233765
987.5129870129871 563.4090909090908
970.0584415584416 527.2532467532466
950.1103896103897 502.31818181818164
933.9025974025973 508.5519480519478
923.9285714285714 516.0324675324674
1009.9545454545454 471.14935064935054
993.7467532467532 499.8246753246751
876.8907910271545 494.20897284533623
887.5165289256197 480.1298701298699
885.3913813459267 465.25383707201865
1011.5720188902006 452.5029515938604
925.237898465171 446.6587957497046
947.8175914994096 558.4946871310506
1018.2131050767414 579.746162927981
1019.5413223140495 526.8831168831167
1020.8695395513577 536.1806375442737
977.8353010625736 459.6753246753244
933.2072018890199 465.25383707201865
913.5495867768593 498.9905548996456
905.3146399055488 526.0861865407318
990.3205430932703 588.2467532467531
1021.9321133412042 510.67886658795726
960.8341204250294 441.0802833530104
916.4716646989373 461.80047225501744
846.6074380165287 446.12750885478135
918.5968122786303 534.8524203069655
1003.0714285714284 454.8937426210151
1006.2591499409681 574.4332939787483
832.5283353010624 711.6523022432112
798.4311013661661 564.6844180760206
713.283943329398 487.50236127508833
718.7030696576153 500.2532467532466
701.8081463990557 511.72904368358894
831.8671782762694 507.5850059031875
806.6841794569069 535.9557260920895
623.7089728453366 483.6770956316409
548.1599763872491 485.7491145218416
567.9238488783943 462.7975206611568
570.474025974026 443.0336481700116
608.4999999999999 396.6558441558441
590.4220779220778 399.77272727272714
581.0714285714284 395.4090909090908
737.538961038961 419.72077922077915
469.4870129870129 492.6558441558441
440.1883116883116 483.92857142857133
455.1493506493506 476.44805194805184
455.1493506493506 486.42207792207785
421.4870129870129 473.9545454545454
443.3051948051948 469.590909090909
440.8116883116883 417.22727272727263
440.8116883116883 406.62987012987
449.538961038961 398.52597402597394
404.0324675324674 373.590909090909
397.7987012987012 386.6818181818181
360.3961038961038 421.590909090909
383.46103896103887 422.8376623376622
308.6558441558441 396.6558441558441
270.62987012987 395.4090909090908
311.77272727272714 482.0584415584415
629.6948051948051 423.46103896103887
549.9025974025974 430.7857142857142
527.4610389610389 403.66883116883116
