17.71812400825607 619.7122779388432
55.37120154622572 563.2326616318886
17.71812400825607 572.2366584344466
12.806853025042644 546.0432131906416
31.63339179402747 510.8457711442787
28.359211138551853 487.1079613920804
12.806853025042644 469.91851295083353
45.548659579798816 419.16871279096137
77.47192097068614 478.10396458952255
93.02427908419531 505.93450016106533
97.11700490353984 546.0432131906416
115.94354367252464 577.14792941766
160.96352768531443 603.3413746614649
162.60061801305224 571.4181132705777
149.50389539114977 658.1839006406816
184.70133743751265 658.1839006406816
74.19774031521052 671.2806232625841
123.31045014734478 477.2854194256536
135.5886276053784 420.8058031186992
78.29046613455505 405.25344500519003
25.085030483076206 373.3301836143027
24.266485319207305 318.4876576350861
24.266485319207305 288.20148657193664
53.73411121848791 264.4636768197384
79.92755646229286 302.11675435770803
108.5766371977045 329.94728992925076
93.84282424806422 373.3301836143027
147.04825989954307 401.1607191858455
164.23770834079005 379.0599997613851
147.04825989954307 327.49165443764406
151.9595308827565 275.9233091139031
180.60861161816814 310.30220599639705
152.7780760466254 247.2742283784914
60.28247252943915 244.81859288688472
54.552656382356815 219.44369280694863
3.8028562224846962 186.70188625219248
56.189746710094624 189.15752174379912
90.5686435925886 221.08078313468644
143.77407924406745 226.81059928176884
110.21372752544231 144.95608289487828
88.93155326485079 171.96807330255217
39.81884343271651 139.22626674779602
32.45193695789637 163.78262166386315
41.45593376045432 104.02882470143307
106.12100170609779 77.83537945762814
140.49989858859183 72.10556331054575
101.20973072288436 45.91211806674081
169.14897932400348 95.02482789887507
205.98351169810417 101.57318920982641
303.39038619850385 133.49645060071362
281.2896667740434 183.42770559671686
246.91076989154942 126.12954412589355
204.34642137036636 230.9033251011133
187.15697292911938 194.8873378908815
224.810050467089 311.12075116026597
212.5318730090554 284.1087607525921
257.5518570218452 280.8345800971165
306.66456685397947 215.3509669876041
367.2369089802785 233.35896059272008
364.78127348867173 207.98406051278397
275.5598506269611 318.4876576350861
252.6405860386318 327.49165443764406
243.63658923607383 350.41091902597344
226.44714079482682 379.0599997613851
220.7173246477445 405.25344500519003
185.51988260138157 464.18869680375116
214.9875085006621 464.18869680375116
218.26168915613775 512.4828614720166
198.61660522328404 532.9464905687391
249.36640538315618 542.769032535166
224.810050467089 604.9784649892027
386.0634477492632 112.21427634012211
399.1601703711657 114.66991183172888
416.34961881241276 74.56119880215252
470.3735996277604 70.46847298280794
541.5870288843552 80.29101494923479
476.92196093871166 139.22626674779602
424.53507045110183 140.86335707553383
354.9587315222449 140.86335707553383
428.62779627044637 192.43170239927483
443.3616092200867 167.05680231933874
467.9179641361538 193.2502475631437
435.99470274526647 212.0767863321285
399.1601703711657 234.99605092045786
404.07144135437915 261.1894961642628
368.8739993080163 324.21747378216844
441.72451889234884 284.1087607525921
460.5510576613336 265.28222198360726
498.2041351993032 256.2782251810494
510.4823126573368 272.64912845842747
528.4903062624527 187.52043141606143
498.2041351993032 177.69788944963457
518.6677642960259 143.31899256714047
541.5870288843552 166.2382571554698
573.5102902752425 115.48845699559773
620.1673646157701 97.48046339048183
637.356813057017 45.91211806674081
597.2481000274407 150.68589904196068
633.2640872376726 149.8673538780917
610.3448226493432 196.5244282186193
581.6957419139316 212.0767863321285
562.0506579810778 275.1047639500341
593.1553742080962 281.6531252609854
619.3488194519011 249.72986387009814
668.4615292840354 301.2982091938391
637.356813057017 268.5564026390829
670.9171647756422 267.737857475214
694.6549745278404 279.1974897693787
741.3120488683679 284.927305916461
737.2193230490235 301.2982091938391
736.4007778851545 255.45968001718043
701.2033358387916 226.81059928176884
735.5822327212857 232.5404154288511
775.690945750862 204.70987985730835
657.8204421537397 86.02083109631717
709.3887874774807 75.37974396602137
701.2033358387916 59.00884068864328
731.4895069019411 59.00884068864328
755.2273166541394 49.18629872221643
783.0578522256822 66.37574716346347
736.4007778851545 98.29900855435069
691.3807938723648 127.76663445363135
657.8204421537397 101.57318920982641
683.1953422336758 98.29900855435069
745.4047746877125 140.86335707553383
788.7876683727645 135.13354092845142
826.440745910734 140.86335707553383
821.5294749275207 120.39972797881114
834.6261975494232 80.29101494923479
840.3560136965056 44.275027739003
877.1905460706062 74.56119880215252
908.2952622976246 57.37175036090548
894.379994511853 108.9400956846465
923.8476204111337 158.05280551678075
915.6621687724447 137.5891764200582
988.5126883567771 112.21427634012211
985.2385077013014 137.5891764200582
1012.2504981089754 172.78661846642103
896.017084839591 212.8953314959974
860.0010976293593 186.70188625219248
796.1545748475846 176.06079912189665
825.6222007468651 213.71387665986632
850.9971008268012 234.1775057565889
987.6941431929082 242.36295739527796
1002.4279561425485 230.08477993724446
1023.7101304031399 224.35496379016206
990.1497786845149 284.927305916461
956.5894269658901 265.28222198360726
920.573439755658 311.12075116026597
878.009091234475 330.7658350931197
925.4847107388715 359.4149158285314
972.141785079399 338.9512867318087
969.6861495877924 375.78581910590947
937.7628881969051 391.3381772194187
901.7469009866733 388.0639965639431
850.9971008268012 347.9552835343667
862.456733120966 377.42290943364725
843.6301943519812 416.71307729935467
900.1098106589354 416.71307729935467
941.0370688523808 424.0799837741748
1008.1577722896308 390.5196320555497
1000.7908658148107 418.3501676270925
1007.3392271257619 441.2694322154218
938.581433360774 445.3621580347663
963.1377882768413 465.825787131489
991.7868690122526 492.83777753916286
988.5126883567771 519.8497679468367
928.7588913943472 518.2126776190988
934.4887075414296 485.47087106434265
888.650178364771 491.20068721142496
879.646181562213 465.825787131489
894.379994511853 458.4588806566688
823.1665652552583 456.821790328931
791.2433038643712 488.7450517198184
847.7229201713255 516.5755872913611
865.7309137764416 510.0272259804098
837.9003782048987 534.583580896477
900.9283558228043 553.4101196654618
892.7429041841153 579.6035649092668
932.0330720498227 593.5188326950381
928.7588913943472 567.3253874512332
964.7748786045789 544.4061228629038
991.7868690122526 571.4181132705777
1016.3432239283198 578.7850197453978
982.7828722096949 595.9744681866448
948.4039753272009 612.345371464023
910.7508977892312 666.3693522793706
841.1745588603744 643.4500876910413
791.2433038643712 670.4620780987152
781.4207618979444 652.4540844935992
796.9731200114534 619.7122779388432
736.4007778851545 502.6603195055897
744.5862295238436 483.015235572736
541.5870288843552 336.495651240202
602.9779161745231 392.15672238328756
551.4095708507821 314.3949318157416
625.0786355989835 338.9512867318087
657.0018969898708 343.04401255115323
685.6509777252825 336.495651240202
688.1066132168892 375.78581910590947
738.0378682128924 351.2294641898423
787.1505780450266 359.4149158285314
831.3520168939475 326.67310927377514
753.5902263264016 379.0599997613851
746.2233198515813 454.3661548373243
803.5214813224046 428.1727095935193
684.0138873975446 428.1727095935193
664.3688034646909 401.1607191858455
705.2960616581362 464.18869680375116
651.2720808427885 428.1727095935193
616.8931839602944 494.4748678669006
681.5582519059379 531.3094002410013
683.1953422336758 559.1399358125441
740.4935037044991 617.2566424472363
763.4127682928284 595.1559230227758
682.3767970698068 613.9824617917607
666.0058937924288 658.1839006406816
715.1186036245629 651.6355393297304
740.4935037044991 673.7362587541908
645.5422646957061 664.7322619516328
630.8084517460658 670.4620780987152
621.804454943508 637.720271543959
566.9619289642912 643.4500876910413
595.611009699703 578.7850197453978
581.6957419139316 564.8697519596265
599.7037355190474 530.4908550771323
583.3328322416694 477.2854194256536
604.6150065022608 397.8865385303699
508.02667716573006 299.66111886610133
489.2001383967453 330.7658350931197
447.4543350394311 395.4309030387632
413.893983320806 392.15672238328756
399.97871553503467 425.7170741019126
392.61180906021445 456.821790328931
369.6925444718852 460.0959709844066
354.9587315222449 437.99525155994615
364.78127348867173 414.25744180774797
345.954734719687 397.8865385303699
341.0434637364735 361.870551320138
254.2776763663696 491.20068721142496
282.10821193791236 510.8457711442787
296.8420248875526 498.5675936862452
476.92196093871166 442.0879773792907
497.38559003543435 424.0799837741748
525.2161256069771 471.5556032785713
539.1313933927485 466.6443322953579
546.4982998675686 498.5675936862452
545.6797547036997 527.2166744216568
523.5790352792393 555.8657551570684
500.65977069090997 572.2366584344466
540.7684837204863 600.8857391698582
508.845222329599 600.0671940059893
526.8532159347149 635.2646360523522
528.4903062624527 660.6395361322883
473.64778028323605 640.1759070355656
434.3576124175286 668.0064426071084
408.98271233759255 644.2686328549103
405.7085316821169 612.345371464023
433.5390672536598 597.6115585143826
452.36560602264456 578.7850197453978
453.18415118651353 533.7650357326081
475.2848706109739 501.0232291778518
468.7365093000226 471.5556032785713
440.90597372847986 496.93050335850734
368.05545414414735 528.0352195855257
334.49510242552225 542.769032535166
320.5798346397509 447.81779352637307
304.2089313623728 459.27742582053776
268.1929441521409 405.25344500519003
309.9387475094551 379.0599997613851
350.0474605390315 571.4181132705777
342.6805540642114 597.6115585143826
276.37839579083 588.6075617118246
269.83003447987875 611.526826300154
310.7572926733241 645.905723182648
351.68455086676926 640.1759070355656
355.7772766861139 668.0064426071084
327.946741114571 676.1918942457975
252.6405860386318 654.9097199852059
234.63259243351587 672.0991684264529
236.26968276125368 326.67310927377514
506.3895868379922 131.8593602729758
160.30455131748658 13.134033536023518
99.00983969043664 19.851262207481067
41.91339598304767 8.096112032430382
295.4887783305693 5.577151280633759
336.6318039432467 13.134033536023518
315.64046434494196 32.446065966463856
436.5505804311775 22.370222959277584
481.8918739635158 33.28571955039606
610.3588723051411 36.64433388612489
705.2397272894787 32.446065966463856
212.36307352128247 83.66493458632753
251.8267919660955 33.28571955039606
222.43891652846875 24.889183711074207
9.166906209692204 6.416804864565966
