47.772727272727195 398.9661157024793
83.52809917355373 402.4041322314049
56.023966942148746 358.39752066115693
23.70661157024793 365.2735537190082
18.893388429752065 336.394214876033
34.70826446280992 347.39586776859494
95.21735537190082 388.6520661157024
96.59256198347109 346.70826446280984
85.59090909090911 352.20909090909083
168.10330578512395 372.83719008264455
221.7363636363636 361.14793388429746
214.17272727272726 381.088429752066
187.35619834710744 335.01900826446274
194.91983471074377 319.2041322314049
253.36611570247933 342.5826446280991
246.49008264462813 316.4537190082644
241.6768595041322 306.13966942148755
196.98264462809917 297.2008264462809
170.85371900826445 278.6355371900826
139.9115702479339 281.38595041322304
146.78760330578515 302.01404958677676
112.4074380165289 318.51652892561975
78.71487603305783 290.32479338842967
65.65041322314053 304.07685950413213
55.33636363636364 231.87851239669416
104.84380165289255 242.19256198347102
86.27851239669421 278.6355371900826
103.46859504132235 273.8223140495867
315.9380165289256 352.89669421487594
326.2520661157024 340.51983471074374
367.50826446280985 353.5842975206611
358.5694214876034 325.392561983471
325.56446280991736 315.7661157024793
280.1826446280992 308.890082644628
309.7495867768595 295.82561983471066
299.43553719008264 252.50661157024786
340.00413223140487 275.88512396694205
393.6371900826445 310.2652892561983
412.890082644628 400.34132231404953
433.51818181818186 361.14793388429746
424.5793388429752 335.70661157024784
426.64214876033054 308.890082644628
410.1396694214876 271.0719008264462
378.50991735537184 266.2586776859503
346.192561983471 253.88181818181812
351.0057851239669 238.75454545454537
337.2537190082644 202.99917355371895
382.63553719008263 209.18760330578505
381.9479338842975 186.49669421487596
395.0123966942149 177.55785123966936
404.63884297520656 224.3148760330578
466.5231404958678 246.31818181818173
440.39421487603306 205.0619834710743
524.9694214876033 396.21570247933874
502.27851239669417 414.093388429752
515.3429752066115 379.02561983471065
501.5909090909091 357.70991735537183
519.4685950413223 339.8322314049586
531.8454545454546 326.7677685950413
575.8520661157024 354.95950413223136
575.8520661157024 326.0801652892561
488.52644628099176 258.00743801652885
488.52644628099176 286.19917355371894
475.4619834710744 317.1413223140495
529.095041322314 259.3826446280991
538.7214876033057 288.9495867768594
602.6685950413223 286.19917355371894
582.0404958677685 260.7578512396693
570.3512396694215 250.4438016528925
614.3578512396693 316.4537190082644
617.1082644628099 216.7512396694214
538.0338842975207 240.81735537190076
522.2190082644628 229.12809917355366
474.7743801652893 222.93966942148748
495.4024793388429 206.43719008264455
526.3446280991735 209.18760330578505
550.4107438016529 213.3132231404958
533.2206611570248 174.80743801652886
551.098347107438 188.55950413223133
572.4140495867769 165.86859504132224
573.7892561983471 120.48677685950406
614.3578512396693 118.42396694214868
578.602479338843 95.73305785123961
598.5429752066116 77.85537190082636
582.7280991735537 59.97768595041316
582.0404958677685 36.59917355371897
621.2338842975206 53.101652892561894
539.4090909090909 147.30330578512388
489.90165289256197 155.5545454545454
472.7115702479339 169.994214876033
458.95950413223136 139.05206611570242
476.8371900826446 130.8008264462809
485.7760330578512 108.79752066115692
511.2173553719008 94.35785123966934
536.6586776859504 75.79256198347099
560.7247933884297 64.1033057851239
551.098347107438 110.17272727272724
552.4735537190082 35.91157024793381
515.3429752066115 39.34958677685944
497.4652892561983 11.157851239669355
474.0867768595041 37.28677685950407
488.52644628099176 68.22892561983463
468.58595041322315 85.41900826446272
450.02066115702473 107.42231404958672
434.89338842975206 110.86033057851235
444.51983471074374 131.48842975206605
412.890082644628 141.8024793388429
423.20413223140497 169.994214876033
407.3892561983471 149.3661157024793
408.7644628099173 99.85867768595034
415.64049586776855 80.60578512396688
421.1413223140496 63.41570247933879
434.20578512396696 45.53801652892554
416.3280991735537 0.15619834710736313
418.3909090909091 4.281818181818096
474.0867768595041 3.594214876032993
329.6900826446281 176.87024793388423
332.4404958677686 154.17933884297514
376.4471074380165 156.2421487603305
378.50991735537184 120.48677685950406
367.50826446280985 131.48842975206605
375.7595041322314 88.85702479338835
347.56776859504134 63.41570247933879
339.31652892561976 75.10495867768589
347.56776859504134 41.412396694214806
355.8190082644628 28.347933884297447
365.4454545454545 16.65867768595035
309.0619834710743 28.347933884297447
299.43553719008264 39.34958677685944
311.1247933884297 65.47851239669416
295.99752066115695 74.41735537190073
316.62561983471073 120.48677685950406
316.62561983471073 99.85867768595034
289.1214876033058 141.8024793388429
280.87024793388434 170.6818181818181
295.3099173553719 182.37107438016523
284.9958677685951 202.99917355371895
251.30330578512397 253.19421487603296
223.11157024793388 266.2586776859503
190.79421487603307 238.06694214876023
199.04545454545453 220.18925619834704
229.29999999999998 204.37438016528918
255.4289256198347 228.4404958677685
190.79421487603307 168.61900826446274
213.48512396694215 182.37107438016523
247.17768595041323 164.493388429752
251.30330578512397 147.30330578512388
260.9297520661157 123.92479338842969
233.42561983471077 128.05041322314042
228.61239669421488 140.42727272727268
216.92314049586778 132.17603305785116
203.17107438016532 145.92809917355362
197.67024793388433 106.04710743801651
265.7429752066116 92.29504132231398
247.17768595041323 90.91983471074371
253.36611570247933 65.47851239669416
260.9297520661157 42.09999999999991
229.98760330578514 13.220661157024722
242.3644628099173 9.782644628099092
255.4289256198347 29.72314049586771
275.3694214876033 37.28677685950407
206.6090909090909 70.29173553719
221.7363636363636 60.665289256198264
209.35950413223145 37.974380165289176
196.98264462809917 59.290082644628
177.7297520661157 43.47520661157017
167.41570247933885 9.095041322313989
183.91818181818184 16.65867768595035
169.47851239669424 79.23057851239662
153.66363636363636 51.726446280991695
157.7892561983471 92.29504132231398
139.2239669421488 68.22892561983463
135.098347107438 109.48512396694207
152.28842975206615 152.11652892561978
155.03884297520662 172.74462809917347
137.84876033057853 220.87685950413214
148.85041322314052 239.44214876033047
123.4090909090909 195.43553719008258
113.78264462809918 169.994214876033
86.96611570247936 173.4322314049586
72.52644628099173 190.6223140495867
62.2123966942149 213.3132231404958
31.957851239669424 269.00909090909084
3.7661157024793397 191.30991735537182
1.7033057851239732 258.69504132231395
51.89834710743801 167.9314049586776
57.39917355371902 136.989256198347
100.71818181818182 140.42727272727268
55.33636363636364 123.23719008264459
6.516528925619838 155.5545454545454
7.891735537190101 116.36115702479333
34.70826446280992 100.54628099173544
77.33966942148763 97.79586776859497
50.52314049586775 84.73140495867762
14.76776859504133 80.60578512396688
21.643801652892563 54.47685950413216
57.39917355371902 53.789256198347054
97.96776859504133 66.16611570247926
108.96942148760334 81.29338842975199
128.9099173553719 91.60743801652882
109.65702479338844 44.850413223140436
80.77768595041326 43.47520661157017
79.402479338843 9.782644628099092
40.20909090909091 15.971074380165192
382.63553719008263 55.85206611570243
20.95619834710746 1.5314049586776264
1.7033057851239732 29.03553719008255
113.78264462809918 1.5314049586776264
290.496694214876 2.906611570247833
260.9297520661157 2.906611570247833
525.0714285714287 3.409090909090878
