39.64373088685022 555.3267074413864
75.13404689092766 520.8802242609581
99.14220183486242 569.940366972477
139.8516819571866 525.0555555555555
203.52548419979615 567.8527013251784
250.4979612640164 553.2390417940876
206.65698267074418 509.3980632008155
271.3746177370031 501.0474006116208
326.69775739041796 553.2390417940876
376.80173292558624 542.8007135575942
404.9852191641183 570.9841997961264
460.30835881753325 494.7844036697247
482.22884811416924 474.9515800203873
410.204383282365 464.51325178389396
334.0045871559634 461.38175331294593
298.5142711518859 453.0310907237512
226.48980632008158 433.1982670744138
178.47349643221207 482.2584097859327
197.26248725790015 401.88328236493373
151.3338430173293 411.27777777777777
131.5010193679919 365.3491335372069
102.27370030581045 346.56014271151884
27.117737003058153 381.00662589194695
26.073904179408828 443.6365953109072
33.38073394495416 501.0474006116208
54.25739041794094 358.0423037716615
105.40519877675848 278.71100917431187
36.51223241590219 299.58766564729865
49.03822629969426 242.17686034658504
74.09021406727834 183.72222222222217
96.01070336391444 173.2838939857288
137.7640163098879 167.02089704383275
12.504077471967435 129.4429153924566
41.73139653414887 129.4429153924566
87.66004077471973 129.4429153924566
122.10652395514785 100.21559633027516
8.328746177370078 59.50611620795098
45.90672782874623 67.8567787971457
136.72018348623857 29.234964322120277
104.3613659531091 58.46228338430171
44.8628950050969 19.840468909276183
67.82721712538233 11.48980632008147
185.78032619775746 29.234964322120277
208.7446483180429 24.015800203873596
224.40214067278293 53.24311926605503
176.38583078491342 75.16360856269102
267.1992864424058 55.33078491335368
232.7528032619776 4.18297655453614
233.79663608562697 92.90876656472983
224.40214067278293 122.13608562691127
188.91182466870544 140.92507645259934
169.07900101936804 186.8537206931702
224.40214067278293 173.2838939857288
280.7691131498471 167.02089704383275
249.45412844036701 206.68654434250757
168.0351681957187 280.7986748216106
198.30632008154947 314.20132517838937
159.684505606524 329.8588175331294
217.09531090723755 295.4123343527013
246.32262996941898 317.3328236493374
242.14729867482168 274.5356778797145
299.5581039755352 224.43170234454635
370.5387359836902 212.9495412844036
336.09225280326206 151.3634046890927
370.5387359836902 135.70591233435266
297.4704383282365 107.52242609582055
313.12793068297657 49.06778797145762
344.44291539245677 22.971967380224214
352.7935779816515 69.94444444444434
415.42354740061165 73.07594291539237
442.56320081549444 89.7772680937818
513.5438328236494 92.90876656472983
449.8700305810399 36.54179408766561
380.97706422018354 18.7966360856268
507.2808358817534 11.48980632008147
555.2971457696228 22.971967380224214
522.9383282364934 33.410295616717576
549.034148827727 73.07594291539237
511.4561671763508 122.13608562691127
411.24821610601435 159.71406727828742
366.3634046890929 209.81804281345558
389.32772680937825 182.67838939857285
420.64271151885833 223.38786952089697
490.57951070336395 203.55504587155963
439.4317023445464 179.54689092762482
415.42354740061165 179.54689092762482
526.0698267074415 205.64271151885828
458.2206931702345 245.30835881753308
525.0259938837921 246.3521916411824
432.1248725790011 260.9658511722732
323.56625891947004 310.025993883792
287.03211009174316 312.11365953109066
298.5142711518859 348.6478083588175
350.7059123343527 423.8037716615698
377.8455657492355 411.27777777777777
363.23190621814484 353.86697247706417
448.8261977573905 409.190112130479
427.9495412844038 375.7874617737003
403.941386340469 344.47247706422013
451.95769622833853 319.42048929663605
502.0616717635067 337.1656472986748
497.8863404689094 299.58766564729865
540.6834862385322 284.97400611620793
575.1299694189604 232.78236493374106
589.7436289500511 206.68654434250757
558.428644240571 336.1218144750255
585.5682976554538 282.8863404689092
624.1901121304793 278.71100917431187
651.3297655453619 297.49999999999994
591.8312945973498 337.1656472986748
569.9108053007137 345.5163098878695
631.4969418960245 358.0423037716615
597.0504587155965 365.3491335372069
686.8200815494395 374.74362895005095
678.4694189602446 407.1024464831804
600.1819571865444 426.9352701325178
565.7354740061162 426.9352701325178
480.1411824668706 385.1819571865443
545.9026503567788 474.9515800203873
579.3053007135577 477.03924566768603
559.4724770642204 506.26656472986747
494.75484199796136 567.8527013251784
633.5846075433233 517.7487257900102
625.2339449541284 480.17074413863395
673.250254841998 414.40927624872575
662.8119266055046 478.08307849133536
708.7405708460756 455.1187563710499
745.2747196738023 423.8037716615698
774.5020387359837 457.2064220183486
754.6692150866463 491.6529051987767
702.4775739041795 546.9760448521916
731.7048929663611 538.6253822629969
814.1676860346586 544.888379204893
831.9128440366974 570.9841997961264
800.5978593272171 489.56523955147804
834.0005096839959 486.43374108053
866.3593272171254 519.8363914373089
908.1126401630988 468.6885830784913
927.9454638124364 518.7925586136595
971.7864424057086 518.7925586136595
1019.8027522935781 508.3542303771661
987.4439347604487 468.6885830784913
959.2604485219165 474.9515800203873
977.0056065239553 401.88328236493373
990.5754332313966 417.5407747196738
888.2798165137615 424.8476044852191
898.7181447502549 375.7874617737003
847.5703363914374 395.62028542303767
795.3786952089704 407.1024464831804
728.5733944954129 366.39296636085624
780.7650356778797 321.5081549439347
808.9485219164119 287.0616717635066
725.441896024465 328.8149847094801
690.9954128440368 306.894495412844
660.7242609582061 249.48369011213043
686.8200815494395 240.0891946992864
628.3654434250766 69.94444444444434
646.1106014271152 55.33078491335368
601.2257900101938 8.358307849133439
673.250254841998 70.98827726809373
742.1432212028544 73.07594291539237
731.7048929663611 18.7966360856268
801.6416921508664 38.62945973496426
837.1320081549441 65.76911314984704
830.869011213048 92.90876656472983
851.7456676860347 116.91692150866459
757.8007135575942 152.40723751274209
818.3430173292559 128.39908256880727
846.526503567788 158.670234454638
800.5978593272171 194.16055045871553
820.4306829765546 195.2043832823649
775.545871559633 232.78236493374106
893.4989806320082 218.16870540265026
863.2278287461775 260.9658511722732
999.9699286442406 239.04536187563707
961.3481141692153 227.56320081549438
966.5672782874619 206.68654434250757
1001.0137614678899 180.59072375127414
985.3562691131499 140.92507645259934
936.296126401631 157.62640163098877
874.7099898063202 151.3634046890927
904.9811416921509 130.48674821610598
883.0606523955148 101.25942915392453
890.3674821610603 62.63761467889901
844.4388379204893 31.322629969418927
814.1676860346586 18.7966360856268
871.5784913353721 14.621304791029502
908.1126401630988 11.48980632008147
932.1207951070337 49.06778797145762
975.9617737003059 26.103465851172245
1010.4082568807339 58.46228338430171
367.1462793068297 230.22629969418966
350.4449541284403 273.0234454638125
323.4357798165137 136.6968017329256
629.0830784913353 224.84250764525996
653.6708291708292 31.525974025973937
664.9235764235764 11.066433566433489
632.1883116883117 7.99750249750241
412.24825174825173 16.181318681318544
142.18231768231766 6.9745254745254215
952.3801198801199 9.020479520479512
1015.8046953046952 102.11138861138852
961.5869130869131 125.63986013986005
934.9895104895105 363.99350649350646
952.3801198801199 568.588911088911
71.59690309690308 445.8316683316682
12.264235764235764 194.1793206793206
732.9515484515484 100.66433566433571
709.4230769230769 175.85314685314688
713.5149850149851 147.20979020979024
625.0274725274726 140.0489510489511
663.389110889111 155.39360639360643
791.2612387612387 96.57242757242761
788.1923076923076 63.325674325674356
942.1503496503497 107.31368631368636
914.52997002997 92.99200799200804
