117.0942473567872 636.4698575706742
81.76064700687259 648.6538576913345
82.36984701290564 615.7570573655519
11.09344630704335 662.0562578240606
31.197046506132732 502.44585624341187
93.94464712753282 560.9290568225808
133.54264751967852 567.021056882911
181.66944799628635 590.7798571181984
200.55464818330972 665.1022578542259
252.94584870214862 626.722657474146
304.72784921495446 644.3894576491034
364.4294498061896 653.5274577395985
353.4638496975953 609.6650573052217
390.015850059576 590.1706571121654
436.3150505180847 582.2510570337363
275.48624892537003 596.2626571724956
313.8658493054497 559.7106568105148
223.0950484065311 540.8254566234916
193.85344811694657 529.2506565088643
195.68104813504561 500.6182562253128
128.6690474714144 520.112656418369
146.94504765240472 482.95145605035555
77.49624696464153 473.81345595986033
59.82944678968424 444.5718556702759
35.461446548363796 444.5718556702759
9.26584628894434 439.08905561597874
61.657046807783246 421.42225544102143
5.0014462467132415 370.24945493424855
17.794646373406465 353.80105477135726
47.03624666299101 333.69745457226793
15.967046355307454 320.2950544395417
14.139446337208406 265.46705389657075
29.369446488033685 270.34065394483486
32.41544651819874 253.2830537759105
51.90984671125508 237.44385361905228
52.519046717288084 216.12185340789688
39.116646584561856 201.50105326310455
19.01304638547251 214.9034533958308
11.702646313076391 198.45505323293952
38.50744657852885 188.7078531364114
31.806246512165735 174.6962529976521
31.806246512165735 161.90305287095893
56.174246753486145 180.17905305194924
84.19744703100464 192.97225317864243
102.47344721199498 204.5470532932696
112.82984731455615 190.53545315451035
93.33544712149981 253.89225378194348
87.2434470611697 273.99585398103284
118.31264736885322 271.55905395690075
116.48504735075424 253.89225378194348
82.36984701290564 311.15705434904646
98.20904716976392 320.2950544395417
115.87584734472121 342.2262546567301
131.71504750157948 328.2146545179708
136.58864754984353 301.40985425251836
178.6234479661213 319.07665442747566
181.06024799025337 367.2034549040835
145.7266476403387 395.226655181602
115.26664733868816 411.6750553444934
143.89904762223966 436.6522555918467
187.1522480505835 419.5946554229224
244.41704861768642 406.19225529019616
307.1646492390866 408.01985530829523
337.62464954073704 435.4338555797807
305.9462492270206 462.23865584523315
308.9922492571856 503.6642562554779
342.4982495890012 500.6182562253128
388.7974500475099 522.5494564425012
393.0618500897411 493.9170561589497
435.0966505060188 545.6990566717556
461.2922507654382 499.3998562132468
417.4298503310615 447.61785570044094
438.14265053618385 431.16945553754965
358.33744974585954 419.5946554229224
281.5782489857001 356.2378547954893
318.7394493537138 309.9386543369805
278.53224895553507 308.7202543249145
222.48584840049807 335.52505459036695
240.15264857545537 282.52465406549504
268.78504885900685 289.2258541318581
233.45144850909227 260.59345384830664
161.56584779719702 253.2830537759105
132.93344751364552 236.8346536130192
156.08304774289988 230.13345354665609
174.35904792389022 216.12185340789688
158.519847767032 211.24825335963277
148.77264767050377 203.93785328723666
152.42784770670187 182.00665307004823
169.48544787562614 169.82265294938802
174.96824792992325 149.7190527502987
171.92224789975822 133.87985259344038
180.45104798422034 121.69585247278016
156.69224774893294 112.55785238228499
165.22104783339506 104.63825230385592
193.2442481109136 104.02905229782287
206.64664824363982 109.51185235211993
205.42824823157375 141.79945267186955
224.31344841859712 149.7190527502987
221.87664839446504 161.90305287095893
217.003048346201 177.1330530217842
221.26744838843206 201.50105326310455
227.96864845479513 201.50105326310455
220.65824838239902 224.650653492359
252.94584870214862 193.5814531846754
277.923048949502 223.43225348029299
288.2794490520632 237.44385361905228
301.6818491847894 235.61625360095314
293.76224910636034 223.43225348029299
260.25624877454476 177.1330530217842
134.15184752571153 165.55825290715694
93.33544712149981 166.77665291922295
64.0938468319153 141.1902526658365
103.69184722406098 141.79945267186955
122.57704741108435 133.87985259344038
131.71504750157948 118.04065243658214
100.64584719389593 107.07505232798792
76.27784695257553 114.38545240038404
63.484646825882294 110.12105235815298
40.944246602660904 130.83385256327531
33.02464652423174 119.25905244864815
20.23144639753852 110.73025236418601
12.311846319109396 119.86825245468118
8.047446276878297 106.46585232195496
80.54224699480659 163.7306528890579
231.62384849099323 380.6058550368097
378.4410499449488 279.47865403533
342.4982495890012 278.26025402326394
346.7626496312322 237.44385361905228
366.25704982428863 240.48985364921725
370.52144986651973 225.869053504425
330.31424946834096 213.07585337773182
305.3370492209875 177.74225302781716
308.38304925115256 158.24785283476083
324.22224940801084 155.20185280459575
284.6242490158652 139.9718526537705
270.00344887107286 129.00625254517635
266.3482488348748 116.21305241848309
241.98024859355442 119.86825245468118
245.02624862371945 105.85665231592192
230.40544847892724 102.20145227972382
274.87704891933697 102.81065228575686
288.2794490520632 119.25905244864815
301.6818491847894 138.14425263567145
319.3486493597468 133.27065258740743
330.923449474374 122.91425248484624
326.04984942610986 107.07505232798792
300.4634491727234 107.68425233402097
348.5902496493313 155.20185280459575
349.8086496613972 166.16745291318998
377.22264993288275 180.17905305194924
384.53305000527894 145.45465270806764
370.52144986651973 143.6270526899686
363.8202498001566 133.27065258740743
369.9122498604867 114.38545240038404
377.22264993288275 104.02905229782287
389.406650053543 107.68425233402097
403.4182501923023 127.78785253311027
393.6710500957741 116.82225242451612
417.4298503310615 135.70745261153942
425.9586504155236 166.16745291318998
407.6826502345333 196.6274532148405
406.46425022246734 214.9034533958308
419.86665035519354 226.47825351045805
396.1078501199061 248.4094537276464
436.3150505180847 220.9954534561609
441.79785057238195 197.2366532208735
467.99345083180134 204.5470532932696
477.74065092832956 217.94945342599584
471.64865086799944 238.6622536311182
432.05065047585373 265.46705389657075
440.5794505603159 277.0418540111979
430.2230504577546 294.7086541861553
441.1886505663489 311.7662543550795
463.1198507835372 349.5366547291262
486.8786510188247 344.05385467482904
434.48745049998575 362.9390548618524
408.29185024056636 396.44505519366805
433.8782504939527 391.57145514540395
460.68305075940515 397.054255199701
493.5798510851877 429.34185551945063
498.4534511334519 384.8702550790409
492.97065107915483 453.100655754738
546.5802516100598 440.9166556340777
594.0978520806345 656.5734577697636
559.982651742786 640.7342576129053
552.6722516703899 614.5386573534859
587.3966520142715 596.8718571785286
567.2930518151821 580.4234570156373
502.7178511756829 561.538256828614
524.6490513928713 544.4806566596895
505.1546511998151 533.5150565510954
608.7186522254268 523.7678564545672
633.6958524727803 539.6070566114255
628.2130524184832 661.4470578180276
809.7546542163203 666.9298578723248
783.5590539569009 640.7342576129053
801.2258541318582 613.3202573414197
748.8346536130192 580.4234570156373
726.903453395831 565.802656870845
735.4322534802931 539.6070566114255
740.9150535345901 507.319456291676
773.2026538543397 510.365456321841
791.47865403533 520.112656418369
814.6282542645845 537.7794565933265
856.6630546808623 537.7794565933265
881.6402549282155 556.6646567803498
886.5138549764797 613.3202573414197
862.1458547351593 489.6526561167187
868.8470548015224 467.72145589953027
867.6286547894564 443.3534556582098
900.525455115239 434.8246555737477
882.2494549342487 409.8474553263942
909.0542551997011 411.06585533846027
920.0198553082954 511.583856333907
909.0542551997011 457.36505579696905
846.3066545783009 411.6750553444934
814.6282542645845 429.34185551945063
807.9270541982213 407.41065530226217
773.2026538543397 403.1462552600311
793.3062540534291 379.3874550247437
664.1558527744309 490.2618561227516
640.3970525391435 481.73305603828953
609.9370522374929 477.46865599605843
629.4314524305491 453.100655754738
665.3742527864968 456.75585579093604
681.8226529493882 415.9394553867244
704.3630531726095 413.5026553625923
714.1102532691376 428.1234555073846
772.5934538483068 511.583856333907
616.6382523038559 412.89345535655923
603.2358521711297 389.74385512730487
548.4078516281587 415.3302553806913
536.2238515074985 360.5022548377204
517.9478513265082 319.07665442747566
506.373051211881 306.28345430078247
492.97065107915483 305.6742542947494
496.6258511153528 287.3982541137591
504.545451193782 261.81185386037265
531.3502514592345 235.00705359492017
552.0630516643569 209.42065334153372
527.0858514170034 292.2718541620232
572.1666518634462 249.01865373367946
578.8678519298093 269.7314539388018
594.0978520806345 269.7314539388018
608.1094522193938 256.32905380607554
613.5922522736909 278.26025402326394
595.9254520987336 294.7086541861553
589.2242520323705 322.1226544576407
601.4082521530306 366.5942548980505
610.5462522435258 348.3182547170602
667.2018528045959 381.2150550428428
671.4662528468269 353.80105477135726
654.4086526779026 328.2146545179708
650.1442526356715 294.7086541861553
637.3510525089783 308.7202543249145
642.8338525632755 264.24865388450473
644.0522525753414 242.92665367334934
682.4318529554212 289.8350541378911
673.903052870959 309.3294543309475
679.3858529252561 327.60545451193786
699.4894531243455 356.2378547954893
706.7998531967414 320.2950544395417
726.2942533897979 312.3754543611126
749.4438536190522 325.1686544878058
773.8118538603727 334.30665457830094
775.0302538724387 369.03105492218253
833.5134544516077 349.5366547291262
871.8930548316876 360.5022548377204
899.9162551092058 353.1918547653242
924.2842553505263 344.05385467482904
916.9738552781303 315.4214543912776
883.4678549463147 330.6514545421029
834.7318544636738 308.7202543249145
468.6026508378344 179.5698530459162
471.64865086799944 163.7306528890579
467.38425082576833 153.37425278649673
446.06225061461294 136.92585262360544
435.7058505120518 119.86825245468118
445.4530506085799 101.59225227369085
458.8554507413062 107.68425233402097
461.2922507654382 120.47745246071415
474.08545089213146 139.36265264773752
491.1430510610557 127.78785253311027
490.5338510550227 116.82225242451612
495.40745110328686 107.68425233402097
483.8326509886597 105.24745230988887
518.5570513325413 112.55785238228499
524.0398513868383 139.9718526537705
538.0514515255976 114.38545240038404
531.3502514592345 100.98305226765781
553.8906516824558 111.94865237625201
566.683851809149 106.46585232195496
574.6034518875781 145.45465270806764
588.0058520203045 139.9718526537705
598.3622521228657 147.2822527261666
595.9254520987336 174.08705299161915
589.2242520323705 160.68465285889283
563.637851778984 177.1330530217842
549.0170516341918 171.65025296748706
540.4882515497296 160.07545285285988
545.9710516040267 144.8454527020346
526.4766514109704 180.17905305194924
514.9018512963431 172.86865297955305
497.8442511274189 175.30545300368516
485.05105100072564 193.5814531846754
631.2590524486483 202.11025326913762
647.7074526115395 192.97225317864243
644.0522525753414 178.3514530338502
656.2362526960017 152.1558527744307
670.8570528407938 161.29385286492587
630.6498524426153 144.23625269600154
633.6958524727803 133.27065258740743
622.1210523581531 127.78785253311027
616.029052297823 117.4314524305491
595.3162520927007 113.77625239435108
619.075052327988 104.02905229782287
637.9602525150112 104.02905229782287
665.3742527864968 125.96025251501129
681.8226529493882 130.83385256327531
695.8342530881473 146.67305272013365
698.8802531183123 160.07545285285988
714.1102532691376 169.21345294335504
722.6390533535998 183.2250530821143
732.995453456161 196.0182532088075
759.1910537155804 219.16785343806194
771.3750538362407 186.27105311227936
747.0070535949202 235.61625360095314
726.2942533897979 243.5358536793823
693.3974530640153 223.43225348029299
681.8226529493882 208.2022533294677
673.903052870959 217.94945342599584
690.9606530398833 248.4094537276464
699.4894531243455 282.52465406549504
754.3174536673164 291.6626541559902
789.041854011198 279.47865403533
759.1910537155804 258.76585383020756
787.214253993099 261.81185386037265
811.5822542344195 267.29465391466977
824.3754543611126 245.36345369748136
853.0078546446641 227.69665352252406
809.1454542102873 202.71945327517057
523.4306513808052 124.7418525029452
867.6286547894564 316.6398544033436
891.9966550307768 305.6742542947494
913.9278552479652 289.2258541318581
912.7094552358992 250.84625375177842
902.962255139371 234.39785358888722
882.2494549342487 245.9726537035144
866.4102547773903 204.5470532932696
895.6518550669749 191.14465316054338
895.6518550669749 164.33985289509093
916.9738552781303 174.08705299161915
909.0542551997011 158.24785283476083
889.5598550066449 133.27065258740743
906.617455175569 114.99465240641707
892.6058550368099 114.99465240641707
876.1574548739185 125.35105250897826
856.6630546808623 125.35105250897826
842.6514545421029 133.27065258740743
837.1686544878058 124.7418525029452
831.6858544335088 147.2822527261666
868.8470548015224 149.7190527502987
845.6974545722679 188.09865313037832
826.2030543792117 177.1330530217842
796.9614540896271 177.1330530217842
809.7546542163203 158.24785283476083
794.524654065495 150.32825275633166
764.0646537638445 158.24785283476083
743.9610535647552 134.4890525994734
723.8574533656658 128.39705253914332
715.9378532872366 116.82225242451612
695.8342530881473 108.29345234005393
676.949052901124 105.85665231592192
776.2486538845047 124.7418525029452
781.7314539388019 110.73025236418601
820.7202543249145 113.77625239435108
767.7198538000425 127.1786525270773
730.558653432029 169.21345294335504
296.96054913803357 72.5029519856146
262.8453488001849 60.31895186495438
278.37994895402676 59.70975185892138
300.0065491681986 62.45115188606991
302.4433491923307 57.272951834789325
326.20214942761805 81.03175207007673
349.6563496598889 65.49715191623497
366.40934982579677 68.23855194338354
378.593349946457 77.37655203387867
394.4325501033152 78.8995520489612
361.5357497775326 88.95135214850589
423.9787503959162 73.72135199768061
410.8809502662065 72.19835198259808
431.28915046831236 58.795951849871855
420.9327503657512 55.44535181669031
459.61695074884744 63.66955189813596
471.8009508695076 85.90535211834083
466.013550812194 74.63515200673014
494.03675108971254 69.15235195243302
487.6401510263659 60.928151870987385
503.17475118020764 67.93395194036702
512.6173512737194 88.34215214247288
522.3645513702475 87.42835213342336
141.30994759659936 95.34795221185249
153.79854772027608 93.21575219073695
157.45374775647412 67.0201519313175
131.86734750308767 80.42255206404373
124.86154743370804 64.27875190416896
96.83834715618956 91.69275217565442
185.4769480339926 71.28455197354859
193.39654811242175 88.64675214548937
218.9829483658082 79.5087520549942
164.15494782283724 53.31315179557478
550.9969516537991 55.44535181669031
540.6405515512379 50.57175176842621
575.3649518951195 70.97995197053207
570.4913518468554 81.94555207912626
550.9969516537991 91.99735217867094
548.2555516266506 84.9915521092913
593.0317520700768 77.98575203991167
605.215752190737 58.491351846855366
622.8825523656943 65.49715191623497
628.6699524230079 83.7731520972253
608.261752220902 94.73875220581948
603.388152172638 87.42835213342336
235.73594853171608 66.71555192830101
294.3714491123933 250.84625375177842
869.91315481208 100.83075226614959
856.8153546823703 83.46855209420877
867.1717547849315 70.97995197053207
855.2923546672878 71.8937519795816
841.8899545345615 65.80175191925149
820.8725543264227 76.46275202482914
818.1311542992742 55.140751813673795
787.3665539946072 70.97995197053207
777.0101538920459 69.45695195544954
786.1481539825411 94.12955219978647
766.3491537864683 89.25595215152241
754.4697536688246 91.3881521726379
741.6765535421314 86.51455212437384
733.7569534637023 68.23855194338354
712.1303532495303 84.68695210627483
692.9405530594904 91.08355216962141
667.3541528061041 81.94555207912626
655.1701526854439 74.02595200069715
677.4059529056486 69.45695195544954
638.1125525165195 67.0201519313175
575.6695518981359 60.0143518619379
706.0383531892003 54.22695180462427
721.5729533430421 53.31315179557478
755.0789536748575 58.491351846855366
768.7859538106003 67.32475193433402
912.2525552313743 84.9915521092913
933.2699554395132 102.04915227821562
915.2985552615394 102.04915227821562
922.9135553369521 91.3881521726379
939.3619554998432 74.93975200974666
946.3677555692228 65.80175191925149
915.6031552645559 63.66955189813596
884.8385549598889 58.18675184383885
868.3901547969976 60.0143518619379
859.8613547125354 55.140751813673795
952.1551556265365 60.0143518619379
957.9425556838502 114.53775240189232
929.3101554002985 127.02635252556904
940.2757555088926 144.69315270052638
514.1403512888019 243.68815368089057
938.1435554877772 199.8257532465138
938.1435554877772 185.81415310775458
956.724155671784 198.6073532344478
958.8563556928997 236.9869536145275
951.85055562352 282.6769540670033
953.068955635586 309.48175433245575
940.2757555088926 301.5621542540266
935.0975554576123 271.7113539584091
934.7929554545956 247.03875371407213
935.2335529237477 233.6363535813459
966.6073532344477 167.23355292374777
970.2625532706459 141.0379526643283
967.8257532465138 120.32515245920592
974.8315533158935 81.33635207309325
970.5671532736624 67.32475193433402
964.4751532133323 333.8497545737761
105.23114977451621 246.73415371105557
149.09355020889294 169.36575294486326
36.39154909278601 91.99735217867094
60.75954933410642 93.21575219073695
73.55274946079965 96.870952226935
79.03554951509675 84.68695210627483
301.3935517171456 216.8833534154381
294.996951653799 102.04915227821562
7.149948803201491 244.2973536869236
982.1333277859684 648.1714762097448
951.4352549808292 582.3898916273038
1001.1368966653403 569.964481206176
971.9006368509218 523.9173719984673
978.4787953091661 482.98660825828165
995.2896447024566 450.09581596706107
988.7114862442124 426.7068081155265
985.7878602627707 405.5105197500733
963.8606654019569 390.1614833475037
993.8278317117356 371.8888209634922
1005.5223356375029 336.8053091861903
996.020551197817 319.2635532975394
1005.5223356375029 273.21644408983053
982.8642342813288 243.98018427541234
998.9441771792589 199.39488805842444
966.7842913833988 205.97304651666863
981.4024212906078 176.00588020688988
1012.1004940957471 181.85313216977352
990.1732992349333 155.54049833679707
1020.1404655447121 148.2314333831925
1014.2932135818285 135.07511646670426
987.2496732534916 146.76962039247155
1010.6386811050262 99.99160468940237
984.3260472720497 94.14435272651875
1008.4459616189448 80.9880358100305
1002.5987096560611 67.83171889354227
986.518766758131 73.67897085642592
1006.9841486282239 56.8681214631354
998.9441771792589 53.21358898633311
1008.4459616189448 41.51908506056583
974.8242628323637 46.635430528088996
993.8278317117356 26.90095515335666
1017.9477460586307 21.784609685833495
1017.9477460586307 10.090105760066216
970.4388238602011 15.206451227589309
941.9334705411432 26.90095515335666
932.4316861014572 16.668264218310256
925.1226211478528 44.44271104200765
914.1590237174458 34.210020106961245
882.7300444169462 31.28639412551943
871.7664469865393 41.51908506056583
861.533756051493 30.555487630158954
859.3410365654116 20.322796695112547
833.0284027324352 27.631861648717134
822.7957117973888 19.591890199752147
806.7157688994588 33.47911361160077
795.7521714690519 37.13364608840306
796.4830779644122 51.02086950025176
732.1633063726921 43.71180454664717
751.166875252064 37.13364608840306
758.4759402056685 42.9808980512867
815.4866468437841 13.013731741507963
792.82854548761 12.282825246147562
666.3817217902509 40.057272069844885
655.4181243598441 37.13364608840306
694.8870751093087 37.13364608840306
708.0433920257971 39.32636557448441
619.6037060871818 51.02086950025176
599.1383242170889 42.9808980512867
618.1418930964608 26.170048657996187
607.1782956660539 23.97732917191484
594.0219787495657 19.591890199752147
580.8656618330774 24.708235667275385
561.8620929537057 19.591890199752147
515.8149837459969 30.555487630158954
504.85138631559 21.053703190473094
488.0405369222995 23.97732917191484
454.4188381357185 26.90095515335666
410.5644484140911 43.71180454664717
387.90634705791695 45.904524032728595
361.5937132249405 29.82458113479848
348.43739630845226 27.631861648717134
325.7792949522781 24.708235667275385
290.69578317497616 44.44271104200765
270.9613078002438 37.13364608840306
257.0740843883952 27.631861648717134
237.33960901366285 40.057272069844885
241.72504798582554 26.90095515335666
143.78357760752434 29.82458113479848
135.01269966319884 18.8609837043916
137.2054191492802 45.904524032728595
169.3653049451403 17.399170713670802
223.45238560181414 37.13364608840306
186.17615433843082 57.599027958495874
210.2960686853259 49.55905650953081
8.565875965839796 15.206451227589309
81.48712459586797 8.431145163204063
29.315296424039783 15.591984324043267
274.8297819385253 6.385191117250047
259.48512659386995 14.569007301066259
