359.5959595959596 648.5139393939395
283.0286868686869 673.4286868686869
270.26747474747486 657.6290909090909
255.07555555555564 649.1216161616162
206.4614141414142 668.5672727272728
159.6703030303031 665.5288888888889
173.039191919192 640.0064646464647
221.65333333333334 614.4840404040405
183.97737373737382 607.799595959596
146.909090909091 619.9531313131314
94.04121212121221 639.3987878787879
66.6957575757577 616.9147474747475
106.19474747474757 584.7078787878788
130.5018181818183 609.0149494949496
140.83232323232332 590.1769696969698
174.25454545454554 584.7078787878788
177.29292929292933 572.5543434343435
170.00080808080816 550.0703030303031
215.57656565656566 581.669494949495
242.92202020202026 561.008484848485
221.65333333333334 548.8549494949496
236.2375757575758 533.6630303030304
258.1139393939394 540.3474747474748
260.5446464646465 577.4157575757575
273.3058585858586 594.4307070707072
275.128888888889 531.2323232323232
19.296969696969803 627.2452525252526
63.04969696969706 592.6076767676768
33.88121212121226 590.1769696969698
44.211717171717275 573.1620202020202
6.535757575757695 578.0234343434344
24.766060606060737 556.7547474747475
66.0880808080809 551.2856565656566
78.84929292929307 567.0852525252526
103.15636363636374 551.8933333333333
117.74060606060614 553.108686868687
154.20121212121222 522.1171717171718
134.14787878787888 511.7866666666667
82.49535353535364 522.7248484848485
67.30343434343443 526.9785858585858
50.89616161616175 535.4860606060606
35.70424242424255 527.5862626262626
25.98141414141428 520.2941414141414
7.1434343434344925 532.4476767676769
27.196767676767777 499.63313131313134
29.62747474747487 480.7951515151516
76.41858585858597 499.63313131313134
77.63393939393951 475.3260606060606
78.84929292929307 460.1341414141415
41.78101010101023 464.38787878787883
41.78101010101023 435.8270707070707
8.966464646464786 441.2961616161617
25.373737373737484 416.3814141414142
14.43555555555567 419.41979797979803
20.51232323232335 404.8355555555556
18.08161616161631 387.21292929292935
81.28000000000009 450.4113131313132
57.58060606060618 439.4731313131313
69.12646464646475 423.67353535353544
63.65737373737386 419.41979797979803
53.93454545454559 418.2044444444445
69.12646464646475 404.8355555555556
61.834343434343566 392.07434343434346
49.073131313131405 378.7054545454546
77.02626262626272 385.38989898989905
82.49535353535364 404.22787878787886
86.14141414141423 410.9123232323233
98.90262626262636 424.8888888888889
97.07959595959603 416.989090909091
104.37171717171728 408.48161616161616
190.0541414141415 537.9167676767677
199.77696969696976 527.5862626262626
215.57656565656566 500.2408080808081
180.33131313131318 494.16404040404046
149.94747474747484 480.7951515151516
148.12444444444455 465.6032323232324
132.3248484848486 457.7034343434345
112.27151515151525 466.81858585858583
101.94101010101019 460.1341414141415
103.15636363636374 447.98060606060614
120.17131313131323 445.54989898989913
154.80888888888896 450.4113131313132
170.00080808080816 460.1341414141415
174.25454545454554 452.2343434343435
191.8771717171718 465.6032323232324
193.09252525252538 446.7652525252525
199.16929292929296 439.4731313131313
246.56808080808088 453.4496969696971
267.229090909091 511.1789898989899
264.1907070707071 494.16404040404046
281.81333333333333 495.98707070707076
286.67474747474756 528.1939393939394
299.43595959595956 513.6096969696971
314.020202020202 531.2323232323232
319.4892929292929 516.040404040404
336.5042424242425 516.040404040404
335.28888888888895 491.73333333333335
365.06505050505046 519.0787878787879
359.5959595959596 497.20242424242434
371.74949494949493 484.4412121212122
394.84121212121215 476.54141414141424
420.36363636363626 464.38787878787883
419.1482828282828 492.94868686868693
411.24848484848485 483.2258585858586
405.17171717171715 499.63313131313134
399.70262626262627 535.4860606060606
221.65333333333334 460.1341414141415
230.16080808080812 437.0424242424243
218.61494949494954 426.1042424242425
241.09898989898997 426.1042424242425
271.4828282828283 428.5349494949495
260.5446464646465 421.85050505050515
275.7365656565657 412.1276767676768
259.32929292929293 400.58181818181833
282.42101010101015 427.3195959595961
298.2206060606061 426.1042424242425
290.32080808080815 446.7652525252525
314.020202020202 419.41979797979803
333.46585858585865 415.77373737373745
312.1971717171717 401.18949494949504
221.04565656565666 404.8355555555556
225.90707070707074 401.18949494949504
221.04565656565666 395.1127272727274
211.93050505050508 399.3664646464647
206.4614141414142 404.22787878787886
207.069090909091 414.55838383838386
202.8153535353536 394.50505050505063
205.85373737373743 392.07434343434346
211.93050505050508 387.21292929292935
192.48484848484856 395.7204040404041
182.76202020202027 398.15111111111116
168.78545454545463 398.15111111111116
168.17777777777786 408.48161616161616
159.6703030303031 412.73535353535357
156.63191919191925 434.00404040404044
157.23959595959604 421.2428282828284
150.55515151515158 417.59676767676774
133.54020202020214 417.59676767676774
136.5785858585859 406.658585858586
150.55515151515158 402.4048484848485
138.40161616161626 395.1127272727274
142.6553535353536 381.7438383838384
94.04121212121221 381.7438383838384
100.72565656565669 375.05939393939406
91.00282828282837 365.3365656565657
69.12646464646475 368.98262626262635
111.0561616161617 359.8674747474748
100.72565656565669 358.0444444444445
117.13292929292939 369.5903030303031
124.4250505050506 374.4517171717173
131.10949494949503 370.80565656565653
131.7171717171718 362.29818181818183
142.6553535353536 362.29818181818183
142.6553535353536 368.3749494949496
160.88565656565663 374.4517171717173
167.57010101010107 364.1212121212122
152.37818181818193 365.3365656565657
171.82383838383845 376.27474747474747
183.97737373737382 373.84404040404047
178.5082828282829 365.3365656565657
190.0541414141415 380.528484848485
196.73858585858594 366.5519191919193
204.03070707070717 367.76727272727277
211.93050505050508 362.29818181818183
221.04565656565666 373.2363636363637
235.0222222222223 362.29818181818183
248.39111111111117 363.5135353535354
224.08404040404045 356.8290909090909
228.33777777777783 346.49858585858595
207.6767676767677 349.5369696969697
211.32282828282837 336.16808080808084
196.13090909090917 336.7757575757576
191.8771717171718 343.4602020202021
182.15434343434353 335.56040404040414
173.64686868686874 345.89090909090913
101.33333333333344 395.7204040404041
118.95595959595968 393.28969696969705
603.8820202020202 665.5288888888889
501.18464646464645 600.5074747474748
624.5430303030303 584.1002020202021
767.3470707070705 587.138585858586
898.6052525252524 640.6141414141415
713.2638383838381 550.6779797979799
714.4791919191919 524.5478787878789
455.6088888888889 473.5030303030304
451.9628282828283 456.4880808080809
478.0929292929292 453.4496969696971
489.63878787878787 437.0424242424243
220.43797979797986 345.89090909090913
225.29939393939404 332.52202020202026
225.29939393939404 327.0529292929294
533.9991919191918 461.34949494949507
523.6686868686869 437.0424242424243
523.6686868686869 420.6351515151516
510.9074747474747 405.4432323232324
495.10787878787875 393.89737373737375
486.600404040404 387.8206060606061
477.4852525252525 376.27474747474747
453.7858585858586 366.5519191919193
425.83272727272725 388.4282828282829
443.45535353535354 395.7204040404041
462.2933333333333 415.16606060606074
411.8561616161616 410.3046464646465
402.1333333333334 404.8355555555556
396.0565656565657 395.7204040404041
368.10343434343434 418.81212121212127
375.3955555555556 413.3430303030304
380.86464646464646 435.8270707070707
409.42545454545456 465.6032323232324
371.74949494949493 400.58181818181833
359.5959595959596 402.4048484848485
381.4723232323232 397.5434343434344
355.949898989899 388.4282828282829
343.18868686868683 386.6052525252526
326.17373737373737 384.7822222222223
310.37414141414143 387.8206060606061
301.25898989898985 376.27474747474747
306.72808080808085 362.29818181818183
314.020202020202 355.00606060606066
324.95838383838384 344.67555555555566
331.64282828282836 354.39838383838395
338.9349494949495 367.76727272727277
331.0351515151515 373.84404040404047
348.05010101010106 365.3365656565657
366.28040404040405 379.9208080808081
375.3955555555556 369.5903030303031
383.9030303030303 356.8290909090909
393.01818181818186 365.3365656565657
406.99474747474744 380.528484848485
418.540606060606 376.27474747474747
413.6791919191919 362.9058585858587
420.9713131313131 359.8674747474748
443.45535353535354 350.1446464646465
451.9628282828283 350.1446464646465
470.80080808080805 358.6521212121213
473.2315151515151 349.5369696969697
464.1163636363636 343.4602020202021
436.7709090909091 330.69898989898996
444.0630303030303 311.2533333333334
514.5535353535354 377.4901010101011
513.9458585858584 368.3749494949496
498.75393939393933 352.5753535353536
490.2464646464646 338.59878787878796
481.1313131313131 349.5369696969697
475.0545454545454 331.30666666666673
489.0311111111111 325.2298989898991
531.5684848484848 381.7438383838384
529.1377777777776 364.1212121212122
534.6068686868687 349.5369696969697
538.860606060606 404.22787878787886
557.090909090909 419.41979797979803
566.2060606060605 440.08080808080814
578.3595959595959 477.7567676767677
614.8202020202019 483.2258585858586
648.8501010101008 474.1107070707071
691.3874747474747 460.1341414141415
726.6327272727272 469.8569696969697
758.2319191919191 523.3325252525252
761.2703030303029 468.0339393939394
812.3151515151513 465.6032323232324
818.9995959595957 445.54989898989913
684.0953535353533 483.2258585858586
738.1785858585856 428.5349494949495
763.0933333333331 398.7587878787879
774.6391919191918 397.5434343434344
786.7927272727272 405.4432323232324
801.3769696969696 373.2363636363637
874.9058585858583 388.4282828282829
869.4367676767675 376.27474747474747
883.413333333333 376.88242424242424
918.050909090909 376.27474747474747
747.901414141414 388.4282828282829
772.2084848484847 368.98262626262635
743.6476767676766 355.6137373737374
719.340606060606 351.36000000000007
749.1167676767676 376.27474747474747
692.6028282828281 398.7587878787879
678.6262626262626 420.6351515151516
679.841616161616 403.6202020202021
656.7498989898988 415.16606060606074
665.2573737373737 387.21292929292935
643.38101010101 384.7822222222223
633.6581818181818 407.26626262626274
622.7199999999998 403.0125252525253
620.2892929292929 389.64363636363646
620.2892929292929 377.4901010101011
602.6666666666666 379.9208080808081
619.681616161616 362.29818181818183
640.3426262626261 364.1212121212122
643.38101010101 354.39838383838395
657.9652525252525 317.3301010101011
694.4258585858585 330.0913131313132
716.9098989898987 335.56040404040414
695.6412121212121 384.1745454545455
685.3107070707069 381.7438383838384
562.56 381.7438383838384
581.3979797979797 384.1745454545455
564.3830303030302 365.3365656565657
574.7135353535353 359.8674747474748
598.4129292929292 354.39838383838395
602.6666666666666 365.3365656565657
608.7434343434343 335.56040404040414
617.8585858585858 319.76080808080815
603.2743434343433 314.29171717171727
592.3361616161616 321.58383838383844
591.120808080808 310.6456565656567
589.9054545454544 300.92282828282833
566.2060606060605 311.86101010101015
573.4981818181817 327.0529292929294
571.6751515151514 333.129696969697
546.760404040404 347.7139393939394
541.2913131313131 329.48363636363644
523.6686868686869 322.79919191919197
533.9991919191918 309.43030303030304
543.7220202020202 308.8226262626264
551.0141414141414 308.21494949494956
545.5450505050505 319.1531313131314
513.3381818181819 297.27676767676775
513.3381818181819 310.6456565656567
289.7131313131313 364.1212121212122
295.1822222222222 351.96767676767683
288.49777777777786 352.5753535353536
291.5361616161616 342.2448484848486
288.49777777777786 328.2682828282829
472.0161616161615 317.3301010101011
459.25494949494947 311.2533333333334
462.90101010101006 305.17656565656574
497.53858585858586 313.68404040404045
484.7773737373737 310.6456565656567
491.46181818181816 291.8076767676768
496.3232323232323 296.669090909091
547.3680808080808 291.20000000000005
556.4832323232323 297.27676767676775
561.3446464646463 297.8844444444445
565.5983838383836 291.8076767676768
575.321212121212 297.8844444444445
577.7519191919191 294.2383838383839
356.5575757575759 381.7438383838384
620.8969696969697 434.00404040404044
817.1765656565655 369.5903030303031
189.4464646464647 355.6137373737374
314.30787878787874 372.32484848484853
321.2961616161616 354.3983838383839
240.7789898989899 323.7107070707071
256.5785858585858 319.1531313131313
241.38666666666668 336.77575757575755
241.9943434343434 309.43030303030304
245.64040404040406 300.92282828282833
248.67878787878786 291.5038383838384
251.10949494949494 300.6189898989899
230.4484848484848 315.50707070707074
230.75232323232322 277.22343434343435
221.33333333333334 278.43878787878793
188.21494949494948 271.75434343434347
186.99959595959592 267.5006060606061
195.50707070707065 270.53898989898994
188.51878787878783 282.69252525252534
212.2181818181818 268.71595959595965
214.64888888888885 265.9814141414142
222.85252525252525 269.3236363636364
232.2715151515151 270.2351515151516
168.7692929292929 269.3236363636364
167.250101010101 290.5923232323233
169.98464646464643 282.38868686868693
163.90787878787876 283.9078787878788
57.86828282828278 285.42707070707075
45.71474747474742 289.6808080808081
42.98020202020198 286.9462626262627
30.522828282828247 297.5806060606061
25.357575757575713 290.5923232323233
15.330909090909046 292.1115151515152
80.0484848484848 284.51555555555564
92.50585858585855 280.5656565656566
105.26707070707066 287.8577777777778
160.26181818181817 318.2416161616162
163.30020202020202 313.0763636363637
170.5923232323232 320.3684848484849
179.4036363636363 324.0145454545455
269.0359595959596 310.6456565656566
287.87393939393934 307.3034343434344
241.9943434343434 407.87393939393945
238.0444444444444 300.92282828282833
111.64767676767673 424.58505050505056
435.4036363636363 297.73252525252536
777.0698989898989 434.6117171717172
67.91111111111124 289.37696969696975
961.51357975358 637.99666999667
1017.7773160173159 633.9047619047619
124.71837495837507 497.8488178488179
143.13196137196147 502.963702963703
731.3437495837496 408.84981684981693
659.735357975358 369.97668997668995
182.77232101232102 421.12554112554125
