790.6919480519482 354.10690909090914
813.4048831168833 367.9562597402597
836.9487792207794 350.2290909090909
826.1462857142859 357.4307532467532
812.5739220779221 355.4918441558442
804.2643116883119 355.4918441558442
769.9179220779223 359.36966233766236
754.4066493506494 357.4307532467532
778.2275324675327 367.12529870129873
782.6593246753249 361.86254545454545
785.9831688311689 372.94202597402597
796.5086753246756 380.1436883116883
806.2032207792209 385.1294545454546
815.0668051948054 387.06836363636364
819.4985974025975 376.8198441558442
818.6676363636365 396.7629090909091
797.6166233766235 396.4859220779221
785.152207792208 388.4532987012987
768.5329870129872 388.4532987012987
768.5329870129872 371.0031168831169
758.5614545454547 371.55709090909096
838.3337142857144 399.25579220779224
845.8123636363638 387.6223376623377
840.8265974025976 375.98888311688313
835.2868571428573 379.5897142857143
833.0709610389612 372.94202597402597
851.9060779220781 359.9236363636364
862.9855584415586 360.7545974025974
857.4458181818184 375.4349090909091
849.9671688311689 375.4349090909091
857.1688311688314 392.0541298701299
864.0935064935067 383.1905454545455
875.7269610389612 379.31272727272733
895.3930389610392 360.7545974025974
896.7779740259742 368.5102337662338
904.8105974025975 393.9930389610389
916.7210389610392 394.27002597402594
910.6273246753249 415.598025974026
931.6783376623379 386.2374025974026
950.7904415584417 392.3311168831169
962.9778701298703 396.7629090909091
995.3853506493508 397.03989610389607
986.7987532467533 361.86254545454545
976.2732467532469 366.57132467532466
958.2690909090911 368.23324675324676
962.9778701298703 361.86254545454545
939.4339740259742 366.8483116883117
925.3076363636364 365.1863896103896
931.4013506493508 360.2006233766234
928.3544935064937 371.55709090909096
914.2281558441559 366.8483116883117
922.5377662337663 377.3738181818182
938.6030129870131 378.2047792207792
931.9553246753248 376.26587012987017
937.2180779220781 392.3311168831169
991.7845194805197 354.10690909090914
971.0104935064936 354.38389610389606
1023.393038961039 338.04166233766256
1008.1587532467532 348.84415584415603
1018.6842597402598 335.8257662337664
1023.393038961039 333.3328831168833
1015.0834285714286 332.22493506493527
1009.8206753246754 334.1638441558443
1009.8206753246754 330.56301298701317
1002.8960000000001 331.39397402597416
1003.172987012987 341.08851948051966
999.2951688311689 329.7320519480521
1002.619012987013 335.27179220779243
993.7554285714286 339.7035844155846
994.3094025974026 331.6709610389612
989.3236363636364 334.4408311688313
984.0608831168831 331.39397402597416
980.7370389610389 339.1496103896106
981.291012987013 333.05589610389626
974.6433246753246 335.8257662337664
966.8876883116884 337.21070129870145
970.7655064935066 331.39397402597416
958.8550649350649 332.5019220779223
960.7939740259741 337.21070129870145
945.5596883116884 340.53454545454565
953.0383376623377 334.4408311688313
938.081038961039 336.65672727272744
932.5412987012987 340.2575584415586
931.7103376623377 332.5019220779223
925.0626493506494 334.1638441558443
920.9078441558443 333.05589610389626
917.030025974026 333.3328831168833
914.8141298701299 346.90524675324696
903.1806753246755 343.8583896103898
922.2927792207793 336.65672727272744
898.7488831168831 337.21070129870145
898.194909090909 333.3328831168833
890.1622857142856 338.5956363636365
883.2376103896104 338.04166233766256
879.3597922077922 339.1496103896106
879.3597922077922 334.71781818181836
873.820051948052 339.7035844155846
867.4493506493507 341.6424935064937
866.0644155844157 347.73620779220795
860.8016623376623 338.04166233766256
856.9238441558442 334.1638441558443
850.5531428571428 339.1496103896106
841.6895584415585 343.58140259740276
835.5958441558442 342.47345454545473
841.6895584415585 338.31864935064954
838.0887272727273 337.7646753246755
844.1824415584416 338.04166233766256
886.8384415584417 334.71781818181836
883.2376103896104 335.27179220779243
828.9481558441558 341.6424935064937
834.7648831168831 338.04166233766256
830.333090909091 336.1027532467534
825.3473246753248 338.5956363636365
820.9155324675324 335.27179220779243
817.5916883116884 337.7646753246755
814.8218181818182 346.0742857142859
809.8360519480519 339.9805714285716
811.7749610389611 335.8257662337664
805.6812467532468 334.4408311688313
802.0804155844156 337.7646753246755
792.1088831168831 339.7035844155846
783.5222857142857 339.7035844155846
770.7808831168832 344.9663376623378
799.3105454545454 351.3370389610392
860.7696623376625 343.1659220779223
867.4173506493507 334.30233766233795
892.9001558441558 348.70566233766255
879.6047792207792 350.92155844155866
978.7661298701299 347.0437402597405
777.1195844155844 338.18015584415605
769.3639480519481 338.18015584415605
757.7304935064935 342.0579740259743
752.7447272727273 343.1659220779223
743.881142857143 330.4245194805197
740.0033246753246 347.0437402597405
731.1397402597403 345.9357922077924
723.384103896104 340.9500259740262
716.1824415584416 340.9500259740262
727.2619220779221 350.92155844155866
723.9380779220778 348.15168831168853
741.1112727272728 358.67719480519503
745.5430649350649 344.2738701298704
750.5288311688312 339.28810389610413
735.5715324675325 339.28810389610413
728.3698701298702 336.518233766234
706.2109090909092 343.1659220779223
716.7364155844157 348.15168831168853
703.4410389610389 350.92155844155866
703.4410389610389 361.4470649350652
715.0744935064936 362.55501298701324
727.2619220779221 369.20270129870147
738.3414025974027 366.4328311688314
741.6652467532467 388.5917922077924
725.6 390.2537142857146
712.3046233766233 392.46961038961064
721.7221818181819 376.95833766233795
694.0234805194806 392.46961038961064
735.5715324675325 407.4269090909093
760.5003636363637 387.48384415584445
748.3129350649351 373.0805194805197
763.2702337662338 368.0947532467535
984.8598441558443 392.46961038961064
1010.8966233766234 383.6060259740262
1014.7744415584416 374.1884675324678
1019.7602077922079 396.34742857142874
1016.4363636363637 419.61433766233796
988.1836883116883 424.60010389610414
978.7661298701299 436.23355844155867
987.0757402597403 438.4494545454548
944.9737142857143 436.23355844155867
962.7008831168831 458.3925194805197
979.3201038961039 469.47200000000026
989.2916363636364 496.06275324675346
1018.0982857142857 502.7104415584418
1018.0982857142857 502.7104415584418
960.4849870129871 509.3581298701301
946.6356363636364 488.30711688311715
961.0389610389611 475.0117402597405
948.8515324675325 466.70212987013014
929.4624415584416 450.0829090909093
916.167064935065 454.51470129870154
920.5988571428571 442.881246753247
895.670025974026 493.29288311688333
915.0591168831169 506.03428571428594
890.1302857142857 472.2418701298704
891.7922077922078 458.94649350649377
840.8265974025975 501.6024935064938
843.0424935064935 482.7673766233769
853.0140259740259 438.4494545454548
1000.3711168831169 422.93818181818204
820.8835324675324 429.0318961038963
792.0768831168831 457.83854545454574
791.5229090909091 438.4494545454548
814.2358441558442 450.6368831168833
818.1136623376624 506.03428571428594
784.8752207792209 504.92633766233786
773.2417662337663 499.3865974025976
769.9179220779222 462.8243116883119
774.3497142857143 443.98919480519504
764.932155844156 430.6938181818184
752.1907532467533 442.32727272727294
736.6794805194805 455.06867532467555
728.9238441558442 422.93818181818204
701.7791168831169 446.2050909090911
701.2251428571429 461.7163636363639
710.0887272727273 479.9975064935067
643.0578701298701 468.3640519480522
655.7992727272728 467.2561038961041
678.5122077922078 429.0318961038963
642.5038961038962 441.2193246753249
629.7624935064936 460.6084155844158
614.8051948051949 441.2193246753249
620.3449350649352 426.81600000000026
637.5181298701299 402.99511688311713
680.664103896104 367.8177662337664
675.1243636363638 360.61610389610405
679.002181818182 346.2127792207794
665.7068051948053 341.22701298701315
662.3829610389611 348.4286753246755
650.7495064935065 344.5508571428573
660.167064935065 336.7952207792209
671.8005194805195 344.5508571428573
629.6984935064935 345.6588051948054
630.8064415584416 341.78098701298717
624.1587532467532 339.56509090909105
627.4825974025975 355.0763636363638
618.619012987013 365.60187012987024
613.0792727272728 361.72405194805214
608.6474805194805 357.8462337662339
617.511064935065 375.5734025974028
624.7127272727273 376.6813506493508
638.008103896104 373.35750649350666
631.9143896103898 368.92571428571443
642.4398961038962 360.61610389610405
647.4256623376624 361.17007792207806
658.5051428571429 368.3717402597404
669.0306493506495 363.93994805194825
656.8432207792208 357.2922597402599
670.1385974025976 387.7608311688313
590.3663376623379 353.41444155844175
604.7696623376625 347.3207272727274
599.7838961038963 351.19854545454564
588.7044155844156 345.6588051948054
574.855064935065 348.4286753246755
569.3153246753247 343.4429090909093
564.3295584415586 339.56509090909105
557.1278961038962 341.22701298701315
575.963012987013 337.349194805195
595.352103896104 342.3349610389612
599.2299220779222 344.5508571428573
616.9570909090911 335.6872727272729
608.6474805194805 336.7952207792209
621.3888831168832 335.6872727272729
641.3319480519481 345.1048311688313
652.4114285714287 336.7952207792209
641.8859220779221 329.5935584415586
634.6842597402598 329.5935584415586
670.1385974025976 334.0253506493508
677.8942337662338 322.3918961038963
665.7068051948053 366.7098181818184
612.5252987012988 345.1048311688313
624.1587532467532 360.06212987013004
567.6534025974026 365.60187012987024
543.8325194805196 361.72405194805214
533.307012987013 356.7382857142859
580.3948051948053 396.07044155844176
592.5822337662338 403.82607792207807
620.8349090909092 399.9482597402599
644.6557922077923 386.0989090909093
660.7210389610391 401.610181818182
647.4256623376624 401.610181818182
630.8064415584416 418.78337662337674
621.3888831168832 413.2436363636366
583.1646753246754 423.76914285714304
573.193142857143 398.8403116883119
563.2216103896105 398.8403116883119
537.7388051948053 404.38005194805214
537.7388051948053 392.74659740259756
511.148051948052 392.74659740259756
489.543064935065 382.22109090909106
479.0175584415585 367.8177662337664
460.7364155844157 366.7098181818184
459.0744935064936 388.8687792207794
441.9012987012988 369.4796883116885
443.0092467532469 383.32903896103915
432.48374025974033 370.5876363636366
415.31054545454555 362.83200000000016
401.46119480519485 369.4796883116885
398.6913246753247 369.4796883116885
395.9214545454546 374.4654545454547
393.15158441558447 376.12737662337685
385.94992207792217 367.8177662337664
380.4101818181819 372.24955844155863
353.2654545454546 358.954181818182
366.5608311688312 365.0478961038963
427.49797402597414 363.93994805194825
421.4042597402599 418.2294025974028
413.6486233766235 405.4880000000001
388.7197922077923 397.73236363636374
374.31646753246764 384.4369870129872
349.94161038961045 383.8830129870131
365.45288311688324 414.90555844155864
353.2654545454546 429.8628571428573
373.2085194805196 431.52477922077935
402.0151688311689 430.9708051948054
415.86451948051956 438.72644155844176
442.4552727272728 414.35158441558457
465.1682077922079 433.7406753246755
488.43511688311696 422.661194805195
496.19075324675333 402.71812987013004
542.7245714285715 468.08706493506514
549.9262337662338 475.84270129870146
561.5596883116884 479.1665454545456
575.4090389610391 483.04436363636376
598.121974025974 515.7288311688313
520.5656103896105 511.2970389610391
520.5656103896105 482.4903896103898
497.29870129870136 476.9506493506495
482.3414025974027 490.2460259740261
492.8669090909092 511.2970389610391
438.5774545454546 495.23179220779235
434.6996363636365 467.5330909090911
457.96654545454555 468.6410389610391
412.5406753246754 496.89371428571445
400.3532467532469 483.5983376623378
382.62607792207797 489.1380779220781
366.0068571428572 496.89371428571445
392.59761038961045 518.4987012987015
372.65454545454554 483.04436363636376
581.5027532467533 344.5508571428573
577.6249350649351 341.22701298701315
577.0709610389611 363.93994805194825
599.2299220779222 336.7952207792209
587.0424935064935 335.6872727272729
620.8349090909092 329.5935584415586
613.0792727272728 327.9316363636365
599.7838961038963 329.5935584415586
696.1753766233768 370.5876363636366
713.3485714285715 378.34327272727285
710.0247272727273 381.11314285714303
702.823064935065 372.8035324675327
701.161142857143 383.32903896103915
779.2714805194805 376.12737662337685
795.8907012987014 368.92571428571443
840.7625974025974 355.0763636363638
849.0722077922079 344.5508571428573
508.3781818181819 362.83200000000016
516.1338181818182 370.5876363636366
528.3212467532468 388.3148051948054
529.4291948051948 399.9482597402599
495.6367792207793 367.8177662337664
315.5312207792209 384.4369870129872
320.51698701298716 370.5876363636365
298.3580259740261 375.5734025974027
276.199064935065 372.80353246753253
264.5656103896105 372.80353246753253
232.435116883117 367.26379220779233
221.9096103896105 367.81776623376635
217.47781818181826 361.170077922078
206.39833766233772 367.26379220779233
201.4125714285715 367.26379220779233
186.45527272727279 379.45122077922093
189.77911688311698 369.47968831168845
171.4979740259741 382.22109090909106
160.41849350649355 390.53070129870144
146.0151688311689 390.53070129870144
151.55490909090915 380.55916883116896
139.92145454545462 367.81776623376635
121.08633766233773 371.14161038961055
107.23698701298706 376.6813506493508
87.29392207792212 377.2353246753248
71.7826493506494 382.7750649350651
54.60945454545456 382.7750649350651
14.723324675324694 375.0194285714287
21.924987012987025 381.113142857143
178.1456623376624 394.9624935064936
199.7506493506494 398.2863376623378
219.13974025974036 394.4085194805196
234.65101298701308 394.4085194805196
229.66524675324686 381.113142857143
215.26192207792218 378.34327272727285
209.16820779220785 361.7240519480521
247.3924155844157 380.55916883116896
259.5798441558442 382.22109090909106
244.62254545454556 375.5734025974027
259.5798441558442 403.27210389610406
250.16228571428584 396.07044155844176
275.64509090909104 408.25787012987024
276.199064935065 398.2863376623378
287.2785454545455 399.94825974025986
285.6166233766235 425.43106493506514
301.1278961038962 424.323116883117
298.91200000000015 438.1724675324677
310.54545454545473 413.79761038961055
320.51698701298716 434.8486233766235
324.39480519480526 421.55324675324687
340.460051948052 438.1724675324677
328.82659740259754 394.4085194805196
232.98909090909098 449.8059220779222
218.58576623376632 453.6837402597404
202.52051948051957 454.23771428571445
203.6284675324676 421.55324675324687
162.08041558441565 398.2863376623378
134.38171428571434 391.08467532467546
111.66877922077929 386.65288311688323
92.27968831168835 397.73236363636374
82.30815584415588 386.65288311688323
96.71148051948057 388.31480519480533
60.70316883116885 402.1641558441559
51.285610389610405 396.07044155844176
37.436259740259764 413.79761038961055
36.88228571428574 398.2863376623378
6.9676883116883115 388.31480519480533
16.385246753246758 388.31480519480533
6.41371428571429 404.9340259740261
3.0898701298701345 416.5674805194807
2.535896103896113 438.1724675324677
4.197818181818176 465.8711688311689
29.12664935064936 453.6837402597404
49.62368831168834 440.9423376623378
72.89059740259744 440.9423376623378
64.02701298701301 421.55324675324687
107.23698701298706 447.0360519480521
138.8135064935065 457.56155844155865
152.1088831168832 439.83438961038974
185.90129870129874 471.96488311688324
169.282077922078 491.3539740259742
113.88467532467537 474.73475324675337
105.57506493506496 457.56155844155865
85.63200000000003 481.9364155844157
81.75418181818185 459.2234805194807
51.285610389610405 464.2092467532469
39.65215584415587 476.9506493506495
61.257142857142874 489.1380779220781
12.50742857142858 510.1890909090911
39.09818181818182 563.9245714285717
59.04124675324679 583.3136623376624
61.811116883116924 550.629194805195
88.40187012987016 581.0977662337665
88.40187012987016 554.5070129870132
115.54659740259746 575.5580259740262
3.6438441558441554 586.0835324675327
142.1373506493507 577.7739220779222
141.58337662337667 586.6375064935067
143.24529870129874 545.0894545454547
178.69963636363644 522.3765194805197
209.72218181818192 519.6066493506496
204.73641558441562 559.4927792207794
249.60831168831177 514.0669090909093
225.23345454545463 543.9815064935067
280.0768831168832 496.3397402597404
266.7815064935066 486.922181818182
264.01163636363646 589.4073766233768
265.6735584415585 567.8023896103897
282.8467532467534 581.6517402597406
325.50275324675334 538.9957402597404
342.67594805194824 562.2626493506494
369.8206753246754 563.3705974025976
348.2156883116885 528.470233766234
328.2726233766235 505.75729870129885
332.70441558441564 485.8142337662339
278.4149610389612 462.54732467532483
430.7578181818184 492.4619220779222
123.30223376623381 411.58171428571444
106.683012987013 411.02774025974037
311.6534025974027 361.170077922078
341.5680000000001 369.47968831168845
15.895272727272706 625.6926753246754
50.241662337662305 655.6072727272729
50.241662337662305 617.9370389610391
148.84903896103893 648.9595844155846
135.5536623376623 613.5052467532469
205.3543896103896 632.3403636363638
227.51335064935063 611.2893506493508
301.74587012987007 632.3403636363638
375.97838961038957 673.3344415584417
413.64862337662333 667.7947012987015
508.9321558441558 650.0675324675326
498.96062337662335 620.1529350649351
587.5964675324676 668.9026493506494
616.4031168831168 635.664207792208
630.8064415584416 620.1529350649351
605.3236363636363 593.5621818181819
609.7554285714286 556.9998961038962
666.2607792207792 647.8516363636364
728.3058701298701 629.0165194805196
418.08041558441573 458.11553246753266
493.4208831168833 530.132155844156
249.6723116883118 434.84862337662355
696.175376623377 342.88893506493525
696.175376623377 358.954181818182
691.7435844155846 352.8604675324677
687.3117922077925 358.954181818182
726.6439480519483 358.954181818182
734.9535584415586 370.58763636363653
646.3177142857146 351.1985454545456
547.7103376623378 346.7667532467534
644.6557922077924 337.90316883116895
648.5336103896105 339.01111688311704
723.3201038961042 337.349194805195
716.672415584416 337.349194805195
393.1515844155846 366.7098181818184
404.7850389610391 360.61610389610405
387.6118441558443 372.24955844155863
369.3307012987014 374.4654545454547
327.7826493506495 377.2353246753248
788.1350649350649 660.039064935065
763.7602077922079 655.6072727272729
787.0271168831171 615.7211428571429
768.192 562.5396363636365
721.6581818181819 582.4827012987015
740.4932987012987 545.9204155844157
724.982025974026 543.7045194805196
676.2323116883116 579.1588571428573
808.0781298701299 545.9204155844157
667.3687272727273 541.4886233766235
660.721038961039 554.7840000000001
712.7945974025973 545.9204155844157
767.0840519480519 522.6535064935066
800.3224935064935 518.2217142857145
983.1339220779222 531.517090909091
1001.9690389610389 543.7045194805196
1001.9690389610389 558.1078441558443
999.753142857143 578.0509090909092
982.025974025974 561.4316883116884
972.0544415584417 579.1588571428573
952.1113766233767 593.5621818181819
946.5716363636365 624.5847272727274
865.6914285714287 610.1814025974027
837.9927272727273 640.0960000000001
857.9357922077921 570.2952727272728
882.3106493506494 541.4886233766235
895.606025974026 528.1932467532469
85.696 530.409142857143
864.5834805194805 407.42690909090925
195.38285714285712 438.44945454545467
