57.83049172226317 581.2483320978502
7.351618482826508 566.8257968865826
92.6849518161599 580.0464541635779
85.47368421052606 549.9995058067705
75.85866073634769 531.9713367926859
34.994810971089464 530.7694588584136
158.7882382011364 599.2765011119347
161.19199406968102 563.2201630837657
122.73190017296739 546.3938720039534
206.86335557202847 564.422041018038
252.5347170743759 593.2671114405732
245.3234494687421 565.6239189523103
232.10279219174672 546.3938720039534
248.929083271559 531.9713367926859
284.98542129972805 537.9807264640474
294.6004447739064 588.4595997034841
315.0323696565356 599.2765011119347
331.85866073634776 666.5816654311836
394.35631331850743 737.4924635532494
450.8445762293055 655.764764022733
400.3657029898689 616.102792191747
378.7319001729674 624.5159377316531
447.2389424264886 599.2765011119347
543.3891771682727 725.4736842105262
578.2436372621693 670.1872992340005
691.2201630837657 673.7929330368174
724.87274524339 747.1074870274277
882.3187546330614 729.0793180133431
1010.9196936001977 739.896219421794
974.8633555720285 672.591055102545
961.6426982950333 569.2295527551272
821.022979985174 644.9478626142821
622.7131208302445 596.8727452433901
639.5394119100566 569.2295527551272
687.6145292809488 571.6333086236717
770.5441067457375 566.8257968865826
845.0605386706202 565.6239189523103
897.9431677786013 546.3938720039534
941.2107734124041 539.1826043983198
964.0464541635778 527.1638250555967
959.2389424264886 506.7319001729675
918.3750926612305 497.11687669878916
935.2013837410427 468.2718062762539
933.9995058067705 510.3375339757845
897.9431677786013 518.7506795156905
867.8962194217938 504.32814430442295
845.0605386706202 495.9149987645169
822.2248579194463 529.5675809241413
770.5441067457375 537.9807264640474
715.2577217692116 531.9713367926859
674.3938720039536 512.7412898443291
632.3281443044228 540.384482332592
597.4736842105262 557.2107734124043
607.0887076847047 531.9713367926859
569.8304917222633 549.9995058067705
549.3985668396341 540.384482332592
537.3797874969111 574.0370644922165
461.66147763775615 546.3938720039534
476.08401284902385 521.1544353842352
502.5253274030144 540.384482332592
533.7741536940943 518.7506795156905
596.271806276254 512.7412898443291
611.8962194217938 495.9149987645169
628.722510501606 498.3187546330614
614.2999752903385 476.6849518161601
635.9337781072397 476.6849518161601
657.5675809241411 471.8774400790709
687.6145292809488 480.29058561897693
709.2483320978502 471.8774400790709
720.0652335063008 491.1074870274277
706.8445762293055 493.5112428959722
3.1450457128736926 510.33753397578437
16.96664195700517 509.1356560415121
46.41265134667654 500.12157153446987
32.591055102545056 503.72720533728676
65.0417593278972 498.91969360019755
18.769458858413614 535.5769705955028
33.79293303681735 522.9572522856434
87.27650111193476 486.2999752903384
64.44082036076101 473.079318013343
51.82110205090187 459.8586607363478
27.182604398319725 451.44551519644165
13.961947121324396 470.67556214479845
3.1450457128736926 485.0980973560661
1.9431677786013957 451.44551519644165
25.980726464047397 434.0182851494933
13.361008154188248 425.6051396095872
15.764764022732841 411.1826043983196
3.745984680009841 403.3703978255497
12.15913021991595 398.5628860884604
22.976031628366655 393.7553743513712
3.1450457128736926 384.1403508771928
19.370397825549762 381.73659500864824
18.168519891277466 385.34222881146513
15.163825055596693 389.54880158141816
9.755374351371357 381.1356560415121
47.61452928094884 355.8962194217937
39.80232270817887 366.71312083024446
33.19199406968121 376.9290832715591
24.7788485297751 377.5300222386952
23.576970595502804 369.71781566592523
14.562886088460544 369.71781566592523
36.19668890536198 384.741289844329
30.788238201136615 386.54410674573745
6.7506795156905826 376.9290832715591
3.1450457128736926 373.3234494687421
33.19199406968121 394.9572522856435
39.80232270817887 391.95255744996274
48.21546824808498 376.32814430442284
49.41734618235728 385.94316777860126
47.013590313812685 397.3610081541881
51.82110205090187 391.95255744996274
53.62391895231032 368.5159377316529
120.9290832715592 515.7459846800098
150.97603162836668 528.365702989869
59.63330862367184 552.4032616753149
179.22016308376578 524.1591302199158
186.43143068939955 543.9901161354088
187.0323696565357 494.7131208302445
171.40795651099577 492.30936496169994
136.55349641709904 480.2905856189769
112.51593773165305 489.3046701260192
81.86805040770939 455.0511489992586
89.68025698047936 445.4361255250802
74.05584383493942 435.22016308376556
57.83049172226339 441.22955275512714
36.79762787249813 441.22955275512714
40.40326167531502 430.4126513466764
48.81640721522113 429.81171237954027
66.84457622930566 421.39856683963416
54.825796886582616 421.39856683963416
48.81640721522113 410.5816654311834
56.62861378799109 408.77884852977496
39.201383741042726 402.7694588584135
69.84927106498638 408.77884852977496
70.45021003212254 399.16382505559653
66.24363726216949 400.3657029898689
60.835186557944134 392.5534964170989
62.03706449221643 376.9290832715591
70.45021003212254 367.3140597973806
65.64269829503336 371.5206325673337
73.45490486780328 376.9290832715591
73.45490486780328 372.72251050160594
81.86805040770939 380.5347170743759
75.25772176921176 384.741289844329
87.27650111193476 382.33753397578437
86.07462317766246 363.10748702742757
86.6755621447986 388.94786261428203
78.86335557202865 397.9619471213243
88.47837904620705 408.77884852977496
92.6849518161601 396.76006918705195
80.66617247343709 406.3750926612304
79.4642945391648 421.39856683963416
81.26711144057325 428.60983444526795
98.09340252038542 418.9948109710896
107.10748702742772 422.6004447739065
107.70842599456387 414.78823820113655
107.10748702742772 407.5769705955027
102.29997529033854 402.16851989127736
111.31405979738075 393.15443538423506
122.1309612058315 393.15443538423506
122.1309612058315 412.98542129972805
116.12157153446995 425.6051396095872
112.51593773165305 428.60983444526795
113.1168766987892 442.4314306893994
124.53471707437609 435.82110205090174
139.55819125277986 435.22016308376556
139.55819125277986 444.83518655794404
123.33283914010379 451.44551519644165
127.53941191005683 463.46429453916465
148.57227575982208 464.06523350630084
155.78354336545587 444.23424759080785
169.60513960958735 467.67086730911774
193.64269829503334 474.28119594761534
194.2436372621695 453.24833209785015
178.0182851494935 442.4314306893994
169.0042006424512 440.0276748208548
155.78354336545587 417.79293303681726
153.98072646404742 428.60983444526795
147.3703978255498 412.98542129972805
165.99950580677046 421.39856683963416
175.6145292809489 423.80232270817874
188.234247590808 427.40795651099563
199.05114899925874 429.81171237954027
193.04175932789718 421.9995058067703
199.05114899925874 413.5863602668642
190.03706449221644 438.8257968865825
207.46429453916483 444.23424759080785
217.6802569804794 466.4689893748454
203.25772176921177 471.87744007907077
235.10748702742777 468.27180627625387
223.6896466518409 447.83988139362475
218.8821349147517 432.816407215221
229.69903632320236 426.8070175438595
217.07931801334325 417.19199406968113
235.10748702742777 414.78823820113655
241.7178156659254 434.6192241166294
245.92438843587846 417.19199406968113
239.31405979738082 409.37978749691115
232.10279219174697 404.57227575982193
241.7178156659254 399.16382505559653
222.4877687175686 399.16382505559653
214.07462317766252 401.5675809241412
203.85866073634793 404.57227575982193
193.04175932789718 406.3750926612304
252.53471707437615 472.4783790462069
266.35631331850755 459.8586607363478
257.3422288114653 442.4314306893994
244.72251050160614 489.3046701260192
219.48307388188786 497.7178156659253
340.8727452433902 576.440820360761
383.5394119100569 558.4126513466764
407.57697059550287 559.0135903138126
460.4595997034842 566.8257968865826
406.97603162836674 527.1638250555967
357.09809735606626 536.778848529775
332.4595997034841 539.7835433654558
303.6145292809489 539.7835433654558
296.4032616753151 511.5394119100567
308.42204101803804 497.7178156659253
284.98542129972816 474.28119594761534
292.7976278724982 462.2624166048924
303.6145292809489 472.4783790462069
308.42204101803804 461.6614776377562
319.839881393625 482.6943414875215
337.26711144057333 465.8680504077093
360.102792191747 482.6943414875215
355.896219421794 500.722510501606
394.3563133185076 489.3046701260192
383.5394119100569 514.5441067457374
408.7788485297752 500.12157153446987
421.99950580677057 510.33753397578437
430.4126513466766 491.1074870274276
421.39856683963444 480.89152458611306
449.64269829503337 482.6943414875215
482.09340252038555 487.50185322461067
470.67556214479873 503.72720533728676
470.07462317766255 459.2577217692116
454.4502100321227 459.8586607363478
437.0229799851743 457.4549048678032
425.60513960958747 459.8586607363478
412.9854212997282 460.45959970348395
421.39856683963444 443.6333086236717
394.95725228564373 466.4689893748454
375.1262663701508 470.67556214479845
384.1403508771931 459.8586607363478
353.49246355324937 447.2389424264886
345.6802569804794 432.21546824808485
379.3328391401039 443.6333086236717
393.7553743513715 431.01359031381253
407.57697059550287 442.4314306893994
419.595749938226 435.22016308376556
415.3891771682728 421.9995058067703
438.22485791944655 436.4220410180379
446.63800345935266 435.22016308376556
458.0558438349396 438.2248579194464
465.2671114405734 442.4314306893994
482.09340252038555 438.2248579194464
470.67556214479873 434.6192241166294
505.53002223869544 442.4314306893994
493.5112428959725 435.22016308376556
497.7178156659255 423.80232270817874
509.13565604151233 425.6051396095872
470.07462317766255 423.2013837410426
454.4502100321227 421.9995058067703
440.6286137879912 417.79293303681726
430.4126513466766 409.9807264640473
418.3938720039537 408.77884852977496
406.97603162836674 405.17321472695807
403.37039782554984 410.5816654311834
397.9619471213245 412.98542129972805
391.3516184828269 404.57227575982193
382.33753397578465 407.5769705955027
378.1309612058316 423.80232270817874
376.328144304423 412.98542129972805
376.9290832715592 400.3657029898689
367.3140597973808 409.37978749691115
357.69903632320245 417.19199406968113
358.9009142574747 430.4126513466764
317.43612552508034 441.22955275512714
306.61922411662965 432.816407215221
316.8351865579442 426.20607857672337
328.85396590066716 425.6051396095872
338.4689893748456 415.9901161354088
316.2342475908081 417.19199406968113
315.6333086236719 405.17321472695807
323.4455151964418 413.5863602668642
327.6520879663949 400.3657029898689
351.0887076847048 408.77884852977496
343.87744007907094 400.96664195700504
337.26711144057333 400.96664195700504
354.6943414875217 396.76006918705195
362.5065480602916 394.9572522856435
368.51593773165314 393.7553743513712
359.5018532246109 408.77884852977496
277.7741536940945 442.4314306893994
285.58636026686435 443.6333086236717
263.35161848282684 432.816407215221
269.3610081541883 418.9948109710896
258.5441067457376 418.9948109710896
281.3797874969114 420.19668890536184
292.7976278724982 423.2013837410426
298.8070175438597 429.81171237954027
303.6145292809489 414.18729923400036
306.61922411662965 406.9760316283665
292.7976278724982 409.9807264640473
282.58166543118364 406.3750926612304
268.7600691870521 408.77884852977496
256.14035087719304 406.3750926612304
250.73190017296764 404.57227575982193
262.1497405485545 400.3657029898689
271.16382505559676 397.3610081541881
288.5910551025451 393.7553743513712
281.3797874969114 397.3610081541881
293.3985668396344 387.7459846800097
303.6145292809489 393.7553743513712
303.6145292809489 384.1403508771928
127.53941191005683 423.2013837410426
129.94316777860143 394.3563133185074
137.15443538423526 400.3657029898689
142.56288608846057 400.96664195700504
148.57227575982208 402.16851989127736
153.37978749691126 400.96664195700504
165.99950580677046 402.16851989127736
177.41734618235733 403.3703978255497
182.82579688658268 397.9619471213243
178.61922411662962 391.95255744996274
169.0042006424512 393.15443538423506
158.18729923400053 388.94786261428203
150.97603162836668 389.54880158141816
138.95725228564373 388.3469236471459
131.74598468000985 387.7459846800097
101.69903632320238 371.5206325673337
97.49246355324928 375.1262663701505
93.88682975043238 365.51124289597215
96.29058561897698 362.50654806029144
102.90091425747468 362.50654806029144
241.4173461823573 456.5534964170989
186.43143068939955 389.54880158141816
173.51124289597234 378.73190017296747
161.19199406968127 377.8304917222632
150.67556214479865 381.73659500864824
142.26241660489254 383.83988139362475
135.9525574499629 383.83988139362475
144.9666419570052 380.83518655794404
150.0746231776625 377.8304917222632
153.3797874969113 374.2248579194463
144.06523350630098 375.42673585371864
130.2436372621695 382.33753397578437
127.23894242648876 386.54410674573745
117.32344946874228 388.0464541635778
106.80701754385966 384.4408203607609
97.7929330368174 388.64739313071397
91.78354336545588 384.741289844329
64.140350877193 384.4408203607609
81.56758092414137 388.0464541635778
26.581665431183595 377.5300222386952
28.38448233259204 378.43143068939935
60.5347170743761 365.81171237954027
88.47837904620707 307.82110205090174
71.05114899925871 305.71781566592523
35.89621942179393 309.92438843587826
21.774153694094394 310.82579688658245
125.7365950086484 302.71312083024446
129.04175932789724 367.01359031381253
120.92908327155918 359.80232270817874
114.01828514949344 362.8070175438595
117.02297998517422 365.81171237954027
107.4079565109958 370.31875463306136
109.8117123795404 368.816407215221
99.89621942179392 378.73190017296747
95.08870768470473 377.5300222386952
113.71781566592537 371.22016308376556
110.11218186310847 374.2248579194463
114.91969360019769 376.3281443044229
123.03236965653569 372.1215715344698
134.75067951569065 358.90091425747454
160.89152458611318 357.0980973560661
155.7835433654559 362.8070175438595
153.07931801334323 367.01359031381253
178.31875463306153 380.5347170743759
176.21546824808502 386.54410674573745
181.3234494687423 387.1450457128736
190.03706449221647 379.9337781072398
198.45021003212256 377.8304917222632
214.0746231776625 376.3281443044229
212.5722757598221 390.1497405485543
205.66147763775635 394.3563133185074
198.75067951569065 396.45959970348395
159.99011613540898 409.0793180133431
155.18260439831974 405.77415369409425
130.84457622930563 414.1872992340003
116.12157153447 416.2905856189768
116.42204101803807 398.5628860884604
108.00889547813196 400.666172473437
98.69434148752163 408.17790956263883
95.38917716827281 406.0746231776623
224.29058561897702 404.87274524339
205.0605386706202 368.816407215221
210.4689893748456 368.21546824808485
204.45959970348406 373.6239189523102
196.34692364714604 373.6239189523102
190.03706449221647 369.11687669878904
184.62861378799113 374.2248579194463
181.62391895231036 369.4173461823571
184.32814430442303 366.11218186310833
188.23424759080805 360.4032616753149
192.44082036076108 358.2999752903384
188.83518655794418 350.1872992340003
197.54880158141833 351.08870768470456
204.15913021991597 353.1919940696811
209.2671114405733 352.59105510254494
215.87744007907094 347.7835433654557
217.07931801334323 352.2905856189768
225.79293303681737 344.4783790462069
225.19199406968124 351.99011613540875
223.3891771682728 348.6849518161599
237.21077341240425 343.5769705955027
242.01828514949344 343.87744007907077
248.02767482085494 344.17790956263883
251.33283914010374 343.5769705955027
252.23424759080802 348.98542129972805
251.03236965653568 352.2905856189768
254.03706449221647 357.6990363232022
247.72720533728685 364.60983444526795
248.62861378799107 357.6990363232022
247.42673585371878 354.69434148752146
240.51593773165308 352.891524586113
239.0135903138127 356.797627872498
238.71312083024463 360.703731158883
240.81640721522115 367.01359031381253
235.10748702742774 365.81171237954027
232.102792191747 361.9056090931553
233.3046701260193 357.0980973560661
227.29528045465776 357.39856683963416
221.28589078329625 356.49715838892996
217.3797874969113 356.1966889053619
215.87744007907094 358.2999752903384
212.8727452433902 363.10748702742757
208.66617247343714 360.4032616753149
206.56288608846057 357.6990363232022
210.4689893748456 356.1966889053619
202.05584383493945 361.3046701260191
206.86335557202864 363.7084259945637
193.64269829503337 365.81171237954027
177.4173461823573 373.3234494687421
167.20138374104275 373.3234494687421
162.39387200395356 373.022979985174
160.5910551025451 369.4173461823571
134.14974054855446 376.3281443044229
169.90560909315545 408.4783790462069
230.60044477390662 367.9149987645168
223.68964665184086 369.11687669878904
227.29528045465776 365.81171237954027
224.59105510254508 362.8070175438595
227.29528045465776 362.50654806029144
216.177909562639 363.10748702742757
219.18260439831974 370.0182851494933
241.1168766987892 375.12626637015063
235.7084259945639 375.42673585371864
229.9995058067705 375.42673585371864
249.22955275512723 373.3234494687421
241.71781566592537 382.6380034593525
245.0229799851742 379.6333086236717
248.328144304423 380.5347170743759
254.33753397578457 380.5347170743759
247.72720533728685 384.4408203607609
243.22016308376575 390.1497405485543
252.83518655794418 393.15443538423506
228.7976278724981 395.25772176921157
215.27650111193478 393.15443538423506
72.85396590066718 363.10748702742757
74.05584383493948 367.3140597973806
80.06523350630096 367.9149987645168
78.86335557202867 374.2248579194463
271.4642945391648 384.741289844329
265.45490486780335 383.23894242648856
269.06053867062025 392.5534964170989
278.3750926612306 379.63330862367167
272.365702989869 375.42673585371864
266.95725228564373 375.1262663701505
263.6520879663949 367.9149987645168
258.8445762293057 356.4971583889299
263.6520879663949 354.9948109710895
267.55819125277986 355.8962194217937
267.55819125277986 361.9056090931552
276.57227575982216 365.5112428959721
282.2811959476156 363.70842599456364
278.0746231776625 371.22016308376556
284.084012849024 371.22016308376556
283.18260439831977 379.3328391401036
290.9948109710897 372.1215715344698
294.9009142574747 375.1262663701505
301.81171237954044 378.43143068939935
300.91030392883624 374.5253274030144
306.01828514949347 374.5253274030144
311.42673585371887 374.2248579194463
310.82579688658274 388.94786261428203
316.8351865579442 396.76006918705195
317.1356560415122 383.23894242648856
312.6286137879912 382.03706449221625
318.63800345935266 375.1262663701505
321.9431677786015 382.03706449221625
330.0558438349395 383.23894242648856
334.86335557202864 391.05114899925854
341.7741536940944 385.34222881146513
338.1685198912775 386.84457622930546
349.2858907832962 384.1403508771928
357.69903632320245 384.1403508771928
364.60983444526806 386.84457622930546
371.82110205090186 383.23894242648856
380.2342475908081 388.3469236471459
387.7459846800098 388.0464541635777
374.22485791944655 388.3469236471459
386.54410674573757 396.76006918705195
396.45959970348406 396.76006918705195
395.5581912527798 388.0464541635777
392.85396590066716 383.8398813936247
395.85866073634793 378.1309612058313
387.4455151964418 380.53471707437586
384.4408203607611 377.53002223869515
385.94316777860143 375.1262663701505
382.63800345935266 372.4220410180379
388.94786261428214 370.0182851494933
391.0511489992587 372.4220410180379
396.76006918705207 370.31875463306136
393.15443538423517 368.21546824808485
385.34222881146525 366.1121818631083
376.9290832715592 366.1121818631083
380.8351865579442 364.60983444526795
382.33753397578454 361.6051396095872
388.64739313071414 358.6004447739064
372.12157153447 374.5253274030144
365.21077341240425 377.53002223869515
357.39856683963427 372.1215715344698
350.18729923400053 369.71781566592523
344.7788485297752 371.22016308376556
341.4736842105263 375.42673585371864
333.6614776377564 373.92438843587826
328.25302693353103 370.9196936001975
300.30936496170006 370.31875463306136
307.52063256733385 368.816407215221
314.13096120583145 368.21546824808485
303.01359031381276 364.60983444526795
297.00420064245117 366.1121818631083
292.49715838893013 363.40795651099563
287.990116135409 364.0088954781318
284.3844823325921 357.09809735606603
278.97603162836674 352.891524586113
276.57227575982216 351.99011613540875
271.4642945391648 351.3891771682726
257.9431677786015 341.7741536940942
265.1544353842353 340.2718062762538
270.26241660489256 338.76945885841343
276.27180627625404 340.2718062762538
281.07931801334325 341.173214726958
286.18729923400053 340.2718062762538
296.40326167531504 339.6708673091177
313.2295527551273 342.67556214479845
336.96664195700527 338.46898937484536
388.94786261428214 327.95255744996274
389.24833209785027 334.5628860884604
385.64269829503337 333.9619471213243
391.6520879663949 333.9619471213243
292.196688905362 350.7882382011365
284.3844823325921 351.6896466518407
288.89152458611323 349.5863602668642
295.8023227081789 352.891524586113
296.102792191747 355.59574993822565
290.9948109710897 357.09809735606603
299.7084259945639 355.8962194217937
299.1074870274278 350.7882382011365
305.11687669878927 354.09340252038527
309.0229799851743 360.10279219174674
310.2248579194466 351.3891771682726
313.2295527551273 350.1872992340003
315.03236965653576 348.6849518161599
317.1356560415122 356.4971583889299
312.9290832715592 354.9948109710895
314.43143068939963 352.891524586113
319.839881393625 351.99011613540875
321.04175932789724 348.98542129972805
325.24833209785027 359.20138374104255
324.64739313071414 351.08870768470456
330.3563133185076 353.49246355324914
335.1638250555968 354.39387200395333
327.6520879663949 353.7929330368172
329.45490486780335 346.58166543118335
318.93847294292067 344.7788485297749
306.61922411662965 346.58166543118335
336.06523350630096 346.58166543118335
339.37039782554984 344.4783790462069
342.97603162836674 351.99011613540875
361.00420064245117 357.09809735606603
352.89152458611323 354.9948109710895
347.4830738818878 352.891524586113
351.3891771682728 348.6849518161599
354.39387200395356 350.7882382011365
357.69903632320245 354.9948109710895
342.3750926612306 360.70373115888293
331.85866073634793 358.29997529033835
327.6520879663949 357.3985668396341
338.46898937484553 357.3985668396341
363.4079565109958 367.6145292809487
366.71312083024463 360.10279219174674
371.82110205090186 361.6051396095872
392.25302693353103 352.2905856189768
382.63800345935266 352.891524586113
378.13096120583145 354.9948109710895
373.3234494687423 354.39387200395333
364.30936496170006 350.7882382011365
333.36100815418837 364.6098344452679
344.7788485297752 365.6614776377561
338.6192241166296 365.3610081541881
329.30467012601935 364.6098344452679
348.9854212997282 357.99950580677023
346.13096120583157 357.5488015814181
347.6333086236719 349.4361255250801
332.7600691870522 348.3844823325918
316.9854212997282 344.6286137879909
286.3375339757846 368.51593773165285
257.3422288114653 381.5863602668641
358.4502100321226 366.7131208302444
353.9431677786015 362.5065480602914
348.2342475908081 344.3281443044228
373.32344946874235 345.0793180133431
383.2389424264888 347.7835433654557
389.2483320978503 344.17790956263883
399.1638250555968 351.08870768470456
403.06992834198184 351.08870768470456
391.952557449963 358.9009142574745
391.05114899925877 363.7084259945637
403.67086730911797 364.60983444526795
396.7600691870522 364.3093649616999
408.177909562639 370.0182851494933
401.5675809241414 369.4173461823571
404.57227575982216 376.32814430442284
411.1826043983198 375.7272053372867
415.0887076847048 386.8445762293055
405.7741536940944 387.44551519644165
404.57227575982216 398.86335557202847
425.0042006424513 401.5675809241411
423.2013837410429 393.15443538423506
432.81640721522126 398.5628860884604
440.027674820855 405.77415369409425
446.63800345935266 406.3750926612304
432.2154682480851 424.10279219174674
425.9056090931555 426.20607857672337
474.28119594761563 413.5863602668642
482.3938720039537 406.9760316283665
465.5675809241414 409.9807264640473
461.06053867062036 399.4642945391646
469.4736842105264 398.86335557202847
468.2718062762541 391.05114899925854
480.2905856189771 393.4549048678031
473.68025698047944 385.94316777860126
460.7600691870522 388.94786261428203
443.6333086236719 392.25302693353086
431.91499876451695 388.0464541635778
440.3281443044232 384.1403508771928
448.4408203607611 385.34222881146513
453.84927106498645 385.6426982950332
438.5253274030147 391.05114899925854
431.61452928094894 383.2389424264886
421.09809735606626 379.9337781072398
413.8868297504325 378.73190017296747
434.0182851494935 376.32814430442284
441.53002223869544 375.7272053372867
446.33753397578465 377.8304917222632
455.952557449963 374.2248579194463
450.8445762293057 369.4173461823571
446.03706449221653 369.4173461823571
440.6286137879912 367.9149987645168
437.0229799851743 370.0182851494933
432.5159377316531 370.0182851494933
435.82110205090197 365.81171237954027
427.7084259945639 367.3140597973806
417.49246355324937 366.11218186310833
416.59105510254517 370.9196936001975
409.68025698047944 363.10748702742757
417.1919940696813 362.20607857672337
413.5863602668644 358.9009142574745
408.177909562639 357.69903632320217
397.9619471213245 357.9995058067703
380.8351865579442 357.9995058067703
377.83049172226345 347.1826043983196
388.3469236471461 351.6896466518407
387.4455151964418 354.09340252038527
368.81640721522126 355.2952804546576
369.4173461823574 347.7835433654557
365.2107734124043 345.37978749691115
359.80232270817896 351.6896466518407
357.69903632320245 348.98542129972805
469.1732147269583 379.9337781072398
462.2624166048926 377.8304917222632
460.4595997034842 370.6192241166294
457.45490486780335 365.81171237954027
475.4830738818879 372.72251050160594
475.18260439831977 366.4126513466764
470.37509266123055 362.50654806029144
463.76476402273295 366.11218186310833
458.6567828020756 360.4032616753149
451.74598468001 361.00420064245105
450.8445762293057 356.1966889053618
443.3328391401039 358.29997529033835
438.22485791944655 359.80232270817874
422.9009142574747 361.6051396095872
420.49715838893013 358.9009142574745
424.102792191747 357.9995058067703
416.2905856189771 358.29997529033835
417.49246355324937 354.69434148752146
408.4783790462072 353.49246355324914
414.7882382011367 351.08870768470456
435.82110205090197 355.59574993822565
441.2295527551273 353.1919940696811
428.9103039288362 351.6896466518407
431.0135903138128 358.9009142574745
427.7084259945639 358.29997529033835
399.46429453916494 331.25772176921157
413.28589078329634 335.4642945391647
409.98072646404745 335.4642945391647
406.37509266123055 330.3563133185074
405.1732147269583 334.5628860884604
399.76476402273295 339.67086730911774
410.28119594761563 346.28119594761534
407.877440079071 345.6802569804792
416.89152458611323 344.17790956263883
418.9948109710898 344.17790956263883
415.38917716827285 336.666172473437
416.59105510254517 331.55819125277964
420.1966889053621 331.55819125277964
425.30467012601935 340.87274524339
425.60513960958747 332.4595997034839
424.70373115888316 329.4549048678031
419.2952804546578 327.6520879663947
416.2905856189771 323.1450457128736
441.53002223869544 320.741289844329
448.4408203607611 321.6426982950332
454.4502100321226 319.83988139362475
458.95725228564373 320.1403508771928
461.9619471213245 319.83988139362475
467.06992834198184 321.6426982950332
470.37509266123055 320.741289844329
472.4783790462072 321.94316777860126
434.6192241166297 348.98542129972805
435.82110205090197 351.6896466518407
439.42673585371887 347.7835433654557
441.83049172226345 347.7835433654557
450.8445762293057 347.48307388188766
445.13565604151233 348.38448233259186
393.9056090931555 361.15443538423506
401.7178156659254 359.05114899925854
390.4502100321226 365.3610081541881
418.39387200395356 338.0182851494933
409.83049172226345 338.9196936001975
412.68495181616015 340.4220410180379
421.69903632320245 340.4220410180379
428.15913021991605 338.46898937484536
428.008895478132 321.49246355324914
432.3657029898691 319.99011613540875
433.7178156659254 326.45021003212236
467.0699283419818 359.5018532246106
464.3657029898691 354.84457622930546
460.6098344452681 353.49246355324914
464.215468248085 351.8398813936247
462.1121818631085 349.2858907832961
458.8070175438597 348.38448233259186
466.61922411662965 345.8304917222632
467.6708673091179 349.2858907832961
468.5722757598221 354.54410674573745
473.2295527551273 350.7882382011365
473.83049172226345 357.99950580677023
486.9009142574747 364.60983444526795
481.64269829503337 360.10279219174674
484.6473931307142 357.69903632320217
480.4408203607611 355.8962194217937
475.33283914010383 354.54410674573745
476.53471707437615 347.93377810723973
487.952557449963 354.69434148752146
483.4455151964418 350.4877687175684
462.71312083024463 342.5253274030144
459.7084259945639 341.6239189523102
458.20607857672354 339.0699283419815
455.3516184828268 340.4220410180379
447.9901161354089 344.4783790462069
440.027674820855 344.1779095626388
431.76476402273295 344.1779095626388
459.858660736348 381.1356560415121
465.86805040770946 370.31875463306136
494.71312083024463 379.0323696565356
481.49246355324937 379.0323696565356
477.58636026686435 380.5347170743759
489.9056090931555 381.1356560415121
487.5018532246109 373.6239189523102
483.896219421794 374.82579688658245
495.0135903138128 366.71312083024446
491.10748702742774 364.910303928836
492.00889547813205 360.10279219174674
495.3140597973808 361.6051396095872
503.7272053372869 362.8070175438595
497.7178156659254 357.9995058067703
492.9103039288362 355.2952804546576
492.00889547813205 350.4877687175684
504.9290832715592 374.2248579194463
498.0182851494935 383.83988139362475
504.6286137879912 377.8304917222632
508.5347170743762 383.5394119100567
497.4173461823574 395.8586607363477
486.6004447739067 394.9572522856435
489.9056090931555 405.4736842105262
500.7225105016061 406.3750926612304
507.03236965653576 412.98542129972805
516.046454163578 407.5769705955027
510.33753397578465 400.0652335063008
510.0370644922165 390.7506795156905
517.2483320978503 388.64739313071397
525.3610081541883 404.27180627625387
534.6755621447987 410.28119594761534
519.952557449963 433.71781566592523
534.9760316283667 431.01359031381253
545.4924635532494 408.4783790462069
549.9995058067706 397.3610081541881
534.3750926612306 395.8586607363477
524.159130219916 391.95255744996274
536.177909562639 386.8445762293055
542.1872992340005 389.8492710649862
548.196688905362 389.54880158141816
543.3891771682728 381.73659500864824
532.8727452433902 379.9337781072398
529.2671114405733 379.9337781072398
522.3563133185077 381.4361255250802
516.046454163578 381.73659500864824
517.2483320978503 375.42673585371864
508.8351865579442 375.42673585371864
509.73659500864846 370.6192241166294
512.4408203607611 366.71312083024446
504.9290832715592 370.0182851494933
498.91969360019766 370.6192241166294
513.3422288114654 361.6051396095872
519.6520879663949 369.4173461823571
521.4549048678033 362.5065480602914
517.2483320978503 363.7084259945637
517.5488015814184 357.39856683963416
508.8351865579442 361.6051396095872
507.3328391401039 364.3093649616999
525.0605386706202 360.10279219174674
525.9619471213244 354.69434148752146
532.5722757598221 366.4126513466764
534.3750926612306 362.20607857672337
538.8821349147518 358.9009142574745
546.9948109710897 368.5159377316529
542.1872992340005 370.0182851494933
548.196688905362 374.82579688658245
550.6004447739067 364.910303928836
548.7976278724981 358.29997529033835
544.591055102545 356.4971583889299
537.3797874969113 351.99011613540875
533.4736842105264 350.1872992340003
539.4830738818879 347.7835433654557
540.384482332592 345.9807264640473
543.3891771682728 346.88213491475153
546.3938720039536 345.37978749691115
548.4971583889301 349.88682975043224
549.3985668396344 343.87744007907077
502.52532740301456 356.4971583889299
500.4220410180381 363.10748702742757
499.82110205090197 359.5018532246106
509.73659500864846 355.2952804546576
506.1309612058316 356.1966889053618
507.3328391401039 353.1919940696811
501.6239189523104 352.2905856189768
498.91969360019766 350.1872992340003
495.61452928094894 353.1919940696811
496.5159377316531 347.7835433654557
493.8117123795405 345.37978749691115
497.7178156659254 344.77884852977496
501.9243884358784 344.17790956263883
500.4220410180381 347.48307388188766
503.42673585371887 348.0840128490238
505.2295527551273 346.88213491475153
508.8351865579442 347.7835433654557
514.2436372621695 353.1919940696811
516.046454163578 346.88213491475153
482.09340252038555 334.26241660489234
462.56288608846063 335.4642945391647
458.65678280207567 336.36570298986885
449.94316777860155 337.2671114405731
450.8445762293057 335.16382505559653
446.63800345935266 335.4642945391647
443.6333086236719 332.1591302199158
445.73659500864846 330.9572522856435
443.33283914010383 327.05114899925854
439.42673585371887 325.8492710649862
437.9243884358785 325.8492710649862
451.4455151964418 328.25302693353086
461.9619471213245 326.14974054855435
453.54880158141845 326.7506795156905
475.4830738818879 323.44551519644165
480.2905856189771 323.44551519644165
477.28589078329634 327.95255744996274
485.69903632320245 322.54410674573745
488.40326167531515 321.34222881146513
492.9103039288362 318.6380034593525
489.0042006424513 318.33753397578437
502.52532740301456 326.14974054855435
496.81640721522126 321.6426982950332
500.12157153447 319.5394119100567
506.43143068939963 318.33753397578437
503.7272053372869 319.2389424264886
511.2389424264888 318.6380034593525
506.1309612058316 325.54880158141816
492.6098344452682 336.36570298986885
489.60513960958747 333.3610081541881
486.2999752903386 334.26241660489234
488.102792191747 336.666172473437
487.5018532246109 339.37039782554956
478.48776871756866 344.77884852977496
511.5394119100569 332.1591302199158
504.6286137879912 333.3610081541881
502.52532740301456 330.9572522856435
438.52532740301467 333.5112428959721
434.7694588584137 338.1685198912773
457.3046701260193 343.72720533728665
436.5722757598221 341.9243884358782
418.6943414875217 348.985421299728
433.86805040770946 360.10279219174674
430.8633555720287 363.85866073634764
462.11218186310856 329.154435384235
458.3563133185076 323.4455151964416
441.9807264640475 334.41265134667634
430.7131208302447 335.0135903138125
490.80701754385973 345.8304917222632
488.1027921917471 347.93377810723973
484.19668890536207 353.4924635532491
473.0793180133433 329.7553743513712
533.4736842105264 345.07931801334297
557.8117123795405 350.6380034593524
554.0558438349395 350.9384729429205
554.0558438349395 358.6004447739064
550.9009142574748 361.154435384235
562.6192241166298 362.0558438349392
560.5159377316533 367.0135903138125
555.708425994564 370.46898937484536
551.2013837410428 368.6661724734369
559.614529280949 375.57697059550264
555.1074870274279 380.3844823325918
563.5206325673339 373.47368421052613
566.6755621447987 372.12157153446975
569.2295527551273 365.9619471213243
567.576970595503 359.35161848282655
565.6239189523105 355.1450457128735
570.2811959476156 354.0934025203852
572.8351865579442 349.8868297504322
563.5206325673339 349.13565604151205
557.6614776377564 347.18260439831954
554.6567828020758 345.68025698047916
557.6614776377564 344.62861378799084
555.708425994564 342.07462317766226
553.6051396095875 342.52532740301433
544.7412898443292 341.9243884358782
541.5863602668645 342.97603162836646
538.8821349147518 341.47368421052613
525.8117123795405 326.60044477390636
527.1638250555968 322.3938720039533
525.6614776377564 319.68964665184063
531.9713367926861 320.59105510254483
532.4220410180382 318.18729923400025
520.5534964170992 318.18729923400025
527.914998764517 318.33753397578425
515.4455151964419 321.64269829503314
506.5816654311837 323.1450457128735
471.42673585371887 373.323449468742
470.82579688658274 327.8023227081786
511.3891771682729 337.267111440573
513.9431677786015 334.7131208302444
553.9056090931555 317.4361255250801
552.4032616753152 319.9901161354087
547.4455151964419 319.23894242648856
544.5910551025452 318.4877687175683
543.0887076847049 319.8398813936247
540.8351865579442 321.041759327897
537.6802569804795 321.79293303681715
528.8164072152213 351.23894242648856
528.5159377316533 363.2577217692115
553.0042006424513 353.79293303681715
559.9149987645171 335.1638250555965
563.670867309118 338.61922411662937
569.0793180133434 336.2154682480848
572.3844823325921 333.96194712132416
563.9713367926861 330.5065480602914
567.4267358537189 328.4032616753148
556.1591302199162 326.7506795156904
560.9666419570053 320.4408203607608
557.8117123795405 321.4924635532491
525.3610081541884 344.7788485297749
523.858660736348 342.07462317766226
535.2765011119349 333.9619471213243
574.3375339757846 355.2952804546576
580.0464541635781 349.88682975043224
584.5534964170992 353.191994069681
580.6473931307142 356.1966889053618
578.8445762293059 359.8023227081787
578.8445762293059 365.5112428959721
582.4502100321228 363.1074870274275
585.4549048678034 361.9056090931552
587.5581912527799 358.9009142574745
591.4642945391649 357.69903632320217
591.7647640227331 351.38917716827257
590.8633555720288 347.78354336545567
596.5722757598222 351.9901161354087
585.7553743513714 348.68495181615987
586.0558438349395 370.3187546330613
580.3469236471461 372.1215715344698
582.7506795156908 371.5206325673337
573.4361255250805 371.82110205090174
574.0370644922166 375.7272053372867
581.5488015814184 381.4361255250801
573.1356560415123 386.84457622930546
571.6333086236721 395.2577217692115
566.8257968865828 403.6708673091177
553.9056090931556 409.68025698047916
553.9056090931556 393.75537435137113
555.4079565109959 419.59574993822565
557.2107734124044 426.20607857672326
553.9056090931556 431.91499876451667
566.5253274030147 427.1074870274275
575.238942426489 430.41265134667634
577.3422288114654 403.37039782554956
562.0182851494935 415.9901161354087
586.3563133185075 408.7788485297749
595.37039782555 424.40326167531487
599.877440079071 409.07931801334297
601.6802569804795 402.1685198912773
592.0652335063011 396.76006918705195
584.2530269335311 391.9525574499627
594.1685198912777 385.64269829503314
587.2577217692119 380.2342475908078
592.6661724734372 371.82110205090174
604.084012849024 375.1262663701505
598.6755621447987 379.93377810723973
610.3938720039537 387.4455151964416
602.8821349147518 382.3375339757843
599.2765011119349 393.154435384235
604.084012849024 399.4642945391646
609.1919940696814 397.9619471213243
617.3046701260195 393.154435384235
623.9149987645171 396.1591302199157
622.4126513466766 407.2765011119345
633.2295527551273 406.97603162836646
620.9103039288364 424.40326167531487
609.1919940696814 431.31405979738054
604.6849518161602 363.70842599456364
596.5722757598222 364.6098344452679
599.576970595503 356.79762787249797
609.1919940696814 368.8164072152209
616.1027921917471 371.5206325673337
618.2060785767236 376.92908327155897
626.0182851494935 376.6286137879909
622.7131208302447 369.41734618235705
630.5253274030147 389.5488015814181
619.4079565109959 384.74128984432895
637.2858907832963 389.84927106498617
644.3469236471461 402.76945885841343
653.5112428959725 391.9525574499627
643.1450457128739 387.8962194217937
636.9854212997283 384.29058561897676
629.3234494687424 377.3797874969111
629.3234494687424 373.173214726958
630.2248579194465 364.3093649616998
636.084012849024 371.52063256733356
641.0417593278972 368.2154682480848
644.3469236471461 373.173214726958
647.501853224611 369.5675809241411
652.159130219916 370.46898937484536
647.501853224611 379.03236965653554
656.0652335063011 383.9901161354087
669.2858907832963 400.51593773165285
670.1872992340006 392.40326167531487
678.7506795156906 391.20138374104255
676.7976278724983 381.8868297504322
669.4361255250805 378.2811959476153
661.4736842105264 379.03236965653554
661.0229799851743 373.47368421052613
667.0323696565357 370.46898937484536
659.2201630837658 367.16382505559653
664.6286137879912 364.45959970348383
665.6802569804795 359.8023227081787
671.990116135409 368.2154682480848
677.6990363232024 362.3563133185073
672.7412898443292 358.7506795156904
680.7037311588833 357.69903632320217
677.6990363232024 351.53941191005663
673.7929330368175 350.4877687175683
673.6426982950335 347.18260439831954
671.3891771682729 351.0887076847045
669.1356560415123 354.3938720039533
669.4361255250805 356.7976278724979
664.4783790462071 355.29528045465753
656.5159377316533 356.3469236471458
657.2671114405733 360.55349641709887
653.5112428959725 360.10279219174674
646.1497405485545 362.3563133185073
643.445515196442 362.6567828020754
637.1356560415123 361.30467012601906
633.6802569804795 359.9525574499627
619.858660736348 357.69903632320217
616.4032616753151 359.0511489992585
617.4549048678034 365.81171237954015
608.8915245861132 361.004200642451
595.971336792686 357.69903632320217
620.159130219916 348.08401284902374
606.6380034593526 329.9056090931552
577.1919940696814 344.3281443044228
587.4079565109959 345.3797874969111
580.4971583889301 342.6755621447984
591.9149987645171 344.0276748208547
584.7037311588832 341.173214726958
623.6145292809489 354.39387200395333
629.6239189523104 356.4971583889299
633.2295527551273 355.2952804546576
636.8351865579443 355.2952804546576
645.2483320978504 353.1919940696811
640.7412898443292 354.09340252038527
632.6286137879912 349.2858907832961
627.2201630837658 350.18729923400025
625.1168766987894 345.68025698047916
617.0042006424513 342.6755621447984
611.2952804546578 340.5722757598219
594.4689893748457 340.5722757598219
603.783543365456 340.87274524338994
594.7694588584138 346.8821349147514
580.0464541635781 334.86335557202847
576.4408203607612 331.85866073634776
574.9384729429207 326.14974054855423
553.9056090931555 330.0558438349393
558.1121818631086 331.85866073634776
539.1826043983198 336.0652335063008
540.9854212997284 332.4595997034839
538.8821349147518 329.7553743513712
534.9760316283667 326.14974054855423
540.0840128490241 324.6473931307139
542.4877687175687 324.3469236471458
508.5347170743762 325.84927106498617
506.73190017296776 330.0558438349393
510.6380034593527 329.15443538423506
517.5488015814184 331.25772176921157
516.9478626142823 326.45021003212236
519.952557449963 324.947862614282
518.7506795156908 321.64269829503314
506.1309612058316 343.57697059550264
517.2483320978504 340.5722757598219
561.4173461823574 353.1919940696811
558.7131208302447 355.8962194217937
637.1356560415123 345.68025698047916
629.6239189523104 342.97603162836646
624.2154682480851 340.2718062762538
620.3093649617002 340.87274524338994
619.708425994564 343.57697059550264
627.8211020509019 341.47368421052613
634.4314306893996 339.6708673091177
636.8351865579443 341.47368421052613
641.0417593278974 343.57697059550264
647.0511489992589 345.68025698047916
647.3516184828269 349.88682975043224
653.3610081541884 349.88682975043224
657.5675809241413 350.18729923400025
662.3750926612307 351.9901161354087
650.0558438349395 359.5018532246106
650.3563133185075 364.91030392883596
663.576970595503 369.116876698789
675.8962194217941 372.7225105016059
680.7037311588833 368.51593773165285
689.7178156659255 364.6098344452679
688.5159377316533 371.52063256733356
681.9056090931556 375.7272053372867
684.3093649617002 384.74128984432895
691.2201630837658 378.43143068939935
698.4314306893996 387.4455151964416
691.8211020509019 389.5488015814181
687.6145292809489 412.68495181615987
683.4079565109959 402.1685198912773
704.7412898443292 410.8821349147514
691.2201630837658 403.6708673091177
702.0370644922166 402.1685198912773
693.0229799851743 434.3187546330613
704.7412898443292 435.52063256733356
708.6473931307142 449.3422288114651
726.6755621447987 444.2342475908078
721.8680504077095 434.01828514949324
711.3516184828269 418.09340252038527
721.2671114405733 410.58166543118335
738.6943414875217 406.97603162836646
732.3844823325921 420.1966889053618
734.1872992340006 431.91499876451667
680.1027921917471 447.8398813936247
669.8868297504325 449.9431677786012
644.3469236471461 448.4408203607608
625.1168766987894 448.4408203607608
601.9807264640476 443.63330862367167
590.8633555720288 444.2342475908078
566.2248579194467 447.23894242648856
614.6004447739067 424.70373115888293
636.8351865579443 421.69903632320217
644.0464541635781 412.68495181615987
638.0370644922166 439.1262663701505
647.0511489992589 432.8164072152209
656.9666419570053 414.7882382011364
668.084012849024 415.9901161354087
728.7788485297752 405.4736842105261
731.783543365456 393.7553743513712
716.7600691870522 393.15443538423506
705.0417593278974 387.4455151964416
716.159130219916 381.13565604151205
727.877440079071 383.23894242648856
741.9995058067706 385.9431677786012
739.2952804546578 373.6239189523102
744.7037311588833 368.8164072152209
732.6849518161602 367.9149987645167
726.6755621447987 362.80701754385944
726.3750926612307 370.6192241166294
721.8680504077095 366.41265134667634
716.159130219916 366.41265134667634
715.858660736348 373.6239189523102
697.8304917222634 377.8304917222632
702.3375339757846 377.2295527551271
701.7365950086485 369.116876698789
696.027674820855 369.41734618235705
694.8257968865827 364.3093649616998
696.027674820855 360.10279219174674
699.6333086236721 361.004200642451
705.3422288114654 362.80701754385944
705.3422288114654 367.9149987645167
710.7506795156906 360.10279219174674
718.5628860884607 360.10279219174674
720.3657029898691 355.2952804546576
723.9713367926861 360.70373115888293
733.2858907832963 359.5018532246106
731.1826043983199 359.5018532246106
742.2999752903386 359.5018532246106
740.4971583889301 362.80701754385944
719.764764022733 347.78354336545567
712.8539659006673 347.78354336545567
709.5488015814184 343.57697059550264
714.3563133185075 341.7741536940942
714.9572522856438 335.4642945391646
712.8539659006673 332.4595997034839
709.8492710649865 332.76006918705195
708.3469236471461 334.26241660489234
710.1497405485545 338.76945885841343
710.7506795156906 341.47368421052613
705.9431677786015 340.5722757598219
702.6380034593527 341.47368421052613
698.4314306893996 341.47368421052613
697.2295527551273 342.97603162836646
695.727205337287 346.58166543118335
704.1403508771931 349.2858907832961
707.445515196442 349.88682975043224
705.9431677786015 345.68025698047916
702.6380034593527 347.18260439831954
700.5347170743762 349.88682975043224
696.3281443044232 354.69434148752146
705.6426982950335 356.1966889053618
702.3375339757846 355.2952804546576
700.5347170743762 354.09340252038527
686.1121818631086 359.5018532246106
685.2107734124044 354.69434148752146
687.0135903138128 347.18260439831954
689.7178156659255 347.78354336545567
683.4079565109959 347.18260439831954
680.4032616753151 346.8821349147514
679.802322708179 342.3750926612303
676.1966889053621 344.47837904620684
676.4971583889301 341.47368421052613
678.2999752903387 338.76945885841343
669.8868297504325 341.47368421052613
665.6802569804795 338.46898937484536
661.1732147269583 340.2718062762538
661.1732147269583 345.07931801334297
662.3750926612307 343.57697059550264
662.3750926612307 340.2718062762538
657.8680504077095 345.68025698047916
655.4642945391649 342.3750926612303
656.3657029898691 339.37039782554956
651.5581912527799 341.7741536940942
646.4502100321226 340.2718062762538
603.4830738818879 350.7882382011364
607.0887076847048 346.8821349147514
604.9854212997283 357.3985668396341
605.8868297504325 353.1919940696811
608.5910551025452 355.8962194217937
610.6943414875217 357.99950580677023
587.858660736348 335.16382505559653
590.5628860884607 334.26241660489234
583.652087966395 326.45021003212236
586.9572522856438 326.45021003212236
649.1544353842353 404.5722757598219
680.4032616753151 334.86335557202847
677.3985668396344 334.86335557202847
673.1919940696814 334.86335557202847
669.5863602668645 329.7553743513712
665.6802569804795 327.0511489992585
658.1685198912777 334.5628860884604
656.6661724734372 337.26711144057305
655.1638250555968 333.9619471213243
645.5488015814184 324.6473931307139
638.0370644922166 326.45021003212236
631.4267358537188 332.1591302199158
572.2342475908081 342.3750926612303
673.7929330368175 342.6755621447984
673.7929330368175 338.76945885841343
649.4549048678034 316.53471707437586
644.3469236471461 315.03236965653554
639.238942426489 317.13565604151205
636.8351865579443 317.13565604151205
633.5300222386954 316.53471707437586
624.8164072152213 318.03706449221625
619.4079565109959 318.3375339757843
615.2013837410428 318.3375339757843
610.3938720039537 322.84457622930546
603.4830738818879 318.03706449221625
678.9009142574748 314.1309612058313
676.7976278724983 314.1309612058313
672.8915245861132 314.1309612058313
674.6943414875218 314.1309612058313
671.0887076847048 314.1309612058313
658.1685198912777 316.53471707437586
655.4642945391649 318.6380034593524
653.0605386706203 317.13565604151205
701.4361255250805 338.1685198912773
697.8304917222634 331.85866073634776
687.0135903138128 326.45021003212236
682.8070175438597 324.6473931307139
681.6051396095875 321.3422288114651
678.6004447739067 321.9431677786012
678.2999752903387 324.0464541635777
676.1966889053621 326.45021003212236
673.1919940696814 328.85396590066694
672.8915245861132 331.25772176921157
676.7976278724983 328.85396590066694
678.9009142574748 327.0511489992585
691.5206325673339 332.4595997034839
690.9196936001978 324.3469236471458
720.3657029898691 339.37039782554956
716.7600691870522 339.6708673091177
724.2718062762541 337.26711144057305
718.5628860884607 343.57697059550264
725.7741536940946 349.88682975043224
685.2107734124044 341.7741536940942
688.8164072152213 341.47368421052613
690.3187546330616 339.37039782554956
681.0042006424513 337.26711144057305
684.008895478132 334.26241660489234
687.0135903138128 333.9619471213243
686.7131208302447 330.9572522856435
679.802322708179 332.76006918705195
657.5675809241413 327.0511489992585
658.1685198912777 324.3469236471458
652.4595997034842 327.6520879663946
648.5534964170992 327.95255744996274
648.2530269335311 323.4455151964416
643.1450457128739 322.84457622930546
596.2718062762541 307.5206325673336
582.1497405485545 345.9807264640472
593.2671114405732 319.53941191005663
589.5112428959724 317.7365950086482
583.952557449963 318.18729923400025
569.3797874969113 318.3375339757843
574.0370644922165 318.3375339757843
630.3750926612306 318.03706449221625
602.8821349147518 308.2718062762538
599.7272053372868 308.5722757598219
607.9901161354089 308.12157153446975
620.4595997034841 307.97133679268575
612.046454163578 307.82110205090174
601.6802569804795 314.8821349147514
605.7365950086484 312.7788485297749
598.5253274030146 314.8821349147514
595.971336792686 316.68495181615987
601.2295527551273 319.38917716827257
640.4408203607611 337.7178156659252
688.5159377316531 312.02767482085477
682.2060785767236 315.03236965653554
691.5206325673338 315.03236965653554
697.8304917222634 315.3328391401036
703.539411910057 315.03236965653554
704.1403508771931 312.6286137879909
708.046454163578 314.7319001729674
708.9478626142823 311.7272053372867
713.7553743513714 314.1309612058313
717.6614776377563 314.7319001729674
719.4642945391649 314.7319001729674
720.9666419570052 314.7319001729674
712.8539659006672 321.34222881146513
702.6380034593526 329.15443538423506
702.0370644922165 322.2436372621693
619.4079565109959 326.4502100321224
616.4032616753151 329.7553743513712
625.4173461823574 325.54880158141816
570.1309612058316 338.76945885841343
714.3563133185075 300.60983444526795
724.2718062762541 299.4079565109956
845.0605386706203 519.3516184828267
905.1544353842354 484.49715838893
915.37039782555 460.45959970348395
902.1497405485546 453.24833209785015
861.8868297504326 478.48776871756843
876.9103039288364 470.0746231776624
885.3234494687424 447.8398813936248
894.9384729429207 443.0323696565356
869.6990363232026 440.62861378799096
848.6661724734373 442.4314306893994
837.8492710649865 442.4314306893994
843.858660736348 460.45959970348395
850.4689893748457 451.4455151964417
818.0182851494936 476.68495181616
812.6098344452681 495.31405979738065
783.7647640227331 496.51593773165297
791.576970595503 487.5018532246107
771.7459846800101 478.48776871756843
773.5488015814184 457.4549048678032
757.9243884358785 453.8492710649863
735.0887076847049 462.2624166048924
742.9009142574747 457.4549048678032
747.1074870274279 445.4361255250802
747.7084259945639 428.60983444526795
760.9290832715593 435.2201630837656
688.2154682480851 457.4549048678032
804.7976278724982 428.0088954781318
789.7741536940946 434.01828514949335
788.5722757598222 462.8633555720285
804.1966889053621 464.666172473437
820.4220410180383 424.4032616753149
830.0370644922166 434.01828514949335
860.6849518161603 415.3891771682727
859.483073881888 405.17321472695807
846.2624166048926 408.778848529775
832.4408203607612 404.57227575982193
836.0464541635781 396.1591302199159
825.8304917222634 387.7459846800097
824.6286137879912 402.7694588584135
814.4126513466767 404.57227575982193
824.6286137879912 412.9854212997281
807.2013837410428 406.9760316283665
797.5863602668645 406.9760316283665
793.9807264640476 417.19199406968113
786.1685198912777 411.18260439831965
775.952557449963 423.80232270817874
766.3375339757846 413.58636026686423
753.7178156659255 421.39856683963416
753.7178156659255 412.9854212997281
753.7178156659255 404.57227575982193
759.727205337287 394.35631331850743
772.9478626142824 385.94316777860126
774.1497405485546 400.3657029898689
765.7365950086485 400.3657029898689
781.9619471213244 396.760069187052
792.7788485297752 392.553496417099
792.1779095626391 400.96664195700504
799.990116135409 396.1591302199159
796.9854212997283 386.54410674573745
814.4126513466767 385.94316777860126
807.802322708179 391.95255744996285
886.5253274030147 428.0088954781318
873.3046701260195 425.6051396095872
912.3657029898692 449.0417593278971
915.37039782555 409.3797874969112
900.9478626142824 394.95725228564356
891.9337781072401 390.1497405485543
937.0042006424515 415.3891771682727
944.8164072152214 417.19199406968113
952.6286137879913 411.7835433654558
961.0417593278974 404.57227575982193
971.858660736348 407.5769705955027
961.6426982950335 430.41265134667645
981.4736842105265 432.2154682480849
971.2577217692119 425.6051396095872
980.8727452433903 411.18260439831965
980.2718062762542 447.8398813936248
918.3750926612307 386.54410674573745
943.0135903138129 385.94316777860126
935.8023227081791 401.5675809241412
956.8351865579443 394.35631331850743
949.0229799851744 398.56288608846046
962.8445762293057 397.36100815418814
973.0605386706204 396.760069187052
967.652087966395 401.5675809241412
557.2107734124044 483.29528045465764
546.3938720039536 476.68495181616
533.1732147269582 472.47837904620695
519.952557449963 474.8821349147516
509.7365950086484 487.5018532246107
515.74598468001 453.24833209785015
578.2436372621695 465.8680504077093
589.6614776377564 474.2811959476154
661.7741536940946 429.8117123795403
492.30936496170006 474.2811959476154
959.8398813936249 551.2013837410427
1020.5347170743762 448.440820360761
993.4924635532493 435.82110205090174
1012.7225105016063 431.61452928094866
1010.3187546330616 415.9901161354088
1004.9103039288364 408.778848529775
997.6990363232024 400.3657029898689
1016.3281443044232 400.3657029898689
1019.93377810724 411.7835433654558
1021.1356560415123 428.60983444526795
989.8868297504324 391.95255744996274
982.0746231776625 387.7459846800097
973.0605386706203 384.741289844329
963.4455151964418 379.9337781072398
955.0323696565357 378.13096120583134
953.2295527551273 369.7178156659253
944.8164072152213 367.91499876451684
937.6051396095875 375.12626637015063
926.1872992340005 378.13096120583134
917.7741536940944 373.9243884358783
909.9619471213244 371.52063256733373
899.74598468001 367.91499876451684
885.9243884358785 380.5347170743759
876.9103039288361 376.3281443044229
884.1215715344699 373.9243884358783
873.9056090931555 367.31405979738065
870.2999752903386 375.12626637015063
864.290585618977 368.51593773165297
861.2858907832963 379.33283914010366
871.5018532246108 386.54410674573745
859.4830738818878 391.95255744996274
818.0182851494934 367.31405979738065
841.4549048678033 359.50185322461067
836.046454163578 361.3046701260191
861.8868297504325 359.50185322461067
854.6755621447986 359.50185322461067
848.6661724734371 357.0980973560661
869.0980973560662 358.90091425747454
876.3093649617 362.50654806029144
884.7225105016063 366.7131208302445
909.3610081541883 379.9337781072398
893.7365950086485 376.9290832715591
891.9337781072401 361.3046701260191
884.1215715344699 358.90091425747454
876.9103039288361 352.891524586113
871.5018532246108 350.4877687175684
878.7131208302446 346.28119594761534
884.1215715344699 352.891524586113
893.1356560415123 352.891524586113
894.3375339757846 357.0980973560661
899.1450457128738 357.0980973560661
902.1497405485545 362.50654806029144
908.7600691870522 363.10748702742757
915.3703978255498 365.51124289597226
1005.5112428959725 384.1403508771928
998.2999752903386 387.7459846800097
994.0934025203856 379.33283914010366
1007.914998764517 378.13096120583134
1020.5347170743762 388.3469236471459
1019.3328391401038 397.36100815418814
1008.5159377316531 393.15443538423506
1003.1074870274277 367.91499876451684
994.0934025203856 367.91499876451684
995.896219421794 361.3046701260191
988.6849518161602 359.50185322461067
983.877440079071 358.90091425747454
984.4783790462071 365.51124289597226
981.4736842105264 373.9243884358783
976.0652335063011 369.7178156659253
970.6567828020757 365.51124289597226
978.4689893748456 361.3046701260191
962.2436372621695 369.7178156659253
959.2389424264887 364.3093649616999
950.2248579194465 363.7084259945637
965.2483320978503 361.3046701260191
961.6426982950334 355.29528045465764
968.2530269335311 357.6990363232022
965.2483320978503 352.891524586113
958.6380034593526 348.6849518161599
967.652087966395 348.6849518161599
971.2577217692119 354.69434148752146
976.0652335063011 352.891524586113
972.4595997034842 344.4783790462069
976.0652335063011 343.87744007907077
967.0511489992588 342.0746231776623
959.2389424264887 345.0793180133431
954.4314306893996 345.0793180133431
943.6145292809489 349.2858907832961
924.9854212997282 367.31405979738065
922.5816654311836 370.91969360019755
937.0042006424512 362.50654806029144
927.3891771682728 363.10748702742757
921.3797874969113 361.3046701260191
917.1732147269582 355.29528045465764
914.1685198912775 357.6990363232022
908.7600691870522 355.29528045465764
913.5675809241413 353.49246355324914
918.3750926612305 348.6849518161599
912.9666419570052 346.28119594761534
924.9854212997282 346.28119594761534
918.9760316283667 344.4783790462069
929.1919940696813 346.88213491475153
937.6051396095875 348.6849518161599
1021.1356560415123 378.13096120583134
1016.3281443044232 371.52063256733373
1009.1168766987894 368.51593773165297
1001.9056090931555 361.3046701260191
998.9009142574747 357.0980973560661
1003.7084259945639 352.891524586113
1000.7037311588831 348.6849518161599
994.6943414875217 354.69434148752146
1004.9103039288364 358.90091425747454
1009.1168766987894 357.0980973560661
1012.7225105016063 362.50654806029144
1018.1309612058316 366.7131208302445
1022.9384729429207 360.10279219174686
1015.1262663701508 357.0980973560661
1010.9196936001978 352.2905856189768
1016.3281443044232 350.4877687175684
1020.5347170743762 352.891524586113
1007.914998764517 345.0793180133431
1004.9103039288364 348.0840128490238
992.290585618977 342.0746231776623
988.6849518161602 348.6849518161599
981.4736842105264 344.4783790462069
983.2765011119349 350.4877687175684
881.1168766987894 410.58166543118347
777.1544353842353 379.33283914010366
765.1356560415123 380.5347170743759
758.5253274030146 379.33283914010366
753.7178156659254 372.722510501606
747.1074870274277 375.12626637015063
747.7084259945639 393.15443538423506
763.9337781072398 391.95255744996274
786.1685198912775 388.3469236471459
780.7600691870522 368.51593773165297
772.9478626142821 369.7178156659253
762.1309612058315 366.7131208302445
757.3234494687423 363.7084259945637
751.9149987645169 363.7084259945637
748.9103039288362 361.3046701260191
763.9337781072398 357.0980973560661
768.7412898443292 362.50654806029144
789.7741536940944 370.91969360019755
785.5675809241413 369.7178156659253
795.7835433654559 368.51593773165297
841.4549048678033 352.891524586113
835.4455151964418 346.88213491475153
827.0323696565357 346.88213491475153
821.6239189523103 348.0840128490238
822.2248579194465 348.6849518161599
815.0135903138128 348.6849518161599
802.3938720039536 348.0840128490238
807.2013837410427 348.6849518161599
780.7600691870522 351.08870768470456
769.3422288114652 348.6849518161599
774.1497405485544 346.88213491475153
790.3750926612306 349.2858907832961
783.764764022733 346.88213491475153
976.6661724734371 348.3844823325919
988.68495181616 336.96664195700504
997.9995058067705 336.3657029898689
1002.5065480602916 335.7647640227328
1004.609834445268 339.3703978255497
1007.9149987645169 335.1638250555966
1018.1309612058315 343.57697059550276
1022.9384729429206 342.67556214479845
989.5863602668643 381.1356560415121
983.5769705955029 382.6380034593525
971.2577217692117 373.62391895231025
887.4267358537187 357.6990363232022
894.9384729429206 344.7788485297751
891.3328391401037 339.97133679268586
894.0370644922165 338.4689893748454
887.4267358537187 339.3703978255497
887.4267358537187 334.2624166048924
885.0229799851742 333.66147763775626
880.816407215221 334.2624166048924
873.6051396095874 340.87274524339
868.7976278724981 340.87274524339
869.6990363232022 343.57697059550276
864.591055102545 342.67556214479845
859.4830738818878 346.2811959476154
854.9760316283667 351.0887076847046
850.1685198912775 352.591055102545
858.8821349147516 351.3891771682727
867.8962194217938 351.9901161354088
864.591055102545 348.3844823325919
869.3985668396342 355.29528045465764
906.9572522856436 347.4830738818877
927.9901161354089 342.0746231776623
927.3891771682728 337.8680504077093
925.5863602668643 333.0605386706201
921.3797874969113 334.2624166048924
919.8774400790709 336.96664195700504
916.271806276254 338.4689893748454
915.0699283419817 341.4736842105262
920.177909562639 339.97133679268586
931.5957499382258 337.2671114405731
938.5065480602916 337.8680504077093
942.1121818631085 334.56288608846046
937.6051396095874 340.87274524339
941.5112428959724 343.57697059550276
943.6145292809488 340.87274524339
949.0229799851743 338.7694588584135
954.7319001729676 339.97133679268586
959.5394119100567 338.4689893748454
962.2436372621695 335.7647640227328
957.7365950086484 334.56288608846046
953.8304917222634 334.8633555720285
947.2201630837657 334.8633555720285
951.1262663701507 331.5581912527797
944.816407215221 361.90560909315536
948.1215715344699 381.4361255250802
948.1215715344699 377.8304917222633
943.0135903138126 375.4267358537187
952.6286137879912 390.1497405485544
971.5581912527797 336.666172473437
984.478379046207 332.1591302199159
991.3891771682728 336.96664195700504
993.7929330368173 335.1638250555966
1010.9196936001977 337.8680504077093
1000.102792191747 344.7788485297751
1011.8211020509018 343.57697059550276
905.4549048678033 301.8117123795403
902.1497405485544 297.00420064245105
866.6943414875216 335.1638250555966
859.1826043983198 338.4689893748454
850.1685198912775 336.3657029898689
832.7412898443291 322.24363726216944
833.3422288114652 309.3234494687422
835.7459846800099 310.2248579194464
843.8586607363479 312.3281443044229
876.3093649617 327.95255744996285
865.4924635532492 328.2530269335309
863.6896466518408 325.24833209785015
864.2905856189769 321.0417593278971
918.3750926612305 397.96194712132433
966.4502100321225 365.8117123795403
894.9384729429206 327.95255744996285
890.7319001729676 331.5581912527797
884.1215715344699 328.85396590066705
880.816407215221 330.35631331850743
870.6004447739066 336.3657029898689
865.4924635532492 337.8680504077093
862.4877687175685 337.8680504077093
943.9149987645169 292.49715838892996
947.5206325673338 292.49715838892996
953.5300222386953 289.19199406968113
958.9384729429206 288.29058561897693
954.4314306893995 293.99950580677034
976.3657029898691 283.4830738818877
972.1591302199159 284.9854212997281
980.8727452433901 284.9854212997281
975.1638250555966 288.591055102545
965.8492710649864 292.49715838892996
959.2389424264887 292.49715838892996
962.8445762293056 291.5957499382257
966.4502100321225 289.19199406968113
969.1544353842352 288.591055102545
969.7553743513713 286.18729923400036
979.3703978255498 288.591055102545
977.5675809241413 286.4877687175685
962.8445762293056 321.94316777860126
952.6286137879912 318.63800345935255
949.3234494687423 314.7319001729675
915.0699283419817 300.30936496169994
884.1215715344699 282.2811959476154
880.816407215221 285.58636026686423
878.7131208302446 283.4830738818877
774.4502100321225 295.50185322461067
822.2248579194464 311.4267358537187
857.0793180133431 340.572275759822
845.9619471213243 350.4877687175685
923.4830738818878 357.6990363232022
480.89152458611323 452.04645416357783
398.56288608846063 449.64269829503326
99.29528045465779 460.45959970348395
125.73659500864838 445.4361255250802
555.4079565109957 454.75067951569054
543.3891771682728 457.75537435137124
501.9243884358784 452.34692364714596
976.6661724734371 328.25302693353086
846.2624166048925 319.8398813936247
651.2577217692117 399.4642945391646
641.0417593278971 378.43143068939935
805.9995058067703 354.99481097108946
639.9901161354089 428.6098344452679
675.5957499382258 365.81171237954015
685.3610081541882 362.6567828020754
592.365702989869 361.75537435137113
590.2624166048923 366.56288608846035
533.9243884358783 354.69434148752134
535.8774400790708 347.9337781072397
555.7084259945638 352.89152458611284
555.4079565109957 364.76006918705184
574.0370644922164 359.65208796639456
414.18729923400036 394.0558438349392
412.53471707437603 397.21077341240397
421.6990363232023 396.15913021991565
443.18260439831965 363.8586607363476
453.84927106498634 364.30936496169977
424.1027921917469 343.42673585371847
429.06053867062013 355.8962194217936
428.15913021991594 361.90560909315514
464.8164072152211 349.43612552508
457.3046701260192 351.83988139362464
453.9995058067704 345.379787496911
452.647393130714 332.76006918705184
467.97133679268586 342.0746231776622
43.708425994563875 377.5300222386951
38.6004447739066 374.22485791944626
35.59574993822585 376.3281443044228
57.830491722263396 373.9243884358782
68.04645416357795 380.23424759080774
58.13096120583147 381.4361255250801
53.32344946874228 401.267111440573
48.51593773165307 401.267111440573
40.40326167531506 386.2436372621693
14.863355572028668 378.1309612058312
27.182604398319743 395.5581912527796
44.008895478131954 417.191994069681
35.89621942179393 422.6004447739064
19.670867309117874 398.2624166048923
40.40326167531506 450.54410674573734
61.13565604151224 400.3657029898688
87.87744007907092 400.3657029898688
105.30467012601929 375.12626637015046
101.09809735606622 366.7131208302444
124.234247590808 367.0135903138125
127.53941191005684 372.7225105016059
132.04645416357795 369.7178156659251
138.35631331850755 373.9243884358782
143.16382505559673 360.40326167531475
134.45021003212256 365.81171237954015
139.55819125277984 379.33283914010354
126.03706449221647 378.1309612058312
120.6286137879911 380.5347170743758
134.75067951569062 391.9525574499627
182.22485791944652 379.6333086236716
205.9619471213244 381.13565604151194
213.47368421052633 382.6380034593524
217.3797874969113 384.1403508771927
229.69903632320234 388.6473931307139
220.68495181616012 391.0511489992585
247.12626637015072 393.45490486780307
215.57697059550284 369.116876698789
220.38448233259203 361.304670126019
234.5065480602916 353.191994069681
244.42204101803804 353.79293303681715
244.12157153446998 364.6098344452679
181.3234494687423 360.1027921917467
175.91499876451692 360.1027921917467
173.51124289597234 365.5112428959721
169.0042006424512 365.81171237954015
163.89621942179394 364.6098344452679
165.3985668396343 357.9995058067702
161.7929330368174 363.4079565109955
150.9760316283667 360.7037311588829
145.8680504077094 369.7178156659251
174.11218186310847 369.116876698789
188.23424759080805 374.22485791944626
193.94316777860143 377.229552755127
54.52532740301458 380.5347170743758
44.008895478131954 369.7178156659251
370.9196936001977 368.51593773165285
390.7506795156906 375.7272053372867
338.16851989127747 371.82110205090174
337.56758092414134 351.6896466518407
341.4736842105263 347.48307388188766
211.06992834198167 432.816407215221
359.5018532246107 344.7788485297749
381.1356560415122 344.7788485297749
399.16382505559665 324.6473931307139
393.75537435137136 346.28119594761534
395.5581912527798 351.6896466518407
272.9666419570052 357.09809735606603
427.70842599456387 389.24833209785004
356.79762787249814 358.29997529033824
377.22955275512726 361.00420064245094
402.46898937484553 354.99481097108946
406.9760316283667 349.285890783296
411.48307388188783 348.985421299728
398.2624166048925 342.9760316283664
392.85396590066716 342.67556214479833
470.6755621447987 343.5769705955026
476.3844823325921 360.7037311588829
462.5628860884606 358.9009142574744
502.52532740301456 387.14504571287347
526.5628860884606 428.00889547813165
564.7225105016062 382.33753397578425
538.2811959476155 374.22485791944626
510.3375339757845 340.5722757598218
500.42204101803804 335.1638250555964
499.2201630837658 331.5581912527795
636.5347170743761 400.66617247343703
666.2811959476155 344.47837904620707
646.4502100321225 358.29997529033847
722.7694588584137 317.43612552508023
757.3234494687424 385.0417593278971
892.2342475908081 370.0182851494934
893.7365950086485 366.1121818631084
851.971336792686 321.9431677786013
845.9619471213244 323.14504571287364
839.0511489992587 325.8492710649863
836.046454163578 323.14504571287364
825.5300222386954 326.7506795156906
818.6192241166297 317.7365950086483
815.9149987645169 322.8445762293056
868.7976278724982 325.24833209785015
871.2013837410428 326.7506795156906
872.7037311588831 327.9525574499629
834.8445762293056 352.891524586113
836.9478626142821 349.2858907832961
775.6520879663949 373.62391895231025
965.8492710649864 375.72720533728676
874.5065480602916 333.0605386706201
870.9009142574746 331.8586607363478
877.2107734124043 332.1591302199158
890.1309612058315 300.0088954781318
894.9384729429206 300.3093649616999
859.4830738818878 313.8304917222633
850.4689893748455 329.7553743513712
885.0229799851742 348.98542129972805
996.49715838893 315.9337781072398
44.609834445267836 759.1262663701507
599.2364722937192 334.92618561581037
600.5315819058609 331.3646341824208
597.2938078755067 325.212863524748
592.7609242330109 327.8030827490313
593.4084790390817 323.9177539126063
614.1302328333481 322.29886689742926
613.4826780272773 327.1555279429605
618.0155616697731 323.9177539126063
643.5939765095708 329.4219697642083
663.6681754977665 320.03242507618137
662.6968432886601 315.4995414336856
666.2583947220497 315.17576403065016
667.8772817372269 317.1184284488627
671.1150557675809 319.70864767314595
676.619271619183 319.0610928670751
672.4101653797226 323.27019910653553
669.4961687524038 325.212863524748
665.6108399159789 321.97508949439384
661.0779562734831 324.24153131564174
624.8148871335168 309.0239933729774
616.7204520576315 311.61421259726063
591.4658146208692 311.61421259726063
588.5518179935506 311.61421259726063
575.600721872134 314.20443182154395
577.2196088873111 314.85198662761474
580.4573829176652 318.41353806100426
562.9734031537529 317.1184284488627
632.2617674033313 303.8435549244107
636.7946510458271 304.4911097304815
639.3848702701104 303.5197775213753
642.9464217034999 304.4911097304815
645.5366409277832 305.13866453655237
648.7744149581374 303.8435549244107
651.688411585456 303.5197775213753
651.688411585456 301.2533357001274
654.2786308097394 304.4911097304815
656.5450726309873 303.1960001183399
657.5164048400936 305.7862193426232
660.1066240643769 305.13866453655237
664.3157303038372 302.54844531226905
665.2870625129435 305.13866453655237
667.8772817372269 302.8722227153045
667.8772817372269 305.4624419395878
669.8199461554392 304.81488713351695
672.733942782758 302.8722227153045
673.3814975888289 306.7575515517295
678.8857134404309 301.9008905061982
675.9717168131122 304.81488713351695
681.7997100677495 303.5197775213753
685.3612615011391 302.8722227153045
688.2752581284578 304.1673323274461
690.5416999497057 301.9008905061982
694.4270287861307 303.5197775213753
624.1673323274459 313.5568770154731
621.5771131031627 312.90932220940226
612.1875684151357 314.85198662761474
607.6546847726398 315.4995414336856
606.6833525635337 320.35620247921673
609.9211265938878 318.7373154640397
599.5602496967546 322.29886689742926
604.0931333392504 323.27019910653553
586.2853761723027 321.97508949439384
582.0762699328423 321.6513120913584
578.8384959024883 321.0037572852876
570.7440608266028 323.9177539126063
566.8587319901778 322.29886689742926
564.5922901689299 324.24153131564174
563.2971805567884 326.50797313688963
579.8098281115944 328.12686015206674
579.1622733055236 325.5366409277834
584.3427117540903 331.3646341824208
589.1993727996214 331.0408567793854
596.9700304724713 331.3646341824208
599.2364722937192 328.45063755510216
601.8266915180025 329.098192361173
612.5113458181711 332.01218898849163
615.1015650424545 334.2786308097396
617.6917842667378 335.5737404218812
621.2533357001273 331.3646341824208
623.8435549244106 335.5737404218812
628.7002159699418 335.2499630188458
631.6142125972605 326.83175053992505
636.7946510458271 323.59397650957095
639.7086476731458 321.6513120913584
632.5855448063668 323.59397650957095
628.3764385669065 309.3477707760127
632.5855448063668 308.0526611638711
635.17576403065 311.2904351942252
636.1470962397563 307.40510635780026
640.3562024792167 310.9666577911898
644.5653087186771 309.9953255820835
646.8317505399249 312.2617674033315
652.0121889884916 309.3477707760127
653.3072986006332 313.2330996124377
661.0779562734831 310.64288038815437
658.4877370491997 312.90932220940226
661.4017336765186 313.8806544185085
661.0779562734831 320.03242507618137
657.840182243129 321.327534688323
653.3072986006332 322.29886689742926
659.7828466613414 330.06952457027916
665.6108399159789 335.2499630188458
669.4961687524038 335.5737404218812
662.6968432886601 329.098192361173
650.71707937635 333.63107600366874
646.5079731368896 332.33596639152705
645.212863524748 336.22129522795206
688.9228129345287 321.97508949439384
685.3612615011391 320.03242507618137
683.4185970829267 308.37643856690653
682.4472648738204 305.7862193426232
675.9717168131122 309.9953255820835
670.1437235584747 309.0239933729774
656.8688500340228 308.37643856690653
698.3123576225556 302.54844531226905
702.1976864589807 301.2533357001274
706.0830152954055 300.929558297092
709.9683441318305 301.5771131031628
707.7019023105827 306.10999674565863
697.6648028164848 307.7288837608357
692.8081417709536 309.3477707760127
689.2465903375642 308.70021596994195
697.0172480104139 320.03242507618137
697.0172480104139 325.212863524748
703.8165734741576 325.5366409277834
705.7592378923702 328.7744149581376
711.911008550043 328.45063755510216
709.3207893257596 323.27019910653553
708.3494571166535 319.3848702701105
716.1201147895034 326.50797313688963
717.4152244016451 330.71707937635
720.0054436259283 327.1555279429605
723.566995059318 325.5366409277834
719.034111416822 319.0610928670751
715.7963373864679 309.0239933729774
714.8250051773617 304.81488713351695
719.3578888198576 309.3477707760127
724.538327268424 309.6715481790481
727.4523238957429 307.40510635780026
725.1858820744949 303.8435549244107
738.1369781959115 298.98689387887947
741.0509748232301 298.0155616697733
739.1083104050176 300.6057808940566
468.43040146741237 335.57374042188127
471.66817549776647 335.8975178249167
474.25839472204973 336.86885003402296
477.4961687524039 333.3072986006334
482.02905239489974 329.4219697642085
484.29549421614763 326.50797313688975
486.23815863436005 328.77441495813764
489.79971006774963 328.4506375551022
490.4472648738205 325.8604183308189
493.3612615011392 328.77441495813764
470.0492884825894 330.71707937635006
467.1352918552707 330.0695245702792
756.4843643679181 312.5855448063668
758.750806189166 311.93799000029594
761.3410254134494 311.29043519422515
765.5501316529097 310.6428803881543
766.8452412650514 309.99532558208347
771.0543475045117 309.99532558208347
773.6445667287951 310.3191029851189
750.3325937102453 297.6917842667378
750.0088163072099 301.2533357001273
746.7710422768558 300.2820034910211
719.8975178249166 299.9582260879857
719.5737404218811 303.51977752137526
717.6310760036686 306.75755155172936
709.2128635247478 309.02399337297726
705.6513120913582 309.02399337297726
703.3848702701104 309.6715481790481
699.4995414336854 310.6428803881543
696.2617674033313 311.29043519422515
753.2465903375639 299.31067128191484
756.4843643679181 300.2820034910211
759.0745835922014 300.6057808940565
761.6648028164848 301.57711310316273
762.3123576225556 298.0155616697732
760.6934706073786 296.07289725156073
756.4843643679181 296.07289725156073
763.9312446377327 297.3680068637024
765.2263542498742 300.9295582970919
767.1690186680868 299.9582260879857
767.8165734741576 296.07289725156073
770.0830152954055 299.31067128191484
771.0543475045117 295.7491198485253
757.131919173989 304.1673323274461
760.0459158013077 304.49110973048147
764.5787994438034 305.78621934262316
766.1976864589806 303.51977752137526
768.787905683264 302.8722227153044
770.7305701014764 303.19600011833984
773.3207893257596 301.90089050619815
773.9683441318305 299.63444868495026
775.263453743972 296.39667465459615
777.2061181621846 302.8722227153044
778.8250051773617 298.3393390728086
780.767669595574 301.90089050619815
783.3578888198574 298.3393390728086
784.3292210289637 295.4253424454899
785.6243306411054 299.63444868495026
783.6816662228929 303.19600011833984
781.0914469986095 308.3764385669064
775.263453743972 306.75755155172936
772.3494571166534 306.75755155172936
771.0543475045117 307.08132895476473
764.9025768468389 308.052661163871
760.0459158013077 308.052661163871
754.5416999497056 308.3764385669064
751.627703322387 307.40510635780015
751.9514807254225 303.8435549244107
779.4725599834326 305.1386645365523
781.4152244016449 305.1386645365523
786.5956628502115 304.49110973048147
788.538327268424 302.548445312269
789.5096594775304 300.6057808940565
789.8334368805657 295.4253424454899
788.538327268424 296.7204520576316
789.1858820744949 298.3393390728086
800.5180911807344 298.3393390728086
805.0509748232301 297.3680068637024
807.3174166444779 296.39667465459615
808.6125262566196 296.39667465459615
811.8503002869738 296.39667465459615
816.0594065264341 294.4540102363837
818.325848347682 294.13023283334826
818.6496257507175 291.54001360906494
816.0594065264341 291.86379101210036
825.1251738114257 292.1875684151358
828.0391704387445 292.1875684151358
831.6007218721342 291.86379101210036
835.8098281115945 291.86379101210036
839.6951569480194 291.86379101210036
842.9329309783734 291.86379101210036
847.7895920239047 291.86379101210036
852.6462530694358 291.2162362060295
856.2078045028254 290.5686813999587
859.4455785331795 288.6260169817462
804.4034200171593 310.6428803881543
808.2887488535844 308.3764385669064
808.6125262566196 311.6142125972606
808.6125262566196 313.88065441850847
810.5551906748321 315.4995414336855
813.4691873021508 310.96665779118973
814.4405195112572 312.5855448063668
818.325848347682 308.70021596994184
813.4691873021508 308.3764385669064
812.4978550930447 305.1386645365523
809.2600810626905 303.51977752137526
817.6782935416113 306.75755155172936
823.1825093932133 306.43377414869394
824.8013964083904 304.49110973048147
828.3629478417799 304.49110973048147
826.7440608266029 309.3477707760127
826.4202834235674 314.85198662761474
824.4776190053549 318.4135380610042
824.1538416023195 322.2988668974292
826.7440608266029 322.2988668974292
828.6867252448153 320.67997988225216
830.9531670660633 317.76598325493336
833.2196088873111 315.82331883672094
837.752492529807 314.85198662761474
848.760924233011 308.3764385669064
843.256708381409 309.6715481790481
838.4000473358777 310.3191029851189
848.760924233011 309.99532558208347
851.3511434572943 311.93799000029594
855.5602496967546 311.93799000029594
857.8266915180026 304.8148871335169
862.6833525635337 305.46244193958773
864.9497943847815 305.46244193958773
868.5113458181711 304.49110973048147
872.7204520576315 304.1673323274461
877.2533357001273 302.8722227153044
879.1960001183398 299.9582260879857
855.6681754977664 326.83175053992505
858.9059495281205 320.03242507618137
855.344398094731 317.76598325493353
851.7828466613413 316.1470962397564
846.6024082127747 316.1470962397564
840.4506375551019 316.47087364279184
837.2128635247478 305.7862193426232
830.7373154640395 303.5197775213753
831.0610928670749 300.929558297092
833.0037572852874 297.04422946066705
827.4995414336854 295.1015650424546
822.3191029851188 295.7491198485254
817.4624419395876 297.3680068637025
811.3106712819148 298.98689387887947
807.7491198485251 299.95822608798574
814.2246679092334 299.95822608798574
820.0526611638709 300.28200349102116
823.9379900002958 299.6344486849503
827.4995414336854 297.6917842667379
839.8030827490311 299.6344486849503
842.3933019733144 299.6344486849503
831.3848702701104 305.7862193426232
827.4995414336854 307.0813289547649
841.0981923611727 305.7862193426232
844.9835211975977 304.81488713351695
849.192627437058 301.57711310316284
851.459069258306 299.6344486849503
854.6968432886601 301.90089050619827
857.9346173190141 297.04422946066705
860.848613946333 299.3106712819149
863.4388331706162 298.0155616697733
865.3814975888288 287.00712996656927
871.5332682465016 287.9784621756755
873.7997100677494 288.9497943847817
876.7137066950683 287.65468477264005
871.2094908434661 299.95822608798574
875.4185970829266 299.3106712819149
893.8739090559451 305.13866453655237
897.1116830862992 305.13866453655237
897.75923789237 301.2533357001274
900.9970119227243 301.2533357001274
900.9970119227243 302.8722227153045
909.0914469986095 298.66311647584416
910.3865566107512 300.28200349102116
944.706961332505 327.8030827490313
946.6496257507175 323.59397650957095
943.4118517203633 322.6226443004647
940.8216324960799 323.9177539126064
951.5062867962487 324.8890861217126
955.0678382296383 322.9464217035001
955.7153930357091 326.50797313688963
957.9818348569569 323.59397650957095
954.4202834235674 314.8519866276148
951.830064199284 312.5855448063669
949.2398449750008 309.34777077601274
955.3916156326736 310.31910298511895
957.6580574539216 309.9953255820835
956.3629478417799 305.7862193426232
953.7727286174966 306.43377414869406
951.830064199284 303.84355492441074
955.0678382296383 301.57711310316284
928.8418685837698 293.8064554303129
923.9852075382386 296.39667465459627
916.8621046714593 295.7491198485254
