97.26308539944904 558.4139118457301
111.0371900826446 508.1384297520662
81.4228650137741 506.76101928374663
85.55509641873277 490.92079889807167
95.19696969696969 481.9676308539946
144.09504132231405 504.0061983471075
24.260330578512395 503.3174931129478
10.486225895316807 508.82713498622593
0.8443526170798918 458.55165289256206
53.87465564738292 457.1742424242425
68.3374655647383 441.3340220385676
93.81955922865012 444.0888429752067
161.31267217630852 487.4772727272728
131.698347107438 492.29820936639123
135.8305785123967 484.72245179063367
212.96556473829202 475.08057851239676
173.0206611570248 460.6177685950414
154.42561983471074 443.40013774104693
247.40082644628097 453.0420110192838
235.6928374655647 469.57093663911854
257.7314049586777 521.223829201102
286.6570247933884 465.43870523415984
283.2134986225895 482.6563360881544
299.74242424242425 488.8546831955924
287.3457300275482 423.4276859504133
300.43112947658403 423.4276859504133
294.232782369146 411.03099173553727
288.034435261708 407.58746556473835
281.1473829201102 397.94559228650144
290.10055096418733 383.4827823691461
306.62947658402203 422.05027548209375
327.2906336088154 414.47451790633613
325.2245179063361 437.89049586776866
332.11157024793386 477.8353994490359
347.95179063360877 498.4965564738293
400.2933884297521 493.6756198347108
394.78374655647383 464.7500000000001
407.1804407713498 478.5241046831957
131.0096418732782 385.54889807162544
130.32093663911843 376.59573002754826
146.1611570247934 366.9538567493114
133.76446280991735 346.9814049586778
142.0289256198347 345.6039944903582
147.53856749311296 344.22658402203865
159.93526170798896 354.55716253443535
164.06749311294766 351.8023415977962
177.84159779614322 361.44421487603313
184.72865013774106 364.19903581267226
209.5220385674931 367.6425619834712
204.01239669421489 383.4827823691461
201.94628099173553 393.124655647383
188.17217630853992 384.86019283746566
171.64325068870522 388.3037190082645
412.6900826446281 448.90977961432515
6.353994490358133 367.6425619834712
63.51652892561983 419.2954545454546
436.1060606060606 449.59848484848493
445.7479338842975 439.26790633608823
457.4559228650138 448.22107438016536
473.9848484848485 503.3174931129478
454.70110192837467 470.25964187327827
464.3429752066115 461.995179063361
497.4008264462809 500.56267217630864
496.71212121212113 426.87121212121224
453.3236914600551 408.9648760330579
439.5495867768594 419.9841597796144
429.90771349862257 423.4276859504133
404.4256198347107 400.7004132231406
390.6515151515151 411.03099173553727
256.3539944903581 413.7858126721764
260.4862258953168 391.05853994490366
243.95730027548205 380.0392561983472
269.43939393939394 380.72796143250696
225.362258953168 509.5158402203857
462.2768595041322 482.6563360881544
474.6735537190083 401.38911845730036
489.1363636363636 390.3698347107439
454.70110192837467 391.05853994490366
449.8801652892562 388.3037190082645
423.02066115702473 386.2376033057852
408.5578512396694 384.86019283746566
384.4531680440771 386.926308539945
373.43388429752065 390.3698347107439
345.8856749311294 391.74724517906344
320.4035812672176 393.124655647383
317.6487603305785 380.0392561983472
310.07300275482095 386.2376033057852
330.0454545454545 383.4827823691461
137.89669421487605 444.7775482093665
128.25482093663913 437.89049586776866
123.43388429752065 424.8050964187329
93.81955922865012 400.7004132231406
80.73415977961432 375.21831955922875
49.74242424242425 395.8794765840221
106.21625344352617 385.54889807162544
106.21625344352617 364.19903581267226
88.30991735537191 365.57644628099183
48.36501377410468 375.21831955922875
66.96005509641873 349.04752066115714
211.58815426997245 450.2871900826447
199.88016528925618 445.4662534435263
20.12809917355372 383.4827823691461
20.816804407713505 370.39738292011026
24.260330578512395 350.42493112947665
21.50550964187329 339.40564738292017
19.439393939393938 330.45247933884303
13.929752066115697 326.3202479338844
2.221763085399459 351.8023415977962
20.816804407713505 321.4993112947659
72.46969696969697 329.7637741046833
49.053719008264466 335.2734159779615
91.06473829201104 332.5185950413224
101.39531680440768 326.3202479338844
117.23553719008265 323.56542699724525
104.15013774104682 345.6039944903582
137.20798898071627 324.9428374655648
157.8691460055096 318.05578512396704
152.3595041322314 329.7637741046833
204.70110192837467 320.8106060606061
198.50275482093662 321.4993112947659
345.8856749311294 414.47451790633613
358.2823691460055 419.9841597796144
365.858126721763 417.22933884297527
489.1363636363636 371.7747933884298
492.57988980716254 382.1053719008265
491.202479338843 365.57644628099183
496.71212121212113 364.19903581267226
489.1363636363636 323.56542699724525
460.8994490358126 347.67011019283757
469.16391184573 346.9814049586778
450.56887052341597 351.8023415977962
435.41735537190084 350.42493112947665
410.62396694214874 359.3780991735538
403.0482093663911 360.75550964187335
382.3870523415977 364.19903581267226
376.1887052341598 369.0199724517907
371.3677685950413 378.6618457300276
385.14187327823686 380.0392561983472
349.32920110192833 366.2651515151516
357.59366391184574 353.1797520661158
371.3677685950413 359.3780991735538
379.6322314049587 351.8023415977962
398.22727272727275 340.09435261707995
403.7369146005509 339.40564738292017
387.2079889807162 325.6315426997246
376.87741046831957 325.6315426997246
429.90771349862257 320.8106060606061
365.858126721763 318.7444903581268
398.22727272727275 315.3009641873279
328.668044077135 338.02823691460065
350.0179063360881 330.45247933884303
356.90495867768595 342.8491735537191
346.5743801652892 350.42493112947665
344.50826446280985 344.91528925619843
327.9793388429752 359.3780991735538
336.93250688705234 366.2651515151516
316.27134986225894 362.8216253443527
312.82782369146 369.0199724517907
306.62947658402203 362.1329201101929
300.43112947658403 369.0199724517907
297.6763085399449 378.6618457300276
285.96831955922863 369.0199724517907
289.41184573002755 355.9345730027549
277.0151515151515 360.75550964187335
261.1749311294766 362.1329201101929
242.57988980716254 354.55716253443535
235.6928374655647 340.78305785123973
246.0234159779614 335.2734159779615
217.09779614325066 382.1053719008265
210.89944903581267 395.1907713498623
162.0013774104683 394.5020661157026
263.2410468319559 457.1742424242425
383.7644628099173 425.49380165289267
256.3539944903581 330.45247933884303
250.8443526170799 318.7444903581268
272.194214876033 315.9896694214877
279.76997245179064 318.7444903581268
284.59090909090907 315.9896694214877
314.2052341597796 316.6783746556475
298.3650137741047 321.4993112947659
292.16666666666663 313.92355371900834
326.60192837465564 327.69765840220396
318.3374655647383 332.5185950413224
279.76997245179064 342.1604683195593
274.94903581267215 347.67011019283757
432.6625344352617 371.7747933884298
404.4256198347107 370.39738292011026
455.38980716253445 371.08608815427004
462.96556473829196 371.08608815427004
464.3429752066115 384.86019283746566
473.2961432506887 383.4827823691461
469.8526170798898 389.6811294765841
192.9931129476584 344.91528925619843
42.16666666666666 362.8216253443527
87.62121212121212 305.1790633608816
76.60192837465564 299.6694214876035
70.40358126721762 300.35812672176326
82.11157024793388 287.2727272727274
121.3677685950413 290.02754820936656
103.46143250688704 299.6694214876035
134.45316804407713 301.7355371900828
153.73691460055096 309.31129476584044
149.60468319559226 301.7355371900828
162.0013774104683 309.31129476584044
167.51101928374652 303.1129476584024
184.03994490358127 292.78236914600564
180.59641873278235 290.7162534435263
197.81404958677683 296.91460055096434
199.1914600550964 274.1873278236916
226.0509641873278 292.09366391184585
222.60743801652893 306.5564738292012
214.34297520661158 314.1322314049588
232.93801652892563 299.6694214876035
261.8636363636364 305.1790633608816
267.3732782369146 301.7355371900828
289.41184573002755 300.35812672176326
298.3650137741047 296.91460055096434
306.62947658402203 311.3774104683197
285.27961432506885 295.53719008264477
294.92148760330576 282.451790633609
277.0151515151515 280.38567493112964
272.8829201101928 276.25344352617094
283.9022038567493 274.1873278236916
268.75068870523415 287.9614325068872
337.6212121212121 282.451790633609
337.6212121212121 296.91460055096434
332.80027548209364 311.3774104683197
352.08402203856747 277.6308539944905
418.19972451790636 300.35812672176326
404.4256198347107 287.2727272727274
478.80578512396687 290.7162534435263
470.5413223140496 306.5564738292012
496.71212121212113 306.5564738292012
374.12258953168043 293.4710743801654
361.72589531680444 290.7162534435263
149.60468319559226 285.2066115702481
138.58539944903583 284.51790633608834
133.76446280991735 287.2727272727274
124.81129476584022 279.69696969696986
131.698347107438 274.1873278236916
160.62396694214874 255.59228650137757
168.8884297520661 237.6859504132233
162.6900826446281 243.8842975206613
151.6707988980716 234.93112947658418
133.07575757575756 239.06336088154285
134.45316804407713 256.9696969696971
117.92424242424244 253.52617079889822
101.39531680440768 285.89531680440786
89.68732782369148 284.51790633608834
155.11432506887053 276.25344352617094
163.37878787878788 274.8760330578514
160.62396694214874 288.650137741047
95.19696969696969 252.14876033057868
84.1776859504132 252.14876033057868
80.73415977961432 214.9586776859506
24.260330578512395 311.3774104683197
45.610192837465576 300.35812672176326
247.40082644628097 364.40771349862274
241.89118457300276 365.7851239669423
215.0316804407713 365.0964187327825
219.16391184573 360.27548209366404
177.15289256198344 305.1790633608816
144.78374655647383 212.20385674931146
126.87741046831957 212.20385674931146
113.10330578512395 210.1377410468321
106.21625344352617 210.8264462809919
100.7066115702479 210.8264462809919
88.99862258953169 218.40220385674945
89.68732782369148 211.51515151515167
137.20798898071627 188.09917355371917
104.8388429752066 184.65564738292028
122.74517906336087 181.90082644628114
149.60468319559226 186.03305785123985
375.5 173.6363636363638
380.3209366391185 167.4380165289258
390.6515151515151 166.74931129476602
397.53856749311296 172.25895316804423
410.62396694214874 166.74931129476602
473.2961432506887 184.65564738292028
312.13911845730024 157.79614325068889
317.6487603305785 155.04132231404975
306.62947658402203 155.73002754820953
303.8746556473829 152.9752066115704
298.3650137741047 159.86225895316824
2.910468319559243 300.35812672176326
298.8815426997245 158.14049586776878
294.7493112947658 155.04132231404978
289.9283746556474 157.79614325068889
284.763085399449 152.97520661157046
267.5454545454545 148.84297520661175
256.8705234159779 147.4655647382922
246.88429752066114 146.08815426997265
107.07713498622586 135.75757575757595
110.52066115702476 131.28099173553738
103.97796143250685 132.31404958677706
129.8044077134986 132.31404958677706
514.6184573002754 264.5454545454547
506.35399449035805 338.9256198347108
511.86363636363626 375.42699724517917
505.6652892561983 381.62534435261716
518.7506887052341 383.6914600550965
522.8829201101928 373.3608815426998
533.2134986225894 366.47382920110203
529.0812672176307 360.9641873278238
504.2878787878787 364.4077134986227
542.8553719008264 331.3498622589533
531.8360881542699 332.72727272727286
554.5633608815426 350.6336088154271
554.5633608815426 368.5399449035814
555.9407713498622 378.1818181818183
537.3457300275481 378.8705234159781
567.6487603305784 375.42699724517917
564.8939393939393 368.5399449035814
566.2713498622588 383.6914600550965
580.7341597796142 380.24793388429765
583.4889807162533 388.512396694215
597.9517906336087 378.8705234159781
595.8856749311294 369.22865013774117
593.1308539944903 349.94490358126734
581.4228650137741 332.72727272727286
582.8002754820936 312.75482093663925
564.8939393939393 323.7741046831957
549.7424242424241 321.0192837465566
559.384297520661 311.3774104683197
512.552341597796 294.1597796143252
523.5716253443525 292.09366391184585
529.7699724517905 298.2920110192839
542.8553719008264 286.5840220385676
553.8746556473828 294.1597796143252
544.9214876033056 306.5564738292012
580.0454545454545 299.6694214876034
585.5550964187328 298.2920110192839
600.7066115702478 303.11294765840233
612.4146005509642 303.11294765840233
598.6404958677685 316.19834710743817
615.858126721763 308.62258953168055
623.4338842975205 312.06611570247946
636.5192837465563 301.73553719008277
636.5192837465563 335.48209366391194
619.9903581267217 348.5674931129478
625.5 348.5674931129478
631.6983471074379 356.14325068870534
612.4146005509642 354.76584022038577
613.7920110192836 374.0495867768596
622.056473829201 385.0688705234161
643.4063360881541 360.9641873278238
645.4724517906336 352.0110192837467
637.8966942148759 349.94490358126734
653.7369146005508 373.3608815426998
644.095041322314 395.3994490358128
631.6983471074379 395.3994490358128
665.4449035812672 354.76584022038577
666.1336088154269 311.3774104683197
669.5771349862259 303.11294765840233
488.4476584022038 261.1019283746558
678.530303030303 252.14876033057865
702.6349862258953 256.9696969696971
693.681818181818 318.95316804407724
686.1060606060605 318.95316804407724
674.3980716253443 292.09366391184585
688.8608815426996 282.45179063360894
684.7286501377409 280.38567493112964
690.9269972451791 272.12121212121224
743.2685950413222 352.0110192837467
692.3044077134984 373.3608815426998
679.2190082644627 378.8705234159781
671.6432506887052 368.5399449035814
667.5110192837465 378.1818181818183
701.2575757575758 391.2672176308541
715.7203856749311 388.512396694215
731.560606060606 383.00275482093673
742.5798898071625 383.00275482093673
750.15564738292 385.0688705234161
751.5330578512396 362.34159779614333
703.323691460055 294.848484848485
699.1914600550963 288.65013774104693
708.8333333333333 281.76308539944915
717.0977961432507 281.76308539944915
708.1446280991736 272.809917355372
712.965564738292 267.98898071625354
717.7865013774103 267.98898071625354
726.0509641873277 265.92286501377424
733.6267217630852 265.23415977961446
740.5137741046831 263.1680440771351
738.4476584022038 274.1873278236916
726.0509641873277 279.0082644628101
721.918732782369 275.56473829201116
726.7396694214876 286.5840220385676
743.2685950413222 282.45179063360894
732.9380165289256 301.046831955923
740.5137741046831 301.046831955923
717.7865013774103 296.91460055096434
715.0316804407712 303.8016528925621
710.2107438016528 301.73553719008277
704.7011019283746 308.62258953168055
705.3898071625345 313.44352617079903
709.5220385674932 311.3774104683197
715.7203856749311 318.26446280991746
692.3044077134984 332.72727272727286
704.0123966942149 347.1900826446282
715.7203856749311 352.0110192837467
705.3898071625345 340.30303030303037
737.758953168044 327.9063360881544
731.560606060606 320.3305785123968
629.6322314049587 293.4710743801654
678.530303030303 500.56267217630864
685.4173553719008 481.2789256198348
651.6707988980716 477.1466942148761
629.6322314049587 481.9676308539946
619.9903581267217 487.4772727272728
609.6597796143251 508.82713498622593
596.5743801652893 490.92079889807167
752.9104683195592 503.3174931129478
703.323691460055 498.4965564738293
690.2382920110192 494.3643250688706
692.3044077134987 467.5048209366392
697.125344352617 412.40840220385684
707.4559228650137 404.1439393939395
732.9380165289256 414.47451790633613
748.0895316804408 409.6535812672177
757.0426997245179 402.7665289256199
768.0619834710744 404.8326446280993
763.2410468319558 371.7747933884298
771.5055096418732 371.7747933884298
764.6184573002754 346.9814049586778
787.3457300275481 337.33953168044087
787.3457300275481 355.9345730027549
812.1391184573002 365.57644628099183
798.3650137741047 391.74724517906344
816.271349862259 426.87121212121224
843.1308539944903 412.40840220385684
848.6404958677685 400.0117079889808
851.3953168044077 411.03099173553727
801.8085399449035 479.90151515151524
810.0730027548209 493.6756198347108
780.4586776859503 490.92079889807167
753.599173553719 479.21280991735546
871.3677685950413 501.9400826446282
818.3374655647383 476.4579889807163
816.271349862259 469.57093663911854
874.8112947658402 443.40013774104693
865.1694214876032 443.40013774104693
876.8774104683196 423.4276859504133
885.1418732782369 417.22933884297527
897.538567493113 413.7858126721764
878.2548209366391 407.58746556473835
872.7451790633609 400.0117079889808
877.5661157024794 383.4827823691461
866.5468319559228 389.6811294765841
856.904958677686 365.57644628099183
917.5110192837465 366.2651515151516
885.1418732782369 382.1053719008265
889.9628099173553 370.39738292011026
903.0482093663911 354.55716253443535
920.9545454545454 350.42493112947665
934.728650137741 384.86019283746566
934.728650137741 393.124655647383
938.1721763085399 422.05027548209375
925.7754820936639 438.57920110192845
888.5853994490358 446.15495867768607
936.7947658402203 482.6563360881544
915.4449035812672 481.2789256198348
912.6900826446281 493.6756198347108
903.0482093663911 500.56267217630864
923.0206611570247 503.3174931129478
900.293388429752 469.57093663911854
953.3236914600551 476.4579889807163
965.0316804407713 506.76101928374663
975.362258953168 500.56267217630864
970.5413223140496 437.89049586776866
956.7672176308539 407.58746556473835
954.0123966942149 380.72796143250696
965.0316804407713 371.7747933884298
960.2107438016528 364.19903581267226
965.7203856749311 360.75550964187335
993.2685950413223 412.40840220385684
992.5798898071625 426.87121212121224
993.2685950413223 450.2871900826447
985.6928374655647 444.7775482093665
991.202479338843 497.1191460055097
991.202479338843 476.4579889807163
653.0482093663911 415.8519283746557
663.3787878787879 407.58746556473835
670.2658402203856 399.323002754821
674.3980716253443 395.1907713498623
605.5275482093664 400.0117079889808
602.0840220385675 415.8519283746557
586.9325068870523 400.0117079889808
583.4889807162534 405.52134986225906
573.1584022038567 423.4276859504133
544.9214876033058 415.8519283746557
513.2410468319559 422.05027548209375
509.797520661157 428.24862258953175
498.77823691460054 424.8050964187329
835.5550964187328 361.44421487603313
826.6019283746556 364.19903581267226
827.2906336088154 344.91528925619843
825.2245179063361 325.6315426997246
784.590909090909 318.05578512396704
763.9297520661157 323.56542699724525
794.232782369146 315.3009641873279
883.0757575757575 337.33953168044087
872.0564738292011 335.2734159779615
888.5853994490358 344.22658402203865
914.7561983471074 335.2734159779615
896.8498622589532 327.69765840220396
955.3898071625343 332.5185950413224
967.0977961432507 326.3202479338844
973.2961432506887 330.45247933884303
991.202479338843 342.1604683195593
520.1280991735537 405.52134986225906
509.797520661157 404.8326446280993
498.77823691460054 394.5020661157026
572.469696969697 487.4772727272728
576.6019283746556 467.5048209366392
570.4035812672176 461.995179063361
595.1969696969697 484.03374655647394
604.1501377410468 468.88223140495876
547.6763085399449 479.21280991735546
544.232782369146 495.74173553719015
519.4393939393939 495.74173553719015
503.59917355371897 498.4965564738293
506.3539944903581 476.4579889807163
755.6652892561983 494.3643250688706
783.2134986225894 471.63705234159784
939.5495867768594 330.45247933884303
942.9931129476583 346.9814049586778
967.7865013774104 349.73622589531686
862.4146005509642 352.69972451790653
852.7727272727273 356.8319559228652
833.4889807162534 374.7382920110195
931.9738292011019 298.9807162534437
933.3512396694215 307.2451790633611
918.1997245179064 295.5371900826448
754.9765840220385 290.7162534435264
757.0426997245179 294.15977961432526
794.2062937062936 305.00499500499484
802.1983016983016 296.01398601398586
795.2052947052947 288.0219780219779
819.1813186813187 307.00299700299684
809.1913086913088 324.9850149850148
619.3811188811189 287.0229770229769
892.8576423576424 314.4955044955043
829.9205794205795 302.5074925074923
836.9135864135865 295.0149850149848
