66.87037037037038 691.2259259259259
180.64814814814804 715.8777777777777
336.1444444444444 674.1592592592592
442.337037037037 721.5666666666666
485.00370370370365 746.2185185185185
387.34444444444443 668.4703703703703
103.84814814814803 620.1148148148147
71.61111111111103 606.8407407407407
56.44074074074064 579.3444444444444
9.981481481481353 524.3518518518517
3.3444444444443207 486.4259259259258
18.514814814814713 449.44814814814805
45.06296296296284 511.07777777777767
64.97407407407394 513.9222222222222
55.49259259259247 532.885185185185
100.05555555555543 560.3814814814814
135.13703703703692 595.4629629629628
228.05555555555543 626.7518518518518
198.66296296296287 621.062962962963
168.32222222222214 587.8777777777777
132.29259259259248 549.9518518518518
163.58148148148138 552.7962962962963
195.81851851851843 533.8333333333333
210.0407407407406 521.5074074074073
210.98888888888882 504.44074074074064
217.6259259259258 494.011111111111
179.69999999999993 494.011111111111
165.4777777777777 485.4777777777777
89.6259259259258 441.86296296296285
73.5074074074073 485.4777777777777
106.69259259259252 530.0407407407406
104.79629629629619 500.64814814814804
148.41111111111104 489.2703703703703
125.65555555555545 505.3888888888888
108.58888888888879 513.9222222222222
166.4259259259258 524.3518518518517
146.5148148148147 519.6111111111111
265.9814814814814 499.69999999999993
272.6185185185185 514.8703703703702
272.6185185185185 561.3296296296296
299.16666666666663 541.4185185185185
292.52962962962954 569.8629629629629
327.6111111111111 606.8407407407407
344.6777777777777 624.8555555555555
304.8555555555555 515.8185185185184
356.05555555555554 526.2481481481481
357.00370370370365 503.49259259259253
381.65555555555545 540.4703703703703
302.01111111111106 501.5962962962962
364.58888888888885 587.8777777777777
408.2037037037037 575.5518518518518
459.4037037037036 624.8555555555555
539.9962962962962 659.937037037037
639.5518518518518 687.4333333333333
615.8481481481481 667.5222222222222
546.6333333333333 606.8407407407407
495.4333333333333 586.9296296296295
482.1592592592592 608.737037037037
486.9 563.2259259259258
480.2629629629629 547.1074074074073
436.64814814814815 539.5222222222221
445.18148148148146 508.23333333333323
415.7888888888889 511.07777777777767
398.7222222222222 520.5592592592592
386.3962962962962 509.1814814814814
399.6703703703703 551.8481481481481
513.4481481481481 537.6259259259259
548.5296296296297 507.2851851851851
571.2851851851851 521.5074074074073
563.6999999999999 546.1592592592592
596.8851851851852 555.6407407407407
703.0777777777778 629.5962962962963
677.4777777777778 592.6185185185184
655.6703703703704 527.1962962962962
718.2481481481482 530.0407407407406
757.1222222222223 572.7074074074073
754.2777777777778 541.4185185185185
773.2407407407406 528.1444444444444
814.0111111111112 586.9296296296295
742.9000000000001 756.6481481481482
869.9518518518519 630.5444444444445
905.9814814814815 616.3222222222222
892.7074074074073 585.9814814814814
850.9888888888888 542.3666666666666
821.5962962962963 537.6259259259259
896.5 549.0037037037036
968.5592592592593 550.8999999999999
943.9074074074074 559.4333333333333
881.3296296296296 494.95925925925917
599.7296296296296 502.54444444444437
588.3518518518518 522.4555555555555
320.974074074074 507.2851851851851
998.9000000000001 597.5962962962963
967.1370370370371 430.24814814814795
995.1074074074074 446.8407407407406
926.3666666666666 440.2037037037036
890.3370370370371 442.09999999999985
793.6259259259259 433.09259259259244
851.937037037037 443.9962962962961
870.9000000000001 416.49999999999983
900.2925925925927 412.70740740740723
929.211111111111 409.8629629629628
954.8111111111111 412.70740740740723
988.9444444444443 415.55185185185167
996.0555555555557 404.648148148148
989.4185185185186 398.95925925925906
974.7222222222222 403.22592592592576
943.4333333333334 401.80370370370355
929.6851851851852 399.9074074074073
899.3444444444444 400.3814814814813
884.174074074074 394.21851851851835
865.2111111111112 404.1740740740739
849.0925925925926 399.43333333333317
832.5 411.285185185185
822.5444444444445 400.8555555555554
774.6629629629631 411.285185185185
763.7592592592592 424.5592592592591
698.337037037037 477.6555555555554
693.5962962962963 433.5666666666665
746.6925925925925 438.7814814814813
809.7444444444445 401.3296296296295
895.5518518518518 379.9962962962961
913.0925925925926 381.41851851851834
929.6851851851852 379.048148148148
935.8481481481481 385.685185185185
953.3888888888889 383.31481481481467
964.2925925925927 387.5814814814813
979.937037037037 389.47777777777765
993.2111111111112 373.3592592592591
976.1444444444444 370.0407407407406
967.1370370370371 367.67037037037016
950.0703703703703 368.1444444444443
948.174074074074 378.0999999999998
938.2185185185185 375.25555555555536
930.6333333333334 371.9370370370369
923.0481481481481 365.29999999999984
879.9074074074074 373.3592592592591
889.8629629629629 371.9370370370369
874.6925925925925 377.1518518518517
831.0777777777778 387.1074074074072
794.0999999999999 391.84814814814797
765.1814814814815 405.59629629629615
761.3888888888889 399.43333333333317
767.0777777777778 394.6925925925924
772.2925925925927 387.1074074074072
764.7074074074073 384.2629629629628
758.0703703703704 382.84074074074056
775.1370370370371 379.522222222222
787.937037037037 385.21111111111094
839.6111111111111 372.4111111111109
862.8407407407408 370.0407407407406
870.9000000000001 363.8777777777776
879.9074074074074 360.08518518518497
882.7518518518518 325.95185185185164
898.3962962962962 361.9814814814813
912.1444444444444 372.4111111111109
915.937037037037 353.448148148148
929.211111111111 355.3444444444443
931.5814814814814 359.13703703703686
920.6777777777777 354.8703703703702
931.5814814814814 350.12962962962945
990.8407407407408 353.92222222222205
998.9000000000001 343.4925925925924
987.5222222222221 332.58888888888873
993.2111111111112 338.2777777777776
979.937037037037 333.0629629629628
980.8851851851853 337.8037037037035
970.4555555555555 334.95925925925906
966.1888888888889 343.96666666666647
960.025925925926 343.4925925925924
969.5074074074073 347.285185185185
971.4037037037037 345.8629629629628
969.5074074074073 350.12962962962945
946.7518518518518 351.55185185185167
944.3814814814814 349.65555555555534
950.5444444444445 316.94444444444423
957.1814814814816 316.94444444444423
961.4481481481482 316.94444444444423
967.1370370370371 316.4703703703702
971.8777777777777 314.0999999999998
975.6703703703704 316.4703703703702
982.3074074074075 312.2037037037035
987.0481481481481 312.6777777777776
994.1592592592592 311.25555555555536
997.0037037037036 315.522222222222
938.6925925925925 316.94444444444423
944.8555555555556 316.94444444444423
928.737037037037 316.4703703703702
911.1962962962964 319.78888888888866
905.5074074074073 316.4703703703702
933.4777777777779 316.4703703703702
901.7148148148149 318.36666666666645
897.4481481481482 315.99629629629607
912.1444444444444 341.12222222222204
917.8333333333333 338.7518518518517
922.5740740740741 337.8037037037035
927.7888888888888 343.01851851851836
921.6259259259259 349.18148148148134
919.2555555555555 343.96666666666647
914.5148148148148 348.70740740740723
933.4777777777779 334.01111111111095
957.1814814814816 329.2703703703702
948.648148148148 335.9074074074073
961.4481481481482 335.9074074074073
950.5444444444445 341.59629629629615
937.7444444444445 346.8111111111109
941.537037037037 334.01111111111095
933.9518518518519 339.2259259259257
942.4851851851852 341.12222222222204
979.937037037037 345.8629629629628
986.5740740740741 343.96666666666647
957.1814814814816 357.24074074074053
811.1666666666667 376.2037037037036
823.9666666666667 381.41851851851834
805.0037037037036 384.7370370370369
793.6259259259259 381.89259259259245
784.6185185185186 379.048148148148
832.974074074074 367.67037037037016
832.974074074074 359.13703703703686
844.351851851852 358.18888888888875
850.0407407407408 360.5592592592591
859.5222222222224 323.5814814814813
871.8481481481481 346.3370370370369
878.0111111111112 354.8703703703702
850.9888888888888 377.1518518518517
855.2555555555555 382.84074074074056
873.7444444444445 388.5296296296294
914.5148148148148 393.7444444444443
871.3740740740741 335.9074074074073
875.6407407407407 316.4703703703702
886.0703703703703 315.522222222222
887.4925925925927 309.83333333333314
896.5 334.95925925925906
904.5592592592593 347.285185185185
894.1296296296296 345.8629629629628
885.1222222222223 353.448148148148
907.8777777777777 355.8185185185183
933.4777777777779 366.24814814814795
835.8185185185184 324.5296296296294
839.6111111111111 314.0999999999998
843.4037037037037 319.31481481481467
845.7740740740742 320.7370370370369
854.3074074074075 317.4185185185183
842.9296296296297 338.2777777777776
840.0851851851853 344.91481481481463
846.2481481481482 346.3370370370369
830.6037037037038 347.285185185185
851.462962962963 348.70740740740723
670.8407407407408 420.2925925925924
661.8333333333333 433.09259259259244
625.3296296296296 431.19629629629617
614.4259259259259 423.13703703703686
603.5222222222222 417.92222222222205
594.0407407407407 413.6555555555554
573.1814814814815 415.55185185185167
539.5222222222222 427.4037037037035
649.0333333333333 417.92222222222205
636.7074074074073 409.8629629629628
648.0851851851852 405.12222222222204
667.9962962962964 402.7518518518517
677.9518518518519 395.1666666666665
686.0111111111112 385.21111111111094
688.8555555555556 412.2333333333332
661.3592592592593 390.89999999999986
643.8185185185184 398.01111111111095
628.174074074074 404.648148148148
623.9074074074074 401.80370370370355
675.1074074074074 380.94444444444423
667.0481481481481 380.94444444444423
622.4851851851852 389.00370370370354
640.0259259259259 384.2629629629628
615.374074074074 382.84074074074056
600.2037037037037 387.5814814814813
592.1444444444444 399.9074074074073
577.4481481481481 403.22592592592576
593.0925925925926 381.89259259259245
601.6259259259259 378.5740740740739
638.1296296296296 371.9370370370369
648.5592592592593 372.88518518518504
629.5962962962963 377.1518518518517
620.5888888888888 373.83333333333314
610.1592592592592 376.2037037037036
642.8703703703704 369.5666666666665
658.0407407407407 369.0925925925924
657.5666666666666 375.25555555555536
658.0407407407407 362.92962962962946
655.6703703703704 359.13703703703686
646.1888888888889 331.64074074074057
641.4481481481481 362.92962962962946
650.9296296296296 362.92962962962946
636.7074074074073 366.24814814814795
627.6999999999999 369.5666666666665
622.0111111111111 339.2259259259257
613.0037037037036 369.0925925925924
650.9296296296296 390.42592592592575
830.6037037037038 314.57407407407385
830.1296296296296 321.685185185185
833.9222222222222 321.21111111111094
870.9000000000001 320.2629629629628
866.1592592592592 323.1074074074072
859.0481481481481 313.62592592592574
869.4777777777779 316.94444444444423
403.46296296296293 430.48518518518506
448.974074074074 427.6407407407406
499.22592592592594 444.7074074074073
492.58888888888885 424.7962962962962
473.6259259259259 419.1074074074073
525.7740740740741 423.848148148148
558.0111111111111 400.14444444444433
569.3888888888889 391.611111111111
572.2333333333333 384.02592592592583
580.7666666666667 390.66296296296287
593.0925925925926 338.5148148148147
654.2481481481482 321.2111111111109
659.937037037037 319.31481481481455
650.4555555555555 315.99629629629607
643.8185185185184 315.522222222222
633.8629629629629 318.36666666666645
628.174074074074 317.41851851851834
635.2851851851851 316.4703703703701
620.588888888889 314.57407407407385
615.8481481481481 315.99629629629607
604.4703703703703 317.89259259259234
657.5666666666666 337.8037037037035
631.9666666666667 338.7518518518516
633.8629629629629 334.95925925925906
640.974074074074 335.90740740740716
627.225925925926 338.7518518518516
613.0037037037036 342.07037037037014
616.7962962962963 338.2777777777776
610.6333333333334 337.8037037037035
606.3666666666668 339.2259259259257
603.5222222222224 338.2777777777776
605.4185185185186 342.54444444444425
633.8629629629629 360.5592592592591
642.8703703703704 358.66296296296275
606.3666666666668 347.28518518518496
610.1592592592592 348.70740740740723
604.4703703703703 354.87037037037015
603.9962962962964 358.18888888888864
565.1222222222223 372.4111111111109
569.8629629629629 369.56666666666644
575.0777777777778 369.0925925925924
567.4925925925926 364.82592592592573
567.4925925925926 355.8185185185183
574.1296296296296 355.3444444444442
568.9148148148148 350.12962962962945
576.0259259259259 347.28518518518496
569.3888888888889 347.28518518518496
568.4407407407407 343.96666666666647
579.8185185185184 339.2259259259257
577.4481481481482 319.78888888888866
587.4037037037037 319.31481481481455
590.7222222222222 316.94444444444423
597.3592592592593 316.4703703703701
579.3444444444444 317.41851851851834
567.4925925925926 315.0481481481479
570.337037037037 317.89259259259234
541.8925925925926 317.41851851851834
558.4851851851852 317.89259259259234
547.5814814814814 314.57407407407385
553.2703703703703 339.2259259259257
549.4777777777778 343.01851851851825
544.262962962963 351.55185185185167
547.5814814814814 350.60370370370345
548.5296296296297 347.28518518518496
552.7962962962963 347.28518518518496
551.8481481481481 350.12962962962945
556.1148148148147 352.9740740740739
557.537037037037 349.65555555555534
560.8555555555556 344.9148148148146
561.3296296296296 340.6481481481479
557.062962962963 362.4555555555553
549.0037037037036 361.5074074074072
539.0481481481481 363.87777777777757
532.411111111111 368.1444444444442
527.1962962962963 371.4629629629627
538.5740740740741 379.0481481481479
549.4777777777778 370.9888888888887
555.1666666666666 376.6777777777776
562.2777777777778 361.0333333333331
558.0111111111112 393.2703703703702
557.062962962963 384.2629629629628
532.8851851851852 394.6925925925924
547.5814814814814 397.53703703703684
534.7814814814815 403.2259259259257
530.5148148148148 409.86296296296274
502.5444444444444 342.54444444444425
434.7518518518518 413.65555555555534
448.5 414.60370370370345
456.55925925925925 393.2703703703702
442.337037037037 398.48518518518495
442.8111111111111 394.6925925925924
423.84814814814814 397.06296296296273
407.7296296296296 407.96666666666647
374.0703703703703 432.1444444444442
392.08518518518514 429.2999999999998
357.00370370370365 428.82592592592573
382.1296296296296 403.6999999999998
450.39629629629627 379.99629629629607
459.4037037037037 375.7296296296294
439.4925925925926 374.78148148148125
394.4555555555555 349.65555555555534
442.337037037037 387.1074074074072
455.13703703703703 366.722222222222
457.98148148148147 370.9888888888887
459.87777777777774 374.78148148148125
467.93703703703704 368.1444444444442
472.67777777777775 371.4629629629627
473.15185185185186 362.9296296296294
475.04814814814813 368.6185185185183
478.8407407407407 355.3444444444442
483.1074074074074 353.4481481481479
484.5296296296296 358.66296296296275
490.6925925925926 346.8111111111109
530.0407407407407 320.2629629629628
521.0333333333333 319.78888888888866
508.7074074074074 320.2629629629628
482.1592592592593 326.89999999999975
484.05555555555554 325.95185185185164
472.67777777777775 317.89259259259234
430.01111111111106 318.84074074074056
436.17407407407404 324.0555555555553
448.0259259259259 326.4259259259257
454.18888888888887 317.41851851851834
459.87777777777774 318.84074074074056
445.18148148148146 273.3296296296294
457.5074074074074 334.48518518518495
467.46296296296293 334.48518518518495
454.6629629629629 359.1370370370368
456.55925925925925 355.3444444444442
461.3 353.4481481481479
457.0333333333333 350.12962962962945
467.46296296296293 351.07777777777756
474.5740740740741 350.12962962962945
467.46296296296293 356.7666666666664
466.5148148148148 362.9296296296294
445.18148148148146 359.61111111111086
448.97407407407405 361.0333333333331
441.86296296296297 366.24814814814795
448.0259259259259 366.722222222222
440.44074074074075 351.55185185185167
429.537037037037 356.7666666666664
421.9518518518518 364.82592592592573
425.7444444444444 350.60370370370345
419.58148148148143 320.73703703703677
411.04814814814813 318.84074074074056
412.47037037037035 326.4259259259257
400.6185185185185 318.36666666666645
381.18148148148146 318.84074074074056
384.49999999999994 346.8111111111109
366.01111111111106 321.2111111111109
375.0185185185185 319.78888888888866
358.42592592592587 320.2629629629628
343.25555555555553 319.78888888888866
348.9444444444444 319.78888888888866
338.0407407407407 319.78888888888866
424.79629629629625 383.31481481481455
414.8407407407407 362.9296296296294
416.737037037037 356.7666666666664
414.8407407407407 350.12962962962945
405.8333333333333 349.65555555555534
412.9444444444444 353.922222222222
367.4333333333333 370.0407407407405
372.6481481481481 398.0111111111109
362.21851851851847 399.4333333333331
359.37407407407403 392.7962962962961
367.4333333333333 389.0037037037035
357.47777777777776 384.7370370370368
363.16666666666663 386.6333333333331
358.9 376.20370370370347
356.05555555555554 367.19629629629605
357.47777777777776 356.29259259259237
360.79629629629625 361.0333333333331
345.6259259259259 371.4629629629627
345.6259259259259 396.5888888888887
346.574074074074 388.5296296296294
339.937037037037 389.0037037037035
353.68518518518516 409.86296296296274
346.09999999999997 407.49259259259236
354.6333333333333 396.5888888888887
342.7814814814814 361.9814814814813
352.737037037037 332.5888888888886
371.7 328.7962962962961
400.1444444444444 328.7962962962961
365.537037037037 357.24074074074053
373.59629629629626 357.7148148148146
371.7 361.9814814814813
366.4851851851852 364.3518518518516
343.7296296296296 352.02592592592566
342.7814814814814 344.4407407407405
341.8333333333333 339.2259259259257
336.6185185185185 351.07777777777756
321.44814814814816 321.2111111111109
313.38888888888897 317.4185185185183
305.8037037037038 317.89259259259234
334.72222222222223 321.68518518518493
329.03333333333336 320.73703703703677
328.55925925925936 333.5370370370368
310.0703703703704 341.122222222222
319.55185185185195 341.122222222222
310.54444444444454 333.5370370370368
301.062962962963 342.07037037037014
299.1666666666667 341.122222222222
329.9814814814816 360.08518518518497
324.2925925925926 355.81851851851826
329.9814814814816 366.2481481481479
334.72222222222223 367.19629629629605
325.7148148148148 377.15185185185163
320.97407407407417 379.0481481481479
317.6555555555556 380.4703703703701
328.55925925925936 413.1814814814813
336.61851851851856 397.53703703703684
317.1814814814815 397.53703703703684
303.43333333333334 401.8037037037035
291.10740740740744 407.49259259259236
283.9962962962963 404.17407407407387
274.0407407407408 411.75925925925907
265.5074074074074 428.3518518518516
255.07777777777778 443.522222222222
326.66296296296304 430.722222222222
221.4185185185185 430.24814814814795
195.81851851851854 408.9148148148146
196.7666666666667 430.24814814814795
190.12962962962962 416.9740740740739
147.462962962963 430.722222222222
173.53703703703707 420.29259259259237
224.262962962963 411.28518518518496
261.7148148148148 402.75185185185165
274.9888888888889 402.75185185185165
282.1 397.53703703703684
293.95185185185187 394.69259259259235
302.0111111111111 392.32222222222197
306.27777777777777 381.89259259259234
303.43333333333334 373.35925925925903
293.95185185185187 323.5814814814812
233.74444444444447 337.3296296296294
284.4703703703704 334.48518518518495
282.5740740740741 315.522222222222
283.52222222222224 321.68518518518493
275.462962962963 318.8407407407405
261.7148148148148 318.36666666666645
270.72222222222223 319.31481481481455
267.40370370370374 322.6333333333331
255.07777777777778 321.68518518518493
237.53703703703707 316.4703703703701
249.86296296296297 316.94444444444423
229.0037037037037 316.94444444444423
247.01851851851853 325.47777777777753
256.9740740740741 334.959259259259
261.7148148148148 336.3814814814813
266.4555555555556 333.5370370370368
272.14444444444445 334.48518518518495
275.462962962963 349.65555555555534
263.13703703703703 350.60370370370345
266.4555555555556 349.1814814814812
269.77407407407406 347.28518518518496
258.8703703703704 350.60370370370345
249.3888888888889 335.90740740740716
219.52222222222224 314.09999999999974
226.63333333333333 318.8407407407405
219.52222222222224 319.78888888888866
213.35925925925926 316.94444444444423
192.9740740740741 315.0481481481479
196.7666666666667 320.2629629629627
200.0851851851852 320.2629629629627
205.77407407407406 319.78888888888866
211.93703703703704 315.522222222222
210.51481481481483 319.31481481481455
234.69259259259263 331.1666666666664
212.41111111111115 344.9148148148146
208.61851851851856 349.1814814814812
205.3 346.3370370370368
219.52222222222224 339.2259259259257
188.23333333333335 346.3370370370368
192.9740740740741 350.1296296296294
198.66296296296298 350.1296296296294
195.81851851851854 349.65555555555534
319.55185185185195 362.9296296296294
214.30740740740742 230.18888888888864
268.82592592592596 239.67037037037014
265.5074074074074 385.68518518518493
273.0925925925926 379.0481481481479
284.94444444444446 389.95185185185164
273.56666666666666 394.2185185185183
250.81111111111113 397.53703703703684
239.90740740740745 398.0111111111109
213.83333333333337 391.8481481481479
204.82592592592596 399.4333333333331
229.95185185185187 396.1148148148146
227.10740740740744 391.37407407407386
228.52962962962965 388.0555555555553
234.69259259259263 383.78888888888866
256.02592592592595 374.3074074074072
246.07037037037037 385.68518518518493
249.3888888888889 378.0999999999998
257.44814814814816 366.2481481481479
260.7666666666667 360.559259259259
231.84814814814814 366.722222222222
226.63333333333333 385.2111111111109
218.57407407407408 379.522222222222
218.10000000000002 385.68518518518493
202.45555555555558 381.89259259259234
216.2037037037037 374.3074074074072
219.0481481481482 370.98888888888865
216.2037037037037 361.5074074074072
211.462962962963 360.559259259259
185.86296296296297 316.4703703703701
177.32962962962966 317.89259259259234
175.90740740740745 316.4703703703701
176.3814814814815 324.52962962962937
183.9666666666667 321.68518518518493
167.3740740740741 314.5740740740738
163.10740740740744 313.6259259259257
158.36666666666667 315.996296296296
155.9962962962963 313.1518518518516
148.8851851851852 315.0481481481479
138.45555555555558 316.4703703703701
136.0851851851852 315.522222222222
130.39629629629627 315.522222222222
125.65555555555555 320.2629629629627
122.81111111111112 313.6259259259257
128.02592592592595 318.8407407407405
114.75185185185184 319.31481481481455
110.48518518518519 315.0481481481479
111.9074074074074 316.4703703703701
95.78888888888886 315.522222222222
101.95185185185184 316.4703703703701
109.06296296296297 320.2629629629627
107.16666666666667 316.94444444444423
116.64814814814814 323.5814814814812
142.24814814814818 336.8555555555553
141.77407407407406 319.78888888888866
155.9962962962963 339.69999999999976
173.53703703703707 346.3370370370368
183.4925925925926 343.9666666666664
180.1740740740741 352.0259259259257
128.5 359.61111111111086
150.30740740740742 358.18888888888864
144.14444444444445 353.44814814814794
111.9074074074074 343.9666666666664
70.66296296296295 330.2185185185183
81.09259259259258 330.2185185185183
125.18148148148147 345.38888888888863
117.12222222222222 350.1296296296294
104.79629629629629 358.18888888888864
101.95185185185184 354.87037037037015
102.89999999999998 350.60370370370345
93.41851851851851 352.9740740740738
96.73703703703703 352.4999999999998
90.57407407407405 359.1370370370368
198.66296296296298 374.78148148148125
205.77407407407406 379.99629629629607
195.81851851851854 379.522222222222
187.28518518518518 378.57407407407385
189.1814814814815 387.10740740740715
176.3814814814815 377.15185185185163
177.80370370370372 384.2629629629627
193.44814814814816 354.87037037037015
164.52962962962965 374.78148148148125
156.4703703703704 369.56666666666644
148.8851851851852 370.5148148148146
148.4111111111111 379.0481481481479
145.56666666666666 372.885185185185
146.51481481481483 385.68518518518493
155.0481481481482 388.5296296296294
165.95185185185187 390.89999999999975
176.85555555555555 391.37407407407386
163.5814814814815 400.3814814814813
167.84814814814814 402.27777777777754
153.6259259259259 406.07037037037014
161.68518518518522 416.0259259259257
133.24074074074076 414.6037037037035
136.0851851851852 404.6481481481479
142.72222222222223 396.5888888888887
135.13703703703703 388.0555555555553
118.54444444444444 381.4185185185183
122.33703703703704 385.2111111111109
126.12962962962963 374.3074074074072
124.70740740740742 377.6259259259257
118.07037037037036 373.35925925925903
123.28518518518517 365.2999999999998
136.0851851851852 372.41111111111087
81.56666666666666 352.0259259259257
84.4111111111111 347.759259259259
80.14444444444442 357.24074074074053
76.8259259259259 359.1370370370368
73.98148148148147 360.08518518518497
73.98148148148147 352.9740740740738
74.9296296296296 349.1814814814812
85.35925925925923 361.98148148148124
81.56666666666666 364.8259259259257
67.34444444444443 361.0333333333331
59.285185185185156 352.9740740740738
65.44814814814814 352.0259259259257
86.78148148148148 374.78148148148125
87.25555555555553 377.15185185185163
99.58148148148146 379.0481481481479
107.16666666666667 375.2555555555553
107.16666666666667 379.99629629629607
110.95925925925927 388.5296296296294
91.9962962962963 386.6333333333331
76.35185185185185 388.0555555555553
67.81851851851849 386.6333333333331
64.97407407407405 378.57407407407385
75.40370370370368 375.7296296296294
114.75185185185184 415.5518518518516
125.65555555555555 408.9148148148146
130.87037037037038 398.48518518518495
110.0111111111111 398.48518518518495
108.1148148148148 406.54444444444425
97.21111111111108 395.16666666666646
103.84814814814814 393.74444444444424
101.95185185185184 389.95185185185164
83.93703703703702 397.53703703703684
79.67037037037036 402.75185185185165
67.34444444444443 398.48518518518495
64.49999999999997 403.2259259259257
62.60370370370367 413.1814814814813
72.55925925925925 424.559259259259
98.15925925925924 424.559259259259
91.04814814814813 412.7074074074072
110.95925925925927 430.24814814814795
129.44814814814816 424.559259259259
138.45555555555558 380.4703703703701
89.15185185185183 314.5740740740738
68.29259259259257 312.20370370370347
67.81851851851849 316.4703703703701
73.0333333333333 316.94444444444423
81.09259259259258 321.2111111111109
70.66296296296295 313.1518518518516
63.551851851851836 314.09999999999974
61.181481481481455 319.78888888888866
55.49259259259259 317.4185185185183
41.27037037037036 312.6777777777775
41.27037037037036 315.996296296296
44.588888888888874 322.159259259259
76.8259259259259 319.31481481481455
61.181481481481455 328.7962962962961
66.87037037037035 370.0407407407405
45.53703703703701 403.69999999999976
45.062962962962956 387.58148148148126
46.01111111111109 379.0481481481479
42.692592592592575 377.6259259259257
24.203703703703727 347.285185185185
8.085185185185196 353.92222222222205
4.766666666666681 390.8999999999998
13.300000000000013 396.1148148148146
6.66296296296298 398.95925925925906
17.566666666666666 420.2925925925924
40.32222222222223 428.8259259259258
37.477777777777796 418.3962962962961
6.188888888888898 419.34444444444426
23.729629629629645 410.33703703703685
34.15925925925928 390.42592592592575
25.151851851851863 389.95185185185164
14.248148148148148 387.1074074074072
17.092592592592613 382.36666666666645
22.78148148148148 382.84074074074056
27.996296296296297 373.3592592592591
30.366666666666678 314.5740740740739
23.729629629629645 314.5740740740739
19.462962962962965 315.9962962962961
11.877777777777796 315.04814814814796
1.4481481481481637 315.04814814814796
20.88518518518521 330.6925925925924
10.929629629629632 333.0629629629628
43.640740740740746 334.485185185185
15.196296296296312 315.9962962962961
22.78148148148148 341.59629629629615
37.95185185185188 343.4925925925924
34.63333333333336 357.71481481481464
53.12222222222224 353.92222222222205
46.01111111111113 354.8703703703702
40.32222222222223 357.24074074074053
55.966666666666676 360.5592592592591
51.22592592592594 360.08518518518497
96.73703703703707 335.9074074074072
105.2703703703704 346.33703703703685
98.15925925925929 347.7592592592591
274.5148148148147 446.6037037037036
183.49259259259253 429.53703703703695
603.5222222222222 437.1222222222221
521.0333333333333 356.52962962962954
522.9296296296296 348.94444444444434
534.3074074074074 337.56666666666655
532.411111111111 347.9962962962962
35.581481481481376 675.1074074074073
1013.7587412587412 375.29320679320676
1000.46003996004 384.49999999999994
1009.666833166833 361.99450549450546
1002.505994005994 357.90259740259734
1000.46003996004 349.7187812187812
1004.551948051948 353.81068931068927
1010.6898101898101 354.8336663336663
1022.9655344655345 354.8336663336663
1015.8046953046952 347.6728271728271
1009.666833166833 341.534965034965
1006.5979020979022 340.51198801198797
1005.5749250749251 314.9375624375624
1002.505994005994 311.8686313686313
1011.7127872127872 312.8916083916083
1018.8736263736263 311.8686313686313
1021.9425574425574 313.91458541458536
1020.9195804195805 342.557942057942
1015.8046953046952 371.20129870129864
214.81368631368628 335.39710289710285
229.39110889110887 235.1453546453546
169.54695304695306 316.9835164835164
203.8166833166833 360.9715284715284
252.4080919080919 363.01748251748245
258.5459540459541 358.9255744255743
308.6718281718281 369.6668331668331
309.6948051948052 360.9715284715284
384.37212787212786 330.79370629370624
80.03646353646357 371.71278721278713
53.439060939060965 399.33316683316673
58.04245754245758 393.7067932067931
35.02547452547458 399.8446553446553
37.582917082917135 396.2642357642357
