204.3311688311689 489.84659090909093
222.8295454545455 481.67288961038963
241.3279220779221 499.74107142857144
237.4561688311689 473.49918831168833
276.60389610389615 521.6810064935065
306.71753246753246 518.6696428571429
331.2386363636364 507.48457792207796
354.8993506493506 498.88068181818187
385.4431818181818 487.2654220779221
434.0551948051948 516.9488636363636
418.137987012987 527.7037337662338
418.5681818181818 505.7637987012987
415.1266233766234 480.8125
459.8668831168831 502.3222402597403
444.81006493506493 488.5560064935065
456.42532467532465 454.57061688311694
492.9918831168831 486.83522727272725
492.5616883116883 455.4310064935065
461.15746753246754 437.3628246753247
427.60227272727275 461.88392857142856
416.41720779220776 453.71022727272725
382.0016233766234 468.33685064935065
375.5487012987013 457.58198051948057
298.1136363636364 480.16720779220776
275.7435064935065 495.65422077922074
276.6038961038961 467.2613636363636
297.2532467532468 469.84253246753246
286.92857142857144 454.35551948051943
272.3019480519481 431.9853896103896
250.79220779220785 442.31006493506493
251.65259740259742 436.2873376623377
205.1915584415585 472.4237012987013
212.0746753246754 466.400974025974
218.09740259740266 495.65422077922074
230.14285714285722 500.8165584415584
238.7467532467533 518.0243506493506
335.1103896103896 438.86850649350646
298.97402597402595 416.4983766233766
286.92857142857144 412.19642857142856
294.67207792207796 404.45292207792204
320.48376623376623 398.4301948051948
304.1363636363636 399.29058441558436
350.5974025974026 431.9853896103896
368.6655844155845 479.3068181818182
380.711038961039 443.1704545454545
361.78246753246754 443.1704545454545
372.96753246753246 428.54383116883116
494.28246753246754 437.14772727272725
514.9318181818182 434.5665584415584
544.1850649350649 449.1931818181818
536.4415584415585 443.1704545454545
540.7435064935065 431.9853896103896
532.1396103896104 432.84577922077926
535.5811688311688 431.125
563.1136363636364 438.86850649350646
585.4837662337662 474.1444805194805
595.8084415584416 444.03084415584414
603.5519480519481 404.45292207792204
607.8538961038962 388.10551948051943
599.25 392.4074675324675
591.5064935064936 381.22240259740255
585.4837662337662 400.150974025974
573.4383116883117 394.12824675324674
572.5779220779222 413.05681818181813
563.9740259740261 416.4983766233766
553.6493506493507 412.19642857142856
395.3376623376623 432.84577922077926
394.47727272727275 424.2418831168831
416.84740259740266 418.2191558441558
400.5 444.03084415584414
401.3603896103897 428.54383116883116
420.288961038961 404.45292207792204
387.5941558441559 394.9886363636363
367.8051948051948 408.7548701298701
351.4577922077922 404.45292207792204
345.43506493506493 414.7775974025974
341.13311688311694 398.4301948051948
350.5974025974026 394.12824675324674
345.43506493506493 374.33928571428567
328.22727272727275 382.0827922077922
333.3896103896104 384.663961038961
323.92532467532465 375.1996753246753
333.3896103896104 351.9691558441558
323.92532467532465 357.1314935064935
293.8116883116883 382.0827922077922
285.2077922077922 382.0827922077922
251.65259740259742 381.22240259740255
255.95454545454547 369.17694805194805
253.3733766233767 327.0178571428571
291.23051948051955 363.15422077922074
306.71753246753246 348.5275974025974
193.14610389610394 393.2678571428571
212.0746753246754 406.17370129870125
194.0064935064935 412.19642857142856
201.75000000000003 430.26461038961037
534.7207792207793 401.0113636363636
521.8149350649351 404.45292207792204
528.698051948052 388.96590909090907
521.8149350649351 370.89772727272725
512.3506493506494 361.43344155844153
505.46753246753246 354.55032467532465
493.42207792207796 357.1314935064935
492.56168831168833 369.17694805194805
496.0032467532468 392.4074675324675
500.30519480519484 418.2191558441558
491.7012987012987 413.05681818181813
494.28246753246754 404.45292207792204
486.538961038961 404.45292207792204
485.67857142857144 396.7094155844156
477.0746753246754 382.9431818181818
456.4253246753247 406.17370129870125
446.961038961039 402.73214285714283
460.72727272727275 388.10551948051943
462.448051948052 378.6412337662337
436.6363636363636 380.362012987013
430.6136363636363 390.6866883116883
423.73051948051955 386.3847402597402
416.84740259740266 392.4074675324675
425.4512987012987 381.22240259740255
426.3116883116884 370.0373376623377
434.9155844155845 369.17694805194805
409.1038961038961 364.87499999999994
394.47727272727275 381.22240259740255
382.43181818181824 370.89772727272725
376.4090909090909 378.6412337662337
372.1071428571429 368.3165584415584
354.038961038961 354.55032467532465
359.2012987012987 342.5048701298701
368.6655844155845 342.5048701298701
385.0129870129871 348.5275974025974
401.3603896103897 342.5048701298701
413.4058441558442 355.4107142857143
403.08116883116884 348.5275974025974
422.87012987012986 349.38798701298697
434.0551948051948 361.43344155844153
450.4025974025974 361.43344155844153
468.4707792207792 358.8522727272727
481.3766233766234 366.59577922077926
484.81818181818187 350.2483766233766
478.7954545454547 338.20292207792204
411.68506493506493 346.80681818181813
400.5 325.2970779220779
407.383116883117 318.413961038961
378.12987012987014 320.1347402597402
370.3863636363636 322.71590909090907
343.7142857142858 324.4366883116883
340.27272727272725 324.4366883116883
329.948051948052 314.112012987013
323.92532467532465 320.1347402597402
315.32142857142856 314.112012987013
256.81493506493507 316.69318181818176
251.65259740259742 304.64772727272725
251.65259740259742 294.3230519480519
245.62987012987017 290.02110389610385
249.93181818181822 282.27759740259734
244.76948051948054 274.5340909090909
250.79220779220785 264.2094155844155
255.09415584415586 262.4886363636363
246.4902597402598 253.0243506493506
282.62662337662334 233.23538961038957
305.8571428571429 320.99512987012986
317.0422077922078 294.3230519480519
311.87987012987014 274.5340909090909
301.5551948051948 256.46590909090907
284.3474025974026 258.1866883116883
291.23051948051955 242.69967532467524
300.6948051948052 232.37499999999994
309.2987012987013 231.5146103896103
317.9025974025974 232.37499999999994
303.27597402597405 216.88798701298697
294.67207792207796 210.86525974025972
317.9025974025974 198.81980519480516
288.6493506493507 189.35551948051943
245.62987012987017 166.12499999999994
280.0454545454545 171.28733766233762
291.23051948051955 166.98538961038957
283.48701298701303 163.5438311688311
274.88311688311694 144.61525974025972
297.2532467532468 154.939935064935
318.7629870129871 159.24188311688306
336.83116883116884 168.70616883116878
339.4123376623377 159.24188311688306
346.2954545454546 186.7743506493506
372.96753246753246 189.35551948051943
331.66883116883116 235.8165584415584
334.25 220.32954545454538
350.5974025974026 220.32954545454538
365.22402597402595 231.5146103896103
372.1071428571429 214.30681818181813
387.5941558441559 214.30681818181813
384.1525974025974 238.39772727272725
375.5487012987013 232.37499999999994
362.6428571428571 238.39772727272725
354.8993506493507 250.44318181818176
341.9935064935065 246.1412337662337
382.43181818181824 246.1412337662337
391.8961038961039 247.00162337662334
400.5 233.23538961038957
407.383116883117 219.4691558441558
412.5454545454546 214.30681818181813
409.1038961038961 231.5146103896103
412.5454545454546 226.3522727272727
412.5454545454546 248.72240259740255
403.94155844155847 248.72240259740255
429.75324675324686 247.00162337662334
439.21753246753246 238.39772727272725
426.3116883116884 217.74837662337654
422.0097402597403 211.7256493506493
442.65909090909105 227.21266233766232
454.70454545454555 225.49188311688306
466.74999999999994 226.3522727272727
465.8896103896105 209.14448051948045
452.9837662337663 250.44318181818176
452.12337662337666 233.23538961038957
471.0519480519481 256.46590909090907
480.51623376623377 207.42370129870125
483.9577922077923 221.189935064935
496.8636363636364 215.1672077922077
501.16558441558453 210.86525974025972
520.0941558441559 196.23863636363632
528.698051948052 180.75162337662334
544.1850649350649 208.28409090909088
536.4415584415585 196.23863636363632
566.5551948051949 360.5730519480519
546.7662337662338 362.29383116883116
535.5811688311688 361.43344155844153
526.1168831168832 352.82954545454544
560.5324675324675 370.0373376623377
548.487012987013 373.4788961038961
578.6006493506494 362.29383116883116
583.7629870129871 363.15422077922074
603.5519480519481 355.4107142857143
603.5519480519481 337.3425324675324
588.0649350649351 340.7840909090909
552.7889610389611 326.1574675324675
569.9967532467533 318.413961038961
593.2272727272727 304.64772727272725
576.8798701298701 314.112012987013
624.2012987012987 339.06331168831167
632.8051948051949 333.04058441558436
663.7792207792209 334.7613636363636
643.9902597402598 312.3912337662337
624.2012987012987 298.62499999999994
607.8538961038962 304.64772727272725
610.4350649350649 296.0438311688311
618.1785714285714 284.8587662337662
614.737012987013 276.2548701298701
604.4123376623377 246.1412337662337
635.3863636363637 250.44318181818176
329.948051948052 283.13798701298697
307.57792207792204 300.34577922077926
338.5519480519481 280.55681818181813
345.43506493506493 282.27759740259734
356.62012987012986 301.2061688311688
358.3409090909091 292.6022727272727
341.9935064935065 313.25162337662334
377.26948051948057 306.36850649350646
384.1525974025974 298.62499999999994
372.96753246753246 282.27759740259734
365.22402597402595 280.55681818181813
370.3863636363636 264.2094155844155
361.78246753246754 253.88474025974023
371.2467532467533 244.4204545454545
363.5032467532468 264.2094155844155
405.66233766233773 276.2548701298701
419.4285714285714 270.23214285714283
430.6136363636363 270.23214285714283
439.21753246753246 278.8360389610389
421.14935064935065 286.57954545454544
415.12662337662346 295.18344155844153
408.24350649350646 301.2061688311688
397.91883116883116 310.6704545454545
436.6363636363636 298.62499999999994
426.3116883116884 316.69318181818176
419.4285714285714 312.3912337662337
449.5422077922078 306.36850649350646
440.9383116883117 306.36850649350646
457.28571428571433 300.34577922077926
470.1915584415585 312.3912337662337
467.61038961038975 289.1607142857142
463.3084415584416 286.57954545454544
457.28571428571433 288.30032467532465
451.2629870129871 288.30032467532465
453.8441558441559 277.9756493506493
468.4707792207792 280.55681818181813
488.25974025974034 292.6022727272727
505.46753246753246 306.36850649350646
495.1428571428572 316.69318181818176
506.32792207792215 326.1574675324675
501.16558441558453 336.48214285714283
489.1201298701298 330.4594155844155
478.7954545454547 306.36850649350646
542.4642857142858 328.7386363636363
503.74675324675326 286.57954545454544
499.4448051948052 294.3230519480519
492.56168831168833 274.5340909090909
482.23701298701303 270.23214285714283
446.1006493506494 253.88474025974023
534.7207792207793 298.62499999999994
541.6038961038961 290.02110389610385
538.1623376623377 282.27759740259734
533.0 288.30032467532465
543.3246753246754 264.2094155844155
549.3474025974026 265.06980519480516
569.9967532467533 265.9301948051948
593.2272727272727 268.51136363636357
582.0422077922078 292.6022727272727
594.0876623376624 290.02110389610385
543.3246753246754 301.2061688311688
549.3474025974026 284.8587662337662
557.0909090909091 292.6022727272727
566.5551948051949 302.926948051948
553.6493506493507 308.9496753246753
585.4837662337662 268.51136363636357
574.2987012987013 252.16396103896102
578.6006493506494 252.16396103896102
561.3928571428572 244.4204545454545
554.5097402597403 247.00162337662334
549.3474025974026 250.44318181818176
547.6266233766235 241.83928571428564
536.4415584415585 236.676948051948
524.3961038961039 226.3522727272727
485.67857142857144 240.9788961038961
510.62987012987014 252.16396103896102
521.8149350649351 260.7678571428571
517.5129870129871 304.64772727272725
525.2564935064936 266.79058441558436
640.5487012987013 259.0470779220779
634.525974025974 278.8360389610389
645.711038961039 262.4886363636363
658.6168831168832 266.79058441558436
674.1038961038962 282.27759740259734
677.5454545454546 288.30032467532465
684.4285714285714 286.57954545454544
704.2175324675326 296.0438311688311
704.2175324675326 302.926948051948
690.4512987012988 314.112012987013
680.987012987013 312.3912337662337
673.2435064935065 302.926948051948
658.6168831168832 298.62499999999994
670.6623376623377 322.71590909090907
663.7792207792209 322.71590909090907
660.3376623376624 308.9496753246753
747.237012987013 342.5048701298701
730.0292207792209 330.4594155844155
724.0064935064936 331.31980519480516
742.935064935065 330.4594155844155
718.8441558441559 334.7613636363636
711.961038961039 336.48214285714283
711.1006493506494 345.0860389610389
703.3571428571429 322.71590909090907
698.1948051948052 336.48214285714283
676.685064935065 333.04058441558436
641.409090909091 324.4366883116883
485.67857142857144 175.58928571428564
489.1201298701298 160.10227272727263
487.3993506493507 168.70616883116878
484.81818181818187 166.12499999999994
470.1915584415585 151.49837662337654
455.564935064935 145.4756493506493
442.65909090909105 179.03084415584405
431.47402597402595 180.75162337662334
405.66233766233773 179.8912337662337
403.08116883116884 163.5438311688311
407.383116883117 171.28733766233762
418.5681818181819 157.52110389610385
443.5194805194805 168.70616883116878
429.75324675324686 160.10227272727263
449.5422077922078 138.5925324675324
423.73051948051955 137.73214285714278
436.6363636363636 144.61525974025972
412.5454545454546 139.45292207792204
393.6168831168832 151.49837662337654
384.1525974025974 148.05681818181813
389.31493506493507 141.17370129870125
394.47727272727275 132.5698051948051
385.87337662337666 133.4301948051948
404.8019480519481 130.84902597402595
393.6168831168832 114.50162337662334
385.0129870129871 119.66396103896102
370.3863636363636 111.06006493506487
379.8506493506494 99.87499999999994
370.3863636363636 89.55032467532465
365.22402597402595 92.99188311688306
361.78246753246754 113.64123376623371
353.17857142857144 119.66396103896102
343.7142857142858 119.66396103896102
338.5519480519481 113.64123376623371
335.97077922077926 108.47889610389603
325.6461038961039 118.80357142857133
322.2045454545455 109.33928571428567
316.18181818181824 120.5243506493506
299.83441558441564 119.66396103896102
354.038961038961 148.9172077922077
337.6915584415584 147.19642857142856
365.22402597402595 154.939935064935
376.4090909090909 160.10227272727263
370.3863636363636 142.03409090909088
321.3441558441558 148.9172077922077
299.83441558441564 135.15097402597394
286.06818181818187 129.98863636363632
335.11038961038963 97.9391233766234
315.3214285714286 104.39204545454547
304.1363636363637 102.67126623376623
314.0308441558442 66.10470779220782
347.586038961039 135.36607142857144
385.87337662337666 168.92126623376626
410.39448051948057 159.88717532467535
476.64448051948057 173.6534090909091
321.7743506493507 192.58198051948054
306.28733766233773 189.5706168831169
313.6006493506494 87.82954545454538
309.2987012987013 92.99188311688306
326.5064935064935 85.24837662337654
339.4123376623377 90.41071428571422
341.13311688311694 79.22564935064929
331.66883116883116 78.36525974025966
354.038961038961 86.96915584415581
344.57467532467535 103.31655844155841
348.87662337662334 111.06006493506487
411.68506493506493 105.8977272727272
277.4642857142858 103.31655844155841
279.18506493506493 87.82954545454538
258.53571428571433 87.82954545454538
249.07142857142858 75.78409090909088
302.4155844155845 56.85551948051943
294.67207792207796 56.85551948051943
290.37012987012986 69.76136363636357
283.48701298701303 65.45941558441552
286.06818181818187 54.274350649350595
313.6006493506494 59.43668831168827
249.07142857142858 27.602272727272634
261.97727272727275 20.719155844155807
258.53571428571433 6.9529220779220395
264.5584415584416 43.089285714285666
249.93181818181822 51.693181818181756
311.87987012987014 446.612012987013
322.2045454545455 439.7288961038961
313.6006493506494 438.0081168831169
328.22727272727275 430.26461038961037
256.81493506493507 115.36201298701292
266.27922077922085 109.33928571428567
261.1168831168832 138.5925324675324
297.2532467532468 86.96915584415581
291.23051948051955 75.78409090909088
