191.46078431372547 492.2941176470588
135.99019607843138 491.8431372549019
98.10784313725492 487.78431372549016
41.73529411764707 495.90196078431364
429.1274509803921 468.392156862745
163.5 424.6470588235294
126.0686274509804 402.5490196078431
60.225490196078454 422.84313725490193
89.53921568627453 361.96078431372547
196.87254901960785 383.60784313725486
227.53921568627453 386.313725490196
186.5 415.6274509803921
273.9901960784313 370.078431372549
302.85294117647055 369.17647058823525
310.9705882352941 332.6470588235294
276.69607843137254 309.6470588235294
190.55882352941177 338.5098039215686
159.44117647058823 360.156862745098
189.20588235294116 299.27450980392155
161.69607843137254 284.3921568627451
229.34313725490193 300.62745098039215
244.2254901960784 283.94117647058823
301.49999999999994 270.4117647058823
329.91176470588226 299.72549019607845
337.578431372549 278.52941176470586
204.53921568627453 273.11764705882354
176.578431372549 251.01960784313724
221.6764705882353 254.1764705882353
252.34313725490196 255.07843137254898
277.14705882352933 238.843137254902
329.00980392156856 247.86274509803923
364.1862745098039 224.86274509803923
394.40196078431364 231.62745098039215
443.55882352941165 275.37254901960785
475.5784313725489 261.843137254902
475.1274509803921 204.5686274509804
440.40196078431364 196.0
337.578431372549 212.68627450980392
340.2843137254901 182.01960784313724
340.2843137254901 167.58823529411768
317.2843137254901 178.86274509803923
293.8333333333333 198.2549019607843
235.65686274509807 208.62745098039215
246.93137254901964 202.31372549019608
257.30392156862746 192.39215686274508
278.95098039215685 182.01960784313724
294.735294117647 178.41176470588238
294.735294117647 163.98039215686276
267.2254901960784 151.3529411764706
281.20588235294116 143.68627450980392
293.3823529411764 141.88235294117646
314.1274509803921 161.72549019607845
323.14705882352933 137.82352941176475
308.26470588235287 134.21568627450984
318.6372549019607 123.39215686274514
318.6372549019607 109.41176470588238
310.5196078431372 109.86274509803923
301.49999999999994 113.0196078431373
330.8137254901961 111.66666666666669
338.9313725490196 125.64705882352945
364.6372549019607 127.45098039215691
381.7745098039215 129.70588235294122
387.6372549019607 123.84313725490199
398.00980392156856 120.23529411764707
371.40196078431364 144.13725490196077
393.49999999999994 149.54901960784315
411.9901960784313 152.2549019607843
426.8725490196078 154.50980392156862
449.4215686274509 145.49019607843138
470.6176470588235 131.50980392156862
477.3823529411764 93.1764705882353
455.735294117647 89.56862745098044
429.578431372549 115.72549019607845
424.1666666666666 113.921568627451
377.7156862745098 107.60784313725492
346.14705882352933 104.0
359.2254901960784 90.921568627451
369.59803921568624 89.11764705882354
338.0294117647058 82.35294117647061
321.34313725490193 82.80392156862746
149.9705882352941 344.8235294117647
255.04901960784315 172.0980392156863
483.6960784313724 159.921568627451
368.11764705882354 60.36764705882348
362.93137254901956 66.2303921568627
392.47058823529414 74.12254901960779
386.38235294117646 61.04411764705878
408.7058823529412 65.10294117647055
420.43137254901967 45.71078431372544
457.186274509804 56.75980392156856
438.47058823529414 81.11274509803917
474.32352941176475 61.04411764705878
471.61764705882354 38.72058823529406
375.5588235294117 189.3480392156863
379.16666666666663 50.89705882352936
284.25 293.75
240.95588235294122 187.76960784313724
244.6649145860709 361.2161629434954
369.0039421813402 204.96123521682
369.66885676741117 36.73784494086732
376.98291721419173 35.40801576872542
382.30223390275944 26.099211563731956
396.93035479632056 30.753613666228716
406.23915900131396 33.413272010512514
400.91984231274625 46.71156373193173
398.26018396846246 57.35019710906704
330.4388961892246 93.92049934296983
355.04073587385005 61.339684625492794
363.01971090670156 50.70105124835749
434.83048620236525 28.75886990801581
416.2128777923783 31.418528252299666
410.22864651773966 20.779894875164302
418.87253613666223 20.779894875164302
418.20762155059117 11.471090670170895
409.5637319316687 12.800919842312794
396.2654402102496 5.486859395532235
388.95137976346905 12.800919842312794
397.5952693823915 20.114980289093353
398.9250985545334 14.7956636005257
442.1445466491457 20.779894875164302
440.8147174770038 12.136005256241845
426.85151116951374 4.157030223390336
414.2181340341655 2.8272010512483803
