5.256195043964851 418.2186250999201
25.400079936051128 416.5399680255795
42.74620303756993 412.0635491606714
58.41366906474818 412.62310151878495
69.04516386890487 412.0635491606714
90.30815347721821 418.21862509992
117.72621902478016 403.1107114308553
143.46562749800157 417.65907274180654
169.76458832933653 424.3737010391686
188.22981614708235 419.33772981614703
178.15787370103916 405.9084732214228
175.3601119104716 394.15787370103914
200.53996802557955 396.9556354916067
210.0523581135092 409.2657873701039
219.56474820143885 395.27697841726615
236.3513189448441 399.7533972821742
232.99400479616307 415.980415667466
241.94684252597924 415.980415667466
253.13788968824937 424.3737010391686
262.6502797761791 426.0523581135092
266.0075939248601 408.7062350119904
251.45923261390888 396.9556354916067
241.94684252597924 379.6095123900879
262.6502797761791 384.08593125499596
282.79416466826535 403.1107114308553
273.84132693844924 395.27697841726615
291.7470023980816 403.1107114308553
293.9852118305356 423.81414868105514
308.53357314148684 416.5399680255795
323.0819344524381 423.81414868105514
318.60551558753 401.43205435651475
303.4976019184652 398.0747402078337
298.46163069544366 391.3601119104716
289.50879296562755 393.5983213429256
280.5559552358113 382.40727418065546
286.15147881694645 373.4544364508393
300.1402877697842 375.13309352517985
319.724620303757 374.5735411670663
333.15387689848126 375.6926458832933
305.7358113509192 382.40727418065546
352.738209432454 421.57593924860106
335.3920863309353 408.7062350119904
346.02358113509194 399.1938449240607
367.28657074340526 418.21862509992
389.66866506794565 423.81414868105514
379.037170263789 406.46802557953635
395.2641886490808 412.62310151878495
380.15627498001606 393.5983213429256
360.5719424460432 393.0387689848121
348.82134292565945 379.6095123900879
344.3449240607514 368.97801758593124
356.0955235811351 369.5375699440447
374.00119904076746 382.96682653876894
380.15627498001606 362.2633892885691
398.0619504396483 339.8812949640287
428.8373301358913 317.4992006394884
457.9340527577938 310.22501998401276
460.7318145483614 299.03397282174257
471.92286171063154 300.71262989608306
481.9948041566747 290.0811350919264
495.4240607513989 299.03397282174257
512.2106314948041 300.71262989608306
540.1882494004797 314.7014388489208
542.9860111910472 296.79576338928854
531.2354116706636 291.75979216626695
430.51598721023186 368.97801758593124
416.5271782573941 402.55115907274177
398.0619504396483 399.1938449240607
425.4800159872103 414.861310951239
436.67106314948046 418.77817745803355
437.23061550759394 408.7062350119904
459.05315747402085 413.1826538768984
475.8397282174261 418.21862509992
490.38808952837735 411.50399680255794
519.4848121502798 415.980415667466
495.9836131095125 381.2881694644284
526.1994404476419 384.08593125499596
544.6646682653877 420.45683453237405
559.213029576339 414.861310951239
568.1658673061552 409.2657873701039
577.6782573940848 426.0523581135092
603.4176658673063 417.099520383693
618.525579536371 423.2545963229416
595.0243804956036 406.46802557953635
611.2513988808953 403.6702637889688
614.0491606714629 403.6702637889688
597.8221422861711 393.5983213429256
601.7390087929657 382.40727418065546
603.4176658673063 364.50159872102313
565.3681055155876 349.3936850519584
578.7973621103118 340.44084732214225
615.7278177458035 342.1195043964828
603.9772182254197 341.55995203836926
612.3705035971224 351.63189448441244
612.3705035971224 357.78697042366105
620.2042366107115 365.06115107913666
590.5479616306955 356.66786570743403
598.3816946442846 353.31055155875293
489.82853717026387 191.5999200639488
475.28017585931264 189.36171063149476
480.31614708233417 189.36171063149476
490.38808952837735 258.1866506794564
495.4240607513989 249.23381294964025
479.1970423661072 252.0315747402078
473.0419664268586 252.0315747402078
463.5295763389289 252.0315747402078
454.5767386091128 252.0315747402078
456.8149480415668 251.47202238209428
508.85331734612316 260.9844124700239
543.5455635491608 270.49680255795363
507.1746602717826 283.9260591526778
488.1498800959233 274.9732214228617
478.6374900079936 274.41366906474815
474.72062350119904 281.68784972022377
467.4464428457235 286.72382094324536
455.1362909672263 280.0091926458832
440.58792965627504 283.3665067945643
436.67106314948046 278.3305355715427
432.1946442845724 293.998001598721
426.5991207034373 302.9508393285371
398.0619504396483 326.4520383693045
417.64628297362117 301.2721822541966
412.6103117505995 313.5823341326938
401.4192645883294 314.14188649080734
380.71582733812954 324.773381294964
389.66866506794565 318.6183053557154
380.71582733812954 341.55995203836926
371.7629896083133 336.52398081534767
372.3225419664269 344.3577138289368
1.898880895283753 389.12190247801755
13.649480415667455 366.1802557953637
4.137090327737781 357.78697042366105
7.49440447641885 342.6790567545963
19.245003996802552 394.15787370103914
28.19784172661869 381.8477218225419
28.757394084732198 371.77577937649875
47.78217426059152 369.5375699440447
53.93725019984012 354.42965627498
58.41366906474818 345.47681854516384
64.56874500399678 339.32174260591523
44.984412470023955 336.52398081534767
30.995603517186225 334.8453237410072
21.48321342925658 332.0475619504396
8.613509192645864 332.6071143085531
19.245003996802552 320.8565147881694
10.292166266986385 321.97561950439643
8.613509192645864 307.98681055155873
92.54636290967224 384.08593125499596
80.23621103117506 378.4904076738609
65.6878497202238 386.32414068745
78.55755395683451 400.8725019984012
90.30815347721821 400.8725019984012
122.76219024780173 382.40727418065546
152.97801758593127 395.8365307753797
142.9060751398881 390.8005595523581
166.96682653876897 390.24100719424456
160.81175059952037 380.7286171063149
155.77577937649878 358.3465227817745
114.36890487609912 371.21622701838527
97.02278177458032 353.87010391686647
105.97561950439646 361.1442845723421
119.96442845723422 348.2745803357314
131.15547561950436 348.2745803357314
138.9892086330935 340.44084732214225
142.34652278177455 328.13069544364504
137.8701039168665 353.87010391686647
179.27697841726618 363.94204636290965
191.5871302957634 359.46562749800154
199.98041566746602 368.4184652278177
5.256195043964823 300.1530775379696
6.9348521183053435 289.5215827338129
12.530375699440441 300.1530775379696
31.555155875299732 319.17785771382887
25.400079936051128 316.38009592326136
28.757394084732198 307.98681055155873
42.74620303756993 326.4520383693045
58.41366906474818 327.57114308553156
61.21143085531574 318.0587529976019
44.42486011191045 313.02278177458027
62.89008792965626 306.3081534772182
54.49680255795363 302.9508393285371
136.19144684252595 369.5375699440447
180.3960831334932 380.7286171063149
211.7310151878497 372.3353317346123
228.517585931255 375.13309352517985
219.56474820143885 382.96682653876894
188.78936850519582 389.6814548361311
267.12669864108716 376.81175059952034
252.5783373301359 374.5735411670663
31.555155875299732 296.79576338928854
55.056354916067136 291.75979216626695
67.36650679456434 293.998001598721
74.08113509192646 299.03397282174257
81.35531574740207 307.98681055155873
75.20023980815347 314.7014388489208
70.16426858513188 327.57114308553156
80.79576338928857 327.011590727418
80.79576338928857 334.8453237410072
88.06994404476418 343.7981614708233
93.10591526778575 332.0475619504396
105.97561950439646 332.6071143085531
105.41606714628296 342.1195043964828
119.40487609912068 322.53517186250997
127.79816147082332 314.7014388489208
112.69024780175857 305.7486011191047
104.29696243005594 314.14188649080734
115.48800959232614 315.82054356514783
102.05875299760191 320.8565147881694
91.98681055155873 316.93964828137484
95.90367705835331 306.86770583533166
83.5935251798561 300.1530775379696
87.51039168665068 288.9620303756994
90.86770583533172 277.2114308553157
91.42725819344523 268.8181454836131
83.5935251798561 273.8541167066346
76.31934452438048 274.9732214228617
103.17785771382893 272.73501199040766
106.53517186250997 293.4384492406075
119.40487609912068 297.91486810551555
122.20263788968825 291.20023980815347
113.80935251798559 276.65187849720223
155.2162270183853 349.9532374100719
154.09712230215828 335.40487609912066
154.09712230215828 328.13069544364504
158.57354116706634 333.16666666666663
175.3601119104716 329.24980015987205
166.96682653876897 333.7262190247801
174.80055955235812 337.0835331734612
178.15787370103916 347.15547561950433
177.59832134292563 359.46562749800154
195.50399680255796 348.2745803357314
201.09952038369303 339.32174260591523
214.52877697841726 339.32174260591523
202.77817745803358 348.8341326938449
234.67266187050362 358.3465227817745
231.31534772182252 345.47681854516384
220.12430055955238 349.3936850519584
221.2434052757794 363.94204636290965
209.49280575539566 363.94204636290965
261.53117505995203 357.78697042366105
248.10191846522784 354.42965627498
254.81654676258992 346.0363709032773
247.5423661071143 346.0363709032773
254.81654676258992 339.32174260591523
270.48401278976814 342.6790567545963
274.9604316546763 351.0723421262989
276.07953637090327 367.2993605115907
285.591926458833 355.548760991207
301.25939248601117 348.8341326938449
300.1402877697842 363.94204636290965
321.962829736211 361.7038369304556
325.8796962430056 354.9892086330935
326.99880095923265 344.3577138289368
316.367306155076 344.9172661870503
323.0819344524381 336.52398081534767
311.8908872901678 332.0475619504396
302.37849720223824 338.7621902478017
339.30895283772986 332.6071143085531
348.261790567546 332.6071143085531
354.4168665067946 343.2386091127098
345.46402877697847 350.5127897681854
361.69104716227014 350.5127897681854
343.22581934452444 356.66786570743403
357.2146282973621 328.13069544364504
365.6079136690647 329.8093525179856
361.13149480415666 324.21382893685046
359.4528377298161 320.29696243005594
362.25059952038373 313.02278177458027
368.9652278177458 313.5823341326938
390.22821742605913 306.86770583533166
380.71582733812954 301.83173461231013
374.56075139888094 307.4272581934452
360.5719424460432 306.3081534772182
356.6550759392486 305.18904876099117
344.3449240607514 305.7486011191047
343.7853717026379 311.3441247002398
332.59432454036767 311.3441247002398
332.0347721822542 302.9508393285371
324.7605915267786 302.3912869704236
323.64148681055156 327.57114308553156
318.60551558753 320.29696243005594
350.5 318.0587529976019
294.5447641886491 330.36890487609907
304.61670663469226 331.4880095923261
310.77178257394087 323.09472422062345
314.12909672262185 309.6654676258992
285.0323741007194 334.28577138289364
281.1155075939248 324.773381294964
285.591926458833 313.02278177458027
294.5447641886491 307.4272581934452
295.10431654676256 319.7374100719424
292.86610711430853 342.1195043964828
269.3649080735412 315.2609912070343
256.4952038369305 328.13069544364504
247.5423661071143 332.0475619504396
235.79176658673063 333.7262190247801
252.01878497202236 319.17785771382887
227.398481215028 321.41606714628296
237.47042366107112 316.38009592326136
230.1962430055955 312.4632294164668
273.84132693844924 308.5463629096722
289.50879296562755 302.9508393285371
299.5807354116706 301.83173461231013
312.4504396482814 297.91486810551555
328.1179056754596 292.3193445243804
343.22581934452444 296.236211031175
335.3920863309353 292.87889688249396
360.5719424460432 297.3553157474021
348.82134292565945 293.998001598721
405.33613109512396 283.3665067945643
410.3721023181455 290.64068745003993
416.5271782573941 291.20023980815347
400.8597122302159 296.236211031175
386.31135091926467 297.91486810551555
389.66866506794565 290.0811350919264
359.4528377298161 286.1642685851318
133.95323741007192 300.71262989608306
142.34652278177455 300.71262989608306
152.41846522781773 302.9508393285371
156.3353317346123 309.6654676258992
164.72861710631494 311.9036770583533
175.3601119104716 315.82054356514783
185.99160671462832 313.5823341326938
195.50399680255796 316.93964828137484
204.45683453237407 317.4992006394884
197.18265387689846 306.3081534772182
158.57354116706634 318.0587529976019
148.50159872102316 324.773381294964
121.64308553157471 270.49680255795363
135.63189448441247 280.56874500399675
143.46562749800157 293.4384492406075
160.2521982414069 294.55755395683445
171.44324540367703 302.3912869704236
176.47921662669862 292.3193445243804
207.81414868105517 310.78457234212624
209.49280575539566 301.83173461231013
223.48161470823342 306.86770583533166
214.52877697841726 306.86770583533166
218.44564348521183 299.03397282174257
133.95323741007192 273.8541167066346
74.64068745003996 213.98201438848915
53.377697841726615 207.82693844924057
69.60471622701837 233.56634692246197
79.67665867306152 234.685451638689
63.44964028776977 215.1011191047162
83.0339728217426 216.7797761790567
155.77577937649878 227.97082334132688
155.77577937649878 252.0315747402078
183.19384492406076 234.12589928057548
181.5151878497202 211.74380495603512
169.76458832933653 271.6159072741806
216.76698641087128 271.0563549160671
227.95803357314148 269.37769784172656
226.27937649880093 278.3305355715427
229.0771382893685 287.2833733013589
238.58952837729814 285.60471622701834
245.86370903277376 277.2114308553157
252.5783373301359 277.2114308553157
251.45923261390888 290.0811350919264
249.22102318145485 267.699040767386
241.94684252597924 270.49680255795363
254.25699440447644 273.29456434852113
259.8525179856115 270.49680255795363
386.31135091926467 245.87649880095918
316.367306155076 173.13469224620297
326.43924860111906 170.89648281374895
334.8325339728217 172.01558752997596
349.9404476418865 171.45603517186248
356.0955235811351 172.01558752997596
363.3697042366107 173.6942446043165
370.64388489208636 171.45603517186248
376.79896083133497 171.45603517186248
418.7653876898481 174.25379696243
469.6846522781775 169.21782573940845
466.3273381294964 177.61111111111106
460.1722621902478 177.05155875299755
306.2953637090328 233.00679456434847
571.5231814548362 331.4880095923261
583.2737809752199 320.29696243005594
576.5591526778578 313.5823341326938
582.1546762589928 305.7486011191047
594.46482813749 316.93964828137484
617.9660271782575 311.3441247002398
619.6446842525979 330.36890487609907
613.4896083133493 332.6071143085531
602.8581135091927 329.24980015987205
605.6558752997603 314.14188649080734
601.1794564348521 301.2721822541966
588.3097521982414 301.2721822541966
616.2873701039169 295.6766586730615
614.0491606714629 287.84292565947237
598.3816946442846 278.89008792965626
603.4176658673063 276.0923261390887
607.3345323741007 276.0923261390887
592.226618705036 291.20023980815347
366.7270183852918 245.87649880095918
372.3225419664269 247.5551558752997
436.111510791367 244.19784172661866
334.8325339728217 233.56634692246197
192.14668265387687 267.699040767386
177.03876898481215 267.699040767386
202.21862509992005 280.56874500399675
217.8860911270983 286.72382094324536
202.21862509992005 291.75979216626695
191.5871302957634 290.64068745003993
212.8501199040767 293.4384492406075
259.8525179856115 306.3081534772182
383.51358912869705 229.08992805755392
408.69344524380494 235.24500399680252
397.5023980815348 231.88768984812145
401.97881694644286 235.80455635491603
314.68864908073544 285.04516386890487
319.724620303757 286.72382094324536
325.3201438848921 286.1642685851318
282.2346123101519 296.236211031175
263.76938449240606 291.75979216626695
242.5063948840927 297.91486810551555
283.9132693844924 290.64068745003993
296.7829736211031 288.9620303756994
262.0907274180655 283.3665067945643
291.187450039968 277.7709832134292
534.0331734612311 245.31694644284568
541.3073541167067 245.31694644284568
290.6278976818545 249.79336530775376
282.79416466826535 251.47202238209428
267.68625099920064 253.1506794564348
385.7517985611511 235.80455635491603
301.81894484412476 272.73501199040766
302.9380495603517 248.1147082334132
67.9825174825175 359.8566433566434
81.2692307692308 366.8496503496504
84.0664335664336 356.36013986013995
42.10839160839163 394.1223776223777
26.024475524475548 398.31818181818187
19.730769230769255 345.87062937062944
26.72377622377624 356.36013986013995
30.220279720279734 345.17132867132875
204.34615384615387 384.3321678321679
265.8846153846154 371.0454545454546
258.89160839160843 371.0454545454546
246.30419580419584 368.2482517482518
246.30419580419584 361.9545454545455
381.26923076923083 368.94755244755254
372.8776223776224 376.6398601398602
310.63986013986016 403.91258741258747
582.6678321678322 414.402097902098
586.1643356643358 424.8916083916085
153.99650349650352 280.8356643356644
153.99650349650352 285.0314685314686
160.9895104895105 282.2342657342658
170.08041958041963 282.2342657342658
183.3671328671329 275.2412587412588
174.97552447552448 277.3391608391609
175.67482517482523 282.9335664335665
182.66783216783222 291.3251748251749
185.465034965035 301.1153846153847
186.86363636363637 295.5209790209791
98.05244755244757 293.42307692307696
98.75174825174827 286.43006993007
108.54195804195808 280.8356643356644
100.84965034965035 278.7377622377623
136.51398601398603 287.12937062937067
135.11538461538464 294.8216783216784
129.52097902097904 291.3251748251749
126.72377622377627 301.1153846153847
119.03146853146853 285.0314685314686
126.72377622377627 280.8356643356644
142.10839160839163 274.5419580419581
147.70279720279723 274.5419580419581
163.08741258741264 271.7447552447553
144.90559440559446 282.9335664335665
228.12237762237766 382.2342657342658
240.01048951048955 373.1433566433567
67.9825174825175 350.0664335664336
78.472027972028 345.87062937062944
60.98951048951051 400.416083916084
137.21328671328672 381.5349650349651
126.02447552447558 422.09440559440566
16.933566433566455 291.3251748251749
19.031468531468533 305.31118881118886
39.31118881118883 308.1083916083917
74.97552447552451 286.43006993007
142.80769230769232 311.60489510489515
142.10839160839163 317.89860139860144
130.91958041958043 324.19230769230774
128.82167832167835 334.68181818181824
117.63286713286715 331.8846153846155
121.12937062937067 340.97552447552454
126.72377622377627 343.0734265734266
155.3951048951049 342.3741258741259
192.45804195804197 330.48601398601403
195.9545454545455 324.89160839160843
202.2482517482518 325.5909090909092
213.437062937063 329.08741258741264
229.52097902097904 331.1853146853147
243.50699300699307 323.49300699300704
272.8776223776224 318.59790209790214
269.38111888111894 326.98951048951056
263.08741258741264 335.38111888111894
278.472027972028 336.7797202797203
46.304195804195814 380.8356643356644
93.85664335664336 368.94755244755254
104.34615384615387 371.0454545454546
117.63286713286715 363.35314685314694
222.52797202797206 356.36013986013995
218.33216783216784 317.89860139860144
212.7377622377623 315.10139860139867
235.81468531468533 308.1083916083917
240.70979020979024 306.01048951048955
246.30419580419584 306.01048951048955
230.22027972027973 304.61188811188816
235.11538461538464 296.2202797202798
229.52097902097904 294.12237762237766
231.61888111888118 275.2412587412588
233.01748251748256 280.1363636363637
203.64685314685318 276.6398601398602
195.9545454545455 281.53496503496507
190.3601398601399 279.437062937063
590.36013986014 374.5419580419581
592.458041958042 368.94755244755254
586.8636363636365 341.67482517482523
558.8916083916084 314.402097902098
502.94755244755254 301.8146853146854
502.24825174825185 293.42307692307696
491.75874125874134 240.27622377622382
441.409090909091 303.91258741258747
467.28321678321686 274.5419580419581
584.7657342657343 334.68181818181824
578.4720279720281 325.5909090909092
569.3811188811189 320.69580419580427
588.2622377622379 326.98951048951056
592.458041958042 333.28321678321686
622.527972027972 337.479020979021
632.3181818181819 341.67482517482523
640.7097902097903 338.17832167832177
628.8216783216784 336.08041958041963
630.9195804195805 328.38811188811195
628.1223776223777 320.69580419580427
635.8146853146854 325.5909090909092
638.6118881118882 318.59790209790214
619.7307692307693 323.49300699300704
612.0384615384617 325.5909090909092
605.7447552447553 325.5909090909092
605.0454545454546 320.69580419580427
589.6608391608393 313.7027972027973
591.7587412587413 308.1083916083917
598.0524475524477 305.31118881118886
626.7237762237763 304.61188811188816
630.2202797202798 299.71678321678326
608.5419580419581 303.2132867132868
616.2342657342658 302.5139860139861
645.6048951048951 329.08741258741264
639.3111888111889 328.38811188811195
639.3111888111889 333.98251748251755
634.416083916084 313.00349650349654
630.2202797202798 311.60489510489515
624.6258741258742 311.60489510489515
633.0174825174826 306.70979020979024
639.3111888111889 303.2132867132868
646.3041958041958 306.70979020979024
642.8076923076924 315.80069930069936
654.6958041958043 317.19930069930075
667.9825174825176 319.2972027972029
674.9755244755246 319.2972027972029
683.3671328671329 315.10139860139867
680.5699300699301 308.8076923076924
690.36013986014 310.90559440559446
681.9685314685315 296.9195804195805
688.2622377622379 296.2202797202798
692.458041958042 299.01748251748256
695.2552447552448 310.20629370629376
688.2622377622379 304.61188811188816
678.4720279720281 303.2132867132868
669.3811188811189 311.60489510489515
674.2762237762239 308.1083916083917
666.5839160839162 307.409090909091
669.3811188811189 303.91258741258747
666.5839160839162 298.31818181818187
665.1853146853148 303.91258741258747
655.395104895105 301.8146853146854
659.5909090909091 296.9195804195805
653.2972027972029 294.8216783216784
648.402097902098 294.12237762237766
654.6958041958043 308.1083916083917
649.8006993006994 304.61188811188816
664.4860139860141 310.90559440559446
663.0874125874127 314.402097902098
652.5979020979022 313.00349650349654
642.1083916083917 298.31818181818187
635.1153846153848 296.9195804195805
698.7517482517484 292.0244755244756
692.458041958042 291.3251748251749
688.9615384615386 285.7307692307693
690.36013986014 282.2342657342658
676.374125874126 293.42307692307696
677.7727272727274 287.82867132867136
669.3811188811189 282.9335664335665
674.9755244755246 280.1363636363637
681.9685314685315 276.6398601398602
682.6678321678322 280.8356643356644
645.6048951048951 282.9335664335665
647.0034965034965 275.94055944055947
640.0104895104896 275.2412587412588
653.9965034965036 275.2412587412588
638.6118881118882 281.53496503496507
636.5139860139861 288.5279720279721
661.6888111888113 284.3321678321679
667.2832167832169 289.2272727272728
654.6958041958043 289.2272727272728
650.5000000000001 289.2272727272728
677.0734265734267 233.28321678321683
681.9685314685315 227.68881118881123
686.1643356643358 224.89160839160843
688.2622377622379 237.47902097902104
683.3671328671329 234.68181818181824
680.5699300699301 244.47202797202803
665.8846153846155 246.5699300699301
668.6818181818182 244.47202797202803
672.1783216783218 241.67482517482523
674.9755244755246 246.5699300699301
612.0384615384617 318.59790209790214
621.1293706293707 316.50000000000006
653.2972027972029 322.79370629370635
660.9895104895106 324.19230769230774
568.6818181818182 305.31118881118886
574.2762237762239 301.8146853146854
574.9755244755246 299.71678321678326
577.0734265734267 296.2202797202798
571.479020979021 294.8216783216784
575.6748251748253 291.3251748251749
584.0664335664336 297.6188811188812
590.36013986014 297.6188811188812
581.2692307692308 294.12237762237766
581.9685314685315 287.82867132867136
593.1573426573427 298.31818181818187
603.6468531468532 295.5209790209791
598.7517482517484 291.3251748251749
605.0454545454546 292.0244755244756
604.3461538461539 285.0314685314686
594.5559440559441 285.0314685314686
588.9615384615386 285.0314685314686
591.7587412587413 280.1363636363637
600.8496503496505 275.2412587412588
612.0384615384617 281.53496503496507
605.7447552447553 281.53496503496507
612.0384615384617 275.94055944055947
614.8356643356644 272.444055944056
619.0314685314686 272.444055944056
619.7307692307693 285.7307692307693
621.8286713286714 280.8356643356644
616.2342657342658 280.1363636363637
596.6538461538462 336.08041958041963
380.56993006993014 175.24125874125878
387.56293706293707 175.24125874125878
391.75874125874134 174.54195804195808
402.24825174825185 173.8426573426574
409.2412587412588 171.04545454545462
412.73776223776224 171.04545454545462
429.5209790209791 175.24125874125878
433.01748251748256 175.94055944055947
440.7097902097903 177.33916083916088
445.60489510489515 179.437062937063
455.39510489510496 178.73776223776227
520.43006993007 248.66783216783222
526.0244755244756 247.96853146853152
519.0314685314686 253.56293706293712
523.9265734265734 252.16433566433574
529.5209790209791 250.76573426573432
538.6118881118882 249.3671328671329
519.0314685314686 261.2552447552448
523.2272727272727 260.5559440559441
530.2202797202798 260.5559440559441
537.2132867132868 258.45804195804203
546.3041958041958 257.0594405594406
544.2062937062938 251.46503496503504
547.0034965034965 248.66783216783222
549.8006993006994 245.87062937062942
552.5979020979022 249.3671328671329
554.6958041958043 248.66783216783222
558.1923076923077 248.66783216783222
560.9895104895106 248.66783216783222
561.6888111888113 248.66783216783222
564.4860139860141 248.66783216783222
550.5000000000001 253.56293706293712
555.395104895105 254.26223776223782
557.493006993007 257.0594405594406
560.2902097902098 254.26223776223782
563.0874125874127 252.16433566433574
567.2832167832169 252.86363636363643
571.479020979021 251.46503496503504
573.5769230769232 249.3671328671329
577.0734265734267 250.76573426573432
580.5699300699301 249.3671328671329
582.6678321678322 246.5699300699301
595.2552447552448 247.26923076923083
590.36013986014 247.26923076923083
596.6538461538462 250.76573426573432
600.8496503496505 251.46503496503504
588.2622377622379 252.16433566433574
584.7657342657343 253.56293706293712
580.5699300699301 253.56293706293712
577.0734265734267 255.6608391608392
573.5769230769232 255.6608391608392
570.0804195804196 256.3601398601399
565.1853146853148 257.75874125874134
537.2132867132868 264.05244755244763
541.409090909091 261.9545454545455
547.0034965034965 262.6538461538462
549.8006993006994 262.6538461538462
552.5979020979022 261.2552447552448
556.0944055944057 261.2552447552448
562.388111888112 261.2552447552448
566.5839160839162 259.1573426573427
570.7797202797203 259.8566433566434
574.9755244755246 261.2552447552448
579.8706293706294 259.1573426573427
582.6678321678322 257.0594405594406
586.8636363636365 259.1573426573427
589.6608391608393 257.0594405594406
591.7587412587413 254.9615384615385
595.9545454545455 256.3601398601399
551.1993006993008 265.451048951049
557.493006993007 265.451048951049
561.6888111888113 266.1503496503497
566.5839160839162 266.1503496503497
570.0804195804196 266.8496503496504
574.2762237762239 262.6538461538462
580.5699300699301 263.3531468531469
585.465034965035 262.6538461538462
592.458041958042 259.8566433566434
573.5769230769232 268.2482517482518
577.7727272727274 271.0454545454546
581.9685314685315 270.3461538461539
584.7657342657343 269.6468531468532
586.8636363636365 268.9475524475525
591.0594405594406 266.1503496503497
592.458041958042 264.05244755244763
559.5909090909091 275.94055944055947
554.6958041958043 275.94055944055947
551.8986013986015 271.0454545454546
557.493006993007 271.0454545454546
565.8846153846155 273.8426573426574
568.6818181818182 272.444055944056
558.1923076923077 279.437062937063
563.0874125874127 283.6328671328672
558.1923076923077 285.7307692307693
558.1923076923077 289.2272727272728
560.2902097902098 292.72377622377627
567.2832167832169 289.2272727272728
571.479020979021 287.82867132867136
570.0804195804196 282.2342657342658
572.8776223776224 282.2342657342658
575.6748251748253 278.0384615384616
579.8706293706294 275.94055944055947
584.0664335664336 275.94055944055947
589.6608391608393 273.8426573426574
603.6468531468532 305.31118881118886
698.0524475524477 257.0594405594406
693.8566433566434 253.56293706293712
690.36013986014 256.3601398601399
686.1643356643358 254.9615384615385
680.5699300699301 253.56293706293712
698.0524475524477 260.5559440559441
698.0524475524477 265.451048951049
694.5559440559441 272.444055944056
690.36013986014 271.7447552447553
687.5629370629372 267.5489510489511
699.4510489510491 283.6328671328672
698.7517482517484 279.437062937063
698.0524475524477 275.2412587412588
695.2552447552448 276.6398601398602
690.36013986014 278.7377622377623
656.0944055944057 284.3321678321679
660.9895104895106 276.6398601398602
665.8846153846155 278.0384615384616
662.388111888112 280.8356643356644
669.3811188811189 273.8426573426574
671.479020979021 271.7447552447553
670.0804195804196 269.6468531468532
663.7867132867134 269.6468531468532
651.8986013986015 269.6468531468532
646.3041958041958 270.3461538461539
661.6888111888113 266.1503496503497
656.7937062937064 268.2482517482518
657.493006993007 260.5559440559441
664.4860139860141 263.3531468531469
667.9825174825176 261.9545454545455
674.2762237762239 261.9545454545455
678.4720279720281 263.3531468531469
684.7657342657344 261.2552447552448
690.36013986014 261.9545454545455
674.9755244755246 272.444055944056
678.4720279720281 272.444055944056
684.7657342657344 271.7447552447553
673.5769230769232 266.1503496503497
679.8706293706294 268.2482517482518
671.479020979021 266.1503496503497
644.2062937062938 241.67482517482523
651.1993006993008 241.67482517482523
658.8916083916084 245.17132867132872
640.0104895104896 247.96853146853152
645.6048951048951 246.5699300699301
653.2972027972029 246.5699300699301
639.3111888111889 254.9615384615385
643.5069930069931 252.86363636363643
647.7027972027973 250.06643356643363
651.8986013986015 250.76573426573432
657.493006993007 250.76573426573432
663.0874125874127 254.26223776223782
641.409090909091 261.9545454545455
646.3041958041958 261.2552447552448
649.8006993006994 259.1573426573427
655.395104895105 256.3601398601399
672.1783216783218 247.26923076923083
638.6118881118882 267.5489510489511
643.5069930069931 267.5489510489511
647.0034965034965 265.451048951049
653.2972027972029 263.3531468531469
668.6818181818182 254.9615384615385
268.68181818181824 266.1503496503497
264.48601398601403 268.9475524475525
262.38811188811195 259.8566433566434
261.68881118881126 251.46503496503504
273.5769230769231 253.56293706293712
277.0734265734266 250.76573426573432
273.5769230769231 296.9195804195805
277.7727272727273 300.41608391608395
282.6678321678322 300.41608391608395
268.68181818181824 290.6258741258742
272.8776223776224 291.3251748251749
267.98251748251755 284.3321678321679
269.38111888111894 284.3321678321679
266.5839160839161 277.3391608391609
270.08041958041963 277.3391608391609
275.67482517482523 270.3461538461539
277.7727272727273 269.6468531468532
275.67482517482523 289.2272727272728
278.472027972028 287.12937062937067
281.26923076923083 282.2342657342658
282.6678321678322 274.5419580419581
285.465034965035 274.5419580419581
290.3601398601399 262.6538461538462
285.465034965035 261.9545454545455
295.2552447552448 261.2552447552448
286.86363636363643 257.75874125874134
292.45804195804203 257.75874125874134
300.1503496503497 264.05244755244763
305.7447552447553 260.5559440559441
307.8426573426574 262.6538461538462
314.1363636363637 253.56293706293712
317.6328671328672 231.18531468531472
323.9265734265735 235.38111888111894
322.52797202797206 264.05244755244763
325.3251748251749 259.1573426573427
321.12937062937067 256.3601398601399
315.53496503496507 261.2552447552448
306.444055944056 254.26223776223782
342.8076923076924 257.75874125874134
347.7027972027972 261.9545454545455
353.9965034965036 251.46503496503504
347.00349650349654 271.7447552447553
342.1083916083917 273.1433566433567
337.91258741258747 270.3461538461539
339.3111888111889 264.05244755244763
341.409090909091 264.05244755244763
344.90559440559446 264.7517482517483
347.00349650349654 264.7517482517483
351.8986013986015 266.8496503496504
353.9965034965036 261.9545454545455
353.9965034965036 273.8426573426574
350.5 276.6398601398602
348.4020979020979 282.2342657342658
344.90559440559446 287.12937062937067
383.3671328671329 285.0314685314686
388.2622377622379 282.9335664335665
392.45804195804203 286.43006993007
411.33916083916085 299.71678321678326
407.1433566433567 305.31118881118886
390.36013986013995 331.8846153846155
398.0524475524476 242.37412587412592
426.02447552447563 213.00349650349656
430.9195804195805 210.90559440559446
434.41608391608395 209.50699300699304
438.6118881118882 209.50699300699304
438.6118881118882 212.30419580419584
441.409090909091 212.30419580419584
442.1083916083917 208.80769230769235
447.00349650349654 213.00349650349656
449.8006993006993 208.10839160839166
459.5909090909091 210.20629370629376
463.7867132867134 210.20629370629376
466.58391608391617 213.00349650349656
454.69580419580427 210.90559440559446
485.465034965035 286.43006993007
448.4020979020979 271.7447552447553
430.9195804195805 282.9335664335665
416.9335664335665 322.79370629370635
360.9895104895105 233.28321678321683
366.58391608391617 232.58391608391614
371.479020979021 239.57692307692312
372.8776223776224 236.77972027972032
372.8776223776224 233.98251748251752
352.5979020979022 234.68181818181824
356.79370629370635 236.77972027972032
383.3671328671329 238.17832167832174
379.87062937062944 245.87062937062942
379.87062937062944 236.77972027972032
394.5559440559441 237.47902097902104
388.96153846153857 233.98251748251752
391.75874125874134 229.78671328671334
389.66083916083926 229.78671328671334
409.2412587412588 248.66783216783222
403.64685314685323 242.37412587412592
417.6328671328672 232.58391608391614
308.5419580419581 264.7517482517483
309.94055944055947 264.7517482517483
316.93356643356645 272.444055944056
323.22727272727275 270.3461538461539
328.82167832167835 269.6468531468532
333.01748251748256 266.1503496503497
330.9195804195805 263.3531468531469
298.0524475524476 280.1363636363637
302.9475524475525 283.6328671328672
302.9475524475525 277.3391608391609
308.5419580419581 278.0384615384616
312.7377622377623 278.7377622377623
308.5419580419581 272.444055944056
307.8426573426574 288.5279720279721
302.9475524475525 289.9265734265735
302.9475524475525 297.6188811188812
321.12937062937067 294.12237762237766
312.0384615384616 294.8216783216784
335.8146853146854 389.9265734265735
336.5139860139861 381.5349650349651
323.22727272727275 385.0314685314686
312.7377622377623 389.2272727272728
272.8776223776224 413.7027972027973
272.8776223776224 384.3321678321679
286.86363636363643 347.26923076923083
90.3601398601399 303.2132867132868
163.78671328671334 326.2902097902099
163.78671328671334 319.9965034965036
221.82867132867136 326.98951048951056
370.08041958041963 282.9335664335665
378.47202797202806 281.53496503496507
364.4860139860141 285.0314685314686
371.479020979021 296.2202797202798
375.6748251748252 296.9195804195805
374.2762237762238 290.6258741258742
380.56993006993014 289.9265734265735
367.98251748251755 303.2132867132868
353.9965034965036 295.5209790209791
366.58391608391617 292.0244755244756
349.8006993006993 288.5279720279721
351.1993006993008 302.5139860139861
303.6468531468532 308.1083916083917
311.3391608391609 315.80069930069936
321.12937062937067 313.00349650349654
330.9195804195805 318.59790209790214
178.472027972028 324.19230769230774
134.41608391608395 310.90559440559446
159.59090909090912 303.91258741258747
489.66083916083926 426.2902097902099
460.2902097902098 428.38811188811195
451.8986013986015 418.5979020979022
321.82867132867136 395.5209790209791
270.08041958041963 302.5139860139861
261.68881118881126 298.31818181818187
251.19930069930075 294.8216783216784
222.52797202797206 295.5209790209791
205.74475524475525 277.3391608391609
210.63986013986016 277.3391608391609
209.24125874125878 282.9335664335665
216.93356643356645 278.0384615384616
221.82867132867136 273.8426573426574
223.22727272727275 271.0454545454546
330.9195804195805 327.68881118881126
338.6118881118881 324.89160839160843
379.87062937062944 310.90559440559446
260.2902097902098 345.87062937062944
84.0664335664336 312.30419580419584
123.92657342657344 306.01048951048955
111.33916083916085 338.87762237762246
267.2832167832168 259.8566433566434
343.50699300699307 275.94055944055947
