242.9988009592326 336.9428457234213
220.64868105515586 328.00279776179065
205.00359712230215 298.2026378896883
237.7837729816147 299.69264588329344
226.60871302957634 269.89248601119107
228.09872102318144 240.09232613908875
172.96842525979218 252.75739408473225
103.68305355715427 301.18265387689854
75.37290167865706 292.24260591526786
25.45763389288564 295.22262190247807
52.27777777777774 242.3273381294964
42.59272581934448 216.25219824140686
69.41286970423658 214.0171862509992
70.15787370103914 200.60711430855315
101.44804156674655 214.0171862509992
81.33293365307753 229.6622701838529
110.3880895283773 250.5223820943246
96.97801758593124 257.9724220623502
132.73820943245403 226.6822541966427
166.26338928856916 216.25219824140686
187.1235011990408 218.48721023181457
199.78856914468423 200.60711430855315
156.57833733013587 182.72701838529179
127.5231814548361 195.39208633093529
133.48321342925658 184.96203037569944
115.60311750599516 179.74700239808158
99.2130295763389 170.06195043964829
91.01798561151077 164.10191846522787
73.88289368505195 169.31694644284573
68.66786570743403 179.74700239808158
43.33772981614703 180.49200639488413
20.987609912070297 200.60711430855315
20.242605915267745 184.96203037569944
20.987609912070297 161.86690647482015
37.37769784172659 157.39688249400479
25.45763389288564 146.966826538769
32.90767386091122 140.26179056754597
35.887689848121454 130.57673860911268
44.08273381294961 129.83173461231013
53.76778577138285 131.32174260591523
51.53277378097519 141.00679456434852
67.92286171063145 143.98681055155873
48.552757793764954 152.18185451638692
47.06274980015982 164.84692246203042
69.41286970423658 156.65187849720223
86.5479616306954 154.41686650679458
79.09792166266982 149.2018385291767
223.62869704236613 214.76219024780175
211.70863309352518 183.47202238209434
217.66866506794565 171.5519584332534
189.35851318944844 175.2769784172662
154.3433253397282 169.31694644284573
137.2082334132694 170.06195043964829
123.79816147082333 161.1219024780176
110.3880895283773 152.18185451638692
111.8780975219824 140.26179056754597
127.5231814548361 148.4568345323741
136.4632294164668 148.4568345323741
148.38329336530774 143.24180655475618
137.95323741007195 135.04676258992805
109.64308553157474 123.12669864108716
119.32813749000799 109.71662669864111
124.5431654676259 110.46163069544366
125.28816946442845 117.91167066346924
163.2833733013589 135.04676258992805
164.773381294964 122.38169464428461
171.47841726618702 132.8117505995204
179.6734612310152 135.04676258992805
177.4384492406075 126.10671462829737
182.65347721822542 126.10671462829737
196.06354916067147 132.8117505995204
187.1235011990408 145.47681854516384
175.9484412470024 153.67186250999202
176.69344524380494 174.53197442046365
202.7685851318945 159.63189448441244
217.66866506794565 155.90687450039968
208.72861710631497 145.47681854516384
216.9236610711431 140.26179056754597
242.25379696243004 155.90687450039968
228.09872102318144 183.47202238209434
269.8189448441247 249.0323741007195
276.5239808153477 214.0171862509992
263.8589128697042 200.60711430855315
259.3888888888889 176.7669864108713
271.3089528377298 171.5519584332534
272.79896083133497 159.63189448441244
278.01398880895283 159.63189448441244
287.6990407673861 159.63189448441244
297.38409272581936 195.39208633093529
312.2841726618705 183.47202238209434
322.71422861710636 179.74700239808158
322.71422861710636 159.63189448441244
339.84932054356517 164.10191846522787
335.37929656274986 201.3521183053557
342.8293365307754 216.25219824140686
323.4592326139089 226.6822541966427
336.1243005595524 237.8573141486811
304.83413269384494 244.56235011990412
273.5439648281375 305.65267785771385
324.20423661071146 292.24260591526786
340.5943245403677 343.64788169464435
359.21942446043164 314.5927258193446
409.87969624300564 359.29296562749806
467.99000799360516 333.96282973621106
387.52957633892885 264.6774580335732
440.4248601119105 273.6175059952039
453.83493205435656 271.38249400479623
527.5903277378097 370.46802557953646
517.9052757793766 282.55755395683457
521.6302957633893 231.89728217426062
494.81015187849727 204.33213429256597
450.1099120703438 228.1722621902478
376.35451638689057 208.05715427657879
424.7797761790568 207.31215027977623
411.36970423661074 195.39208633093529
400.19464428457235 197.62709832134294
364.4344524380496 188.68705035971226
361.4544364508394 176.02198241406876
354.7494004796163 162.6119104716227
316.00919264588333 140.26179056754597
341.3393285371703 138.77178257394087
331.6542765787371 141.00679456434852
324.949240607514 141.75179856115108
336.86930455635496 153.67186250999202
356.23940847322143 149.2018385291767
365.9244604316547 138.77178257394087
310.7941646682654 105.24660271782574
305.5791366906475 103.75659472422063
296.6390887290168 103.75659472422063
288.4440447641887 101.52158273381292
284.71902478017586 104.50159872102319
284.71902478017586 109.71662669864111
260.878896882494 103.75659472422063
260.878896882494 108.97162270183856
252.68385291766586 117.16666666666669
262.3689048760991 127.59672262190247
260.13389288569147 146.22182254196645
248.95883293365307 143.98681055155873
229.5887290167866 128.34172661870502
222.13868904876102 124.61670663469226
221.3936850519584 120.1466826538769
226.60871302957634 120.1466826538769
320.47921662669864 105.24660271782574
337.6143085531575 103.75659472422063
346.55435651478825 103.75659472422063
352.51438848920867 103.75659472422063
360.70943245403686 103.75659472422063
368.90447641886493 100.03157474020782
346.55435651478825 120.1466826538769
338.35931254996007 120.1466826538769
377.0995203836931 127.59672262190247
385.2945643485212 111.95163868904876
384.54956035171864 106.73661071143084
375.609512390088 105.24660271782574
377.0995203836931 97.05155875299761
377.84452438049567 88.85651478816948
395.72462030375704 105.24660271782574
413.6047162270184 105.24660271782574
429.99480415667466 102.26658673061547
444.89488409272593 108.97162270183856
446.38489208633104 110.46163069544366
433.71982414068754 114.18665067945642
415.0947242206235 114.18665067945642
405.4096722621903 120.1466826538769
388.2745803357315 132.8117505995204
395.72462030375704 130.57673860911268
373.37450039968024 150.69184652278182
390.50959232613917 141.75179856115108
397.9596322941647 148.4568345323741
405.4096722621903 140.26179056754597
411.36970423661074 140.26179056754597
421.05475619504404 123.12669864108716
406.89968025579543 158.8868904876099
382.314548361311 162.6119104716227
394.23461231015193 181.98201438848923
421.7997601918466 167.82693844924063
425.52478017585935 150.69184652278182
430.7398081534773 148.4568345323741
436.69984012789774 154.41686650679458
446.38489208633104 161.1219024780176
444.89488409272593 186.45203836930455
457.5599520383693 179.74700239808158
464.2649880095924 161.86690647482015
465.00999200639495 148.4568345323741
451.5999200639489 140.26179056754597
450.1099120703438 130.57673860911268
444.14988009592327 130.57673860911268
463.51998401278985 120.1466826538769
470.9700239808153 114.18665067945642
474.69504396482824 120.89168665067945
488.8501199040768 131.32174260591523
499.2801758593126 124.61670663469226
510.455235811351 130.57673860911268
508.96522781774587 141.75179856115108
500.02517985611513 141.75179856115108
491.08513189448445 146.22182254196645
483.63509192645887 148.4568345323741
493.3201438848921 155.90687450039968
478.420063948841 176.02198241406876
492.5751398880896 176.7669864108713
512.6902478017587 190.92206235011992
530.5703437250202 175.2769784172662
511.2002398081535 156.65187849720223
516.4152677857714 151.43685051958437
517.160271782574 138.02677857713832
526.1003197442046 143.98681055155873
520.8852917665868 125.36171063149482
537.2753796962431 127.59672262190247
542.490407673861 151.43685051958437
540.2553956834533 140.26179056754597
553.6654676258993 140.26179056754597
567.0755395683454 135.04676258992805
593.8956834532376 279.57753796962436
637.1059152677858 306.39768185451646
609.5407673860911 333.2178257394085
668.3960831334932 363.0179856115109
722.78137490008 269.1474820143885
758.5415667466029 292.9876099120704
805.476818545164 334.7078337330137
769.7166266986412 451.67346123101527
890.4072741806556 378.6630695443646
903.072342126299 316.0827338129497
895.6223021582734 266.1674660271783
904.5623501199043 237.11231015187855
903.072342126299 221.46722621902484
912.0123900879298 202.09712230215825
906.797362110312 187.94204636290965
868.0571542765788 187.1970423661071
853.1570743405277 200.60711430855315
856.8820943245405 217.74220623501202
888.9172661870505 138.77178257394087
912.0123900879298 145.47681854516384
882.2122302158275 143.24180655475618
902.3273381294964 129.83173461231013
894.8772981614709 91.83653077537969
885.1922462030377 91.09152677857713
870.2921662669864 97.05155875299761
868.0571542765788 89.60151878497203
803.2418065547563 73.95643485211826
848.6870503597124 135.79176658673066
821.8669064748203 159.63189448441244
816.6518784972025 174.53197442046365
795.7917665867308 132.8117505995204
789.8317346123104 146.966826538769
785.361710631495 158.8868904876099
774.1866506794565 193.15707434052763
786.1067146282976 217.74220623501202
786.1067146282976 217.74220623501202
792.066746602718 240.8373301358913
759.2865707434055 240.09232613908875
775.6766586730616 217.74220623501202
742.8964828137491 187.94204636290965
757.7965627498004 167.08193445243808
739.9164668265389 169.31694644284573
748.111510791367 153.67186250999202
723.5263788968825 226.6822541966427
703.4112709832136 203.58713029576342
698.9412470023983 187.94204636290965
674.3561151079139 202.84212629896086
681.0611510791368 260.9524380495604
654.9860111910473 231.89728217426062
640.085931254996 193.15707434052763
616.9908073541169 190.17705835331736
599.855715427658 184.96203037569944
588.6806554756197 237.11231015187855
605.0707434052758 221.46722621902484
558.1354916067148 176.7669864108713
570.0555555555557 176.02198241406876
544.7254196642687 190.17705835331736
465.00999200639495 201.3521183053557
245.97881694644283 231.89728217426062
484.38009592326136 120.89168665067945
597.6207034372503 146.966826538769
605.8157474020784 140.26179056754597
583.4656274980016 132.8117505995204
610.2857713828937 122.38169464428461
622.2058353317348 129.83173461231013
615.5007993605118 111.95163868904876
624.4408473221424 114.18665067945642
652.7509992006396 106.73661071143084
643.0659472422064 119.40167865707434
658.71103117506 122.38169464428461
640.8309352517986 131.32174260591523
667.6510791366907 149.2018385291767
675.846123101519 148.4568345323741
699.6862509992009 155.90687450039968
724.2713828936851 124.61670663469226
689.2561950439649 117.16666666666669
677.3361310951241 120.89168665067945
674.3561151079139 78.42645883293363
668.3960831334932 85.87649880095921
664.6710631494805 82.896482813749
686.2761790567547 82.896482813749
687.0211830535573 91.09152677857713
675.846123101519 91.83653077537969
664.6710631494805 94.81654676258995
671.3760991207037 102.26658673061547
651.2609912070345 176.7669864108713
627.4208633093526 175.2769784172662
602.8357314148682 171.5519584332534
686.2761790567547 181.23701039168668
724.2713828936851 145.47681854516384
734.701438848921 88.11151079136687
726.5063948840927 82.896482813749
796.5367705835333 100.03157474020782
790.5767386091129 88.11151079136687
756.3065547561953 114.93165467625897
283.22901678657075 127.59672262190247
269.8189448441247 128.34172661870502
279.503996802558 143.24180655475618
269.07394084732215 145.47681854516384
257.8988808952838 133.55675459632295
263.8589128697042 133.55675459632295
268.3289368505196 135.04676258992805
660.9460431654677 108.97162270183856
559.6254996003199 105.24660271782574
491.08513189448445 110.46163069544366
484.38009592326136 109.71662669864111
