116.53153745072268 728.4894875164257
30.329172141918665 681.183311432326
21.91918528252319 592.878449408673
66.07161629434974 582.3659658344285
77.63534822601856 519.291064388962
178.55519053876495 567.6484888304864
115.48028909329847 453.0624178712222
71.32785808147197 449.9086727989488
94.45532194480963 416.2687253613668
39.79040735873867 405.7562417871224
10.355453350854306 430.98620236530894
11.406701708278774 371.06504599211576
52.405387647831965 353.1938239159003
69.22536136662303 279.6064388961894
30.329172141918665 271.19645203679386
61.866622864651966 243.86399474375833
20.86793692509872 197.6090670170829
45.046649145860904 184.9940867279896
77.63534822601856 136.63666228646537
102.86530880420516 239.6590013140606
77.63534822601856 227.04402102496726
144.91524310118282 239.6590013140606
149.1202365308806 294.32391590013157
172.24770039421838 361.6038107752958
152.27398160315389 403.65374507227347
160.68396846254942 444.65243101182665
241.63009198423143 610.7496714848885
304.70499342969794 563.4434954007886
371.9848883048621 561.3409986859397
350.95992115637335 489.8561103810776
289.9875164257558 504.57358738501983
307.85873850197123 444.65243101182665
230.0663600525626 403.65374507227347
220.60512483574263 355.29632063074916
181.70893561103827 310.09264126149816
177.50394218134048 274.35019710906715
157.53022339027615 248.0689881734561
173.2989487516427 243.86399474375833
183.81143232588718 230.19776609724056
161.73521681997386 206.01905387647844
233.2201051248359 239.6590013140606
209.04139290407377 265.9402102496716
256.34756898817363 303.7851511169515
234.27135348226037 320.6051248357426
297.3462549277269 322.70762155059145
274.2187910643891 305.8876478318004
295.24375821287794 272.2477003942182
279.47503285151134 260.6839684625494
265.8088042049936 255.42772667542715
175.40144546649165 192.35282522996067
133.351511169514 206.01905387647844
111.27529566360069 126.1241787122209
282.62877792378464 162.91787122207631
273.16754270696475 147.14914586070972
334.1399474375823 348.9888304862025
209.04139290407377 474.087385019711
393.009855453351 434.13994743758224
414.03482260183983 365.8088042049936
380.39487516425766 348.9888304862025
371.9848883048621 325.8613666228648
350.95992115637335 313.2463863337715
335.19119579500676 311.1438896189226
332.03745072273347 289.06767411300933
345.7036793692511 275.4014454664915
350.95992115637335 260.6839684625494
367.7798948751644 285.913929040736
383.548620236531 281.7089356110382
395.11235216819995 259.6327201051249
406.67608409986883 254.3764783180028
414.03482260183983 265.9402102496716
415.08607095926425 289.06767411300933
399.3173455978977 289.06767411300933
479.21222076215525 412.063731931669
518.1084099868596 330.0663600525626
471.8534822601841 330.0663600525626
492.8784494086729 303.7851511169515
519.159658344284 296.42641261498045
144.91524310118282 161.86662286465196
203.78515111695154 140.84165571616302
193.27266754270718 148.2003942181342
233.2201051248359 136.63666228646537
334.1399474375823 138.7391590013142
369.88239159001336 20.999342969776762
339.39618922470453 16.794349540078997
402.471090670171 193.40407358738514
388.80486202365324 192.35282522996067
418.2398160315376 247.0177398160316
435.0597897503286 253.3252299605782
450.82851511169525 265.9402102496716
451.8797634691197 247.0177398160316
471.8534822601841 245.9664914586073
466.59724047306196 262.7864651773983
478.1609724047307 261.73521681997374
468.6997371879108 277.50394218134045
447.67477003942196 300.6314060446782
477.1097240473063 291.1701708278582
489.72470433639967 279.6064388961894
506.5446780551906 273.2989487516427
499.1859395532196 262.7864651773983
491.82720105124855 259.6327201051249
486.5709592641263 248.0689881734561
460.28975032851525 201.81406044678067
443.46977660972414 187.09658344283855
425.59855453350866 193.40407358738514
429.4750328515113 275.6642575558476
374.8101182654402 130.06636005256246
398.46320630749017 155.29632063074902
417.91130091984235 163.18068331143235
423.69316688567676 147.93758212877793
443.14126149802894 158.97568988173458
458.90998685939564 165.80880420499344
466.2687253613667 162.6550591327201
465.7431011826544 178.94940867279897
474.15308804204994 181.57752956636006
479.4093298291722 155.29632063074902
466.7943495400789 152.1425755584757
467.3199737187912 122.70762155059136
427.8981603153745 128.48948751642575
484.13994743758224 228.35808147174774
467.84559789750335 217.31997371879106
507.2674113009199 219.42247043363997
495.1780551905389 212.58935611038112
502.53679369250995 206.28186596583444
509.895532194481 193.1412614980289
508.84428383705654 182.1031537450723
497.8061760840999 185.78252299605782
505.16491458607106 157.92444152431014
533.548620236531 185.25689881734561
520.4080157687255 208.3843626806833
531.446123521682 223.62746386333774
515.6773981603154 223.10183968462553
510.4211563731932 239.9218134034166
514.1005256241788 255.16491458607098
563.5091984231275 284.07424441524313
555.6248357424442 262.52365308804207
536.7023653088042 254.63929040735877
539.8561103810775 244.12680683311436
555.6248357424442 237.81931668856768
556.1504599211564 250.434296977661
567.7141918528253 239.39618922470436
566.6629434954009 230.4605781865966
575.0729303547964 225.20433639947439
571.3935611038108 208.9099868593955
559.3042049934297 208.9099868593955
545.1123521681998 206.28186596583444
545.1123521681998 188.41064388961894
560.8810775295664 187.8850197109067
568.2398160315375 200.5
577.7010512483575 194.19250985545335
582.9572930354798 197.8718791064389
582.9572930354798 209.43561103810777
589.2647831800264 204.70499342969777
592.4185282522997 193.66688567674115
590.3160315374508 273.0361366622865
574.021681997372 266.72864651773983
582.4316688567675 248.3318002628121
530.3948751642577 266.2030223390276
540.184625492773 387.8850197109068
559.1070959264127 323.75886990801587
588.5420499342972 300.63140604467816
551.9454664914587 174.7444152431012
525.1386333771354 174.7444152431012
534.5998685939554 178.42378449408673
544.5867279894876 175.2700394218134
551.4198423127465 165.80880420499344
540.907358738502 164.2319316688568
556.1504599211564 162.1294349540079
556.6760840998686 155.29632063074902
558.7785808147175 146.8863337713535
561.9323258869908 156.34756898817346
568.2398160315375 176.32128777923785
564.0348226018398 167.3856767411301
586.6366622864653 186.83377135348226
589.2647831800264 180.52628120893561
579.2779237844942 180.0006570302234
582.9572930354798 171.59067017082788
587.6879106438897 165.28318002628123
507.7930354796322 148.98883048620237
502.53679369250995 134.7969776609724
422.6419185282524 96.95203679369251
433.68002628120905 101.15703022339028
448.3975032851512 127.96386333771352
460.4868593955323 107.99014454664916
454.1793692509856 96.95203679369251
484.13994743758224 94.84954007884363
478.3580814717477 100.63140604467804
472.0505913272011 91.1701708278581
464.69185282523006 79.08081471747698
435.7825229960579 61.20959264126151
540.907358738502 141.10446780551905
547.2148488830487 146.36070959264126
401.4198423127466 144.2582128777924
409.30420499342995 128.48948751642575
399.31734559789777 115.87450722733247
410.8810775295666 109.56701708278581
406.67608409986883 83.81143232588698
401.4198423127466 82.23455978975034
408.2529566360055 75.92706964520369
421.39356110381107 67.51708278580816
286.83377135348246 143.73258869908017
