3.0944444444444343 524.101851851852
51.450000000000045 441.612962962963
16.368518518518556 365.7611111111112
72.3092592592593 396.1018518518519
154.7981481481482 470.0574074074075
306.5018518518519 511.775925925926
326.41296296296304 431.1833333333334
192.7240740740741 386.62037037037044
421.2277777777778 691.9240740740742
476.2203703703704 611.3314814814815
631.7166666666667 415.0648148148149
900.9907407407409 529.7907407407408
810.9166666666667 495.65740740740745
792.9018518518519 404.63518518518526
819.45 396.1018518518519
934.1759259259261 444.45740740740746
897.1981481481482 375.24259259259264
558.7092592592594 421.7018518518519
472.42777777777786 424.54629629629636
379.5092592592593 447.3018518518519
273.31666666666666 387.56851851851854
127.3018518518519 371.45000000000005
93.16851851851857 369.5537037037037
72.3092592592593 371.45000000000005
103.5981481481482 375.24259259259264
195.56851851851854 343.95370370370375
221.1685185185185 339.21296296296305
265.73148148148147 355.33148148148155
318.82777777777784 355.33148148148155
343.47962962962964 368.6055555555556
361.49444444444447 351.53888888888895
396.575925925926 389.4648148148149
494.23518518518523 357.2277777777778
508.4574074074074 361.9685185185186
548.2796296296297 352.4870370370371
562.5018518518518 375.24259259259264
594.7388888888888 383.775925925926
616.5462962962963 347.74629629629635
578.6203703703704 338.2648148148148
650.6796296296297 358.175925925926
706.6203703703704 374.2944444444445
712.3092592592593 351.53888888888895
668.6944444444446 348.69444444444446
691.45 352.4870370370371
728.4277777777779 352.4870370370371
762.5611111111111 361.0203703703704
796.6944444444446 354.3833333333334
827.0351851851854 349.6425925925927
856.4277777777779 348.69444444444446
884.8722222222223 332.57592592592596
911.4203703703704 322.1462962962963
925.6425925925928 329.7314814814815
926.5907407407408 365.7611111111112
952.1907407407409 353.4351851851852
962.6203703703704 350.5907407407408
948.3981481481483 334.4722222222223
961.6722222222224 318.3537037037038
933.2277777777779 310.7685185185186
681.9166666666667 324.75
658.9166666666667 325.08333333333337
643.5833333333334 338.08333333333337
642.5833333333334 322.75
701.9166666666667 333.08333333333337
690.25 309.75
697.9166666666667 303.75
683.25 301.08333333333337
670.9166666666667 307.75
650.5833333333334 304.08333333333337
639.9166666666667 309.08333333333337
641.25 299.08333333333337
631.5833333333334 317.4166666666667
603.5833333333334 319.08333333333337
589.9166666666667 343.08333333333337
595.9166666666667 329.08333333333337
568.25 325.75
587.5833333333334 316.4166666666667
599.5833333333334 308.75
613.25 301.08333333333337
615.25 294.75
619.25 297.08333333333337
625.9166666666667 297.4166666666667
634.25 303.08333333333337
620.5833333333334 303.75
616.9166666666667 315.75
624.9166666666667 314.4166666666667
621.25 314.4166666666667
598.5833333333334 289.08333333333337
602.5833333333334 297.08333333333337
593.9166666666667 298.75
589.5833333333334 305.75
574.5833333333334 305.08333333333337
559.25 319.08333333333337
546.25 311.08333333333337
528.25 328.08333333333337
546.25 331.75
515.9166666666667 341.75
495.25 335.4166666666667
476.25 338.4166666666667
446.58333333333337 346.08333333333337
455.9166666666667 310.08333333333337
487.25 315.75
524.9166666666667 317.75
532.5833333333334 310.75
600.25 304.4166666666667
608.9166666666667 308.4166666666667
582.25 293.08333333333337
588.5833333333334 297.75
586.9166666666667 292.08333333333337
575.25 297.75
592.9166666666667 292.75
561.9166666666667 303.08333333333337
546.25 299.08333333333337
553.25 304.4166666666667
554.9166666666667 295.75
558.5833333333334 291.08333333333337
563.9166666666667 293.4166666666667
539.25 297.75
540.9166666666667 289.4166666666667
539.5833333333334 285.75
546.5833333333334 288.75
534.5833333333334 298.75
527.25 296.75
531.5833333333334 289.08333333333337
518.5833333333334 295.4166666666667
517.25 288.4166666666667
519.5833333333334 286.08333333333337
521.25 290.75
510.9166666666667 287.75
505.9166666666667 296.4166666666667
515.25 303.75
515.5833333333334 317.4166666666667
495.9166666666667 310.08333333333337
496.58333333333337 299.75
486.9166666666667 301.4166666666667
491.25 295.08333333333337
493.25 286.75
501.9166666666667 291.08333333333337
507.58333333333337 292.4166666666667
555.5833333333334 311.4166666666667
573.5833333333334 313.4166666666667
677.9166666666667 304.08333333333337
672.9166666666667 301.4166666666667
522.9166666666667 303.4166666666667
473.9166666666667 295.08333333333337
468.25 298.75
475.58333333333337 320.75
456.58333333333337 301.08333333333337
475.25 309.75
478.58333333333337 312.4166666666667
555.9166666666667 285.75
559.9166666666667 297.75
556.5833333333334 302.75
439.58333333333337 318.75
405.9166666666667 352.08333333333337
417.25 332.4166666666667
427.9166666666667 346.75
456.25 341.4166666666667
396.9166666666667 330.08333333333337
405.25 310.75
420.9166666666667 314.75
385.9166666666667 316.08333333333337
395.25 308.4166666666667
322.2500000000001 333.91666666666663
331.58333333333337 333.91666666666663
308.2500000000001 335.25
346.2500000000001 325.91666666666663
358.91666666666674 316.5833333333333
366.2500000000001 303.25
306.91666666666674 313.91666666666663
322.2500000000001 319.25
294.91666666666674 318.5833333333333
293.58333333333337 311.91666666666663
258.91666666666674 315.91666666666663
236.91666666666674 321.25
211.58333333333337 327.91666666666663
266.25000000000006 304.5833333333333
270.25000000000006 311.91666666666663
323.58333333333337 311.25
350.91666666666674 309.25
349.5833333333335 295.25
442.91666666666686 311.91666666666663
440.91666666666686 302.5833333333333
375.91666666666686 304.08333333333337
374.58333333333354 309.08333333333337
356.2500000000002 298.08333333333337
358.58333333333354 288.75
364.58333333333354 289.75
370.58333333333354 287.4166666666667
368.2500000000002 295.4166666666667
376.2500000000002 293.4166666666667
372.2500000000002 292.75
380.91666666666686 294.08333333333337
385.58333333333354 293.4166666666667
386.2500000000002 295.4166666666667
389.58333333333354 291.4166666666667
388.58333333333354 289.4166666666667
394.2500000000002 289.08333333333337
399.91666666666686 289.75
401.91666666666686 296.75
395.91666666666686 300.4166666666667
407.58333333333354 304.08333333333337
428.58333333333354 316.4166666666667
434.58333333333354 310.08333333333337
427.58333333333354 309.4166666666667
418.58333333333354 300.08333333333337
430.58333333333354 298.08333333333337
430.2500000000002 292.4166666666667
439.2500000000002 297.08333333333337
444.91666666666686 299.08333333333337
448.2500000000002 298.08333333333337
445.91666666666686 293.08333333333337
442.2500000000002 295.08333333333337
461.91666666666686 291.75
468.58333333333354 284.75
488.2500000000002 290.08333333333337
481.58333333333354 296.08333333333337
478.58333333333354 289.75
455.58333333333354 288.08333333333337
459.5833333333335 539.9166666666667
422.2500000000002 292.75
411.2500000000002 290.08333333333337
414.91666666666686 286.4166666666667
418.2500000000002 291.08333333333337
420.2500000000002 286.75
427.2500000000002 288.08333333333337
431.91666666666686 285.08333333333337
435.2500000000002 283.75
429.91666666666686 282.08333333333337
425.2500000000002 282.08333333333337
426.2500000000002 283.75
409.91666666666686 283.4166666666667
404.2500000000002 281.4166666666667
403.91666666666686 284.08333333333337
411.91666666666686 285.75
449.2500000000002 288.75
450.58333333333354 284.4166666666667
439.58333333333354 291.4166666666667
438.2500000000002 287.75
420.91666666666686 282.75
414.58333333333354 283.4166666666667
401.58333333333354 286.75
438.58333333333354 284.4166666666667
387.2500000000002 305.75
463.91666666666686 306.4166666666667
424.91666666666686 287.75
674.2500000000002 403.25
987.9343156843157 346.3998501498501
984.8653846153846 320.8254245754245
1002.255994005994 327.9862637362637
1015.5546953046952 324.91733266733263
1019.6466033966034 348.44580419580416
1003.2789710289711 499.84640359640355
720.9373126873127 309.5726773226773
745.4887612387612 309.5726773226773
724.0062437562437 302.4118381618381
761.8563936063936 308.54970029970025
770.0402097902098 322.8713786213786
751.6266233766233 327.9862637362637
725.0292207792207 332.0781718281718
785.3848651348652 334.1241258741258
784.3618881118881 315.7105394605394
808.9133366633367 320.8254245754245
816.0741758241758 304.4577922077922
799.7065434565435 303.43481518481514
856.9932567432567 306.5037462537462
842.6715784215784 339.2390109890109
828.3499000999001 327.9862637362637
828.3499000999001 315.7105394605394
898.9353146853147 315.7105394605394
906.0961538461539 308.54970029970025
708.6615884115884 301.3888611388611
703.5467032967033 308.54970029970025
428.38852813852805 642.1331168831169
866.4837662337662 529.5790043290044
