168.04545454545453 587.0340909090909
295.8863636363636 605.4431818181818
321.4545454545455 569.6477272727273
482.0227272727272 591.1249999999999
563.8409090909091 578.8522727272726
516.7954545454546 535.8977272727273
654.8636363636364 497.03409090909076
697.8181818181819 485.78409090909076
704.9772727272729 447.94318181818176
785.7727272727274 545.1022727272726
823.6136363636364 577.8295454545454
890.0909090909091 555.3295454545454
925.8863636363636 478.6249999999999
863.5000000000001 460.21590909090895
832.8181818181819 472.4886363636363
798.0454545454546 478.6249999999999
778.6136363636364 507.2613636363637
742.8181818181819 467.3749999999999
571.0000000000001 526.6931818181818
529.0681818181819 466.3522727272727
491.22727272727275 492.9431818181818
445.2045454545455 504.19318181818176
431.9090909090909 468.39772727272714
370.5454545454546 465.3295454545454
346.0 518.5113636363636
276.4545454545455 514.4204545454545
262.1363636363636 480.67045454545445
207.93181818181816 461.23863636363626
218.1590909090909 431.5795454545454
94.40909090909089 376.35227272727263
128.15909090909088 480.67045454545445
93.38636363636364 570.6704545454545
127.13636363636363 525.6704545454545
49.5 542.8011363636364
155.86363636363635 363.3125
212.62499999999997 335.1875
255.57954545454538 345.4147727272727
187.05681818181816 333.14204545454544
132.85227272727272 332.6306818181818
62.2840909090909 348.99431818181813
18.818181818181813 353.08522727272725
317.4545454545454 356.15340909090907
389.0454545454545 362.2897727272727
407.4545454545454 418.5397727272727
427.9090909090909 345.9261363636363
354.7840909090909 327.51704545454544
379.840909090909 340.8125
288.72727272727275 321.1249999999999
267.25 299.64772727272714
250.88636363636363 283.2840909090908
230.43181818181822 304.7613636363635
200.77272727272728 299.64772727272714
140.43181818181816 297.60227272727263
74.9772727272727 313.96590909090895
95.43181818181814 299.64772727272714
109.74999999999996 265.89772727272714
23.84090909090907 302.71590909090895
431.9090909090909 309.8749999999999
469.75 349.7613636363635
527.0227272727274 328.2840909090908
656.9090909090909 374.3068181818181
755.0909090909091 364.0795454545453
777.5909090909091 410.10227272727263
836.9090909090909 409.0795454545454
896.2272727272726 414.1931818181818
872.7045454545454 383.51136363636357
925.8863636363636 359.98863636363626
710.0909090909091 283.2840909090908
651.7954545454546 306.8068181818181
600.6590909090909 301.6931818181817
540.3181818181819 290.4431818181817
497.3636363636364 311.92045454545445
406.3409090909091 281.23863636363626
387.93181818181824 276.1249999999999
346.0 268.96590909090895
288.72727272727275 272.0340909090908
84.7840909090909 246.72159090909076
48.47727272727272 268.1988636363635
74.55681818181819 252.8579545454544
41.31818181818181 228.82386363636348
23.42045454545456 220.64204545454533
44.89772727272728 202.2329545454544
168.1363636363636 241.6079545454544
149.72727272727272 234.96022727272714
136.94318181818178 225.24431818181802
127.2272727272727 235.9829545454544
142.05681818181816 251.83522727272714
87.85227272727272 204.27840909090895
97.05681818181816 184.84659090909076
123.64772727272728 184.33522727272714
174.27272727272722 211.43749999999986
204.44318181818178 208.88068181818167
209.55681818181816 226.77840909090895
210.5795454545454 251.83522727272714
198.81818181818178 264.1079545454544
205.97727272727266 277.40340909090895
317.4545454545454 253.88068181818167
311.31818181818176 221.15340909090895
298.02272727272725 203.76704545454533
269.3863636363636 224.22159090909076
379.3295454545454 240.07386363636348
406.94318181818176 238.02840909090895
444.7840909090909 235.9829545454544
464.72727272727263 278.4261363636362
356.31818181818176 209.90340909090895
375.75 206.83522727272714
394.6704545454545 190.9829545454544
380.35227272727263 175.64204545454533
353.2499999999999 193.53977272727258
295.97727272727263 175.1306818181817
293.4204545454545 190.9829545454544
268.36363636363626 191.49431818181802
256.090909090909 183.82386363636348
238.7045454545454 187.91477272727258
147.17045454545453 151.6079545454544
166.60227272727272 130.64204545454533
172.22727272727272 165.9261363636362
166.09090909090904 187.40340909090895
185.0113636363636 184.33522727272714
145.12499999999997 205.3011363636362
95.52272727272725 157.74431818181802
23.42045454545456 180.75568181818167
212.11363636363635 137.28977272727258
241.2613636363636 132.68749999999983
287.7954545454545 132.68749999999983
369.10227272727263 133.71022727272714
404.89772727272725 140.86931818181802
431.48863636363626 131.66477272727258
406.94318181818176 160.3011363636362
447.340909090909 180.24431818181802
467.7954545454545 188.93749999999986
470.35227272727263 210.9261363636362
448.8749999999999 212.46022727272714
420.23863636363626 185.3579545454544
343.02272727272725 157.74431818181802
188.59090909090904 165.9261363636362
113.93181818181816 131.66477272727258
60.75 189.96022727272725
39.27272727272728 165.92613636363632
24.443181818181813 153.65340909090907
25.97727272727272 125.52840909090907
57.17045454545453 125.52840909090907
78.64772727272725 126.03977272727269
140.0113636363636 125.52840909090907
150.74999999999997 111.21022727272727
122.62499999999999 109.67613636363632
115.4659090909091 116.83522727272725
101.6590909090909 103.53977272727269
110.35227272727272 93.31249999999997
108.30681818181816 78.4829545454545
79.1590909090909 111.21022727272727
200.35227272727266 123.4829545454545
187.05681818181816 113.25568181818178
183.47727272727272 124.50568181818178
177.85227272727272 98.42613636363632
164.04545454545453 98.42613636363632
212.11363636363635 102.51704545454544
206.48863636363635 91.26704545454544
242.79545454545448 102.0056818181818
228.47727272727266 102.51704545454544
260.18181818181813 115.30113636363632
242.79545454545448 115.30113636363632
299.0454545454545 113.76704545454545
288.30681818181813 106.09659090909089
277.05681818181813 109.67613636363632
273.47727272727263 98.42613636363632
259.1590909090909 82.57386363636363
287.7954545454545 76.94886363636363
311.8295454545454 89.7329545454545
328.19318181818176 98.42613636363632
336.8863636363635 105.58522727272724
333.30681818181813 120.92613636363632
33.136363636363626 103.02840909090905
137.9659090909091 54.448863636363626
155.86363636363635 48.31249999999999
149.72727272727272 41.153409090909065
89.89772727272725 41.66477272727269
89.89772727272725 46.26704545454544
59.21590909090909 44.732954545454504
59.72727272727272 51.89204545454544
67.39772727272728 49.33522727272725
42.34090909090909 42.6875
48.47727272727272 48.823863636363626
31.602272727272723 45.24431818181813
19.840909090909093 48.31249999999999
78.64772727272725 64.67613636363632
82.22727272727272 52.403409090909065
77.625 54.448863636363626
72.51136363636363 53.42613636363632
27.511363636363626 71.32386363636363
170.18181818181816 78.99431818181816
186.54545454545453 77.46022727272725
124.67045454545455 91.77840909090907
137.4545454545454 69.78977272727269
126.71590909090911 70.30113636363632
222.34090909090904 73.36931818181816
233.0795454545454 77.46022727272725
213.1363636363636 69.78977272727269
196.77272727272722 69.78977272727269
187.05681818181816 66.21022727272725
189.10227272727272 59.05113636363632
162.5113636363636 63.653409090909065
127.2272727272727 53.42613636363632
105.23863636363635 58.028409090909065
218.7613636363636 57.51704545454544
230.0113636363636 60.073863636363626
255.57954545454538 60.073863636363626
280.6363636363636 55.982954545454504
294.44318181818176 64.67613636363632
306.715909090909 66.72159090909088
260.69318181818176 67.2329545454545
349.6704545454545 100.47159090909086
339.9545454545454 94.84659090909088
338.93181818181813 84.1079545454545
351.2045454545454 81.03977272727269
355.80681818181813 73.88068181818178
368.0795454545454 71.83522727272725
360.9204545454545 64.16477272727269
371.6590909090909 60.58522727272725
397.22727272727263 67.2329545454545
388.02272727272725 75.92613636363632
375.23863636363626 80.52840909090907
384.44318181818176 95.86931818181816
368.590909090909 107.11931818181817
400.2954545454545 119.90340909090907
389.0454545454545 125.52840909090907
420.23863636363626 116.83522727272725
418.7045454545454 104.05113636363632
418.7045454545454 93.31249999999997
409.4999999999999 76.94886363636363
413.590909090909 71.32386363636363
368.590909090909 34.50568181818181
327.68181818181813 76.94886363636363
383.1647727272727 51.764204545454525
411.8011363636363 64.80397727272725
482.0227272727272 261.8068181818181
527.0227272727274 264.8749999999999
567.9318181818184 276.1249999999999
607.8181818181819 254.64772727272714
592.4772727272729 236.23863636363626
566.9090909090909 174.87499999999986
548.5000000000001 218.85227272727258
487.1363636363635 227.80113636363623
494.80681818181813 207.85795454545442
524.465909090909 181.77840909090895
540.8295454545454 204.7897727272726
536.7386363636363 149.5624999999999
520.3749999999999 162.85795454545442
507.590909090909 152.11931818181807
470.2613636363635 139.33522727272714
520.3749999999999 135.7556818181817
508.10227272727263 128.59659090909076
502.98863636363626 125.01704545454533
498.89772727272714 116.32386363636351
483.55681818181813 118.8806818181817
549.0113636363635 129.61931818181807
577.6477272727271 135.24431818181807
574.0681818181818 125.01704545454533
591.965909090909 130.64204545454533
621.1136363636363 132.6874999999999
649.7499999999999 130.64204545454533
679.4090909090908 130.64204545454533
700.3749999999999 143.42613636363623
712.1363636363635 184.33522727272714
701.9090909090908 178.71022727272714
698.3295454545454 195.0738636363635
689.1249999999999 181.77840909090895
691.6818181818181 217.0624999999999
709.5795454545454 231.3806818181817
722.3636363636363 257.97159090909076
656.9090909090909 242.11931818181804
631.8522727272726 189.96022727272714
626.7386363636363 213.48295454545442
608.840909090909 206.3238636363635
640.5454545454545 170.01704545454533
620.090909090909 163.36931818181807
601.6818181818181 161.83522727272714
596.0568181818181 181.77840909090895
551.5681818181818 157.23295454545442
681.965909090909 260.0170454545453
573.5568181818181 244.16477272727263
522.9318181818181 225.7556818181817
501.4545454545454 229.33522727272714
668.1590909090909 157.48863636363626
521.3977272727274 120.41477272727269
540.318181818182 108.14204545454542
486.1136363636365 102.0056818181818
495.318181818182 96.89204545454544
464.63636363636374 123.4829545454545
576.6250000000001 102.0056818181818
582.7613636363637 92.28977272727269
562.3068181818182 96.89204545454544
552.0795454545456 96.89204545454544
547.4772727272729 87.68749999999997
554.1250000000001 105.58522727272724
601.6818181818182 99.96022727272725
597.0795454545455 112.74431818181816
631.3409090909092 102.0056818181818
620.0909090909092 78.99431818181816
605.2613636363637 87.68749999999997
544.409090909091 63.142045454545446
509.1250000000001 50.86931818181813
505.5454545454546 43.71022727272725
488.159090909091 36.03977272727269
473.84090909090924 37.573863636363626
461.05681818181836 44.732954545454504
453.38636363636374 49.33522727272725
447.76136363636374 59.05113636363632
436.51136363636374 56.49431818181813
430.3750000000001 44.732954545454504
426.284090909091 53.9375
432.93181818181836 64.16477272727269
531.1136363636365 55.47159090909088
524.4659090909092 53.42613636363632
493.27272727272737 62.630681818181785
485.09090909090924 87.68749999999997
464.1250000000001 80.52840909090907
522.4204545454546 77.46022727272725
527.0227272727274 98.42613636363632
539.8068181818182 71.83522727272725
564.3522727272729 65.18749999999997
594.5227272727274 77.46022727272725
589.409090909091 59.05113636363632
601.1704545454546 54.448863636363626
624.1818181818182 59.05113636363632
616.0000000000001 59.05113636363632
680.9431818181819 111.72159090909088
654.3522727272729 103.53977272727269
653.8409090909091 94.84659090909088
642.5909090909091 93.82386363636363
648.2159090909091 86.66477272727269
640.5454545454546 80.52840909090907
640.5454545454546 71.83522727272725
633.8977272727274 73.36931818181816
677.8750000000001 91.26704545454544
667.1363636363637 82.57386363636363
698.3295454545456 79.50568181818178
680.9431818181819 67.2329545454545
688.1022727272729 54.448863636363626
698.3295454545456 69.78977272727269
697.8181818181819 60.073863636363626
725.9431818181819 95.86931818181816
723.8977272727274 84.1079545454545
723.8977272727274 76.94886363636363
734.6363636363637 71.83522727272725
741.284090909091 76.94886363636363
753.5568181818182 72.34659090909088
773.5000000000001 69.78977272727269
735.1477272727274 104.56249999999999
751.5113636363637 92.28977272727269
760.7159090909091 99.96022727272725
770.4318181818182 102.0056818181818
693.2159090909092 102.51704545454544
709.0681818181819 97.40340909090907
699.3522727272729 91.77840909090907
647.1931818181819 48.31249999999999
625.2045454545455 41.153409090909065
656.909090909091 56.49431818181813
558.7272727272729 39.107954545454504
489.18181818181836 45.755681818181806
468.21590909090924 58.028409090909065
459.52272727272737 55.47159090909088
558.2159090909092 80.52840909090907
568.4431818181819 73.88068181818178
768.3863636363637 52.403409090909065
664.0681818181819 69.78977272727269
759.6931818181819 61.09659090909088
740.7727272727274 49.33522727272725
727.4772727272729 50.86931818181813
733.6136363636365 45.755681818181806
721.8522727272729 43.19886363636362
716.7386363636365 34.50568181818181
588.8977272727274 46.26704545454544
562.8181818181819 53.42613636363632
530.0909090909092 44.732954545454504
536.2272727272729 40.13068181818181
499.409090909091 33.99431818181813
719.0397727272729 134.86079545454538
740.5170454545456 136.90624999999994
755.346590909091 134.60511363636357
758.4147727272729 151.99147727272725
758.9261363636365 179.09374999999994
767.3636363636365 201.84943181818176
794.9772727272727 198.26988636363632
788.8409090909092 149.43465909090907
711.880681818182 119.26420454545449
697.818181818182 123.09943181818176
810.0625000000001 142.78693181818176
783.6363636363636 116.83522727272725
764.715909090909 120.92613636363632
790.2840909090909 96.89204545454544
819.4318181818181 104.56249999999999
809.715909090909 99.96022727272725
830.6818181818181 118.36931818181816
844.9999999999999 125.52840909090907
830.6818181818181 143.42613636363635
850.625 147.00568181818178
797.4431818181818 81.03977272727269
850.625 88.71022727272725
858.8068181818181 96.89204545454544
869.5454545454545 105.58522727272724
848.0681818181818 110.18749999999997
850.1136363636363 100.9829545454545
820.4545454545454 89.22159090909088
834.7727272727273 79.50568181818178
827.6136363636363 73.36931818181816
873.6363636363636 89.22159090909088
863.4090909090909 82.57386363636363
861.3636363636363 75.41477272727269
894.6022727272726 89.22159090909088
907.8977272727273 103.02840909090905
918.1249999999999 92.8011363636363
909.9431818181818 91.26704545454544
936.5340909090909 116.83522727272725
924.2613636363636 116.83522727272725
887.4431818181818 106.09659090909089
896.6477272727273 118.36931818181816
882.840909090909 139.84659090909088
867.5 127.5738636363636
857.7840909090909 132.68749999999997
871.0795454545454 176.15340909090907
841.4204545454545 184.84659090909088
821.9886363636363 166.9488636363636
827.6136363636363 196.6079545454545
827.1022727272726 212.46022727272728
795.3977272727273 223.1988636363636
779.5454545454545 239.56249999999994
771.8749999999999 263.5965909090909
731.4772727272726 247.7443181818182
796.9318181818181 263.08522727272725
824.0340909090909 273.8238636363636
839.3749999999999 256.9488636363636
854.2045454545454 263.08522727272725
879.7727272727273 260.01704545454544
863.4090909090909 248.7670454545454
863.9204545454545 223.71022727272725
903.8068181818181 206.3238636363636
882.3295454545454 222.68749999999997
934.9999999999999 256.43749999999994
940.1136363636363 199.16477272727272
942.1590909090909 164.39204545454544
919.1477272727273 141.89204545454544
909.9431818181818 184.84659090909088
820.965909090909 145.47159090909088
811.7613636363635 56.87784090909089
784.1477272727271 55.85511363636363
812.3636363636364 362.0340909090908
573.0454545454546 446.9204545454545
616.0000000000001 446.9204545454545
645.6590909090909 425.44318181818176
640.5454545454546 462.26136363636357
607.8181818181819 558.3977272727273
572.0227272727274 399.8749999999999
532.1363636363636 425.44318181818176
484.06818181818187 417.2613636363635
527.0227272727274 248.51136363636348
477.93181818181824 243.3977272727271
936.5340909090909 93.31249999999997
944.2045454545454 81.55113636363632
928.8636363636363 66.21022727272725
917.1022727272726 69.78977272727269
906.3636363636363 73.36931818181816
870.0568181818181 66.21022727272725
870.5681818181818 52.91477272727269
942.6704545454545 67.2329545454545
913.0113636363636 35.528409090909065
912.4999999999999 48.31249999999999
919.6590909090909 30.41477272727269
820.4545454545454 27.346590909090878
840.9090909090909 35.528409090909065
713.0681818181818 50.357954545454504
789.7727272727273 39.107954545454504
784.1477272727273 39.107954545454504
784.6590909090909 44.732954545454504
797.9545454545454 29.39204545454544
556.5909090909091 66.72159090909088
606.7045454545454 81.55113636363632
223.87499999999997 126.03977272727258
218.7613636363636 113.7670454545453
22.39772727272728 109.16477272727258
52.05681818181819 100.98295454545439
51.54545454545453 90.24431818181802
112.39772727272725 70.81249999999983
195.6590909090909 88.19886363636363
268.27272727272725 63.142045454545446
269.2954545454545 85.13068181818178
285.6590909090909 95.86931818181816
449.2954545454545 76.94886363636363
450.31818181818176 96.38068181818178
433.44318181818176 109.67613636363632
437.5340909090909 98.42613636363632
437.02272727272725 81.55113636363632
318.89772727272725 52.91477272727269
327.0795454545454 41.153409090909065
290.2613636363636 32.97159090909088
76.0909090909091 73.88068181818178
629.2954545454546 85.13068181818178
619.0681818181819 89.7329545454545
705.4886363636364 86.15340909090907
742.8181818181819 421.35227272727263
182.36363636363635 288.39772727272714
840.0965909090909 96.25284090909089
843.1647727272727 91.90624999999999
791.0929070929072 129.25224775224768
804.5334665334666 124.45204795204785
247.71028971028971 156.13336663336656
44.18181818181822 126.3721278721278
336.99400599400605 59.16933066933051
345.6343656343657 48.60889110889092
