92.33012658227851 32.219312839059775
92.33012658227851 32.219312839059775
120.40448462929477 109.96368896925871
146.31927667269443 153.15500904159137
203.5477757685353 108.88390596745037
397.9087160940325 21.42148282097661
478.8924412296564 28.97996383363481
54.53772151898738 146.67631103074146
254.29757685352624 152.0752260397831
297.48889692585885 176.91023508137442
342.83978300180826 144.51674502712484
377.3928390596745 116.44238698010857
303.96759493670885 109.96368896925871
574.9931283905967 34.37887884267639
604.1472694394212 77.57019891500914
665.6949005424954 30.059746835443157
565.2750813743218 89.44781193490066
820.1038698010849 147.7560940325498
876.2525858951174 154.23479204339972
894.6088969258589 54.894755877034456
970.1937070524411 66.77236889692597
1003.666980108499 165.0326220614829
1002.5871971066906 233.05895117540695
927.0023869801083 241.6972151898735
900.0078119349004 207.1441591320073
781.2316817359854 169.35175406871613
738.0403616636527 190.94741410488254
718.6042676311031 248.17591320072333
750.9977576853524 311.88311030741414
911.8854249547919 297.845931283906
956.1565280289329 283.8087522603979
382.79175406871605 317.28202531645576
311.5260759493671 297.845931283906
367.67479204339963 244.93656419529844
400.06828209764916 387.46792043399637
435.7011211573236 366.9520433996384
490.7700542495478 349.6755153707053
563.1155153707052 311.88311030741414
614.9450994575043 309.72354430379755
654.8970705244121 335.63833634719714
631.1418444846292 242.77699819168177
647.338589511754 158.55392405063296
551.2379023508137 252.49504520795665
580.3920433996383 271.93113924050635
515.6050632911391 302.16506329113935
464.8552622061482 238.45786618444853
620.3440144665461 527.8397106690777
593.3494394213382 500.8451356238698
584.7111754068716 447.93576853526224
465.9350452079566 521.3610126582279
406.5469801084991 647.695623869801
296.4091139240506 493.2866546112116
280.2123688969259 387.46792043399637
204.62755877034357 413.38271247739607
83.69186256781194 470.6112115732369
170.07450271247745 379.9094394213382
104.20773960217002 366.9520433996384
56.69728752260404 427.41989150090416
204.62755877034357 525.6801446654611
12.426184448462985 588.3075587703436
122.56405063291147 605.5840867992766
676.4927305605786 548.3555877034357
747.7584086799276 533.2386256781194
762.875370705244 629.3393128390596
911.8854249547919 553.7545027124773
864.3749728752258 520.2812296564196
880.5717179023507 468.4516455696203
781.2316817359854 396.10618444846295
843.8590958408679 389.627486437613
964.7947920433994 364.79247739602175
999.3478481012656 373.4307414104883
1006.9063291139239 415.54227848101266
1000.427631103074 562.3927667269439
1014.4648101265822 629.3393128390596
810.38582278481 382.0690054249548
542.5996383363471 390.70726943942134
392.50980108499095 170.43153707052448
447.5787341772151 181.22936708860763
381.7119710669078 288.12788426763115
427.0628571428571 311.88311030741414
978.8319710669076 165.0326220614829
25.38358047016281 225.50047016274866
292.0899819168173 349.6755153707053
226.22321880650998 311.88311030741414
292.0899819168173 279.4896202531647
844.8332467532468 6.040679320679213
988.0500299700301 183.01570429570424
91.92215784215784 175.34337662337646
