482.942759295499 702.8723091976516
346.1756360078278 680.3282778864971
422.8253424657534 651.7725048923679
550.5748532289629 581.1345401174168
705.3772015655579 620.2108610567515
912.7822896281803 668.304794520548
954.8644814090021 543.5611545988257
777.5181017612526 549.5728962818004
912.7822896281803 468.4143835616437
1004.4613502935422 462.4026418786692
944.3439334637967 438.355675146771
890.2382583170256 451.88209393346375
816.5944227005873 516.5083170254403
718.9036203522505 501.4789628180039
771.506360078278 444.3674168297455
819.6002935420745 430.84099804305276
881.2206457925638 405.2910958904109
888.735322896282 444.3674168297455
902.2617416829746 421.82338551859095
957.8703522504893 436.8527397260274
1013.478962818004 390.2617416829745
989.4319960861058 367.7177103718199
965.3850293542075 370.72358121330717
945.8468688845403 396.273483365949
920.2969667318985 391.76467710371816
887.2323874755382 372.2265166340508
854.1678082191781 403.7881604696673
857.1736790606656 381.24412915851264
881.2206457925638 390.2617416829745
789.5415851272016 409.79990215264183
756.4770058708416 403.7881604696673
709.8860078277887 406.7940313111545
652.7744618395304 444.3674168297455
658.786203522505 409.79990215264183
616.704011741683 511.9995107632093
577.6276908023483 490.95841487279836
565.6042074363993 454.887964774951
535.5454990215264 475.929060665362
537.04843444227 423.32632093933455
580.6335616438357 378.2382583170254
464.9075342465754 412.80577299412914
425.8312133072407 447.3732876712329
418.3165362035225 486.44960861056745
458.89579256360076 501.4789628180039
344.6727005870842 424.82925636007826
334.1521526418787 575.1227984344422
212.41438356164377 501.4789628180039
269.5259295499022 468.4143835616437
292.0699608610567 468.4143835616437
308.60225048923684 423.32632093933455
286.0582191780822 385.7529354207436
200.39090019569466 420.32045009784724
218.4261252446184 409.79990215264183
153.7999021526419 430.84099804305276
108.71183953033261 454.887964774951
87.67074363992168 493.96428571428567
18.535714285714278 451.88209393346375
84.66487279843443 424.82925636007826
140.27348336594906 382.7470645792563
84.66487279843443 378.2382583170254
105.70596868884542 337.6590019569471
179.34980430528373 373.7294520547945
191.37328767123284 391.76467710371816
210.91144814090018 369.2206457925635
252.99363992172215 369.2206457925635
249.98776908023484 342.167808219178
269.5259295499022 352.6883561643835
299.5846379647749 346.67661448140893
317.61986301369865 351.18542074363984
323.63160469667315 369.2206457925635
370.222602739726 406.7940313111545
388.25782778864976 394.7705479452054
427.3341487279843 399.2793542074363
440.86056751467714 384.24999999999994
454.38698630136986 360.2030332681017
493.4633072407045 379.74119373776904
513.0014677103718 396.273483365949
526.5278864970646 378.2382583170254
555.0836594911937 379.74119373776904
562.5983365949119 391.76467710371816
631.7333659491194 358.70009784735805
661.7920743639922 379.74119373776904
637.745107632094 384.24999999999994
679.8272994129159 367.7177103718199
688.8449119373777 379.74119373776904
742.9505870841488 370.72358121330717
756.4770058708416 357.1971624266144
794.0503913894327 363.20890410958896
816.5944227005873 388.7588062622309
872.2030332681018 346.67661448140893
891.7411937377692 349.68248532289624
933.8233855185911 352.6883561643835
911.2793542074364 346.67661448140893
959.3732876712329 342.167808219178
984.923189823875 352.6883561643835
136.39090019569474 335.4045988258316
171.70988258317024 339.9134050880625
182.23043052837576 353.43982387475523
217.54941291585126 350.433953033268
231.82729941291583 342.9192759295498
213.79207436399216 333.1501956947161
369.345890410959 372.22651663405077
393.3928571428572 374.4809197651662
393.3928571428572 363.96037181996076
389.6355185909981 357.19716242661434
406.91927592954994 353.43982387475523
445.2441291585128 353.43982387475523
431.71771037182 351.93688845401164
423.45156555772996 337.659001956947
375.3576320939335 345.9251467710371
351.31066536203525 341.4163405088061
324.2578277886497 334.65313111545976
325.0092954990216 325.6355185909979
393.3928571428572 327.1384540117416
407.67074363992174 333.1501956947161
464.0308219178082 346.6766144814089
462.5278864970646 332.3987279843443
447.4985322896282 333.1501956947161
476.80577299412926 336.1560665362034
476.80577299412926 362.4574363992171
509.1188845401175 357.19716242661434
500.8527397260275 345.1736790606652
503.8586105675147 334.65313111545976
507.6159491193738 327.1384540117416
500.8527397260275 318.87230919765153
487.32632093933466 328.6413894324852
472.29696673189835 316.6179060665361
370.8488258317026 335.4045988258316
361.079745596869 332.3987279843443
352.06213307240705 322.62964774951064
343.04452054794524 330.14432485322885
363.33414872798437 322.62964774951064
373.8546966731899 323.3811154598825
364.08561643835617 312.1090998043052
384.3752446183953 320.3752446183952
391.8899217221135 312.860567514677
404.66487279843454 307.60029354207427
390.3869863013699 302.3400195694715
383.6237769080235 304.59442270058696
376.1090998043053 304.59442270058696
366.3400195694717 299.33414872798426
355.81947162426616 297.83121330724055
358.07387475538167 304.59442270058696
355.06800391389436 309.85469667318966
340.79011741682984 309.85469667318966
351.31066536203525 306.0973581213306
343.04452054794524 300.83708414872785
337.78424657534254 316.6179060665361
319.7490215264188 312.1090998043052
318.997553816047 318.12084148727973
304.7196673189824 317.3693737769079
307.7255381604697 302.3400195694715
294.95058708414876 301.58855185909965
294.95058708414876 318.12084148727973
264.1404109589041 329.392857142857
275.41242661448143 327.1384540117416
270.15215264187873 309.85469667318966
256.6257338551859 318.87230919765153
245.3537181996086 329.392857142857
227.31849315068493 329.392857142857
231.82729941291583 318.87230919765153
240.0934442270059 316.6179060665361
240.0934442270059 309.85469667318966
249.8625244618395 306.0973581213306
259.6316046966732 307.60029354207427
224.31262230919768 308.35176125244607
217.54941291585126 320.3752446183952
202.5200587084149 332.3987279843443
195.75684931506848 330.8957925636007
200.26565557729944 318.12084148727973
195.75684931506848 311.3576320939334
205.52592954990214 308.35176125244607
194.25391389432488 304.59442270058696
204.77446183953035 300.83708414872785
178.47309197651666 323.3811154598825
153.67465753424656 318.12084148727973
151.4202544031311 339.1619373776907
86.79403131115461 338.41046966731886
63.49853228962817 357.19716242661434
55.23238747553816 374.4809197651662
14.653131115459871 332.3987279843443
3.3811154598825794 333.90166340508796
40.95450097847356 346.6766144814089
58.98972602739727 337.659001956947
46.96624266144812 325.6355185909979
40.95450097847356 315.1149706457925
37.19716242661448 306.0973581213306
14.653131115459871 311.3576320939334
24.422211350293537 309.85469667318966
73.26761252446184 318.87230919765153
95.81164383561642 318.12084148727973
113.8468688845401 309.85469667318966
86.04256360078276 306.0973581213306
131.88209393346378 300.83708414872785
140.89970645792565 312.860567514677
149.16585127201566 311.3576320939334
144.65704500978475 299.33414872798426
104.07778864970643 304.59442270058696
157.43199608610567 301.58855185909965
163.44373776908023 311.3576320939334
179.22455968688845 306.8488258317024
172.4613502935421 306.8488258317024
56.735322896281815 299.33414872798426
41.70596868884539 297.07974559686875
425.7059686888455 313.61203522504877
131.88209393346378 316.6179060665361
24.359589041095873 294.8253424657533
9.705968688845374 300.46135029354195
11.584637964774927 293.69814090019554
78.84099804305285 300.83708414872785
68.69618395303328 296.70401174168285
103.63943248532291 293.32240704500964
95.7490215264188 290.31653620352233
47.2793542074364 290.6922700587083
71.70205479452056 307.2245596868883
54.418297455968684 312.4848336594911
123.17759295499025 302.7157534246574
161.50244618395308 313.9877690802347
180.66487279843452 300.08561643835606
173.1501956947163 299.3341487279842
206.9662426614482 295.2010763209392
111.20917930528377 297.9633072407043
132.65462940313114 288.5020792563599
235.78201443248537 297.9633072407043
541.1448140900195 342.09540117416833
535.1369863013698 328.878180039139
526.7260273972603 332.48287671232885
518.3150684931506 324.07191780821927
524.3228962818004 313.25782778864976
557.9667318982387 322.87035225048936
545.9510763209393 316.8625244618396
580.7964774951076 340.8938356164384
565.1761252446183 316.8625244618396
556.7651663405088 357.7157534246576
536.3385518590998 357.7157534246576
607.2309197651663 361.3204500978474
626.4559686888454 338.49070450097855
616.8434442270059 346.9016634050882
616.8434442270059 331.2813111545989
598.8199608610568 332.48287671232885
598.8199608610568 320.46722113502943
586.8043052837573 324.07191780821927
691.3405088062622 346.9016634050882
655.2935420743639 349.304794520548
652.8904109589041 332.48287671232885
664.9060665362035 336.0875733855187
709.3639921722113 336.0875733855187
704.5577299412915 319.26565557729947
745.4109589041096 349.304794520548
718.9765166340509 350.50636007827796
329.66927592954994 303.6453033268102
105.70743639921727 246.87133072407056
80.17416829745602 258.43639921722126
83.77886497064586 257.68542074364007
64.70401174168305 257.0846379647751
56.1428571428572 263.6932485322898
55.542074363992235 267.89872798434453
44.72798434442276 256.6340508806263
43.676614481409054 266.84735812133084
44.42759295499027 277.36105675146786
49.68444227005876 274.5073385518592
47.88209393346386 271.80381604696686
59.747553816047024 277.2108610567516
75.21771037182003 274.5073385518592
74.0161448140901 278.41242661448155
77.17025440313117 277.66144814090035
70.26125244618402 276.6100782778866
96.5454990215265 273.90655577299424
109.76272015655584 277.81164383561656
91.43884540117423 275.5587084148729
62.90166340508812 288.0249510763211
99.6996086105676 291.32925636007843
86.03180039138951 288.3253424657536
110.3635029354208 284.72064579256374
111.86545988258322 291.32925636007843
13.787671232876761 260.53913894324864
37.36839530332687 286.8233855185911
49.38405088062628 282.4677103718201
26.103718199608664 286.8233855185911
35.56604696673195 283.96966731898254
37.22193003913896 295.2343444227007
4.1788772015655695 268.4995107632095
2.8271159491193885 292.23043052837585
29.41175391389435 280.8155577299414
24.905883072407065 276.0092954990217
8.68474804305285 271.9540117416831
86.33592221135032 296.28571428571445
75.3716364970646 289.5269080234835
100.85359589041101 280.2147749510765
123.6833414872799 295.68493150684947
90.49009295499027 293.2818003913896
89.88931017612532 284.87084148728
86.43480919765173 280.5151663405089
99.50183463796483 286.9735812133074
138.85310665362042 275.55870841487297
138.40251956947168 267.4481409001958
139.9044765166341 284.87084148728
126.98764677103725 289.827299412916
116.47394814090026 285.47162426614494
81.02776418786698 286.0724070450099
122.22896281800394 281.8669275929552
168.6394324853229 276.4598825831705
153.7700587084149 293.58219178082214
149.2641878669276 289.6771037181998
140.1022504892368 294.1829745596871
147.01125244618396 288.02495107632114
151.36692759295502 280.0645792563603
161.73043052837576 285.6218199608613
163.2323874755382 297.186888454012
175.9990215264188 290.8786692759298
166.837084148728 281.716731898239
183.05821917808223 282.7681017612527
192.67074363992174 292.98140900195716
192.97113502935423 272.2544031311157
101.87744618395305 302.4437377690805
116.22113502935426 282.4677103718202
133.49363992172218 281.26614481409024
130.79011741682982 284.7206457925638
129.58855185909988 280.8155577299415
154.82142857142864 285.3214285714288
158.87671232876718 294.63356164383583
136.87304305283766 302.7441291585129
163.90826810176134 279.61399217221157
153.09417808219186 278.1120352250491
147.08635029354215 273.90655577299435
158.20083170254412 278.1120352250491
151.29182974559694 298.23825831702567
190.94349315068501 284.7206457925638
199.95523483365957 296.13551859099823
191.2438845401175 299.4398238747556
184.9356653620353 294.03277886497085
181.33096868884547 289.2265166340511
186.73801369863023 287.72455968688865
182.23214285714295 276.9104696673192
178.02666340508816 278.1120352250491
181.030577299413 281.71673189823895
179.82901174168305 283.51908023483384
211.97089041095902 276.9104696673192
217.37793542074374 276.6100782778867
223.38576320939345 276.6100782778867
228.79280821917817 275.1081213307243
226.6900684931508 266.9975538160472
221.28302348336607 272.7049902152644
208.36619373776918 271.803816046967
204.46110567514685 276.9104696673192
211.97089041095902 323.77152641878695
233.59907045009797 303.0445205479454
233.59907045009797 293.43199608610587
216.17636986301378 301.2421722113505
221.58341487279856 287.12377690802373
214.67441291585138 292.8312133072409
230.89554794520555 287.72455968688865
224.88772015655584 283.51908023483384
224.5873287671234 290.1276908023485
225.78889432485332 296.4359099804308
165.41022504892376 307.2500000000002
154.5961350293543 307.5503913894327
145.28400195694724 279.3136007827791
239.40166340508804 294.03277886497074
244.5083170254403 291.3292563600784
236.3977495107632 290.1276908023484
243.00636007827788 283.5190802348337
271.2431506849315 295.8351272015657
268.23923679060664 304.8468688845402
258.6267123287671 300.6413894324854
253.82045009784733 297.3370841487281
260.1286692759295 285.92221135029365
298.57876712328766 297.3370841487281
283.8595890410959 295.2343444227007
276.9505870841487 288.3253424657535
279.95450097847356 285.32142857142867
267.33806262230917 287.72455968688854
287.16389432485323 282.6179060665363
312.396771037182 297.3370841487281
307.8909001956947 300.6413894324854
315.1002935420744 291.3292563600784
323.51125244618396 295.53473581213314
321.4085127201565 305.74804305283766
334.6257338551859 302.1433463796478
334.9261252446184 289.827299412916
342.135518590998 289.827299412916
332.5229941291585 295.8351272015657
329.51908023483367 288.9261252446185
374.277397260274 295.2343444227007
392.6012720156556 291.93003913894336
387.19422700587086 286.82338551859107
383.8899217221135 274.5073385518592
376.68052837573384 272.4045988258318
374.277397260274 278.4124266144815
368.56996086105676 278.4124266144815
366.4672211350294 274.2069471624267
363.46330724070447 281.11594911937385
338.8312133072407 282.6179060665363
330.7206457925636 275.7089041095891
303.08463796477497 278.712818003914
296.4760273972603 275.7089041095891
283.5591976516634 275.7089041095891
271.543542074364 277.8116438356165
306.68933463796475 275.7089041095891
319.30577299412914 278.4124266144815
398.3087084148728 300.04060665362044
390.7989236790607 274.2069471624267
398.0083170254403 274.5073385518592
282.6580234833659 312.35665362035235
277.5513698630137 298.53864970645805
249.91536203522503 276.3096868884541
257.42514677103713 278.712818003914
410.92514677103713 324.67270058708425
422.03962818003913 323.1707436399218
437.0591976516634 326.47504892367914
432.8537181996086 333.68444227005875
454.78228962818 323.1707436399218
447.57289628180035 318.66487279843454
439.76272015655576 311.75587084148736
440.66389432485323 305.44765166340517
446.97211350293543 303.94569471624277
456.8850293542074 305.1472602739727
454.78228962818 300.94178082191786
463.19324853228966 292.2304305283758
464.0944227005871 310.5543052837574
476.410469667319 302.4437377690803
472.20499021526416 300.6413894324854
483.61986301369865 292.8312133072408
481.2167318982388 288.02495107632103
472.5053816046967 290.1276908023484
471.9045988258317 294.93395303326815
483.92025440313114 302.7441291585128
489.62769080234835 314.7597847358122
499.54060665362033 309.3527397260275
506.44960861056757 310.8546966731899
511.55626223091974 306.04843444227015
501.94373776908026 295.53473581213314
502.8449119373777 294.33317025440317
521.4691780821918 302.7441291585128
513.3586105675147 297.6374755381605
509.75391389432485 296.4359099804306
525.9750489236791 297.0366927592956
532.5836594911938 298.538649706458
533.4848336594912 304.2460861056752
548.804794520548 298.538649706458
543.9985322896282 304.2460861056752
540.6942270058709 310.8546966731899
532.5836594911938 311.1550880626224
413.62866927592955 299.74021526418795
417.83414872798437 303.0445205479453
462.8928571428571 319.86643835616445
440.06311154598825 301.24217221135035
431.0513698630137 300.3409980430529
431.6521526418787 295.53473581213314
423.2411937377691 297.0366927592956
425.3439334637965 290.1276908023484
430.4505870841487 288.92612524461845
440.66389432485323 292.2304305283758
447.57289628180035 287.12377690802356
441.56506849315065 288.02495107632103
427.74706457925635 283.21868884540123
428.3478473581213 279.0132093933464
418.4349315068493 280.51516634050887
411.5259295499021 284.7206457925637
414.2294520547945 281.71673189823883
406.7196673189824 279.6139921722114
404.9173189823874 280.2147749510764
409.12279843444225 276.6100782778866
416.93297455968684 273.6061643835617
407.32045009784736 272.4045988258318
403.11497064579254 272.4045988258318
399.20988258317027 279.6139921722114
392.3008806262231 282.6179060665363
370.37230919765165 283.8194716242662
365.56604696673185 290.7284735812134
355.65313111545987 278.4124266144815
349.3449119373777 278.712818003914
353.55039138943243 275.40851272015664
349.94569471624266 274.80772994129165
342.4359099804305 275.40851272015664
374.277397260274 268.49951076320946
395.30479452054794 271.2030332681018
424.7431506849315 273.6061643835617
436.7588062622309 275.7089041095891
433.75489236790605 274.50733855185916
440.06311154598825 274.50733855185916
446.07093933463796 272.4045988258318
451.4779843444227 276.6100782778866
447.8732876712329 276.0092954990216
453.58072407045006 277.511252446184
454.78228962818 269.7010763209394
460.79011741682973 274.50733855185916
470.4026418786693 274.2069471624267
467.9995107632094 282.6179060665363
447.8732876712329 299.13943248532297
474.9085127201565 277.511252446184
471.9045988258317 280.51516634050887
478.21281800391387 275.7089041095891
480.3155577299413 273.30577299412926
484.5210371819961 275.40851272015664
491.73043052837573 275.40851272015664
480.3155577299413 284.7206457925637
489.62769080234835 288.32534246575347
494.4339530332681 294.33317025440317
499.2402152641879 288.02495107632103
505.8488258317026 283.21868884540123
492.6316046966732 280.2147749510764
498.03864970645793 273.9065557729942
504.9476516634051 273.30577299412926
506.149217221135 277.511252446184
522.0699608610568 275.40851272015664
514.8605675146771 284.4202544031312
510.9554794520548 285.32142857142867
512.4574363992173 288.92612524461845
536.488747553816 291.3292563600784
544.5993150684932 291.6296477495108
548.204011741683 287.12377690802356
539.7930528375734 282.31751467710376
534.3860078277887 274.50733855185916
405.81849315068496 296.4359099804306
400.4114481409002 292.2304305283758
403.7157534246575 302.4437377690803
418.1345401174168 286.2226027397261
404.616927592955 286.2226027397261
678.5738747553817 325.87426614481416
682.7793542074364 320.7676125244619
690.8899217221136 326.17465753424665
692.992661448141 313.85861056751475
703.2059686888455 312.9574363992173
720.3282778864972 314.4593933463797
721.529843444227 329.478962818004
728.4388454011743 334.5856164383563
750.9681996086107 330.68052837573396
739.2529354207437 332.48287671232885
732.644324853229 321.66878669275934
740.4545009784737 303.3449119373778
750.6678082191781 313.2578277886498
757.5768101761254 309.6531311154599
766.2881604696674 321.3683953033269
776.2010763209394 322.2695694716243
778.0034246575343 328.5777886497066
802.0347358121332 320.46722113502943
785.5132093933464 345.09931506849324
823.3625244618397 331.8820939334639
816.753913894325 317.4633072407046
823.6629158512721 310.5543052837574
816.4535225048925 310.8546966731899
819.7578277886498 296.1355185909981
798.4300391389434 303.0445205479453
782.2089041095892 310.8546966731899
773.497553816047 305.44765166340517
784.612035225049 299.43982387475546
775.6002935420745 294.6335616438357
753.9721135029355 302.7441291585128
732.3439334637966 306.94960861056757
721.529843444227 306.64921722113513
715.8224070450099 304.8468688845402
710.7157534246576 304.8468688845402
689.0875733855187 309.6531311154599
684.8820939334639 309.6531311154599
688.1863992172212 303.6453033268102
667.7597847358122 315.66095890410963
674.3683953033269 324.37230919765176
656.9456947162428 319.56604696673196
649.7363013698631 319.56604696673196
633.8155577299414 317.76369863013707
621.199119373777 312.05626223091986
642.8272994129159 305.74804305283766
627.8077299412917 306.34882583170264
615.1912915851273 302.1433463796478
618.795988258317 294.03277886497074
628.7089041095891 298.2382583170255
638.3214285714287 298.2382583170255
641.3253424657535 294.93395303326815
649.1355185909981 297.0366927592956
662.6531311154599 297.3370841487281
657.5464774951078 296.1355185909981
672.566046966732 300.3409980430529
679.7754403131116 297.3370841487281
687.8860078277887 296.1355185909981
626.9065557729942 288.92612524461845
616.6932485322897 290.4280821917809
616.0924657534247 283.5190802348337
621.199119373777 284.7206457925637
618.795988258317 276.30968688845405
631.712818003914 269.40068493150693
639.2226027397261 276.6100782778866
638.0210371819961 279.0132093933464
646.4319960861058 271.5034246575343
655.4437377690804 270.6022504892369
695.6961839530334 273.6061643835617
624.5034246575343 270.0014677103719
718.2255381604698 274.80772994129165
749.1658512720157 269.7010763209394
763.2842465753425 270.30185909980435
761.4818982387476 279.9143835616439
817.3546966731899 285.32142857142867
800.2323874755382 289.52690802348343
803.5366927592956 279.31360078277896
783.4104696673191 277.8116438356165
790.9202544031311 277.8116438356165
738.3517612524463 282.6179060665363
728.4388454011743 280.2147749510764
731.4427592954992 291.0288649706459
734.7470645792564 282.6179060665363
714.6208414872799 279.31360078277896
723.332191780822 280.81555772994136
711.9173189823875 275.7089041095891
717.9251467710372 285.32142857142867
703.2059686888455 296.1355185909981
705.6090998043054 304.5464774951077
697.7989236790607 306.64921722113513
702.6051859099805 309.6531311154599
679.7754403131116 306.94960861056757
677.0719178082193 315.0601761252447
668.9613502935422 309.6531311154599
668.3605675146772 294.6335616438357
673.4672211350294 291.6296477495108
670.1629158512721 287.72455968688854
679.7754403131116 285.32142857142867
692.0914872798435 284.1198630136987
705.6090998043054 287.72455968688854
697.7989236790607 278.4124266144815
689.6883561643837 280.51516634050887
663.5543052837575 285.32142857142867
705.0083170254404 278.112035225049
710.1149706457927 289.52690802348343
711.6169275929551 282.31751467710376
748.2646771037183 284.1198630136987
750.3674168297457 289.8272994129159
744.6599804305284 291.0288649706459
744.6599804305284 297.0366927592956
745.8615459882584 309.3527397260275
750.6678082191781 323.4711350293543
651.2382583170255 308.7519569471625
764.7787426614482 349.90557729941304
824.8570205479452 323.17074363992185
823.6554549902153 318.96526418786704
836.5722847358122 333.0836594911938
843.1808953033269 343.29696673189835
834.1691536203523 347.5024461839531
827.5605430528376 362.52201565557743
855.7973336594912 346.6012720156557
851.5918542074364 332.78326810176134
840.777764187867 323.77152641878683
846.4852005870841 321.9691780821919
856.3981164383563 317.4633072407046
848.8883317025441 315.3605675146772
855.1965508806263 310.55430528375746
850.089897260274 308.15117416829753
853.6945939334639 303.6453033268103
851.291462818004 293.73238747553825
842.2797211350294 304.8468688845402
836.8726761252447 309.052348336595
829.0625 313.2578277886498
831.4656311154599 303.94569471624277
826.9597602739727 300.6413894324854
841.378546966732 295.2343444227007
831.1652397260275 282.6179060665363
857.9000733855187 291.3292563600784
809.236668297456 287.1237769080236
807.7347113502935 304.54647749510775
792.7151418786693 320.7676125244619
792.4147504892369 329.478962818004
805.3315802348337 342.3957925636009
857.2992906066537 277.81164383561656
838.9754158512721 282.6179060665363
766.5059931506851 302.59393346379653
762.6009050880627 292.8312133072408
770.1106898238748 284.4202544031312
773.5651908023484 277.8116438356165
581.9229452054796 309.2025440313113
575.0139432485323 310.10371819960875
592.136252446184 311.90606653620364
608.9581702544032 312.2064579256362
604.9028864970646 305.7480430528377
599.6460371819962 300.6413894324855
597.6934931506851 294.6335616438358
590.4840998043054 297.03669275929565
584.9268590998043 294.4833659491195
577.867661448141 291.17906066536216
558.9430039138944 297.78767123287685
539.1171722113504 294.3331702544033
580.2707925636008 285.6218199608612
573.2115949119375 285.3214285714287
610.6103228962819 283.2186888454013
601.4483855185911 283.81947162426627
609.8593444227007 269.8512720156557
549.3304794520549 282.7681017612526
559.2433953033269 280.6653620352252
592.812133072407 285.6218199608611
590.4090019569471 277.2108610567515
654.091976516634 277.2108610567515
875.4068431568431 319.80244755244746
864.1540959040959 302.4118381618381
876.4298201798202 299.342907092907
885.6366133866135 308.54970029970025
891.7744755244754 322.87137862137854
906.8633866133866 304.4577922077921
899.1910589410588 303.94630369630363
888.9612887112887 299.85439560439556
881.288961038961 289.1131368631368
868.5017482517483 286.0442057942057
848.5536963036964 276.8374125874125
872.0821678321679 279.39485514485506
861.340909090909 278.371878121878
882.311938061938 279.90634365634355
889.9842657342657 289.1131368631368
902.7714785214785 290.6476023976023
894.0761738261738 284.50974025974017
911.9782717282717 286.55569430569426
913.0012487512488 296.7854645354645
917.0931568431567 307.5267232767232
921.1850649350649 315.19905094905084
920.6735764235764 324.91733266733263
932.9493006993007 319.80244755244746
930.3918581418582 311.1071428571428
927.8344155844156 297.296953046953
921.6965534465535 286.0442057942057
932.4378121878121 288.60164835164824
941.1331168831168 288.0901598401598
945.7365134865136 308.54970029970025
943.179070929071 321.84840159840155
950.3399100899101 318.7794705294705
932.4378121878121 338.2160339660339
881.288961038961 340.2619880119879
961.0811688311687 326.9632867132866
974.3798701298701 312.13011988011976
961.0811688311687 301.38886113886105
963.6386113886115 291.1590909090908
953.9203296703297 293.20504495504485
971.3109390609391 288.0901598401598
976.9373126873127 279.39485514485506
976.4258241758241 293.7165334665334
982.5636863136863 299.342907092907
993.8164335664335 307.0152347652347
984.0981518481519 323.8943556443555
994.8394105894106 340.2619880119879
981.5407092907092 336.68156843156834
1005.5806693306693 335.65859140859135
1001.4887612387613 322.35989010989
991.7704795204795 315.19905094905084
1007.1151348651349 312.13011988011976
1019.9023476523475 325.42882117882107
1015.298951048951 311.6186313686313
1015.298951048951 305.48076923076917
1009.1610889110889 302.4118381618381
993.3049450549449 288.0901598401598
989.213036963037 283.4867632367632
985.1211288711288 290.1361138861138
994.327922077922 295.25099900099895
1002.5117382617382 288.60164835164824
1016.8334165834165 288.0901598401598
1010.184065934066 293.20504495504485
1003.5347152847153 295.76248751248744
