6.649452269170609 352.1940532081377
47.51017214397501 367.9546165884194
139.15492957746483 358.61502347417843
97.12676056338034 366.7871674491393
231.38341158059472 362.70109546165884
262.9045383411581 339.3521126760563
315.43974960876386 338.7683881064163
333.53521126760575 369.1220657276995
261.1533646322379 368.53834115805944
396.57746478873247 355.11267605633805
454.9499217527388 319.5054773082942
486.47104851330215 346.94053208137717
533.1690140845071 342.8544600938967
525.5805946791863 325.34272300469485
525.5805946791863 282.1471048513302
543.6760563380283 237.78403755868538
520.3270735524259 258.2143974960876
460.2034428794993 284.4820031298904
454.3661971830987 261.716744913928
390.15649452269184 292.6541471048513
359.2190923317684 304.91236306729263
382.56807511737094 256.4632237871674
351.63067292644763 269.88888888888886
304.93270735524266 304.91236306729263
299.6791862284821 282.1471048513302
270.49295774647896 294.4053208137715
262.3208137715181 315.4194053208138
213.28794992175278 340.51956181533643
206.28325508607205 305.4960876369327
229.0485133020345 274.55868544600935
168.924882629108 240.1189358372457
139.7386541471049 255.29577464788733
144.4084507042254 287.4006259780908
149.66197183098598 310.1658841940532
139.15492957746483 330.01251956181534
105.29890453834122 317.170579029734
63.85446009389676 313.6682316118936
34.08450704225356 314.8356807511737
83.7010954616589 301.41001564945225
48.09389671361507 282.1471048513302
42.25665101721444 258.2143974960876
29.998435054773125 238.95148669796552
11.902973395931184 204.51173708920183
21.242566510172168 192.25352112676055
56.26604068857594 206.26291079812205
75.52895148669802 231.94679186228475
92.45696400625982 213.2676056338028
140.322378716745 207.43035993740216
155.49921752738658 188.1674491392801
135.65258215962444 175.3255086071987
105.29890453834122 172.4068857589984
199.27856025039134 178.8278560250391
201.61345852895153 204.51173708920183
225.54616588419412 237.20031298904536
203.36463223787172 243.037558685446
236.05320813771527 221.43974960876366
258.2347417840376 243.037558685446
259.9859154929578 219.68857589984347
286.8372456964007 241.28638497652577
264.6557120500783 177.0766823161189
330.03286384976536 237.20031298904536
267.5743348982786 200.42566510172142
321.8607198748045 191.0860719874804
364.472613458529 206.26291079812205
370.89358372456974 225.5258215962441
449.1126760563381 238.95148669796552
393.0751173708921 205.679186228482
376.1471048513303 191.0860719874804
369.14241001564955 174.15805946791858
338.20500782472624 153.7276995305164
409.41940532081384 163.0672926447574
394.24256651017225 131.546165884194
436.27073552425674 168.90453834115803
450.8638497652583 191.0860719874804
476.547730829421 220.8560250391236
526.7480438184664 211.5164319248826
527.9154929577467 165.9859154929577
502.8153364632239 168.32081377151798
491.7245696400627 142.05320813771513
454.3661971830987 149.64162754303595
470.1267605633804 150.8090766823161
522.078247261346 122.20657276995303
505.1502347417841 114.61815336463219
518.5758998435056 94.77151799687005
551.2644757433491 96.52269170579024
531.417840375587 67.9201877934272
531.417840375587 27.059467918622772
554.7668231611894 18.887323943661897
517.9921752738655 20.63849765258209
509.82003129890467 41.068857589984304
492.8920187793429 31.145539906103238
432.1846635367763 27.059467918622772
440.35680751173714 10.715179968701023
410.003129890454 20.63849765258209
393.6588419405322 14.801251956181488
386.65414710485146 31.729264475743317
417.59154929577477 68.50391236306723
429.26604068857597 47.489827856024995
459.61971830985925 96.52269170579024
485.3035993740219 84.26447574334895
393.6588419405322 73.17370892018778
388.40532081377165 88.35054773082936
377.3145539906105 86.59937402190917
352.21439749608777 90.68544600938964
345.79342723004703 125.12519561815333
328.28169014084517 133.2973395931142
300.26291079812216 129.21126760563376
282.7511737089203 115.78560250391229
276.33020344287957 156.06259780907664
257.65101721439754 90.10172143974955
266.9906103286386 72.5899843505477
288.5884194053209 66.75273865414704
301.43035993740233 35.23161189358365
335.87010954616596 27.059467918622772
348.1283255086073 57.413145539906054
332.3677621283256 63.83411580594673
352.7981220657278 12.466353677621216
332.95148669796566 14.801251956181488
301.43035993740233 14.801251956181488
250.64632237871683 33.480438184663456
239.55555555555557 12.466353677621216
223.79499217527393 64.41784037558682
233.718309859155 100.60876369327072
230.21596244131462 84.26447574334895
210.9530516431926 101.77621283255081
166.00625978090773 110.53208137715177
141.4898278560251 112.866979655712
122.22691705790304 147.89045383411576
156.08294209702666 161.89984350547726
92.45696400625982 126.87636932707352
109.96870109546171 119.2879499217527
110.5524256651018 100.60876369327072
50.42879499217532 137.38341158059464
7.233176838810664 145.55555555555551
17.15649452269173 121.03912363067289
34.08450704225356 113.45070422535207
31.749608763693317 88.35054773082936
7.233176838810664 66.75273865414704
7.233176838810664 21.22222222222217
42.8403755868545 45.15492957746471
63.27073552425668 43.987480438184605
74.36150234741788 23.55712050078239
85.45226917057909 18.887323943661897
109.96870109546171 24.724569640062555
132.15023474178412 27.059467918622772
165.42253521126764 76.6760563380281
153.16431924882636 55.66197183098586
150.24569640062606 37.56651017214392
189.35524256651024 31.729264475743317
181.7668231611894 87.18309859154925
199.27856025039134 11.298904538341105
161.9201877934273 12.466353677621216
142.07355242566513 10.715179968701023
108.21752738654152 10.715179968701023
24.74491392801255 8.380281690140805
311.35367762128334 9.547730829420914
