49.58333333333333 381.050925925926
63.935185185185176 389.66203703703707
96.08333333333331 405.16203703703707
82.30555555555556 408.31944444444446
132.25 401.1435185185185
156.3611111111111 398.8472222222222
173.58333333333331 412.0509259259259
176.16666666666669 380.7638888888889
200.27777777777774 404.875
212.6203703703704 375.88425925925924
233.57407407407408 394.8287037037037
250.22222222222223 395.97685185185185
288.68518518518516 401.7175925925926
286.962962962963 380.1898148148148
261.1296296296296 370.1435185185185
287.53703703703707 360.95833333333337
272.89814814814815 341.72685185185185
241.03703703703707 368.4212962962963
242.75925925925924 349.47685185185185
159.51851851851856 352.9212962962963
100.67592592592591 360.38425925925924
123.63888888888886 355.79166666666663
136.55555555555554 342.0138888888889
117.03703703703702 333.11574074074076
109.0 338.56944444444446
88.90740740740739 359.2361111111111
83.45370370370367 349.47685185185185
67.3796296296296 391.6712962962963
36.379629629629605 343.4490740740741
65.94444444444444 328.52314814814815
20.592592592592585 309.5787037037037
21.166666666666657 296.9490740740741
60.777777777777764 300.1064814814815
83.45370370370367 307.56944444444446
98.95370370370368 309.5787037037037
42.98148148148148 285.7546296296297
26.620370370370352 281.4490740740741
66.51851851851852 265.9490740740741
25.472222222222214 253.31944444444446
38.96296296296295 229.4953703703704
55.89814814814814 234.087962962963
88.04629629629629 240.68981481481484
72.83333333333333 244.4212962962963
88.04629629629629 261.93055555555554
105.55555555555556 284.89351851851853
91.49074074074072 282.59722222222223
130.52777777777777 305.84722222222223
124.49999999999999 320.1990740740741
152.34259259259255 319.625
171.28703703703707 341.43981481481484
187.36111111111111 306.13425925925924
230.7037037037037 331.39351851851853
246.77777777777777 313.59722222222223
248.212962962963 282.02314814814815
273.75925925925924 296.9490740740741
272.6111111111111 315.31944444444446
275.48148148148147 263.36574074074076
278.6388888888889 249.0138888888889
250.22222222222223 270.2546296296297
190.23148148148144 279.1527777777778
169.5648148148148 288.91203703703707
143.73148148148147 287.7638888888889
139.42592592592592 277.14351851851853
119.9074074074074 258.77314814814815
159.51851851851856 257.625
176.74074074074073 241.2638888888889
169.85185185185185 242.12500000000003
164.39814814814815 229.78240740740745
156.07407407407408 232.6527777777778
159.23148148148147 224.61574074074076
151.76851851851853 225.47685185185188
147.75 232.36574074074076
135.69444444444446 230.93055555555557
113.01851851851852 223.18055555555557
132.82407407407408 240.4027777777778
93.78703703703702 230.93055555555557
104.69444444444443 224.04166666666669
114.74074074074072 238.1064814814815
127.94444444444444 253.89351851851853
85.17592592592591 249.30092592592595
76.27777777777776 252.1712962962963
288.68518518518516 247.57870370370372
269.1666666666667 245.8564814814815
243.62037037037038 245.28240740740742
237.01851851851856 234.087962962963
220.37037037037038 233.5138888888889
215.49074074074073 240.97685185185188
188.50925925925924 227.77314814814818
257.68518518518516 228.34722222222226
272.6111111111111 226.05092592592595
7.388888888888829 450.8611111111112
22.888888888888832 429.04629629629636
54.46296296296294 421.00925925925935
36.09259259259255 415.2685185185186
55.03703703703701 447.41666666666674
74.55555555555551 440.5277777777778
138.27777777777774 458.8981481481482
121.05555555555553 456.60185185185196
179.61111111111114 431.34259259259267
202.57407407407408 434.7870370370371
216.35185185185188 415.2685185185186
250.22222222222226 429.62037037037044
279.5 416.9907407407408
265.14814814814815 450.2870370370371
308.7777777777778 453.7314814814816
342.07407407407413 457.17592592592604
339.2037037037038 426.175925925926
327.14814814814827 396.8981481481482
341.5000000000001 380.82407407407413
323.7037037037038 364.175925925926
400.05555555555566 455.4537037037038
386.27777777777794 439.9537037037038
369.6296296296298 421.00925925925935
383.98148148148164 401.4907407407408
441.96296296296305 453.1574074074075
458.6111111111112 453.1574074074075
502.2407407407409 437.6574074074075
524.0555555555558 435.3611111111112
414.69444444444446 411.1898148148148
468.94444444444446 406.5972222222222
408.66666666666663 353.7824074074074
387.13888888888886 378.4675925925926
364.1759259259259 358.66203703703707
388.8611111111111 351.1990740740741
335.47222222222223 274.27314814814815
315.66666666666663 274.5601851851852
317.96296296296293 263.36574074074076
348.6759259259259 268.5324074074074
339.2037037037037 239.82870370370372
361.5925925925926 235.23611111111114
373.3611111111111 229.20833333333337
390.2962962962963 238.9675925925926
389.14814814814815 261.93055555555554
378.52777777777777 266.23611111111114
364.75 259.9212962962963
359.8703703703704 272.550925925926
399.48148148148147 273.125
406.94444444444446 257.625
412.97222222222223 273.41203703703707
380.8240740740741 309.86574074074076
394.88888888888886 309.0046296296296
414.4074074074074 301.2546296296297
396.6111111111111 319.91203703703707
419.8611111111111 326.8009259259259
502.24074074074076 371.0046296296296
501.0925925925926 385.93055555555554
487.60185185185185 378.18055555555554
485.01851851851853 353.7824074074074
442.25 334.83796296296293
441.38888888888886 355.2175925925926
323.7037037037037 231.79166666666669
447.41666666666663 254.4675925925926
449.71296296296293 232.36574074074076
467.50925925925924 239.25462962962965
487.60185185185185 263.93981481481484
486.74074074074076 291.20833333333337
473.25 289.77314814814815
447.1296296296296 284.6064814814815
438.51851851851853 281.16203703703707
455.16666666666663 272.837962962963
470.3796296296296 333.97685185185185
470.66666666666663 313.88425925925924
462.91666666666663 284.31944444444446
468.6574074074074 280.300925925926
526.6388888888889 362.10648148148147
526.9259259259259 408.31944444444446
547.8796296296296 397.41203703703707
559.3611111111111 379.04166666666663
547.5925925925926 364.97685185185185
561.6574074074074 342.875
513.7222222222222 272.550925925926
502.52777777777777 256.18981481481484
492.76851851851853 245.8564814814815
479.85185185185185 238.39351851851853
519.1759259259259 229.4953703703704
538.4074074074074 245.56944444444446
529.5092592592592 242.98611111111114
594.6666666666667 240.11574074074076
578.5925925925926 264.800925925926
556.2037037037037 254.75462962962965
602.9907407407408 277.14351851851853
600.9814814814815 300.1064814814815
571.9907407407408 302.11574074074076
553.9074074074074 295.22685185185185
543.8611111111111 276.8564814814815
537.2592592592592 261.3564814814815
520.0370370370371 337.13425925925924
13.703703703703695 249.50462962962965
17.435185185185176 217.64351851851853
12.555555555555543 220.5138888888889
33.79629629629629 221.66203703703707
48.14814814814814 215.6342592592593
59.629629629629605 220.5138888888889
66.23148148148148 217.64351851851853
51.592592592592595 207.31018518518522
23.462962962962948 207.8842592592593
27.768518518518505 207.59722222222223
34.37037037037037 202.14351851851853
39.824074074074055 201.28240740740745
44.70370370370368 206.16203703703707
54.749999999999986 198.125
57.62037037037036 194.39351851851853
62.499999999999986 205.587962962963
72.25925925925925 207.8842592592593
67.0925925925926 201.28240740740745
133.1111111111111 215.9212962962963
121.05555555555556 212.47685185185185
103.25925925925924 198.41203703703707
102.39814814814814 215.6342592592593
98.66666666666664 207.02314814814815
80.29629629629628 196.11574074074076
89.48148148148148 195.25462962962965
78.86111111111111 182.91203703703707
101.24999999999999 183.48611111111114
55.89814814814814 165.97685185185188
66.80555555555556 159.087962962963
60.777777777777764 159.37500000000003
45.27777777777776 162.53240740740745
36.092592592592595 165.68981481481484
187.07407407407408 208.45833333333337
174.1574074074074 215.6342592592593
168.41666666666669 204.43981481481484
178.75 201.85648148148147
171.8611111111111 198.125
160.37962962962962 200.1342592592593
154.92592592592592 210.4675925925926
155.78703703703704 205.0138888888889
150.0462962962963 194.1064814814815
161.81481481481484 193.24537037037038
160.09259259259255 188.36574074074076
165.25925925925924 182.91203703703707
134.5462962962963 190.66203703703707
142.87037037037038 182.91203703703707
151.19444444444446 187.79166666666669
131.96296296296293 180.61574074074076
119.04629629629628 167.12500000000003
123.92592592592591 165.97685185185188
123.0648148148148 161.95833333333337
126.50925925925925 162.53240740740745
142.87037037037038 158.80092592592595
218.3611111111111 217.93055555555557
237.01851851851856 220.5138888888889
251.6574074074074 217.93055555555557
249.64814814814815 210.18055555555557
230.99074074074076 217.3564814814815
210.6111111111111 214.19907407407408
206.01851851851853 208.45833333333337
221.51851851851853 205.0138888888889
216.35185185185185 199.84722222222223
207.16666666666669 192.3842592592593
200.27777777777774 191.81018518518522
191.9537037037037 186.93055555555557
228.98148148148144 190.66203703703707
219.50925925925924 190.66203703703707
246.20370370370367 200.70833333333337
237.30555555555554 198.41203703703707
274.0462962962963 213.625
264.0 222.23611111111114
282.3703703703704 226.82870370370372
279.212962962963 210.75462962962965
272.89814814814815 199.84722222222223
284.9537037037037 195.82870370370372
288.1111111111111 186.64351851851853
272.6111111111111 189.80092592592595
267.44444444444446 190.087962962963
256.53703703703707 192.3842592592593
251.3703703703704 169.1342592592593
262.27777777777777 163.10648148148152
267.73148148148147 163.9675925925926
272.3240740740741 163.39351851851853
270.8888888888889 174.0138888888889
281.50925925925924 176.31018518518522
292.4166666666667 175.4490740740741
280.64814814814815 170.85648148148152
285.52777777777777 144.4490740740741
228.98148148148144 174.87500000000003
226.39814814814815 166.55092592592595
230.41666666666669 163.9675925925926
221.51851851851853 172.00462962962965
212.6203703703704 176.02314814814818
228.69444444444446 197.55092592592598
183.62962962962962 188.07870370370372
177.8888888888889 181.18981481481484
172.43518518518516 177.45833333333337
59.629629629629605 184.6342592592593
56.75925925925925 186.35648148148152
87.75925925925925 172.29166666666669
99.8148148148148 175.4490740740741
212.6203703703704 160.23611111111114
201.42592592592592 165.11574074074076
197.98148148148147 170.28240740740745
193.3888888888889 170.28240740740745
189.94444444444446 170.28240740740745
181.62037037037038 171.7175925925926
186.5 171.7175925925926
216.6388888888889 179.75462962962965
146.02777777777777 147.31944444444449
131.10185185185185 150.18981481481484
115.60185185185183 153.6342592592593
84.88888888888886 159.66203703703707
80.87037037037037 154.4953703703704
153.77777777777777 147.60648148148152
179.89814814814815 143.30092592592595
178.75 139.56944444444449
170.712962962963 144.73611111111114
175.30555555555554 144.73611111111114
189.94444444444446 145.31018518518522
185.92592592592592 142.43981481481484
196.5462962962963 139.28240740740745
210.89814814814815 149.61574074074076
210.89814814814815 143.587962962963
207.74074074074076 137.27314814814818
221.51851851851853 133.25462962962968
230.99074074074076 131.2453703703704
236.44444444444446 131.2453703703704
217.5 131.2453703703704
4.805555555555543 155.06944444444446
14.277777777777771 154.20833333333337
19.15740740740739 152.19907407407408
1.9351851851851762 160.81018518518522
580.314814814815 395.175925925926
335.66543209876545 217.35925925925932
355.6950617283951 213.76419753086424
367.25061728395065 206.57407407407413
374.183950617284 215.0481481481482
380.60370370370373 224.29259259259265
301.2555555555556 233.2802469135803
306.3913580246914 206.8308641975309
297.91728395061733 140.57901234567908
303.8234567901235 144.9444444444445
305.620987654321 154.9592592592593
294.0654320987654 165.7444444444445
309.21604938271605 164.20370370370375
312.2975308641976 168.31234567901242
314.0950617283951 173.1913580246914
317.69012345679016 179.6111111111112
309.21604938271605 188.8555555555556
333.86790123456797 195.53209876543215
341.82839506172843 194.504938271605
332.07037037037037 181.6654320987655
362.3716049382716 192.19382716049387
366.9938271604939 184.49012345679017
353.64074074074074 178.58395061728402
347.47777777777776 168.5691358024692
361.34444444444443 170.88024691358032
354.9246913580247 150.85061728395067
351.58641975308643 170.10987654320994
355.1814814814815 166.77160493827165
389.33456790123455 158.2975308641976
371.35925925925926 127.48271604938279
381.3740740740741 127.48271604938279
456.3567901234568 118.49506172839511
464.8308641975309 123.63086419753094
469.45308641975305 144.68765432098772
444.5444444444445 146.48518518518526
406.53950617283954 158.8111111111112
473.81851851851854 135.18641975308648
493.33456790123455 223.77901234567906
484.86049382716055 221.72469135802476
476.6432098765432 215.304938271605
464.0604938271605 214.53456790123462
446.34197530864196 221.21111111111117
429.39382716049386 221.21111111111117
421.1765432098765 209.14197530864203
409.62098765432097 219.15679012345686
404.741975308642 208.62839506172844
348.50493827160494 150.5938271604939
375.2111111111111 171.39382716049388
368.020987654321 178.84074074074078
374.95432098765434 184.49012345679017
383.1716049382716 179.86790123456797
237.82839506172843 191.16666666666674
334.8950617283951 172.16419753086427
337.20617283950617 164.97407407407414
339.77407407407406 161.89259259259265
408.85061728395067 167.28518518518524
440.179012345679 188.34197530864202
391.13209876543215 180.89506172839512
398.83580246913584 199.1271604938272
406.7962962962963 187.31481481481487
449.93703703703704 176.2728395061729
435.30000000000007 164.46049382716055
426.3123456790124 165.7444444444445
423.48765432098764 192.70740740740746
435.8135802469136 201.6950617283951
464.31728395061725 176.01604938271612
447.36913580246915 204.51975308641983
510.7962962962963 196.30246913580254
492.56419753086425 216.84567901234573
482.29259259259254 207.3444444444445
494.36172839506173 201.6950617283951
508.4851851851852 211.45308641975313
517.9864197530865 209.9123456790124
358.51975308641977 143.40370370370377
419.6358024691358 179.35432098765438
417.8382716049383 169.08271604938278
439.1518518518519 178.58395061728402
446.34197530864196 180.63827160493832
450.4506172839506 182.94938271604946
453.5320987654321 184.74691358024694
473.3049382716049 197.5864197530865
504.1197530864198 190.90987654320992
504.37654320987656 185.26049382716053
502.3222222222222 179.0975308641976
497.44320987654316 179.6111111111112
493.0777777777778 179.86790123456797
500.5246913580247 171.39382716049388
491.0234567901234 165.7444444444445
495.3888888888889 164.20370370370375
488.7123456790124 160.8654320987655
486.1444444444445 156.75679012345685
481.52222222222224 152.6481481481482
492.0506172839506 149.56666666666672
495.90246913580245 154.70246913580252
521.3246913580247 153.1617283950618
515.4185185185186 144.68765432098772
526.4604938271605 137.49753086419759
516.9592592592593 117.98148148148155
514.9049382716049 129.7938271604939
355.4382716049383 115.15679012345686
359.8037037037037 115.67037037037045
343.88271604938274 116.9543209876544
579.7716049382716 202.72222222222223
570.0135802469135 194.7617283950617
563.5938271604939 183.46296296296293
546.3888888888889 177.55679012345678
534.5765432098765 167.02839506172836
545.6185185185186 135.69999999999996
543.3074074074075 153.67530864197528
558.2012345679013 154.95925925925923
554.0925925925926 148.28271604938269
565.1345679012345 131.07777777777773
557.6876543209877 138.01111111111106
537.658024691358 133.38888888888886
567.9592592592593 136.7271604938271
563.3370370370371 142.6333333333333
568.4728395061729 139.03827160493825
573.6086419753087 138.01111111111106
579.0012345679013 142.1197530864197
586.4481481481482 137.2407407407407
567.7024691358025 154.18888888888887
575.662962962963 168.8259259259259
561.5395061728395 172.93456790123454
558.7148148148149 164.97407407407405
579.0012345679013 180.38148148148144
49.65084915084921 497.90259740259745
127.17332667332674 508.2922077922078
207.09340659340663 503.49700299700305
252.64785214785223 486.71378621378625
322.1783216783217 497.90259740259745
386.1143856143856 509.8906093906094
446.85364635364635 513.8866133866134
444.4560439560439 485.11538461538464
501.1993006993007 481.9185814185815
545.1553446553446 494.70579420579423
516.3841158841159 545.8546453546454
242.25824175824178 550.6498501498502
298.20229770229776 565.8346653346654
588.3121878121877 537.8626373626373
609.8906093906094 467.53296703296706
664.2362637362637 531.469030969031
560.3401598401598 472.3281718281719
597.9025974025974 441.1593406593408
625.0754245754246 427.57292707292714
611.4890109890109 394.8056943056944
653.8466533466533 461.1393606393607
737.7627372627372 484.31618381618387
718.581918081918 476.3241758241759
784.9155844155844 477.12337662337666
723.3771228771228 444.3561438561439
736.9635364635365 415.5849150849151
772.9275724275724 409.19130869130873
723.3771228771228 382.01848151848156
704.9955044955044 398.00249750249753
685.0154845154844 399.60089910089914
645.8546453546453 370.82967032967036
610.6898101898101 371.6288711288712
605.0954045954046 340.46003996004
626.6738261738261 310.09040959040965
686.6138861138861 284.5159840159841
766.533966033966 327.6728271728272
712.1883116883116 306.09440559440566
741.7587412587412 306.89360639360643
762.537962037962 294.1063936063937
788.9115884115884 322.0784215784216
786.5139860139859 304.49600399600405
704.1963036963036 278.9215784215785
711.3891108891108 268.53196803196806
727.3731268731268 259.7407592407593
736.9635364635365 256.5439560439561
743.3571428571428 251.74875124875135
750.54995004995 250.94955044955054
766.533966033966 265.3351648351649
756.1443556443556 278.1223776223777
665.6348651348651 218.18231768231777
664.4360639360639 249.75074925074932
653.6468531468531 249.75074925074932
644.4560439560439 229.37112887112897
642.8576423576424 248.95154845154852
614.8856143856144 230.56993006993014
616.8836163836163 214.98551448551456
612.0884115884116 196.6038961038962
620.8796203796203 192.6078921078922
631.2692307692307 207.79270729270738
637.2632367632368 200.99950049950058
619.6808191808192 199.0014985014986
635.6648351648352 213.78671328671336
631.6688311688312 225.77472527472537
593.3071928071928 184.21628371628378
604.496003996004 169.83066933066942
591.3091908091908 146.65384615384625
608.0924075924077 139.86063936063945
614.486013986014 140.65984015984026
608.0924075924077 145.45504495504505
621.2792207792209 157.44305694305703
631.6688311688312 142.65784215784225
637.6628371628371 163.03746253746263
622.8776223776224 165.43506493506501
653.2472527472528 176.2242757242758
645.2552447552448 177.02347652347663
646.454045954046 183.01748251748262
705.9945054945055 169.83066933066942
700.0004995004995 194.2062937062938
746.7537462537462 175.0254745254746
747.9525474525474 199.40109890109898
760.3401598401598 203.39710289710297
765.1353646353646 213.38711288711298
794.7057942057942 220.57992007992016
780.7197802197802 246.95354645354652
787.9125874125874 232.56793206793213
780.3201798201799 268.13236763236773
769.9305694305694 237.76273726273735
729.9705294705295 230.17032967032975
716.3841158841159 234.16633366633374
708.3921078921079 239.76073926073934
697.2032967032967 254.9455544455545
693.2072927072927 236.16433566433574
648.8516483516484 210.58991008991018
654.0464535464536 202.5979020979022
654.8456543456543 188.2122877122878
722.7777222777222 206.1943056943058
712.3881118881119 201.7987012987014
700.7997002997004 216.58391608391617
716.7837162837163 208.99150849150857
714.7857142857142 218.18231768231777
728.3721278721279 208.1923076923078
749.550949050949 283.3171828171829
752.1483516483516 234.16633366633374
745.7547452547452 222.1783216783217
792.9075924075923 199.8006993006994
793.7067932067931 207.79270729270735
729.7707292707292 272.52797202797206
714.585914085914 358.8416583416584
792.1083916083916 445.95454545454555
677.0234765234765 469.93056943056945
741.7587412587412 167.83266733266737
