133.62650149850145 474.56530669330675
3.708419580419519 453.08278921078926
46.673454545454476 372.2676043956044
1.6624655344654748 343.62424775224775
36.44368431568425 240.3035684315684
106.0061218781218 247.46440759240755
95.77635164835159 213.70616583416577
79.40871928071924 186.08578621378618
49.74238561438554 198.36151048951044
34.39773026973021 169.7181538461538
39.512615384615316 147.2126593406593
14.96116683316679 145.16670529470522
20.0760519480519 130.84502697302693
47.69643156843149 121.63823376623367
46.673454545454476 104.2476243756243
62.01810989010986 92.99487712287706
71.22490309690306 90.94892307692301
64.0640639360639 111.40846353646344
58.949178821178734 99.13273926073919
80.43169630369626 112.43144055944049
71.22490309690306 108.33953246753238
92.70742057942051 104.2476243756243
108.05207592407585 101.17869330669323
124.41970829170826 94.01785414585402
130.5575704295704 87.87999200799189
139.76436363636358 87.87999200799189
140.7873406593406 105.27060139860131
147.94817982017977 97.08678521478514
157.15497302697295 90.94892307692301
168.40772027972028 104.2476243756243
184.7753526473526 107.31655544455536
176.59153646353644 97.08678521478514
187.84428371628368 97.08678521478514
212.3957322677322 89.92594605394592
216.4876403596403 85.83403796203784
220.57954845154845 95.04083116883109
202.165962037962 104.2476243756243
200.12000799200794 113.45441758241749
202.165962037962 125.73014185814175
185.79832967032965 127.7760959040958
153.0630649350649 106.29357842157833
151.01711088911082 125.73014185814175
145.9022257742257 132.89098101898097
123.39673126873124 118.5693026973026
124.41970829170826 105.27060139860131
99.86825974025967 115.50037162837154
92.70742057942051 130.84502697302693
60.99513286713284 133.91395804195793
79.40871928071924 148.2356363636363
107.02909890109883 147.2126593406593
63.041086913086886 149.25861338661332
115.21291508491507 130.84502697302693
129.53459340659336 136.98288911088906
143.85627172827168 147.2126593406593
167.38474325674323 169.7181538461538
220.57954845154845 161.53433766233758
232.8552727272727 118.5693026973026
224.67145654345654 104.2476243756243
235.92420379620378 92.99487712287706
241.0390889110889 91.97190009989997
248.19992807192804 89.92594605394592
249.22290509490506 97.08678521478514
259.45267532467534 86.85701498501491
263.54458341658335 91.97190009989997
280.9351928071927 89.92594605394592
290.141986013986 92.99487712287706
291.16496303696294 82.76510689310683
285.02710089910084 111.40846353646344
268.65946853146846 111.40846353646344
245.13099700299696 113.45441758241749
259.45267532467534 101.17869330669323
270.70542257742255 98.1097622377621
311.6245034965035 121.63823376623367
321.85427372627373 111.40846353646344
337.198929070929 99.13273926073919
336.175952047952 90.94892307692301
323.90022777222777 97.08678521478514
350.4976303696304 89.92594605394592
342.3138141858142 89.92594605394592
368.91121678321673 82.76510689310683
391.4167112887112 86.85701498501491
359.7044235764236 118.5693026973026
348.45167632367634 118.5693026973026
339.24488311688305 106.29357842157833
332.08404395604396 132.89098101898097
347.42869930069924 125.73014185814175
306.50961838161834 138.00586613386602
269.68244555444556 133.91395804195793
259.45267532467534 154.37349850149843
248.19992807192804 184.0398321678321
218.5335944055944 194.26960239760234
176.59153646353644 199.38448751248745
145.9022257742257 171.7641078921078
123.39673126873124 166.64922277722275
134.64947852147847 225.9818901098901
209.32680119880115 303.72814385614384
202.165962037962 234.16570629370625
307.53259540459544 191.2006713286713
298.3258021978022 156.41945254745247
336.175952047952 147.2126593406593
349.4746533466534 136.98288911088906
362.77335464535463 140.05182017982006
366.8652627372627 132.89098101898097
377.0950329670329 123.68418781218772
382.2099180819181 114.47739460539451
382.2099180819181 99.13273926073919
371.98014785214787 89.92594605394592
356.6354925074925 99.13273926073919
397.55457342657337 84.81106093906088
405.7383896103897 89.92594605394592
411.8762517482518 83.78808391608379
365.84228571428577 70.4893826173825
421.08304495504495 86.85701498501491
394.48564235764235 97.08678521478514
413.92220579420587 99.13273926073919
436.42770029970035 92.99487712287706
440.5196083916084 84.81106093906088
449.72640159840154 90.94892307692301
449.72640159840154 82.76510689310683
457.91021778221784 83.78808391608379
402.66945854145854 108.33953246753238
424.15197602397603 111.40846353646344
442.56556243756245 111.40846353646344
456.88724075924074 108.33953246753238
442.56556243756245 97.08678521478514
429.2668611388611 98.1097622377621
470.1859420579421 100.1557162837162
470.1859420579421 84.81106093906088
456.88724075924074 132.89098101898097
440.5196083916084 147.2126593406593
409.83029770229774 129.82204995004983
393.4626653346653 132.89098101898097
396.5315964035964 150.28159040959034
370.9571708291708 151.30456743256735
368.91121678321673 178.924947052947
344.3597682317682 248.48738461538457
421.08304495504495 222.912959040959
478.3697582417583 148.2356363636363
379.14098701298695 350.78508691308696
200.12000799200794 419.3245474525475
294.2338941058941 506.2775944055945
220.57954845154845 556.4034685314687
513.150977022977 431.60027172827176
648.183944055944 552.3115604395606
687.057070929071 366.1297422577423
559.1849430569431 269.9699020979021
457.91021778221784 322.14173026973026
501.8982297702297 281.2226493506493
439.4966313686313 179.947924075924
519.2888391608392 158.46540659340653
527.4726553446553 134.936935064935
517.2428851148851 122.66121078921074
505.99013786213794 104.2476243756243
514.1739540459541 95.04083116883109
496.7833446553447 76.62724475524465
501.8982297702297 83.78808391608379
500.8752527472528 90.94892307692301
514.1739540459541 82.76510689310683
508.036091908092 82.76510689310683
523.3807472527471 83.78808391608379
524.4037242757242 95.04083116883109
535.6564715284715 95.04083116883109
544.8632647352647 99.13273926073919
567.3687592407593 94.01785414585402
562.2538741258742 108.33953246753238
540.7713566433566 109.36250949050941
532.5875404595405 113.45441758241749
547.9321958041958 127.7760959040958
596.0121158841159 100.1557162837162
587.8282997002998 113.45441758241749
580.6674605394606 126.75311888111884
564.2998281718283 134.936935064935
569.4147132867132 152.32754445554437
552.0241038961038 166.64922277722275
571.4606673326674 176.87899300699297
586.8053226773227 155.39647552447548
586.8053226773227 132.89098101898097
602.149978021978 118.5693026973026
610.3337942057943 112.43144055944049
614.4257022977024 97.08678521478514
604.1959320679321 89.92594605394592
612.3797482517483 80.71915284715273
641.0231048951049 68.44342857142847
631.8163116883117 80.71915284715273
621.5865414585415 80.71915284715273
641.0231048951049 83.78808391608379
634.8852427572428 87.87999200799189
628.7473806193807 100.1557162837162
638.9771508491509 107.31655544455536
629.7703576423577 118.5693026973026
617.4946333666335 134.936935064935
644.0920359640359 132.89098101898097
644.0920359640359 158.46540659340653
619.5405874125873 163.58029170829164
628.7473806193807 187.1087632367632
583.7363916083916 205.52234965034958
972.4676603396605 481.7261458541459
992.9272007992009 560.4953766233767
812.8832447552448 413.18668531468535
785.2628651348653 312.9349370629371
991.9042237762238 294.5213506493506
1018.5016263736266 394.77309890109893
834.3657622377624 262.80906293706295
749.4586693306693 262.80906293706295
664.5515764235765 279.1766953046953
645.115012987013 230.07379820179818
668.6434845154847 187.1087632367632
674.7813466533466 156.41945254745247
689.1030249750252 132.89098101898097
711.6085194805195 114.47739460539451
713.6544735264737 95.04083116883109
702.4017262737262 95.04083116883109
700.3557722277723 89.92594605394592
698.3098181818182 78.67319880119868
689.1030249750252 89.92594605394592
730.022105894106 109.36250949050941
739.2288991008993 97.08678521478514
743.3208071928074 85.83403796203784
743.3208071928074 77.65022177822166
731.045082917083 82.76510689310683
766.8492787212788 89.92594605394592
753.5505774225775 91.97190009989997
817.99812987013 75.60426773226762
798.5615664335667 75.60426773226762
793.4466813186815 86.85701498501491
804.6994285714286 92.99487712287706
786.2858421578421 99.13273926073919
778.102025974026 106.29357842157833
800.6075204795205 111.40846353646344
796.5156123876125 125.73014185814175
783.2169110889112 143.1207512487512
758.6654625374626 132.89098101898097
766.8492787212788 120.61525674325671
753.5505774225775 111.40846353646344
758.6654625374626 102.20167032967025
742.2978301698303 166.64922277722275
730.022105894106 133.91395804195793
713.6544735264737 194.26960239760234
725.9301978021979 234.16570629370625
767.8722557442559 208.59128071928072
805.7224055944057 187.1087632367632
825.158969030969 191.2006713286713
856.8712567432569 170.74113086913084
825.158969030969 121.63823376623367
839.4806473526476 108.33953246753238
838.4576703296705 97.08678521478514
828.2279000999004 84.81106093906088
840.5036243756246 75.60426773226762
901.8822457542459 104.2476243756243
886.5375904095906 89.92594605394592
917.2269010989012 94.01785414585402
938.7094185814187 89.92594605394592
925.4107172827173 72.53533666333655
1004.1799480519481 71.51235964035953
971.4446833166834 92.99487712287706
1006.2259020979022 87.87999200799189
1002.1339940059942 92.99487712287706
1006.2259020979022 100.1557162837162
1015.4326953046956 135.959912087912
1006.2259020979022 111.40846353646344
982.6974305694308 108.33953246753238
967.3527752247753 105.27060139860131
948.9391888111891 113.45441758241749
929.5026253746255 102.20167032967025
926.4336943056944 118.5693026973026
906.9971308691311 130.84502697302693
871.1929350649351 130.84502697302693
894.7214065934069 180.97090109890107
904.951176823177 158.46540659340653
928.4796483516486 151.30456743256735
934.6175104895107 179.947924075924
967.3527752247753 145.16670529470522
991.9042237762238 145.16670529470522
1001.1110169830171 184.0398321678321
922.3417862137863 218.82105094905094
890.6294985014987 237.23463736263733
875.2848431568432 211.6602117882117
68.155972027972 166.64922277722275
291.16496303696294 314.980891108891
