323.0387689848122 246.40287769784172
287.7517985611511 244.8169464428457
303.6111111111111 259.09032773780973
349.6031175059952 260.27977617905674
361.8940847322142 254.72901678657072
368.23780975219825 245.6099120703437
421.3665067945644 246.40287769784172
401.9388489208633 264.6410871302957
372.9956035171862 235.3013589128697
384.49360511590726 219.44204636290965
394.8021582733813 222.21742605915267
412.6438848920863 228.56115107913666
438.4152677857714 217.85611510791367
424.1418864908074 202.78976818545163
438.4152677857714 196.04956035171858
438.8117505995204 239.6626698641087
404.7142286171063 210.71942446043164
373.78856914468423 197.2390087929656
386.4760191846523 188.11990407673858
414.2298161470823 180.5867306155076
426.1243005595523 173.05355715427658
428.5031974420463 161.95203836930457
383.70063948840925 168.69224620303754
367.44484412470024 180.98321342925658
349.2066346922462 168.2957633892885
349.6031175059952 152.03996802557953
369.03077537969625 165.1239008792965
374.97801758593124 141.3349320543565
381.32174260591523 153.22941646682654
396.3880895283773 150.0575539568345
405.5071942446043 133.00879296562746
418.19464428457235 139.35251798561146
420.57354116706637 136.97362110311747
441.1906474820144 138.95603517186245
419.38409272581936 125.07913669064746
415.0227817745803 118.73541167066344
400.35291766586727 115.96003197442045
399.1634692246203 93.36051159072738
416.60871302957634 85.43085531574738
428.8996802557953 82.25899280575535
428.8996802557953 66.00319744204634
429.6926458832933 47.764988009592315
397.1810551558753 47.764988009592315
382.51119104716224 45.3860911270983
415.4192645883293 54.901678657074314
397.1810551558753 55.29816147082332
368.23780975219825 78.29416466826535
382.90767386091125 75.12230215827336
372.2026378896882 55.69464428457232
366.65187849720223 62.43485211830532
351.58553157474023 102.0831334932054
350.3960831334932 81.46602717825738
378.94284572342127 123.09672262190244
340.4840127897682 119.13189448441244
342.46642685851316 106.44444444444443
344.4488409272582 133.40527577937647
326.21063149480415 157.98721023181452
332.55435651478814 198.0319744204636
338.8980815347722 188.11990407673858
334.53677058353315 219.04556354916065
361.8940847322142 218.64908073541164
314.7126298960831 219.83852917665865
300.8357314148681 219.04556354916065
293.3025579536371 188.51638689048758
304.8005595523581 176.22541966426854
295.6814548361311 157.98721023181452
276.25379696243004 163.14148681055156
259.60151878497203 184.15507593924855
273.4784172661871 226.18225419664267
247.31055155875296 242.04156674660268
265.548760991207 243.6274980015987
236.20903277378093 261.0727418065547
212.02358113509192 254.33253397282172
212.42006394884092 233.31894484412467
227.88289368505193 230.94004796163068
233.43365307753797 219.44204636290965
219.55675459632292 203.5827338129496
235.01958433253398 199.22142286171064
229.86530775379694 184.55155875299755
237.79496402877695 163.93445243804956
256.42965627497995 160.76258992805754
281.0115907274181 129.44044764188644
297.2673860911271 129.83693045563544
272.6854516386891 122.30375699440444
289.7342126298961 101.68665067945639
310.74780175859314 110.0127897681854
317.48800959232614 95.7394084732214
294.4920063948841 94.54996003197441
277.83972821742606 96.53237410071941
244.931654676259 101.68665067945639
242.94924060751399 81.06954436450837
15.368105515587503 32.30215827338128
12.989208633093499 51.72981614708232
34.00279776179055 35.47402078337328
51.05155875299757 34.68105515587527
45.104316546762554 67.58912869704236
24.883693045563522 70.36450839328535
8.627897681854494 89.39568345323738
15.764588329336506 77.50119904076737
43.91486810551557 90.18864908073539
36.77817745803355 100.89368505195839
62.94604316546761 71.15747402078335
68.89328537170263 99.7042366107114
79.59832134292563 113.97761790567543
55.016386890487574 137.37010391686647
41.13948840927255 132.21582733812946
72.46163069544363 137.37010391686647
24.883693045563522 131.02637889688245
7.834932054356487 120.32134292565942
11.403277378097501 157.5907274180655
84.35611510791364 81.86250999200635
76.82294164668264 62.43485211830532
78.80535571542762 48.954436450839296
91.09632294164666 45.7825739408473
111.3169464428457 42.610711430855304
103.78377298161467 30.71622701838527
73.65107913669064 37.45643485211829
132.33053557154275 45.3860911270983
139.46722621902475 62.03836930455634
159.6878497202238 47.36850519584331
150.17226219024778 35.077537969624274
167.22102318145485 29.923261390887262
179.11550759392483 58.47002398081531
173.56474820143885 73.53637090327734
171.58233413269383 87.01678657074339
176.34012789768187 96.1358912869704
149.37929656274977 82.25899280575535
127.17625899280571 94.54996003197441
102.5943245403677 85.03437250199838
106.9556354916067 69.57154276578734
132.33053557154275 107.63389288569141
123.21143085531571 112.78816946442842
111.3169464428457 116.75299760191845
129.15867306155073 127.45803357314145
145.8109512390088 117.94244604316543
152.9476418864908 106.44444444444443
166.42805755395685 114.37410071942443
212.02358113509192 93.75699440447639
194.1818545163869 84.24140687450037
219.55675459632292 74.32933653077535
208.4552358113509 65.21023181454834
238.98441247002395 58.866506794564316
212.81654676258992 44.19664268585129
229.46882494004794 41.02478017585929
197.75019984012786 32.698641087130284
183.47681854516387 33.888089528377265
213.60951239008793 30.319744204636265
297.6638689048761 32.30215827338128
263.56634692246206 39.83533173461228
271.89248601119107 35.077537969624274
250.08593125499598 31.905675459632278
218.3673061550759 110.4092725819344
192.59592326139088 115.56354916067144
212.81654676258992 126.66506794564347
215.19544364508394 138.95603517186245
229.86530775379694 153.22941646682654
220.34972022382092 160.76258992805754
198.93964828137487 163.93445243804956
177.52957633892888 135.78417266187049
169.99640287769782 140.1454836131095
163.25619504396482 128.64748201438846
158.10191846522778 146.48920863309348
145.8109512390088 131.42286171063145
173.16826538768984 120.32134292565942
99.42246203037567 131.02637889688245
111.71342925659471 130.62989608313345
93.87170263788965 147.6786570743405
49.069144684252585 179.79376498800957
32.416866506794534 193.67066346922456
16.954036770583517 216.66666666666666
10.213828936850492 258.6938449240607
11.403277378097501 236.88729016786567
46.29376498800956 238.07673860911268
28.055555555555532 252.3501199040767
49.86211031175056 253.53956834532372
69.2897681854516 229.35411670663467
49.86211031175056 215.87370103916865
76.82294164668264 197.6354916067146
91.09632294164666 226.57873701039168
93.87170263788965 246.7993605115907
112.10991207034371 251.5571542765787
125.98681055155875 251.16067146282973
138.27777777777774 240.4556354916067
142.24260591526777 265.8305355715427
118.8501199040767 232.92246203037567
137.48481215027974 215.47721822541965
149.37929656274977 191.6882494004796
157.30895283772978 182.1726618705036
131.14108713029574 190.4988009592326
110.9204636290967 169.88169464428455
126.77977617905673 177.81135091926456
98.62949640287766 188.51638689048758
176.34012789768187 238.8697042366107
168.0139888089528 256.7114308553157
188.23461231015185 261.4692246203037
191.00999200639487 220.63149480415666
176.34012789768187 202.39328537170263
189.42406075139886 188.91286970423658
177.52957633892888 194.46362909672257
194.1818545163869 177.41486810551555
206.47282174260593 175.03597122302153
181.09792166266985 152.03996802557953
55.80935251798558 50.93685051958431
198.54316546762587 51.333333333333314
384.89008792965626 103.2725819344524
72.06514788169463 160.76258992805754
80.39128697042364 173.05355715427658
60.56714628297359 169.08872901678654
41.535971223021555 166.31334932054352
27.65907274180653 156.4012789768185
51.84452438049558 152.43645083932853
46.69024780175857 101.29016786570739
12.989208633093499 177.81135091926456
443.72877122877134 171.65834165834167
454.6298701298702 215.2627372627373
481.387112887113 234.5874125874126
465.03546453546466 218.2357642357642
482.87362637362645 220.71328671328672
474.4500499500501 206.83916083916085
491.29720279720283 195.44255744255742
480.8916083916085 172.15384615384613
459.58491508491517 187.5144855144855
486.34215784215786 98.32367632367632
474.9455544455545 69.58441558441557
469.4950049950051 80.98101898101899
445.7107892107893 76.52147852147851
446.2062937062938 26.97102897102897
455.62087912087924 26.97102897102897
465.03546453546466 7.150849150849126
455.62087912087924 15.574425574425561
437.78271728271733 15.574425574425561
413.5029970029971 23.998001998001996
424.8996003996005 22.511488511488494
418.458041958042 11.610389610389603
439.2692307692309 5.168831168831105
477.9185814185815 18.051948051948045
40.388111888111915 12.105894105894095
67.14535464535467 3.6823176823176595
151.3811188811189 22.015984015984003
163.2732267732268 8.141858141858108
186.06643356643363 5.168831168831105
197.95854145854153 5.168831168831105
218.76973026973033 5.168831168831105
227.68881118881123 4.177822177822122
218.2742257742258 23.5024975024975
232.6438561438562 18.051948051948045
257.419080919081 15.07892107892107
314.8976023976025 9.13286713286709
345.6188811188812 11.114885114885055
359.98851148851156 11.610389610389603
389.2232767232768 13.592407592407568
321.3391608391609 32.4215784215784
350.57392607392615 25.48451548451547
461.56693306693313 53.72827172827172
480.8916083916085 50.755244755244746
268.8156843156844 151.34265734265733
135.52497502497508 15.574425574425561
66.64985014985018 248.95704295704297
255.93256743256745 139.94605394605395
248.50000000000006 110.71128871128869
467.0174825174826 131.02697302697302
481.8826173826174 132.017982017982
486.34215784215786 113.18881118881117
413.9985014985015 152.3336663336663
291.1133866133867 19.53846153846152
119.66883116883119 208.82117882117885
457.6028971028972 239.54245754245753
170.70579420579426 16.565434565434572
393.68281718281725 163.23476523476523
456.61188811188816 90.89110889110887
61.199300699300714 27.962037962037954
