32.36831908831901 662.7448584995252
46.684869895536515 618.9530560303893
110.68827350427345 566.7397530864198
130.0577245963912 614.7423057929725
300.1720341880342 666.9556087369422
260.5909819563153 602.9522051282052
220.167779677113 552.4232022792023
273.223232668566 521.2636505223172
198.27187844254513 498.52559924026593
150.26932573599237 486.73549857549864
133.42632478632473 464.83959734093065
237.01078062678062 457.2602469135803
379.334138651472 509.4735498575499
308.59353466286797 435.36434567901233
584.8187502374171 533.895901234568
623.5576524216525 492.63054890788226
670.7180550807219 494.314849002849
717.0363076923079 519.5793504273505
771.7760607787276 592.8464045584046
790.303361823362 515.3686001899335
853.4646153846157 568.4240531813865
885.466317188984 641.6911073124406
918.310169040836 452.20734662867994
829.8844140550809 464.83959734093065
788.6190617283952 450.5230465337133
733.0371585944921 478.31399810066483
683.3503057929726 452.20734662867994
642.9271035137704 467.36604748338084
535.9740474833809 517.0529002849004
499.7615954415956 499.36774928774935
445.86399240265916 473.26109781576446
542.7112478632479 427.7849952516619
898.0985679012349 399.99404368471033
896.4142678062681 360.41299145299143
914.9415688509025 330.9377397910731
901.4671680911684 287.1459373219373
882.939867046534 331.77988983855647
921.6787692307695 227.35328395061723
914.0994188034191 202.08878252611575
890.5192174738844 196.19373219373216
880.4134169040839 213.87888319088307
871.1497663817668 222.30038366571688
863.5704159544163 180.1928812915479
847.569565052232 187.77223171889827
838.3059145299148 206.2995327635327
879.5712668566005 175.13998100664762
824.8315137701808 188.61438176638168
822.3050636277306 178.50858119658113
798.7248622981957 183.56148148148142
804.6199126305795 202.08878252611575
796.1984121557457 206.2995327635327
846.7274150047488 231.56403418803407
850.0960151946822 213.87888319088307
856.8332155745493 279.56658689458686
829.8844140550809 279.56658689458686
783.566161443495 268.61863627730287
785.2504615384616 291.3566875593542
797.8827122507125 316.62118898385563
823.9893637226974 295.5674377967711
840.8323646723649 317.463339031339
809.6728129154799 344.4121405508072
806.3042127255462 378.9402924976258
851.7803152896489 380.6245925925926
776.828961063628 335.9906400759734
760.8281101614436 355.3600911680912
752.40660968661 380.6245925925926
739.7743589743591 401.6783437796771
769.2496106362776 305.6732383665717
715.3520075973411 350.30719088319086
687.5610560303895 390.73039316239317
674.0866552706555 417.6791946818613
598.2931509971512 394.09899335232666
652.1907540360875 378.9402924976258
663.1387046533715 350.30719088319086
659.770104463438 329.25343969610634
717.0363076923079 313.2525887939221
729.6685584045586 298.09388793922125
743.1429591642926 283.77733713200377
774.3025109211777 202.9309325735992
775.1446609686611 191.14083190883179
758.3016600189935 138.08537891737885
745.6694093067428 166.71848053181373
741.458659069326 174.2978309591642
734.7214586894589 191.9829819563152
739.7743589743591 213.03673314339974
746.5115593542262 206.2995327635327
708.6148072174741 263.5657359924026
759.1438100664769 260.19713580246906
706.088357075024 282.9351870845204
671.5602051282053 309.88398860398854
613.451851851852 354.51794112060776
570.5021994301994 379.78244254510923
427.3366913580247 466.5238974358974
525.0260968660969 383.99319278252614
567.9757492877494 340.2013903133903
578.0815498575499 340.2013903133903
606.7146514719849 319.14763912630576
637.0320531813868 283.77733713200377
637.0320531813868 308.19968850902177
652.1907540360875 279.56658689458686
649.6643038936373 262.7235859449192
678.2974055080724 268.61863627730287
685.8767559354228 253.45993542260203
647.9800037986705 243.3541348528014
663.9808547008549 229.037584045584
682.5081557454894 199.56233238366568
708.6148072174741 205.45738271604927
697.66685660019 187.77223171889827
717.8784577397912 162.50773029439688
727.1421082621084 138.08537891737885
746.5115593542262 156.61267996201317
679.981705603039 149.87547958214614
649.6643038936373 170.08708072174724
633.6634529914533 168.4027806267805
618.5047521367524 165.8763304843304
626.0841025641027 131.3481785375118
610.9254017094019 131.3481785375118
604.1882013295348 165.03418043684698
652.1907540360875 197.0358822412155
644.6114036087371 182.71933143399798
627.7684026590695 183.56148148148142
647.9800037986705 213.87888319088307
629.4527027540363 224.82683380816704
604.1882013295348 218.93178347578336
608.3989515669517 208.82598290598278
596.6088509021844 233.24833428300084
615.9783019943022 241.66983475783474
605.8725014245017 261.88143589743584
589.8716505223173 274.5136866096865
583.9766001899337 294.7252877492877
550.2905982905984 316.62118898385563
515.7624463437797 367.9923418803419
488.8136448243116 345.2542905982906
479.54999430199433 360.41299145299143
407.1250902184236 399.99404368471033
358.2803874643875 410.94199430199427
254.6959316239316 418.5213447293448
279.96043304843306 405.889094017094
317.0150351377019 389.88824311490976
375.96553846153853 379.78244254510923
331.33158594491925 356.20224121557453
364.1754377967712 326.72698955365615
411.3358404558405 346.09644064577395
454.285492877493 330.9377397910731
509.8673960113961 304.8310883190883
445.86399240265916 299.778188034188
541.8690978157647 283.77733713200377
501.44589553656226 281.25088698955363
514.9202962962963 265.2500360873693
548.6062981956317 271.14508641975294
565.4492991452993 255.98638556505213
553.6591984805319 241.66983475783474
537.6583475783477 227.35328395061723
573.870799620133 227.35328395061723
569.6600493827162 207.14168281101604
567.9757492877494 195.35158214624872
570.5021994301994 172.61353086419743
582.2923000949669 168.4027806267805
581.4501500474835 159.9812801519467
590.7138005698007 190.29868186134846
586.5030503323839 229.037584045584
514.0781462488131 226.5111339031338
492.18224501424515 244.1962849002848
487.9714947768282 258.5128357075023
481.23429439696116 277.0401367521367
456.8119430199431 275.3558366571699
409.6515403608737 295.5674377967711
349.8588869895537 321.6740892687559
301.85633428300093 340.2013903133903
289.2240835707502 367.15019183285847
266.48603228869894 385.67749287749285
266.48603228869894 360.41299145299143
230.27358024691358 361.25514150047485
190.69252801519468 376.41384235517563
177.21812725546056 399.99404368471033
131.74202469135798 399.99404368471033
83.73947198480525 403.3626438746438
24.7889686609686 413.4684444444444
60.15927065527059 404.20479392212724
121.63622412155743 379.78244254510923
106.47752326685655 359.5708414055081
39.94766951566943 351.99149097815763
3.735217473884069 390.73039316239317
18.893918328584945 357.8865413105413
87.95022222222215 362.93944159544156
116.58332383665716 331.77988983855647
126.68912440645771 320.83193922127253
165.42802659069324 349.46504083570744
130.8998746438746 353.6757910731244
162.9015764482431 319.9897891737891
183.95532763532765 330.09558974358976
206.69337891737894 342.7278404558404
187.32392782526117 302.30463817663815
160.37512630579297 301.46248812915474
167.9544767331434 298.09388793922125
215.11487939221274 294.7252877492877
189.85037796771124 287.98808736942067
222.6942298195632 283.77733713200377
234.4843304843305 278.7244368471034
257.2223817663818 286.3037872744539
285.8554833808167 273.67153656220313
256.38023171889836 264.4078860398859
313.6464349477683 311.56828869895537
277.43398290598293 276.1979867046533
327.1208357075024 298.93603798670466
361.64898765432105 275.3558366571699
388.59778917378924 280.4087369420702
397.8614396961064 287.98808736942067
402.91433998100666 272.82938651471983
392.8085394112061 266.9343361823361
375.96553846153853 264.4078860398859
385.22918898385564 246.7227350427349
419.75734093067445 240.8276847103513
425.652391263058 257.6706856600189
454.285492877493 250.93348528015184
448.39044254510924 262.7235859449192
445.86399240265916 253.45993542260203
442.4953922127256 237.45908452041778
436.600341880342 221.45823361823352
417.23089078822414 229.037584045584
441.6532421652422 210.51028300094956
450.9168926875595 208.82598290598278
478.7078442545111 216.40533333333326
493.02439506172857 220.6160835707502
514.9202962962963 212.1945830959163
522.4996467236468 199.56233238366568
541.8690978157647 221.45823361823352
546.0798480531814 213.03673314339974
546.0798480531814 200.404482431149
550.2905982905984 159.9812801519467
557.0277986704654 157.45483000949662
556.1856486229822 181.87718138651465
541.0269477682813 156.61267996201317
527.5525470085472 158.29698005697995
519.1310465337133 158.29698005697995
508.1830959164293 154.92837986704643
506.49879582146264 170.08708072174724
489.655794871795 150.71762962962958
487.9714947768282 129.66387844254504
471.97064387464405 157.45483000949662
471.97064387464405 150.71762962962958
461.02269325736006 194.5094320987653
455.12764292497627 185.24578157644817
446.7061424501426 147.34902943969595
501.44589553656226 177.66643114909772
436.600341880342 171.7713808167141
437.4424919278254 153.24407977207966
423.12594112060793 163.3498803418802
418.07304083570756 161.66558024691346
420.5994909781577 155.77052991452985
419.75734093067445 148.1911794871794
427.3366913580247 182.71933143399798
413.0201405508074 171.7713808167141
407.96724026590704 213.03673314339974
390.282089268756 201.24663247863242
370.0704881291548 183.56148148148142
377.6498385565053 178.50858119658113
367.5440379867047 171.7713808167141
393.6506894586895 160.82343019943013
404.5986400759735 153.24407977207966
406.28294017094015 149.03332953466273
399.5457397910731 117.87377777777765
387.7556391263058 114.50517758784413
370.0704881291548 120.40022792022782
349.0167369420703 121.24237796771116
342.27953656220325 137.2432288698954
349.8588869895537 145.6647293447292
347.3324368471035 149.87547958214614
361.64898765432105 154.0862298195631
370.0704881291548 145.6647293447292
351.54318708452047 158.29698005697995
388.59778917378924 152.40192972459633
362.49113770180435 166.71848053181373
339.7530864197532 165.03418043684698
331.33158594491925 149.03332953466273
322.06793542260215 122.08452801519459
322.06793542260215 149.87547958214614
310.27783475783474 164.19203038936365
315.330735042735 166.71848053181373
323.7522355175689 164.19203038936365
331.33158594491925 173.4556809116808
335.5423361823362 175.13998100664762
349.8588869895537 203.77308262108252
346.4902867996202 187.77223171889827
290.06623361823364 152.40192972459633
306.0670845204179 170.08708072174724
305.2249344729345 155.77052991452985
310.27783475783474 147.34902943969595
301.01418423551763 140.61182905982892
324.5943855650522 197.87803228869882
313.6464349477683 202.08878252611575
326.278685660019 210.51028300094956
342.27953656220325 217.24748338081667
337.226636277303 229.87973409306733
362.49113770180435 221.45823361823352
339.7530864197532 258.5128357075023
370.0704881291548 243.3541348528014
329.64728584995254 256.8285356125356
305.2249344729345 245.88058499525158
311.9621348528015 224.82683380816704
292.5926837606838 223.1425337132003
289.2240835707502 206.2995327635327
285.0133333333334 193.66728205128197
274.0653827160494 197.0358822412155
272.3810826210826 156.61267996201317
266.48603228869894 143.98042924976244
274.9075327635328 136.40107882241207
285.0133333333334 135.55892877492866
285.8554833808167 139.7696790123456
270.6967825261159 240.8276847103513
268.17033238366577 225.6689838556504
280.8025830959164 243.3541348528014
245.43228110161448 232.40618423551751
228.5892801519468 241.66983475783474
215.95702943969607 252.61778537511861
211.74627920227923 274.5136866096865
184.79747768281098 272.82938651471983
199.9561785375119 281.25088698955363
151.11147578347575 284.6194871794872
146.90072554605885 277.8822867996201
125.00482431149095 293.040987654321
130.0577245963912 308.19968850902177
87.10807217473877 325.8848395061728
55.94852041785369 335.9906400759734
28.9997188983855 303.1467882241215
54.264220322886935 261.0392858499524
94.68742260208923 285.4616372269705
101.42462298195628 301.46248812915474
117.42547388414053 254.30208547008536
143.53212535612533 268.61863627730287
164.58587654320988 268.61863627730287
200.79832858499523 237.45908452041778
220.167779677113 239.14338461538455
190.69252801519468 233.24833428300084
181.42887749287746 242.51198480531806
144.37427540360872 218.93178347578336
136.7949249762583 216.40533333333326
162.9015764482431 226.5111339031338
106.47752326685655 209.66813295346623
96.37172269705599 222.30038366571688
94.68742260208923 210.51028300094956
90.47667236467234 202.08878252611575
66.0543209876543 225.6689838556504
43.31626970560299 244.1962849002848
39.10551946818605 237.45908452041778
32.36831908831902 228.19543399810055
17.209618233618187 229.037584045584
11.314567901234485 214.7210332383665
23.94681861348522 213.87888319088307
29.841868945868878 254.30208547008536
23.94681861348522 264.4078860398859
7.103817663817587 250.93348528015184
17.209618233618187 255.1442355175688
37.421219373219294 204.61523266856594
59.31712060778721 206.2995327635327
83.73947198480525 188.61438176638168
119.95192402659067 202.9309325735992
134.2684748338081 197.87803228869882
141.8478252611586 195.35158214624872
153.63792592592588 186.0879316239315
173.00737701804366 212.1945830959163
178.06027730294394 186.0879316239315
199.9561785375119 208.82598290598278
178.06027730294394 223.1425337132003
205.0090788224122 200.404482431149
221.85207977207978 208.82598290598278
242.06368091168088 215.56318328584985
249.64303133903135 223.1425337132003
239.53723076923077 207.14168281101604
236.16863057929726 194.5094320987653
225.2206799620133 189.456531813865
257.2223817663818 188.61438176638168
253.85378157644828 144.82257929724588
262.2752820512821 136.40107882241207
246.27443114909784 138.92752896486218
251.3273314339981 137.2432288698954
237.01078062678062 137.2432288698954
227.74713010446348 144.82257929724588
226.90498005698007 152.40192972459633
216.7991794871795 159.13913010446336
215.95702943969607 165.8763304843304
210.06197910731245 166.71848053181373
207.5355289648623 175.98213105413095
238.69508072174736 181.03503133903124
155.32222602089266 206.2995327635327
193.21897815764476 175.13998100664762
189.0082279202279 166.71848053181373
199.11402849002846 153.24407977207966
203.32477872744542 158.29698005697995
215.11487939221274 148.1911794871794
219.3256296296296 150.71762962962958
216.7991794871795 134.71677872744533
222.6942298195632 135.55892877492866
194.0611282051282 143.98042924976244
181.42887749287746 156.61267996201317
187.32392782526117 159.13913010446336
156.16437606837601 166.71848053181373
161.21727635327636 154.92837986704643
146.05857549857546 171.7713808167141
137.6370750237417 173.4556809116808
121.63622412155743 149.03332953466273
123.32052421652419 190.29868186134846
113.21472364672363 171.7713808167141
93.00312250712247 174.2978309591642
99.7403228869895 162.50773029439688
93.00312250712247 157.45483000949662
85.42377207977201 162.50773029439688
74.47582146248808 159.9812801519467
56.79067046533707 187.77223171889827
66.89647103513767 181.87718138651465
142.68997530864195 156.61267996201317
151.95362583095914 155.77052991452985
162.9015764482431 144.82257929724588
168.79662678062675 149.87547958214614
152.7957758784425 149.03332953466273
178.9024273504273 145.6647293447292
176.37597720797717 137.2432288698954
187.32392782526117 129.66387844254504
151.11147578347575 116.18947768281089
142.68997530864195 137.2432288698954
146.90072554605885 143.98042924976244
130.0577245963912 142.2961291547957
119.10977397910729 137.2432288698954
130.0577245963912 137.2432288698954
110.68827350427345 147.34902943969595
109.0039734093067 158.29698005697995
100.58247293447289 149.87547958214614
73.6336714150047 171.7713808167141
42.47411965811961 178.50858119658113
47.527019943019894 160.82343019943013
17.209618233618187 185.24578157644817
18.051768281101566 202.9309325735992
36.579069325735915 191.14083190883179
6.261667616334207 203.77308262108252
8.788117758784345 158.29698005697995
33.2104691358024 153.24407977207966
41.63196961063623 154.92837986704643
33.2104691358024 143.98042924976244
39.94766951566943 145.6647293447292
17.209618233618187 145.6647293447292
5.419517568850828 143.98042924976244
17.209618233618187 138.92752896486218
5.419517568850828 129.66387844254504
21.420368471035083 127.97957834757828
24.7889686609686 136.40107882241207
55.106370370370314 133.03247863247856
42.47411965811961 139.7696790123456
72.79152136752133 128.82172839506163
93.00312250712247 115.34732763532755
103.10892307692303 117.87377777777765
127.53127445394108 118.71592782526106
270.7103969610636 112.18926495726494
281.2372725546059 111.76818993352322
286.7112478632479 113.8735650522317
295.5538233618234 115.13679012345679
320.39724976258316 111.34711490978155
327.5555251661919 111.34711490978155
358.715076923077 113.45249002849003
251.7620208926876 105.03098955365618
246.2880455840456 109.24173979107309
237.4454700854701 110.08388983855646
215.97064387464386 112.18926495726494
197.44334283000953 110.08388983855646
190.70614245014244 111.34711490978155
182.7057169990503 110.50496486229818
171.33669135802467 111.34711490978155
163.33626590693257 110.50496486229818
152.38831528964863 110.08388983855646
141.86143969610634 107.97851471984804
145.6511149097816 114.71571509971507
129.2291889838556 110.92603988603985
119.54446343779674 110.08388983855646
115.33371320037983 106.71528964862294
106.07006267806267 110.50496486229818
103.12253751187082 106.71528964862294
93.85888698955364 102.92561443494772
84.59523646723645 105.87313960113957
75.75266096866095 106.71528964862294
68.59438556505219 108.3995897435897
122.9130636277303 119.76861538461534
50.9092345679012 107.97851471984804
50.9092345679012 102.92561443494772
41.64558404558401 102.92561443494772
36.17160873694202 107.13636467236466
18.065382716049342 103.34668945868943
24.802583095916376 102.08346438746433
11.328182336182284 105.87313960113957
83.75308641975306 132.82194112060776
89.64813675213672 138.29591642924973
149.0197150997151 139.55914150047482
173.86314150047482 179.14019373219372
227.33966951566956 177.45589363722698
273.2368471035138 193.4567445394112
1.2223817663817094 174.5083684710351
18.065382716049342 179.14019373219372
300.18564862298194 71.76606267806264
211.759893637227 58.71273694207023
203.3383931623932 59.55488698955361
230.28719468186134 59.97596201329528
148.17756505223173 59.1338119658119
144.8089648622982 59.97596201329528
141.019289648623 59.55488698955361
135.9663893637227 58.71273694207023
130.91348907882238 57.44951187084514
247.55127065527066 57.87058689458685
155.75691547958215 59.55488698955361
16.38108262108256 60.39703703703699
28.592258309591585 57.87058689458685
33.224083570750196 58.29166191832852
10.907107312440594 60.39703703703699
26.907958214624824 60.39703703703699
21.01290788224117 60.81811206077866
2.4856068376067784 61.66026210826204
950.2280119880119 524.5775024975023
963.5267132867132 467.290789210789
1013.6525874125873 559.3587212787211
1019.7904495504495 465.24483516483497
999.3309090909089 410.0040759240757
948.1820579420578 380.3377422577421
965.5726673326672 364.99308691308676
952.273966033966 329.1888911088909
942.0441958041956 271.9021778221777
996.2619780219779 329.1888911088909
999.3309090909089 313.8442357642356
1022.8593806193804 327.1429370629369
1010.5836563436563 383.4066733266732
959.4348051948052 225.86821178821165
970.6875524475524 222.7992807192805
957.3888511488511 199.27080919080896
944.0901498501497 194.15592407592393
982.9632767232767 184.9491308691307
995.2390009990008 185.97210789210772
1012.6296103896104 210.52355644355626
1005.4687712287712 225.86821178821165
936.9293106893106 416.1419380619379
538.9912487512487 33.548531468531316
549.2210189810189 36.617462537462394
584.0022377622377 39.68639360639347
585.0252147852148 39.68639360639347
595.254985014985 39.68639360639347
523.6465934065934 35.59448551448536
519.5546853146852 35.59448551448536
499.0951448551449 37.64043956043942
493.98025974025967 35.59448551448536
489.88835164835155 38.66341658341645
482.72751248751246 37.64043956043942
463.29094905094905 43.778301698301576
461.244995004995 42.75532467532455
769.1610789210788 59.122957042956884
779.390849150849 59.122957042956884
774.2759640359641 58.09998001997986
785.5287112887112 62.19188811188796
794.7355044955044 63.21486513486499
800.8733666333666 62.19188811188796
817.240999000999 63.21486513486499
828.4937462537462 65.26081918081904
811.1031368631368 70.37570429570418
823.3788611388611 73.44463536463516
805.9882517482517 68.32975024975012
797.8044355644356 72.42165834165823
789.6206193806194 70.37570429570418
798.8274125874125 72.42165834165823
979.8943456543456 51.9621178821177
989.1011388611389 55.03104895104878
1017.7444955044955 76.51356643356624
986.0322077922077 70.37570429570418
974.7794605394605 64.23784215784202
977.8483916083915 68.32975024975012
664.8174225774225 42.75532467532455
661.7484915084915 44.80127872127861
754.8394005994004 44.80127872127861
825.4248151848152 37.64043956043942
857.1371028971029 45.824255744255545
863.2749650349649 50.93914085914067
810.0801598401597 45.824255744255545
789.6206193806194 42.75532467532455
791.6665734265734 48.893186813186624
865.3209190809189 51.9621178821177
850.9992407592407 62.19188811188796
875.5506893106892 37.64043956043942
259.7185214785215 154.25982017982
