19.28395061728395 7.416666666666685
43.364197530864175 38.15740740740745
103.3086419753086 17.663580246913625
104.33333333333331 58.65123456790127
135.58641975308637 45.84259259259261
169.4012345679012 68.38580246913585
227.29629629629625 68.38580246913585
268.2839506172839 54.55246913580254
303.1234567901234 81.70679012345681
340.01234567901224 53.52777777777783
108.9444444444444 94.51543209876547
75.12962962962962 105.78703703703707
51.56172839506169 89.39197530864203
51.049382716049365 154.45987654320993
43.87654320987653 181.10185185185188
106.38271604938268 140.1141975308642
129.95061728395058 121.15740740740743
107.40740740740739 190.83641975308646
159.15432098765427 189.81172839506175
86.40123456790121 223.11419753086423
100.74691358024688 262.5648148148148
147.88271604938268 233.36111111111114
176.57407407407402 216.45370370370372
209.8765432098765 236.43518518518522
225.75925925925924 187.25000000000003
55.148148148148124 304.0648148148148
101.25925925925924 298.94135802469134
130.9753086419753 281.00925925925924
158.64197530864192 272.2993827160494
237.5432098765432 273.8364197530864
205.26543209876542 289.71913580246917
97.6728395061728 340.9537037037037
150.95679012345676 348.12654320987656
203.216049382716 345.0524691358024
177.08641975308637 337.87962962962956
189.89506172839504 314.31172839506166
210.9012345679012 319.4351851851852
221.66049382716045 369.1327160493827
186.82098765432096 370.1574074074074
110.99382716049382 364.5216049382716
119.19135802469134 387.0648148148148
253.93827160493822 368.10802469135797
254.45061728395058 387.0648148148148
234.4691358024691 393.7253086419753
303.1234567901234 370.66975308641975
305.1728395061728 307.1388888888889
274.43209876543204 286.1327160493827
251.88888888888886 304.0648148148148
290.82716049382714 251.29320987654322
327.71604938271594 279.4722222222222
354.35802469135797 280.4969135802469
402.0061728395061 289.2067901234568
372.8024691358024 323.53395061728395
341.5493827160493 332.7561728395061
367.679012345679 365.5462962962963
387.6604938271604 349.15123456790127
416.35185185185173 340.44135802469134
424.5493827160493 361.44753086419746
337.96296296296293 386.5524691358024
352.8209876543209 393.7253086419753
382.0246913580246 402.4351851851851
439.91975308641963 389.1141975308642
411.2283950617283 408.070987654321
466.56172839506166 328.6574074074074
496.79012345679007 345.0524691358024
487.5679012345678 380.91666666666663
291.679012345679 177.51543209876547
237.37037037037035 154.97222222222229
237.37037037037035 103.7376543209877
235.320987654321 124.74382716049388
328.5679012345679 125.25617283950623
304.48765432098764 147.79938271604942
364.43209876543204 105.27469135802471
372.6296296296296 135.50308641975312
345.47530864197523 167.7808641975309
400.29629629629625 194.93518518518522
320.8827160493827 195.9598765432099
382.36419753086415 252.83024691358025
440.77160493827154 211.3302469135803
412.0802469135802 130.89197530864203
428.9876543209876 55.57716049382719
386.97530864197523 24.83641975308649
508.91358024691345 34.05864197530866
470.99999999999994 94.51543209876547
546.3148148148148 77.09567901234573
514.5493827160494 128.33024691358025
518.648148148148 171.36728395061732
477.66049382716045 163.16975308641977
515.0617283950617 204.66975308641977
560.6604938271605 216.96604938271608
528.3827160493827 257.9537037037037
541.1913580246912 375.7932098765432
561.6851851851852 410.1203703703703
879.1666666666666 119.10802469135808
906.3209876543209 111.93518518518522
901.1975308641975 171.36728395061732
939.1111111111111 209.2808641975309
1022.6234567901233 168.29320987654324
990.858024691358 92.46604938271611
964.2160493827159 71.45987654320993
998.5432098765432 7.4166666666667425
670.6419753086419 6.3919753086420315
594.3024691358024 40.20679012345681
601.9876543209876 65.31172839506178
587.641975308642 128.8425925925926
619.4074074074074 149.8487654320988
609.6728395061727 218.50308641975315
660.9074074074074 190.83641975308646
607.6234567901234 299.4537037037037
604.037037037037 329.16975308641975
677.3024691358024 346.5895061728395
625.5555555555555 382.4537037037037
594.3024691358024 396.28703703703707
714.7037037037037 239.5092592592593
700.8703703703703 150.8734567901235
732.1234567901234 103.7376543209877
787.4567901234568 93.49074074074076
806.9259259259259 80.68209876543216
838.6913580246913 161.63271604938274
965.753086419753 293.30555555555554
937.0617283950617 369.1327160493827
820.2469135802469 357.34876543209873
807.9506172839506 348.12654320987656
854.7469135802471 246.93827160493836
816.8333333333335 222.34567901234573
749.2037037037039 214.14814814814818
949.0185185185187 408.83950617283955
995.1296296296298 460.07407407407413
917.2530864197531 439.5802469135803
866.0185185185187 454.95061728395063
838.351851851852 449.8271604938272
821.9567901234568 408.83950617283955
776.8703703703704 433.43209876543216
784.0432098765434 467.24691358024694
809.6604938271607 490.8148148148149
767.6481481481483 500.0370370370371
810.6851851851852 535.9012345679012
771.7469135802471 535.9012345679012
850.6481481481483 538.9753086419753
851.672839506173 578.9382716049383
901.8827160493829 589.1851851851852
962.3395061728397 555.3703703703704
987.956790123457 559.469135802469
875.2407407407409 649.641975308642
839.3765432098767 636.320987654321
794.2901234567903 608.6543209876543
794.2901234567903 634.2716049382716
768.672839506173 652.7160493827162
848.5987654320988 681.4074074074074
773.6234567901234 687.8117283950617
734.6851851851852 631.966049382716
727.5123456790124 689.8611111111111
710.604938271605 662.1944444444443
690.6234567901234 634.5277777777777
702.4074074074074 590.466049382716
697.7962962962963 563.3117283950617
707.5308641975308 515.6635802469136
739.8086419753087 533.0833333333333
741.858024691358 553.5771604938271
775.1604938271605 577.6574074074074
796.679012345679 570.4845679012345
1018.5246913580246 705.2314814814815
987.7839506172838 719.5771604938271
939.6234567901234 698.0586419753085
936.037037037037 766.7129629629629
868.4074074074074 781.570987654321
868.9197530864197 735.4598765432098
824.858024691358 721.1141975308642
817.6851851851851 689.3487654320987
809.4876543209876 663.7314814814815
738.783950617284 730.8487654320987
691.6481481481482 706.7685185185185
652.1975308641976 706.2561728395061
648.6111111111111 673.9783950617284
658.858024691358 617.6203703703703
613.7716049382716 648.8734567901234
649.6358024691358 563.3117283950617
610.6975308641976 559.2129629629629
630.1666666666666 530.0092592592592
624.0185185185185 513.1018518518518
595.3271604938271 515.6635802469136
570.2222222222222 523.8611111111111
555.3641975308642 570.4845679012345
521.0370370370371 544.3549382716049
525.1358024691358 501.83024691358025
537.4320987654321 447.00925925925924
600.4506172839506 432.66358024691357
626.0679012345679 428.0524691358025
631.1913580246913 469.5524691358024
568.1728395061729 672.9537037037037
588.6666666666666 688.324074074074
566.1234567901234 747.7561728395061
615.3086419753087 744.6820987654321
619.4074074074074 807.1882716049382
653.2222222222222 795.9166666666666
693.1851851851852 746.219135802469
701.895061728395 782.0833333333333
818.1975308641975 799.5030864197531
517.9629629629629 578.1697530864197
550.7530864197531 613.5216049382716
514.3765432098766 652.9722222222222
39.265432098765444 813.8487654320987
20.820987654320987 706.2561728395061
28.506172839506178 647.3364197530864
63.34567901234567 593.0277777777777
103.82098765432099 644.2623456790122
77.17901234567901 729.824074074074
136.61111111111111 678.0771604938271
149.41975308641972 635.0401234567901
187.33333333333334 600.7129629629629
188.358024691358 679.6141975308642
154.03086419753086 753.3919753086419
229.858024691358 681.1512345679012
276.4814814814814 739.0462962962963
346.1604938271604 699.0833333333333
341.5493827160493 746.219135802469
340.5246913580246 768.25
386.6358024691358 794.8919753086419
438.3827160493827 810.2623456790122
465.53703703703695 814.3611111111111
458.87654320987644 704.719135802469
470.6604938271604 650.9228395061727
483.9814814814814 618.1327160493827
448.62962962962956 598.6635802469135
421.4753086419753 623.7685185185185
400.46913580246905 576.1203703703703
372.29012345679007 566.3858024691358
323.6172839506172 587.3919753086419
280.0679012345679 599.1759259259259
283.1419753086419 564.8487654320987
249.32716049382717 573.5586419753085
146.3456790123457 521.2993827160494
167.86419753086417 456.7438271604938
230.37037037037035 459.30555555555554
215.51234567901233 446.4969135802469
261.62345679012344 487.9969135802469
241.64197530864195 518.7376543209876
301.074074074074 480.3117283950617
343.0864197530864 482.3611111111111
403.5432098765432 457.2561728395062
419.9382716049382 494.14506172839504
446.0679012345678 472.62654320987656
463.48765432098753 510.54012345679007
421.98765432098764 534.108024691358
442.99382716049377 565.8734567901234
477.3209876543209 554.0895061728395
473.2222222222222 583.8055555555555
902.2222222222222 821.5339506172838
805.3888888888889 827.6820987654321
804.8765432098766 749.2932098765432
760.3024691358024 769.787037037037
569.7098765432099 800.5277777777777
526.1604938271605 797.4537037037037
516.4259259259259 725.2129629629629
839.7160493827159 607.3734567901234
870.4567901234567 613.5216049382716
753.1296296296296 598.6635802469135
309.78395061728395 519.25
507.03703703703695 465.4537037037037
380.48765432098764 435.2253086419753
306.19753086419746 433.1759259259259
230.37037037037035 422.929012345679
202.19135802469137 422.41666666666663
129.43827160493825 432.1512345679012
22.870370370370352 416.78086419753083
70.51851851851848 415.24382716049377
176.06172839506166 395.77469135802465
296.46296296296293 412.6820987654321
485.0061728395061 423.9537037037037
507.8888888888888 692.9351851851852
271.46189224704335 123.20039421813419
