25.194214876033016 272.40909090909093
14.483471074380105 258.72314049586777
20.43388429752062 262.2933884297521
24.004132231404924 249.79752066115702
47.21074380165285 259.9132231404959
45.425619834710716 245.6322314049587
4.962809917355315 237.89669421487605
31.144628099173502 224.2107438016529
13.293388429752014 198.62396694214877
26.979338842975153 202.19421487603307
38.880165289256155 212.30991735537188
39.4752066115702 202.19421487603307
54.35123966942146 196.83884297520663
67.44214876033055 200.4090909090909
71.01239669421486 208.14462809917356
72.20247933884295 200.4090909090909
83.5082644628099 202.78925619834712
77.55785123966939 226.5909090909091
78.74793388429751 245.6322314049587
85.29338842975204 256.3429752066116
94.81404958677683 275.38429752066116
102.54958677685948 277.16942148760336
117.42561983471072 252.17768595041326
112.66528925619834 243.25206611570252
104.9297520661157 234.32644628099177
104.9297520661157 217.0702479338843
126.35123966942145 216.47520661157026
145.98760330578514 230.75619834710744
148.36776859504133 234.92148760330582
130.51652892561984 255.74793388429754
128.7314049586777 275.38429752066116
160.2685950413223 259.9132231404959
182.8801652892562 243.25206611570252
188.83057851239673 262.88842975206614
223.3429752066116 251.58264462809922
226.9132231404959 275.9793388429752
250.71487603305786 258.1280991735537
248.92975206611573 250.39256198347107
248.92975206611573 250.39256198347107
279.2768595041323 243.25206611570252
260.2355371900827 233.73140495867773
262.6157024793389 226.5909090909091
232.8636363636364 227.78099173553724
211.44214876033058 218.85537190082647
207.27685950413226 243.25206611570252
195.3760330578513 229.56611570247935
174.5495867768595 217.0702479338843
162.64876033057854 212.30991735537188
142.4173553719008 196.83884297520663
120.99586776859505 193.26859504132233
104.33471074380165 189.698347107438
85.88842975206609 189.10330578512398
92.43388429752065 178.98760330578514
115.64049586776858 167.08677685950414
113.2603305785124 158.1611570247934
90.64876033057848 153.400826446281
79.9380165289256 149.23553719008265
84.698347107438 139.1198347107438
95.40909090909088 139.71487603305786
97.19421487603304 130.7892561983471
107.30991735537188 131.9793388429752
115.64049586776858 134.95454545454544
66.25206611570246 148.6404958677686
51.97107438016525 152.80578512396693
47.21074380165285 166.4917355371901
39.4752066115702 175.41735537190087
61.49173553719004 180.77272727272728
26.979338842975153 184.93801652892563
13.293388429752014 186.12809917355372
27.5743801652892 181.36776859504133
20.43388429752062 173.63223140495867
25.194214876033016 90.92148760330578
42.45041322314046 74.26033057851237
40.66528925619832 68.30991735537188
46.61570247933881 61.76446280991735
56.1363636363636 68.90495867768595
68.0371900826446 61.76446280991735
62.681818181818166 50.45867768595039
71.6074380165289 51.64876033057851
78.15289256198344 52.8388429752066
88.86363636363635 52.8388429752066
79.34297520661156 46.29338842975204
85.88842975206609 42.72314049586774
74.58264462809916 47.483471074380134
97.19421487603304 43.91322314049586
103.73966942148758 44.508264462809905
110.28512396694212 43.91322314049586
115.04545454545453 43.91322314049586
106.11983471074379 38.55785123966939
108.49999999999997 33.20247933884295
113.85537190082646 29.0371900826446
119.80578512396696 25.466942148760324
122.78099173553719 34.39256198347104
125.75619834710741 31.41735537190081
143.6074380165289 12.971074380165248
121.59090909090911 6.425619834710687
157.29338842975207 23.086776859504084
175.7396694214876 23.086776859504084
200.13636363636365 4.045454545454504
206.08677685950417 18.921487603305764
207.8719008264463 12.971074380165248
225.12809917355375 8.805785123966928
221.55785123966945 4.045454545454504
231.67355371900834 2.8553719008264125
242.3842975206612 7.020661157024733
237.02892561983472 10.590909090909065
219.77272727272728 37.3677685950413
230.48347107438022 35.58264462809916
233.45867768595042 47.483471074380134
226.9132231404959 51.64876033057851
193.5909090909091 192.67355371900828
165.62396694214877 193.26859504132233
138.2520661157025 179.5826446280992
152.53305785123965 175.41735537190087
142.4173553719008 168.27685950413223
145.98760330578514 155.78099173553719
135.8719008264463 143.28512396694214
126.9462809917355 139.71487603305786
136.46694214876035 134.95454545454544
141.82231404958677 131.38429752066116
131.70661157024793 118.88842975206612
126.35123966942145 120.07851239669421
119.21074380165291 108.77272727272725
106.71487603305783 122.45867768595042
135.2768595041322 112.9380165289256
141.22727272727272 108.77272727272725
145.98760330578514 118.29338842975207
149.55785123966942 118.29338842975207
154.9132231404959 127.21900826446281
162.64876033057854 131.38429752066116
163.83884297520663 142.09504132231405
188.23553719008268 155.78099173553719
188.23553719008268 144.47520661157026
188.23553719008268 183.74793388429754
198.35123966942152 161.13636363636363
201.9214876033058 169.46694214876032
216.79752066115705 185.53305785123968
223.3429752066116 206.95454545454547
193.5909090909091 206.35950413223142
234.64876033057854 183.15289256198352
156.10330578512398 107.58264462809916
164.43388429752068 103.41735537190081
155.50826446280993 102.2272727272727
157.29338842975207 96.27685950413223
171.57438016528928 95.08677685950413
173.35950413223142 89.13636363636363
182.28512396694217 87.94628099173553
178.7148760330579 79.61570247933884
191.80578512396696 71.28512396694214
190.02066115702482 73.07024793388427
185.2603305785124 96.27685950413223
198.35123966942152 102.82231404958677
173.35950413223142 111.74793388429751
162.64876033057854 117.10330578512395
177.52479338842974 121.2685950413223
170.3842975206612 117.10330578512395
182.28512396694217 124.8388429752066
199.5413223140496 118.29338842975207
190.61570247933886 117.10330578512395
209.0619834710744 115.31818181818181
215.0123966942149 123.64876033057851
218.58264462809922 118.29338842975207
215.0123966942149 102.2272727272727
228.69834710743802 84.97107438016528
195.3760330578513 84.97107438016528
201.9214876033058 73.66528925619832
210.2520661157025 70.09504132231405
217.98760330578511 71.28512396694214
228.69834710743802 71.28512396694214
230.48347107438022 65.92975206611567
226.9132231404959 64.14462809917353
213.22727272727278 60.57438016528925
210.2520661157025 62.95454545454544
241.78925619834715 73.07024793388427
241.19421487603307 67.11983471074379
246.54958677685954 68.90495867768595
254.8801652892563 70.09504132231405
260.83057851239676 72.47520661157023
259.64049586776866 67.11983471074379
265.5909090909091 68.30991735537188
275.11157024793397 76.64049586776858
276.8966942148761 72.47520661157023
277.49173553719015 68.30991735537188
294.15289256198355 72.47520661157023
283.4421487603306 73.66528925619832
220.96280991735543 127.21900826446281
234.05371900826452 124.8388429752066
227.50826446280993 120.07851239669421
229.2933884297521 102.2272727272727
235.24380165289256 105.79752066115702
221.55785123966945 108.77272727272725
219.77272727272728 98.65702479338842
247.73966942148766 109.96280991735539
242.3842975206612 97.46694214876032
254.28512396694217 100.44214876033055
247.73966942148766 87.94628099173553
243.5743801652893 86.16115702479337
240.59917355371906 81.40082644628097
258.4504132231406 77.8305785123967
264.40082644628103 82.59090909090907
272.13636363636374 83.78099173553716
273.32644628099183 89.13636363636363
208.46694214876035 132.57438016528926
189.42561983471077 132.57438016528926
208.46694214876035 143.28512396694214
226.31818181818187 137.33471074380165
225.12809917355375 145.07024793388427
207.27685950413226 153.99586776859505
222.74793388429757 156.97107438016528
254.28512396694217 18.921487603305764
244.76446280991738 15.351239669421489
251.30991735537197 4.64049586776855
260.2355371900827 12.971074380165248
266.7809917355372 14.756198347107386
269.75619834710744 8.805785123966928
274.5165289256199 5.830578512396642
268.56611570247935 4.045454545454504
262.6157024793389 1.070247933884275
272.13636363636374 1.6652892561983208
283.4421487603306 10.590909090909065
290.5826446280993 8.210743801652882
242.9793388429752 162.9214876033058
220.36776859504135 168.27685950413223
241.78925619834715 151.61570247933884
231.67355371900834 153.400826446281
247.14462809917364 130.7892561983471
249.5247933884298 121.2685950413223
260.83057851239676 123.05371900826447
266.7809917355372 127.21900826446281
259.0454545454546 142.09504132231405
259.0454545454546 147.4504132231405
262.02066115702485 153.99586776859505
276.30165289256206 136.7396694214876
281.6570247933885 152.21074380165285
288.79752066115714 125.43388429752065
303.6735537190083 129.00413223140495
306.6487603305786 127.81404958677686
306.0537190082646 140.90495867768595
307.24380165289267 145.07024793388427
317.9545454545455 146.2603305785124
270.3512396694215 110.55785123966942
264.9958677685951 108.77272727272725
286.41735537190084 108.77272727272725
293.5578512396695 105.79752066115702
302.4834710743802 106.98760330578511
307.8388429752067 111.15289256198346
306.6487603305786 102.82231404958677
285.8223140495868 92.11157024793386
297.7231404958678 100.44214876033055
307.8388429752067 82.59090909090907
306.6487603305786 84.97107438016528
325.09504132231416 78.42561983471074
307.8388429752067 68.30991735537188
317.35950413223145 64.14462809917353
294.7479338842976 61.76446280991735
288.79752066115714 54.62396694214875
281.0619834710744 55.81404958677683
269.75619834710744 56.40909090909088
269.1611570247934 48.673553719008225
280.4669421487604 46.29338842975204
280.4669421487604 42.12809917355369
268.56611570247935 40.342975206611555
261.4256198347108 43.91322314049586
264.9958677685951 38.55785123966939
256.0702479338844 33.20247933884295
248.92975206611573 36.177685950413206
241.78925619834715 42.12809917355369
239.409090909091 33.797520661156994
242.3842975206612 29.63223140495865
243.5743801652893 20.7066115702479
268.56611570247935 23.68181818181813
264.40082644628103 23.086776859504084
257.8553719008265 24.87190082644628
280.4669421487604 23.68181818181813
274.5165289256199 24.87190082644628
273.9214876033059 27.252066115702462
282.2520661157025 30.22727272727269
284.6322314049587 37.3677685950413
282.2520661157025 33.797520661156994
285.22727272727275 23.68181818181813
294.15289256198355 24.87190082644628
295.9380165289257 18.921487603305764
295.34297520661164 14.756198347107386
285.8223140495868 17.136363636363626
300.69834710743805 31.41735537190081
303.07851239669424 31.41735537190081
296.53305785123973 40.342975206611555
295.9380165289257 50.45867768595039
292.3677685950414 47.483471074380134
301.88842975206614 49.26859504132227
312.00413223140504 51.64876033057851
321.52479338842977 21.301652892561947
317.35950413223145 17.136363636363626
306.6487603305786 23.086776859504084
305.45867768595053 14.756198347107386
300.103305785124 9.400826446280973
306.6487603305786 4.64049586776855
302.4834710743802 1.070247933884275
293.5578512396695 1.070247933884275
322.11983471074393 2.8553719008264125
316.7644628099174 2.2603305785123666
331.0454545454546 1.070247933884275
334.02066115702485 1.6652892561983208
343.5413223140497 2.2603305785123666
367.34297520661164 8.805785123966928
354.84710743801656 8.805785123966928
348.8966942148761 8.210743801652882
335.805785123967 11.185950413223111
349.49173553719015 18.921487603305764
344.13636363636374 17.136363636363626
335.21074380165294 18.921487603305764
366.15289256198355 17.731404958677672
339.3760330578514 33.20247933884295
316.7644628099174 33.20247933884295
323.90495867768607 33.797520661156994
321.52479338842977 33.20247933884295
345.9214876033059 42.72314049586774
335.21074380165294 47.483471074380134
331.64049586776866 54.62396694214875
323.90495867768607 57.004132231404924
336.40082644628103 52.8388429752066
332.83057851239676 67.11983471074379
332.2355371900827 61.76446280991735
341.1611570247935 65.92975206611567
359.012396694215 65.92975206611567
353.0619834710744 73.66528925619832
341.75619834710756 87.94628099173553
333.4256198347108 84.97107438016528
352.4669421487604 90.32644628099172
357.8223140495869 84.97107438016528
373.2933884297522 95.08677685950413
373.88842975206626 77.23553719008262
378.0537190082646 61.1694214876033
382.81404958677695 65.33471074380162
394.714876033058 64.73966942148758
391.1446280991737 54.62396694214875
379.24380165289267 45.10330578512395
376.8636363636365 37.3677685950413
371.5082644628101 39.74793388429748
364.3677685950414 47.483471074380134
357.22727272727286 52.8388429752066
351.2768595041323 50.45867768595039
364.3677685950414 29.0371900826446
382.2190082644629 23.086776859504084
375.6735537190084 7.020661157024733
373.2933884297522 14.756198347107386
231.67355371900834 198.62396694214877
242.9793388429752 192.67355371900828
250.11983471074385 200.4090909090909
248.3347107438017 210.52479338842977
264.40082644628103 176.60743801652893
250.71487603305786 181.96280991735537
250.71487603305786 172.44214876033058
267.37603305785126 161.13636363636363
273.32644628099183 164.11157024793388
281.6570247933885 181.96280991735537
289.9876033057852 167.08677685950414
281.0619834710744 166.4917355371901
303.07851239669424 168.27685950413223
303.07851239669424 181.36776859504133
314.97933884297527 186.12809917355372
322.714876033058 179.5826446280992
329.2603305785125 174.8223140495868
344.7314049586778 179.5826446280992
351.87190082644634 156.97107438016528
336.40082644628103 149.8305785123967
345.9214876033059 143.28512396694214
364.96280991735546 155.78099173553719
303.6735537190083 202.78925619834712
298.31818181818187 219.45041322314052
267.37603305785126 196.24380165289259
278.68181818181824 212.30991735537188
373.2933884297522 145.66528925619835
380.43388429752076 144.47520661157026
388.1694214876035 122.45867768595042
375.07851239669435 115.91322314049586
354.84710743801656 133.1694214876033
351.87190082644634 127.21900826446281
340.56611570247946 131.38429752066116
337.5909090909091 122.45867768595042
329.8553719008265 111.74793388429751
316.16942148760336 106.39256198347107
323.309917355372 94.49173553719005
332.2355371900827 100.44214876033055
404.2355371900828 71.28512396694214
412.56611570247946 72.47520661157023
417.9214876033059 68.30991735537188
414.94628099173565 60.57438016528925
401.8553719008265 117.10330578512395
390.54958677685966 108.77272727272725
365.5578512396695 112.9380165289256
414.94628099173565 130.7892561983471
429.8223140495869 119.48347107438016
413.1611570247935 100.44214876033055
406.02066115702496 94.49173553719005
392.92975206611584 89.13636363636363
385.7892561983473 82.59090909090907
379.24380165289267 87.94628099173553
420.8966942148762 79.61570247933884
416.13636363636374 86.75619834710744
422.68181818181836 87.94628099173553
431.60743801652904 52.8388429752066
428.6322314049588 57.004132231404924
421.49173553719027 20.7066115702479
416.7314049586778 30.22727272727269
406.615702479339 39.74793388429748
403.6404958677688 46.29338842975204
406.615702479339 36.177685950413206
389.9545454545456 35.58264462809916
393.5247933884299 29.63223140495865
385.19421487603313 27.252066115702462
389.9545454545456 17.731404958677672
386.38429752066133 8.805785123966928
400.0702479338844 4.045454545454504
416.7314049586778 8.805785123966928
408.40082644628114 19.51652892561981
427.4421487603307 6.425619834710687
359.012396694215 36.177685950413206
355.4421487603306 38.55785123966939
351.87190082644634 34.39256198347104
361.9876033057852 38.55785123966939
352.4669421487604 61.76446280991735
348.8966942148761 53.43388429752065
329.2603305785125 36.177685950413206
135.2768595041322 36.177685950413206
198.35123966942152 39.74793388429748
