490.28512396694214 566.3446280991735
503.6140495867769 568.8834710743802
516.3082644628099 575.2305785123967
545.5049586776861 667.2636363636364
571.5280991735538 683.1314049586776
605.8024793388431 692.6520661157025
341.1280991735537 704.0768595041322
323.35619834710747 730.1
614.6884297520662 620.9297520661157
634.3644628099174 619.6603305785123
593.7429752066116 612.0438016528925
497.9016528925621 613.3132231404959
471.8785123966943 622.8338842975206
441.412396694215 628.5462809917356
437.60413223140506 647.5876033057851
494.09338842975217 546.0338842975207
513.1347107438017 549.207438016529
518.8471074380166 557.4586776859504
530.2719008264463 566.3446280991735
552.4867768595043 605.0619834710744
538.5231404958678 615.8520661157024
614.6884297520662 594.2719008264463
447.7595041322314 570.1528925619834
465.53140495867774 575.8652892561984
472.51322314049594 577.7694214876033
384.9231404958678 605.6966942148761
398.88677685950415 594.906611570248
326.5297520661157 634.8933884297521
339.22396694214876 599.9842975206611
348.74462809917355 573.3264462809917
457.9148760330579 531.4355371900826
469.9743801652893 542.8603305785124
468.704958677686 514.9330578512397
492.8239669421488 525.0884297520661
480.12975206611577 543.495041322314
508.05702479338845 528.896694214876
516.9429752066117 539.0520661157025
534.7148760330579 549.8421487603306
548.6785123966943 553.6504132231405
520.11652892562 617.7561983471074
509.96115702479347 620.9297520661157
584.2223140495869 536.5132231404958
593.10826446281 546.0338842975207
600.0900826446282 564.4404958677686
657.8487603305786 644.4140495867769
646.4239669421488 679.3231404958677
308.1231404958678 695.1909090909091
864.1297520661155 70.9528925619835
850.1661157024791 64.60578512396694
836.202479338843 60.79752066115714
827.3165289256197 69.68347107438024
893.3264462809916 195.35619834710758
638.1727272727271 592.6851239669425
647.0586776859504 586.3380165289259
669.9082644628099 583.7991735537194
892.0570247933883 116.6520661157025
828.5859504132231 178.85371900826453
812.08347107438 169.96776859504143
782.8867768595042 149.65702479338847
756.2289256198346 147.11818181818182
685.1413223140496 581.2603305785127
575.9710743801652 460.6652892561986
869.2074380165288 612.9958677685953
657.2140495867768 550.7942148760334
633.095041322314 563.4884297520664
620.4008264462809 559.6801652892565
640.7115702479339 545.7165289256201
523.9247933884296 493.6702479338845
517.5776859504131 486.05371900826464
570.8933884297519 500.017355371901
449.0289256198346 511.4421487603307
621.6702479338842 508.90330578512413
630.5561983471073 516.519834710744
616.5925619834711 489.8619834710745
628.0173553719007 474.6289256198349
602.6289256198347 458.126446280992
593.7429752066116 450.5099173553721
583.587603305785 445.43223140495877
567.0851239669421 445.43223140495877
555.6603305785122 451.7793388429754
549.3132231404957 475.8983471074382
554.390909090909 496.2090909090911
600.090082644628 492.40082644628126
723.2239669421488 593.9545454545457
744.8041322314048 593.9545454545457
683.8719008264461 496.2090909090911
658.4834710743801 526.6752066115705
644.5198347107437 510.17272727272746
483.3033057851238 469.55123966942176
498.5363636363635 467.012396694215
452.8371900826445 472.09008264462835
459.18429752066095 488.5925619834712
658.4834710743801 470.82066115702503
659.7528925619833 491.131404958678
644.5198347107437 474.6289256198349
730.8404958677686 571.1049586776862
727.0322314049586 529.2140495867772
836.414049586777 605.3793388429754
852.2818181818183 606.6487603305787
882.7479338842976 625.6900826446283
877.0355371900827 668.215702479339
736.7644628099174 522.2322314049588
808.4867768595042 520.3280991735539
765.3264462809917 544.4471074380167
768.5 510.17272727272746
741.8421487603306 557.7760330578515
705.6636363636364 562.8537190082646
684.0834710743802 544.4471074380167
666.9462809917355 506.9991735537192
584.4338842975206 473.99421487603325
875.7661157024794 566.6619834710746
799.6008264462811 586.9727272727275
784.3677685950413 581.2603305785126
841.4917355371902 567.2966942148762
859.8983471074381 462.5694214876035
854.1859504132232 475.2636363636366
831.9710743801653 479.7066115702481
722.1661157024794 492.40082644628114
701.2206611570248 500.65206611570267
668.2157024793389 450.50991735537207
671.3892561983471 462.5694214876035
632.0371900826447 452.4140495867771
658.0603305785124 444.16280991735556
680.9099173553719 434.00743801652914
645.3661157024793 460.66528925619855
731.0520661157025 480.9760330578514
709.4719008264464 484.7842975206613
696.7776859504132 486.6884297520663
714.5495867768595 473.99421487603325
723.4355371900826 463.20413223140514
746.2851239669421 486.6884297520663
796.4272727272728 474.6289256198349
791.3495867768596 512.0768595041325
798.3314049586777 548.8900826446283
765.9611570247935 597.7628099173555
819.9115702479339 551.4289256198349
830.0669421487604 558.4107438016531
830.0669421487604 578.721487603306
810.3909090909092 575.5479338842977
795.7925619834712 573.0090909090911
863.706611570248 528.5793388429754
878.9396694214877 383.86528925619854
882.113223140496 396.55950413223155
842.7611570247934 397.1942148760332
852.9165289256199 357.20743801652907
851.0123966942149 374.3446280991737
835.7793388429752 373.70991735537206
842.1264462809918 360.38099173553735
823.0851239669422 369.2669421487605
805.9479338842975 386.40413223140513
792.6190082644629 406.08016528925634
780.5595041322315 401.6371900826448
717.0884297520662 434.64214876033077
708.202479338843 423.21735537190096
747.5545454545455 458.1264462809919
800.8702479338843 452.4140495867771
781.1942148760331 414.33140495867787
783.7330578512397 425.121487603306
836.414049586777 416.87024793388446
818.6421487603307 391.48181818181837
896.711570247934 405.4454545454547
891.6338842975207 411.1578512396696
870.0537190082646 407.34958677685967
863.0719008264464 392.75123966942164
863.0719008264464 371.8057851239671
854.1859504132232 426.3909090909093
847.204132231405 416.87024793388446
878.304958677686 442.89338842975224
857.3595041322315 442.89338842975224
836.414049586777 468.91652892562
817.3727272727274 402.2719008264464
815.4685950413224 438.4504132231407
826.8933884297521 421.31322314049606
717.0884297520662 512.0768595041325
695.50826446281 417.50495867768615
694.8735537190083 427.02561983471094
685.9876033057851 452.4140495867771
755.805785123967 418.7743801652894
745.0157024793389 409.88842975206626
731.0520661157025 400.36776859504147
727.8785123966942 413.69669421487623
736.7644628099174 425.7561983471076
772.30826446281 385.76942148760344
752.6322314049587 385.76942148760344
785.002479338843 354.6685950413225
769.1347107438016 341.33966942148777
777.3859504132232 334.35785123966957
753.901652892562 328.6454545454547
784.3677685950413 314.04710743801667
814.8338842975207 327.3760330578514
812.2950413223141 308.9694214876035
782.4636363636364 367.3628099173555
796.4272727272728 367.9975206611572
781.8289256198348 387.03884297520676
795.1578512396695 386.40413223140513
758.3446280991736 359.111570247934
753.901652892562 372.44049586776873
722.800826446281 387.03884297520676
706.9330578512397 388.3082644628101
691.7 388.3082644628101
707.5677685950413 360.38099173553735
709.4719008264464 338.1661157024795
698.6818181818182 353.39917355371915
694.2388429752066 370.5363636363638
684.0834710743802 374.3446280991737
719.6272727272727 329.914876033058
740.5727272727273 314.6818181818183
733.5909090909091 330.54958677685966
709.4719008264464 319.1247933884299
699.9512396694215 334.9925619834712
840.2223140495869 331.819008264463
849.10826446281 322.9330578512398
838.9528925619835 308.9694214876035
833.8752066115703 318.4900826446283
859.2636363636365 319.75950413223154
863.706611570248 306.43057851239683
896.711570247934 308.3347107438018
884.0173553719009 310.23884297520675
885.9214876033059 324.20247933884315
875.7661157024794 325.4719008264464
868.7842975206612 329.914876033058
872.5925619834711 338.8008264462812
881.4785123966943 334.9925619834712
893.5380165289257 344.513223140496
885.2867768595042 366.72809917355386
896.0768595041322 377.518181818182
911.9446280991737 349.59090909090924
913.2140495867769 367.3628099173555
911.309917355372 393.38595041322327
916.3876033057852 382.5958677685952
925.2735537190083 378.1528925619836
922.1 329.914876033058
932.2553719008265 336.89669421487616
933.5247933884298 349.59090909090924
942.410743801653 323.56776859504146
926.5429752066117 312.1429752066117
953.8355371900827 310.23884297520675
940.506611570248 313.41239669421503
902.4239669421488 324.20247933884315
785.6371900826447 500.65206611570267
783.7330578512397 490.49669421487624
775.4818181818182 498.7479338842977
736.1297520661158 509.5380165289258
731.6867768595041 500.017355371901
748.8239669421488 501.921487603306
751.3628099173554 522.2322314049588
715.8190082644628 590.1462809917357
684.0834710743802 604.1099173553721
655.5214876033058 592.6851239669423
543.8123966942148 418.1396694214878
562.2190082644628 402.2719008264464
574.9132231404959 402.9066115702481
534.9264462809917 438.4504132231407
517.1545454545454 444.79752066115725
533.0223140495867 476.53305785123985
534.2917355371901 459.3958677685952
548.2553719008265 442.89338842975224
565.3925619834711 428.2950413223142
579.3561983471075 423.21735537190096
590.7809917355372 418.1396694214878
571.7396694214876 390.21239669421504
577.4520661157025 385.1347107438018
621.2471074380165 423.85206611570266
618.7082644628099 435.91157024793404
603.4752066115702 428.9297520661159
653.6173553719009 432.1033057851241
642.8272727272728 446.0669421487605
668.8504132231405 373.0752066115704
651.0785123966942 388.9429752066117
660.5991735537191 382.5958677685952
647.904958677686 423.21735537190096
661.2338842975207 395.9247933884299
689.795867768595 348.3214876033059
672.0239669421488 344.513223140496
698.6818181818182 321.02892561983487
716.4537190082644 355.3033057851241
729.1479338842976 371.8057851239671
732.9561983471075 341.9743801652894
751.9975206611571 345.7826446280993
734.8603305785124 358.4768595041324
667.5809917355372 308.9694214876035
734.8603305785124 303.25702479338855
743.7462809917356 298.814049586777
759.6140495867769 300.0834710743803
751.3628099173554 307.06528925619847
776.7512396694215 301.9876033057853
799.6008264462811 319.1247933884299
623.7859504132232 328.01074380165306
648.5396694214876 366.72809917355386
633.9413223140496 373.70991735537206
628.2289256198347 398.4636363636365
609.8223140495868 400.36776859504147
670.7545454545455 416.87024793388446
691.7 401.0024793388431
707.5677685950413 404.1760330578514
717.7231404958678 404.1760330578514
682.1793388429752 421.31322314049606
603.4752066115702 385.1347107438018
586.9727272727273 385.76942148760344
550.1595041322314 384.50000000000017
555.8719008264463 353.39917355371915
566.6619834710744 352.1297520661158
549.5247933884298 344.513223140496
597.7628099173554 354.03388429752084
579.3561983471075 358.4768595041324
584.4338842975206 330.54958677685966
575.5479338842975 322.9330578512398
600.9363636363637 329.28016528925633
521.597520661157 381.9611570247935
533.6570247933885 397.8289256198349
517.7892561983471 390.8471074380167
516.5198347107438 411.7925619834712
523.501652892562 406.08016528925634
534.2917355371901 421.31322314049606
547.6206611570248 527.9446280991738
530.4834710743802 528.5793388429754
547.6206611570248 508.2685950413225
557.1413223140496 516.519834710744
569.8355371900826 515.8851239669423
568.5661157024794 539.3694214876035
524.7710743801653 513.3462809917357
602.8404958677686 533.022314049587
602.8404958677686 517.7892561983473
584.4338842975206 517.7892561983473
807.8520661157025 467.01239669421506
809.7561983471074 452.4140495867771
822.4504132231406 462.5694214876035
698.0471074380166 436.5462809917357
609.1876033057852 341.9743801652894
616.1694214876034 365.4586776859506
583.799173553719 373.0752066115704
489.01570247933876 440.3545454545454
460.45371900826444 442.893388429752
433.16115702479334 439.0851239669421
497.2669421487602 418.13966942148755
427.6702479338842 461.77603305785124
415.23388429752055 454.4272727272727
398.8404958677685 444.8173553719008
383.5776859504131 440.8603305785124
385.8388429752065 430.6851239669421
373.9677685950412 452.7314049586777
363.2272727272726 461.21074380165294
432.1925619834709 423.90165289256197
425.4090909090909 413.1611570247934
461.02231404958667 401.2900826446281
441.23719008264453 382.0702479338843
473.4586776859503 421.07520661157025
483.6338842975206 408.07355371900826
542.4239669421487 351.54462809917356
510.20247933884286 364.54628099173556
484.76446280991723 362.28512396694214
514.1595041322313 319.32314049586773
520.3776859504131 336.8471074380165
540.1628099173553 316.496694214876
523.2041322314049 312.5396694214876
562.7743801652891 291.62396694214874
579.1677685950413 290.49338842975203
597.2570247933884 302.3644628099173
640.2190082644628 245.27024793388424
616.4768595041322 251.48842975206605
608.5628099173553 248.09669421487598
599.5181818181818 250.9231404958677
581.4289256198347 256.01074380165284
600.6487603305784 287.1016528925619
613.0851239669421 278.62231404958675
620.999173553719 270.7082644628099
626.0867768595041 263.35950413223134
614.2157024793388 324.41074380165287
618.7380165289255 313.6702479338843
627.2173553719008 301.2338842975206
636.8272727272727 301.2338842975206
628.9132231404958 347.58760330578514
605.7363636363635 210.78760330578507
616.4768595041322 200.04710743801644
620.999173553719 222.65867768595035
569.5578512396694 254.88016528925613
556.5561983471074 256.5760330578512
563.9049586776858 244.7049586776859
546.9462809917354 258.83719008264455
544.1198347107437 274.0999999999999
534.5099173553718 265.62066115702476
635.1314049586776 189.3066115702478
590.4735537190082 191.56776859504123
573.5148760330578 201.7429752066115
596.69173553719 197.78595041322308
572.3842975206611 218.70165289256192
557.1214876033057 214.17933884297514
553.1644628099173 200.6123966942148
544.1198347107437 215.3099173553718
548.6421487603305 242.4438016528925
536.2057851239668 249.22727272727266
526.595867768595 232.26859504132221
506.24545454545444 236.22561983471067
510.7677685950413 222.65867768595035
519.2471074380164 215.3099173553718
516.985950413223 201.17768595041315
529.4223140495867 209.65702479338836
528.8570247933883 219.26694214876022
501.1578512396693 283.1446280991735
491.54793388429744 292.18925619834704
503.4190082644627 300.1033057851239
515.8553719008264 287.6669421487603
485.3297520661156 306.8867768595041
498.3314049586776 312.5396694214876
480.2421487603305 261.0983471074379
468.37107438016517 269.5776859504132
483.6338842975206 272.4041322314049
499.4619834710743 258.83719008264455
509.63719008264457 270.7082644628099
465.54462809917345 338.5429752066116
457.06528925619824 352.6752066115702
468.37107438016517 384.89669421487605
479.1115702479338 395.07190082644627
493.80909090909086 399.59421487603305
509.07190082644615 378.11322314049585
403.9280991735536 337.41239669421486
366.05371900826435 372.4603305785124
356.44380165289243 362.28512396694214
324.22231404958666 367.3727272727273
302.74132231404946 372.4603305785124
330.44049586776845 376.98264462809914
318.0041322314048 381.5049586776859
252.9958677685949 400.72479338842976
259.77933884297505 443.6867768595041
264.8669421487602 428.9892561983471
285.78264462809904 399.59421487603305
238.8636363636362 403.5512396694215
291.4355371900825 403.5512396694215
238.8636363636362 383.7661157024794
250.16942148760313 383.7661157024794
265.43223140495854 385.46198347107435
268.25867768595026 368.503305785124
284.6520661157023 370.199173553719
284.6520661157023 379.80909090909086
372.8371900826445 400.72479338842976
389.7958677685949 395.6371900826446
401.10165289256184 378.11322314049585
406.189256198347 396.76776859504133
381.88181818181806 382.63553719008263
340.05041322314037 422.20578512396696
384.7082644628098 336.8471074380165
433.88842975206603 330.0636363636363
423.1479338842974 324.41074380165287
410.71157024793376 325.5413223140496
429.9314049586776 375.8520661157024
439.54132231404947 366.24214876033056
450.84710743801645 317.6272727272727
463.2834710743801 306.32148760330574
451.9776859504131 308.01735537190075
451.9776859504131 283.7099173553719
458.19586776859495 290.49338842975203
449.71652892561974 297.84214876033053
441.8024793388429 289.9280991735537
416.36446280991726 308.01735537190075
386.40413223140484 314.80082644628095
393.75289256198334 324.97603305785117
376.22892561983457 327.80247933884294
369.4454545454544 312.5396694214876
365.488429752066 324.97603305785117
353.6173553719007 319.88842975206614
348.5297520661156 310.27851239669417
331.57107438016516 308.58264462809916
338.91983471074366 328.3677685950413
340.05041322314037 342.5
324.787603305785 331.75950413223137
328.1793388429751 353.2404958677686
302.74132231404946 353.2404958677686
290.8702479338842 346.4570247933884
310.09008264462796 338.5429752066116
310.09008264462796 325.5413223140496
289.73966942148746 323.8454545454546
298.2190082644627 300.6685950413223
266.56280991735525 345.89173553719
246.2123966942147 322.14958677685945
231.5148760330577 319.88842975206614
310.09008264462796 300.6685950413223
366.05371900826435 266.75123966942147
372.27190082644614 300.6685950413223
363.79256198347093 289.9280991735537
380.75123966942135 285.97107438016525
389.7958677685949 292.18925619834704
370.57603305785113 274.6652892561983
356.44380165289243 281.44876033057847
407.3198347107437 289.3628099173553
403.36280991735526 321.58429752066115
369.4454545454544 347.0223140495867
354.18264462809907 351.54462809917356
486.4603305785123 345.3264462809917
495.50495867768586 244.7049586776859
510.7677685950413 246.96611570247927
471.7628099173553 233.39917355371892
480.8074380165288 211.91818181818172
473.4586776859503 217.57107438016521
468.37107438016517 207.39586776859494
498.896694214876 189.3066115702478
477.9809917355371 178.56611570247924
484.76446280991723 181.39256198347096
468.37107438016517 177.43553719008253
516.985950413223 188.17603305785116
531.1181818181817 187.04545454545445
539.0322314049586 187.6107438016528
561.6438016528925 193.82892561983465
613.6504132231404 170.08677685950403
597.8223140495867 171.7826446280991
561.0785123966941 464.60247933884295
426.5396694214875 245.27024793388424
421.45206611570234 241.31322314049578
405.6239669421486 243.00909090909084
455.3694214876032 223.22396694214865
459.32644628099166 197.22066115702472
425.9743801652892 189.3066115702478
437.28016528925616 191.00247933884287
435.58429752066104 209.09173553719
449.71652892561974 182.52314049586766
414.6685950413222 183.08842975206602
402.23223140495855 197.78595041322308
416.9297520661156 170.08677685950403
394.88347107438005 191.56776859504123
392.62231404958663 206.26528925619823
357.0090909090908 210.78760330578507
321.96115702479324 300.1033057851239
335.5280991735536 295.58099173553717
336.6586776859503 279.75289256198346
311.785950413223 270.7082644628099
237.16776859504117 350.97933884297515
275.0421487603304 298.97272727272724
265.43223140495854 301.2338842975206
233.7760330578511 289.3628099173553
241.69008264462792 291.05867768595033
248.47355371900812 290.49338842975203
258.64876033057834 282.5793388429752
267.12809917355355 273.5347107438016
272.78099173553704 260.5330578512396
281.8256198347106 254.3148760330578
298.2190082644627 265.62066115702476
297.08842975206596 273.5347107438016
282.9561983471073 273.5347107438016
252.43057851239655 259.4024793388429
248.47355371900812 241.31322314049578
228.68842975206596 246.96611570247927
258.08347107438004 237.9214876033057
239.42892561983456 259.4024793388429
301.0454545454544 233.39917355371892
322.5264462809916 220.39752066115693
331.57107438016516 216.4404958677685
343.44214876033044 219.83223140495863
324.22231404958666 244.13966942148755
311.785950413223 238.48677685950406
337.789256198347 252.61900826446274
351.3561983471073 245.8355371900826
336.09338842975194 230.5727272727272
381.88181818181806 250.9231404958677
392.05702479338834 248.6619834710743
372.8371900826445 220.9628099173553
362.0966942148759 186.4801652892561
372.8371900826445 181.9578512396693
369.4454545454544 163.30330578512388
355.8785123966941 162.17272727272717
397.7099173553718 165.56446280991725
306.6983471074379 207.9611570247933
332.1363636363635 197.78595041322308
297.6537190082643 193.2636363636363
256.387603305785 208.52644628099165
289.73966942148746 199.48181818181808
280.6950413223139 202.3082644628098
257.5181818181817 312.5396694214876
275.60743801652876 316.496694214876
455.3694214876032 235.66033057851234
461.02231404958667 242.4438016528925
620.999173553719 232.26859504132221
588.7776859504131 240.74793388429742
575.2107438016528 227.7462809917355
420.88677685950404 284.84049586776854
431.0619834710742 343.0652892561983
262.60578512396677 171.7826446280991
305.0024793388428 172.3479338842974
293.13140495867754 168.39090909090896
247.34297520661153 144.64876033057863
272.2157024793388 153.6933884297522
276.73801652892564 605.92479338843
294.82727272727266 608.1859504132234
640.7842975206611 265.6206611570249
683.7462809917356 281.44876033057864
669.0487603305785 283.70991735537206
644.1760330578513 284.84049586776877
664.5264462809916 274.6652892561985
678.0933884297522 259.9677685950415
748.189256198347 262.22892561983485
749.3198347107439 267.88181818181835
804.7181818181818 282.57933884297535
851.0719008264464 259.9677685950415
856.7247933884298 240.74793388429762
853.3330578512396 213.614049586777
874.814049586777 211.3528925619836
900.8173553719009 235.09504132231422
905.3396694214875 217.0057851239671
866.9000000000001 239.61735537190094
877.0752066115704 240.74793388429762
895.1644628099173 259.9677685950415
883.8586776859504 261.09834710743814
887.2504132231404 241.87851239669436
790.0206611570247 183.08842975206625
731.2305785123967 174.04380165289268
643.0454545454545 176.30495867768605
654.3512396694214 179.69669421487617
681.4851239669422 183.08842975206625
735.7528925619836 286.53636363636383
719.3595041322315 278.05702479338856
723.8818181818182 263.35950413223156
708.0537190082645 266.1859504132233
715.9677685950413 233.9644628099175
722.1859504132232 243.5743801652894
731.7958677685951 232.2685950413225
749.3198347107439 232.2685950413225
728.404132231405 224.91983471074394
738.5793388429753 200.612396694215
726.1429752066116 203.43884297520674
705.2272727272727 212.4834710743803
682.6157024793389 219.8322314049588
728.404132231405 194.39421487603317
715.9677685950413 193.82892561983482
704.6619834710744 196.0900826446282
694.4867768595042 201.7429752066117
666.7876033057852 206.26528925619849
655.4818181818182 226.615702479339
639.0884297520661 212.4834710743803
655.4818181818182 213.04876033057866
655.4818181818182 232.83388429752077
660.0041322314049 240.74793388429768
671.8752066115702 250.35785123966957
695.0520661157025 243.5743801652894
692.7909090909092 253.18429752066132
695.6173553719009 265.620661157025
692.7909090909092 293.88512396694233
783.8024793388431 222.0933884297522
764.5826446280993 225.4851239669423
779.8454545454547 211.91818181818195
773.0619834710744 194.39421487603317
742.5363636363637 61.551239669421534
915.514876033058 109.03553719008272
904.2090909090911 60.420661157024824
825.6338842975208 297.84214876033076
816.0239669421488 293.319834710744
760.6256198347108 279.1876033057853
754.407438016529 293.319834710744
775.8884297520661 278.622314049587
770.2355371900827 261.09834710743814
778.714876033058 253.18429752066132
767.409090909091 251.48842975206628
775.3231404958678 235.66033057851254
786.0636363636364 239.05206611570262
801.8917355371901 246.40082644628117
792.2818181818183 258.2719008264464
819.9809917355373 265.0553719008266
806.9793388429753 257.1413223140497
819.9809917355373 249.2272727272729
842.5925619834712 240.74793388429768
835.2438016528927 262.22892561983485
841.4619834710745 291.62396694214897
935.3000000000002 296.14628099173575
948.8669421487605 296.711570247934
955.6504132231406 287.6669421487605
941.518181818182 287.6669421487605
961.3033057851242 296.711570247934
981.6537190082646 245.8355371900828
944.909917355372 249.2272727272729
918.3413223140498 288.23223140495884
927.9512396694216 276.36115702479356
890.6421487603307 296.14628099173575
875.9446280991737 292.75454545454556
888.3809917355373 278.622314049587
879.3363636363638 275.7958677685952
920.6024793388431 222.0933884297522
916.6454545454546 211.91818181818195
934.7347107438018 209.65702479338856
909.8619834710745 275.23057851239685
909.8619834710745 275.23057851239685
903.0785123966944 256.01074380165306
914.9495867768596 253.18429752066132
925.6900826446282 248.09669421487618
865.7694214876034 273.53471074380184
942.6487603305786 346.45702479338865
947.1710743801655 335.71652892561997
979.3925619834713 266.7512396694217
839.2008264462811 202.87355371900838
805.2834710743803 206.8305785123968
795.6735537190084 211.91818181818195
829.5909090909092 223.2239669421489
818.8504132231405 192.13305785123978
844.8537190082645 183.08842975206622
784.9330578512397 278.05702479338856
791.71652892562 290.49338842975226
732.9264462809917 93.77272727272737
994.6553719008266 218.7016528925621
736.3181818181819 221.52809917355387
751.0157024793389 217.0057851239671
828.7214876033057 543.7429752066117
838.896694214876 545.4388429752069
849.6371900826446 522.8272727272729
841.7231404958677 531.3066115702482
834.3743801652892 534.6983471074382
858.1165289256198 549.9611570247936
874.5099173553718 542.612396694215
779.5413223140495 454.4272727272729
734.88347107438 442.55619834710757
743.3628099173553 447.07851239669435
730.3611570247933 436.9033057851241
702.6619834710743 461.77603305785135
707.1842975206611 466.8636363636365
688.5297520661156 466.2983471074382
771.0619834710743 439.72975206611585
825.3297520661157 501.91157024793404
541.3661157024792 591.5644628099174
559.4553719008263 591.5644628099174
557.1942148760329 570.0834710743801
521.0157024793389 598.3479338842975
532.3214876033057 597.2173553719008
505.1876033057851 588.1727272727273
478.0537190082644 590.4338842975206
455.44214876033055 594.9561983471074
430.5694214876033 598.3479338842975
580.9363636363635 634.5264462809918
583.0854145854146 563.520979020979
569.7867132867133 573.7507492507492
576.9475524475524 598.3021978021977
546.2582417582418 624.8996003996003
556.488011988012 623.8766233766233
386.6738261738261 365.0634365634365
395.88061938061935 359.94855144855137
663.9005994005994 322.09840159840155
404.0644355644356 262.7657342657342
420.43206793206787 264.8116883116883
435.77672327672326 262.7657342657342
440.89160839160843 248.4440559440559
470.557942057942 253.55894105894095
455.2132867132867 267.8806193806193
456.2362637362637 258.6738261738261
718.1183816183816 616.7157842157842
693.5669330669331 649.4510489510488
678.2222777222777 627.9685314685314
702.7737262737263 604.4400599400599
557.510989010989 280.1563436563436
537.0514485514485 335.39710289710285
388.7197802197802 220.8236763236764
365.1913086913087 241.28321678321686
300.74375624375625 252.53596403596407
277.2152847152847 238.21428571428578
288.46803196803194 240.26023976023976
324.2722277722278 154.3301698301699
335.524975024975 173.76673326673335
322.2262737262737 173.76673326673335
250.61788211788212 164.55994005994012
651.6248751248751 189.11138861138863
567.7407592407592 339.48901098901104
538.0744255744255 375.2932067932068
487.43706293706293 502.1423576423575
476.1843156843157 488.3321678321677
469.534965034965 478.613886113886
470.557942057942 465.82667332667324
442.42607392607397 455.08541458541447
413.2712287712287 359.9485514485514
471.5809190809191 371.20129870129864
458.2822177822178 366.0864135864135
592.2922077922078 365.06343656343654
482.8336663336663 456.10839160839157
510.4540459540459 453.0394605394605
789.7267732267732 342.557942057942
804.0484515484515 352.7877122877122
807.1173826173825 346.6498501498501
822.4620379620379 352.7877122877122
836.7837162837162 340.51198801198797
826.5539460539461 332.3281718281718
886.9095904095904 356.87962037962035
856.2202797202798 294.47802197802196
872.5879120879121 302.6618381618381
874.633866133866 256.6278721278721
837.8066933066933 252.53596403596407
