103.96439923712656 491.55644355644364
147.95241122513852 497.6943056943057
171.48088275361008 463.93606393606393
178.64172191444922 437.3386613386614
151.02134229406963 397.44255744255753
87.59676686949418 401.5344655344656
23.14921442194175 419.948051948052
12.919444192171525 379.02897102897106
19.057306330033672 364.7072927072927
54.86150213422944 366.75324675324674
49.74661701934437 342.2017982017982
47.70066297339034 321.7422577422578
17.01135228407963 327.8801198801199
23.14921442194175 250.13386613386618
54.86150213422944 282.8691308691309
50.76959404232136 252.1798201798202
10.873490146217486 227.62837162837164
18.80156207428938 224.0479520479522
4.991372264099573 243.48451548451567
4.479883752611062 209.21478521478537
9.08328035600765 205.12287712287727
18.290073562800853 191.824175824176
8.571791844519154 182.6173826173828
6.525837798565101 167.78421578421595
8.571791844519154 162.1578421578423
13.175188447915758 167.78421578421595
15.732631005358321 160.11188811188825
5.502860775588082 153.46253746253763
9.08328035600765 148.859140859141
8.06030333303063 143.7442557442559
9.594768867496175 138.62937062937078
14.198165470892777 144.7672327672329
18.80156207428938 147.32467532467547
24.939424212151525 143.7442557442559
20.84751612024342 141.69830169830186
33.12324039596771 135.5604395604397
55.628734901462195 130.95704295704311
48.34002361275091 138.11788211788226
45.27109254381984 142.46553446553463
41.69067296340026 148.3476523476525
31.97239124511854 146.04595404595423
36.57578784851515 158.57742257742274
38.6217418944692 157.0429570429572
35.041322314049616 164.45954045954062
33.76260103532834 175.96803196803214
53.96639723912454 178.78121878121897
49.363000635727936 170.85314685314702
54.2221414948688 167.27272727272742
48.08427935700665 163.69230769230785
53.96639723912454 155.50849150849166
54.73363000635731 136.07192807192823
60.36000363273093 135.30469530469549
58.569793842521136 117.65834165834183
51.40895468168199 119.4485514485516
74.17019344292075 118.16983016983033
21.998365271092563 81.59840159840176
30.18218145490875 80.831168831169
50.38597765870495 79.0409590409592
73.91444918717649 78.78521478521495
76.47189174461906 80.57542457542473
9.466896739624037 83.90009990010006
68.28807556080287 149.11488511488528
74.42593769866501 149.11488511488528
71.1012623739897 156.53146853146868
62.15021342294072 164.71528471528487
70.84551811824544 167.27272727272742
75.44891472164203 161.64635364635382
77.23912451185184 154.48551448551464
84.65570792843523 157.55444555444572
83.88847516120248 163.69230769230785
80.30805558078289 169.31868131868148
76.98338025610758 176.2237762237764
58.569793842521136 193.61438561438578
89.5148487875761 187.98801198801218
90.28208155480885 181.08291708291728
100.76759604032334 187.22077922077938
98.7216419943693 180.0599400599402
94.6297339024612 173.66633366633383
97.95440922713655 166.76123876123893
101.27908455181188 161.90209790209806
99.48887476160206 155.50849150849166
108.69566796839527 159.60039960039975
110.23013350286081 153.97402597402615
112.53183180455912 150.39360639360658
111.76459903732636 144.25574425574442
101.53482880755614 144.76723276723294
103.83652710925443 140.9310689310691
106.64971392244122 141.18681318681337
106.13822541095273 133.77022977022992
97.44292071564803 116.6353646353648
92.3280356007629 117.91408591408607
87.7246389973663 117.1468531468533
112.78757606030338 132.7472527472529
118.66969394242126 132.23576423576438
121.99436926709657 131.46853146853164
123.27309054581787 129.16683316683333
120.20415947688677 138.11788211788226
115.34501861774594 141.69830169830186
117.90246117518848 147.32467532467547
129.15520842793575 139.14085914085933
128.38797566070295 145.0229770229772
131.96839524112252 146.55744255744273
136.06030333303067 150.90509490509507
137.0832803560077 147.836163836164
140.91944419217154 142.97702297702313
139.12923440196172 130.95704295704311
136.82753610026342 128.14385614385628
147.31305058577792 114.58941058941075
151.66070293343026 110.75324675324691
147.82453909726644 131.72427572427588
147.56879484152216 128.14385614385628
145.0113522840796 151.4165834165836
145.52284079556813 161.13486513486532
139.64072291345025 162.41358641358656
136.06030333303067 158.57742257742274
125.3190445917719 167.0169830169832
128.13223140495873 192.59140859140877
138.36200163472895 173.1548451548453
149.10326037598767 170.59740259740278
151.66070293343026 162.92507492507508
155.24112251384983 159.60039960039975
151.66070293343026 138.11788211788226
174.67768595041326 136.58341658341675
179.28108255380985 137.09490509490524
173.9104531831805 144.00000000000014
163.68068295341027 118.16983016983033
172.37598764871495 116.12387612387627
175.95640722913453 114.845154845155
183.37299064571798 114.58941058941075
165.47089274362006 87.7362637362639
122.50585777858508 90.03796203796219
111.50885478158209 98.22177822177838
129.15520842793575 95.40859140859156
197.95041322314054 85.4345654345656
202.8095540822814 99.50049950049966
207.15720642993372 97.19880119880136
216.10825538098268 115.86813186813202
210.48188175460908 113.56643356643373
210.22613749886483 94.12987012987028
241.17119244391978 78.27372627372642
225.8265370992644 115.61238761238776
230.68567795840528 115.61238761238776
222.50186177458912 128.91108891108905
227.87249114521845 129.42257742257758
247.82054309327043 132.49150849150865
250.88947416220145 131.98001998002013
223.26909454182186 147.58041958041974
228.1282354009627 147.58041958041974
230.17418944691676 146.55744255744273
231.70865498138232 137.09490509490524
204.34401961674695 144.76723276723294
215.59676686949422 146.81318681318697
203.32104259376993 152.4395604395606
191.81255108527841 147.32467532467547
186.6976659703933 152.4395604395606
180.3040595767869 151.16083916083932
170.84152211424944 149.88211788211805
187.46489873762604 164.45954045954062
179.53682680955413 166.76123876123893
191.3010625737899 173.1548451548453
187.97638724911457 179.5484515484517
178.00236127508862 175.96803196803214
164.19217146489876 169.06293706293724
161.63472890745624 172.8991008991011
152.93942421215152 180.827172827173
164.95940423213156 183.1288711288713
149.87049314322047 196.9390609390611
173.14322041594775 197.4505494505496
189.25510852783586 194.89310689310707
223.01335028607758 189.2667332667334
205.6227408954682 177.75824175824192
213.03932431205166 177.50249750249768
220.71165198437927 172.38761238761256
208.9474162201435 170.08591408591425
202.55380982653713 161.39060939060954
231.1971664698938 178.01398601398617
245.51884479157212 184.40759240759257
240.403959676687 182.1058941058943
245.7745890473164 195.9160839160841
231.45291072563805 161.39060939060954
236.82354009626738 149.11488511488528
236.5677958405232 144.76723276723294
246.79756607029339 153.97402597402615
239.8924711651985 154.99700299700316
250.6337299064572 150.39360639360658
253.19117246389976 150.1378621378623
252.93542820815549 160.6233766233768
133.24711651984381 198.2177822177824
88.87548814821547 258.3176823176824
84.27209154481884 245.01898101898115
37.854509127236426 215.86413586413605
24.811552084279374 182.6173826173828
67.5208427935701 219.7002997002999
73.40296067568799 204.09990009990028
84.14421941694674 205.6343656343658
86.70166197438928 218.67732267732285
85.42294069566799 225.838161838162
97.44292071564803 231.97602397602415
104.60375987648719 227.1168831168833
97.44292071564803 213.56243756243774
120.97139224411956 207.16883116883133
124.80755608028338 200.0079920079922
117.90246117518848 198.47352647352662
107.41694668967399 201.03096903096917
124.29606756879488 228.9070929070931
135.54881482154215 223.79220779220796
142.7096539823813 209.98201798201816
149.6147488874762 218.16583416583435
143.47688674961407 223.02497502497522
162.14621741894473 223.02497502497522
146.03432930705662 248.59940059940078
127.36499863772593 252.69130869130885
109.71864499137229 249.6223776223778
109.97438924711655 262.4095904095906
134.0143492870766 269.826173826174
159.84451911724642 262.66533466533485
178.25810553083284 261.3866133866136
192.57978385251118 260.10789210789227
194.62573789846522 269.3146853146855
187.20915448188182 236.83516483516502
175.18917446190179 231.46453546453563
182.86150213422945 232.48751248751267
197.95041322314054 215.60839160839177
195.64871492144223 212.53946053946072
194.11424938697672 201.28671328671345
219.43293070565804 205.37862137862152
228.1282354009627 211.26073926073943
233.4988647715921 219.18881118881137
238.1022613749887 228.9070929070931
253.19117246389976 230.4415584415586
243.4728907456181 213.818181818182
245.7745890473164 264.4555444555446
270.9653982381255 192.33566433566455
266.8734901462174 186.96503496503516
268.91944419217145 182.1058941058943
278.6377259104532 182.1058941058943
278.6377259104532 177.50249750249768
283.7526110253383 176.22377622377644
277.3590046317319 170.85314685314705
271.98837526110253 173.15484515484533
267.89646716919447 168.03996003996022
255.62074289347015 167.52847152847173
257.92244119516846 173.92207792207813
279.91644718917445 153.7182817182819
289.6347289074562 154.48551448551467
292.9594042321315 149.37062937062953
293.21514848787575 146.30169830169848
297.0513123240396 141.1868131868134
299.3530106257379 137.09490509490527
297.5628008355281 134.02597402597422
298.5857778585051 128.9110889110891
295.77259104531834 125.84215784215802
306.76959404232133 132.74725274725293
287.33303060575787 111.52047952047971
267.6407229134502 102.3136863136865
253.0633003360276 102.3136863136865
285.03133230405956 78.78521478521496
322.11424938697667 104.6153846153848
336.9474162201435 107.42857142857162
328.2521115248388 117.65834165834184
268.15221142493874 126.09790209790229
258.17818545091274 135.04895104895124
254.34202161474886 133.00299700299718
258.17818545091274 145.27872127872146
265.59476886749616 142.7212787212789
263.80455907728634 136.07192807192826
267.89646716919447 136.32767232767253
271.476886749614 136.83916083916102
274.03432930705657 141.6983016983019
282.2181454908727 140.16383616383635
277.87049314322036 141.1868131868134
281.96240123512854 133.00299700299718
287.33303060575787 136.07192807192826
291.42493869766594 135.04895104895124
296.0283353010626 171.6203796203798
295.2611025338298 181.33866133866152
307.2810825538098 177.75824175824195
313.9304332031605 172.8991008991011
324.16020343293064 163.69230769230788
326.2061574788848 159.6003996003998
320.0682953410226 154.9970029970032
316.2321315048588 152.95104895104913
311.1172463899737 154.74125874125895
313.4189446916719 150.9050949050951
306.0023612750885 140.67532467532487
314.95341022613746 133.00299700299718
318.2780855508128 131.46853146853164
321.6027608754882 148.85914085914104
327.22913450186184 145.27872127872146
322.36999364272094 125.84215784215802
316.9993642720915 125.58641358641376
330.29806557079286 123.79620379620398
334.9014621741894 123.54045954045972
338.73762601035327 119.70429570429589
344.61974389247115 117.14685314685333
341.80655707928435 128.65534465534483
349.47888475161204 132.2357642357644
353.31504858777583 127.88811188811206
350.2461175188448 123.79620379620398
361.498864771592 125.33066933066951
366.35800563073286 125.07492507492525
360.9873762601035 136.83916083916102
354.59376986649715 141.6983016983019
353.5707928435201 144.25574425574445
350.2461175188448 153.46253746253765
351.7805830533103 156.78721278721298
337.9703932431205 159.34465534465554
351.7805830533103 165.7382617382619
365.0792843520116 170.59740259740278
370.44991372264093 160.36763236763255
320.0682953410226 167.78421578421597
322.88148215420944 171.1088911088913
323.39297066569793 178.52547452547472
329.53083280356003 178.52547452547472
335.66869494142225 176.22377622377644
336.435927708655 184.40759240759257
344.8754881482154 181.85014985015005
358.429933702661 187.98801198801218
360.9873762601035 179.80419580419598
354.08228135500866 178.0139860139862
369.1711924439197 186.96503496503516
375.3090545817818 190.03396603396624
374.7975660702933 172.13186813186832
381.446916719644 180.05994005994023
381.95840523113253 172.8991008991011
387.07329034601764 176.22377622377644
390.90945418218143 169.31868131868148
397.8145490872763 153.46253746253765
382.9813822541095 145.53446553446574
384.7715920443193 143.23276723276743
382.9813822541095 138.88511488511506
377.6107528834802 122.0059940059942
369.1711924439197 106.14985014985034
346.66569793842524 117.14685314685333
386.56180183452915 138.1178821178823
388.86350013622734 141.1868131868134
391.93243120515854 140.16383616383635
392.6996639723913 143.48851148851168
392.44391971664703 146.30169830169848
396.7915720642994 145.53446553446574
396.5358278085551 141.44255744255761
399.8605031332304 140.16383616383635
400.62773590046316 122.77322677322695
402.16220143492865 102.82517482517501
400.62773590046316 100.01198801198818
426.45790573063294 105.38261738261755
426.9693942421215 111.77622377622396
430.2940695667968 108.19580419580437
433.8744891472165 104.10389610389629
403.1851784579057 138.37362637362656
402.16220143492865 143.74425574425592
404.7196439923713 144.51148851148872
405.48687675960406 140.93106893106912
409.5787848515121 139.39660339660358
412.13622740895465 131.98001998002016
415.2051584778858 140.16383616383635
413.1592044319317 144.25574425574445
411.1132503859777 147.3246753246755
407.53283080555804 147.3246753246755
408.04431931704653 153.20679320679338
405.74262101534833 174.94505494505515
401.394968667696 169.57442557442576
398.0702933430206 184.15184815184836
406.2541095268368 189.0109890109892
414.18218145490874 186.1978021978024
419.29706656979386 187.73226773226793
418.2740895468168 173.4105894105896
428.2481155208428 183.12887112887134
432.0842793570066 188.4995004995007
429.27109254381986 175.96803196803216
423.6447189174462 160.36763236763255
425.94641721914445 155.25274725274744
420.5757878485152 151.41658341658362
422.87748615021343 148.6033966033968
419.55281082553813 146.813186813187
426.45790573063294 147.06893106893125
424.66769594042324 136.07192807192826
418.78557805830536 132.49150849150868
258.17818545091274 291.0529470529472
235.9284352011625 292.58741258741276
240.78757606030337 283.892107892108
284.26409953682685 265.2227772227774
297.8185450912724 285.93806193806205
308.8155480882754 284.91508491508506
313.67468894741626 260.87512487512504
298.8415221142494 264.1998001998004
309.3270365997639 252.69130869130885
290.6577059304333 263.9440559440561
290.14621741894473 236.3236763236765
273.26709653982385 239.13686313686333
268.9194441921715 233.25474525474542
308.55980383253114 220.72327672327688
322.8814821542095 228.6513486513488
324.415947688675 212.79520479520497
338.9933702660976 204.86713286713302
336.18018345291074 225.3266733266735
343.08527835800567 231.72027972027988
345.64272091544825 216.37562437562454
358.42993370266106 204.61138861138878
361.24312051584786 199.24075924075942
368.6597039324312 201.79820179820197
362.26609753882485 217.14285714285728
374.0303333030606 220.2117882117884
392.18817546090276 222.00199800199815
382.469893742621 218.67732267732285
388.0962673689947 201.54245754245773
382.9813822541096 196.42757242757258
382.9813822541096 192.33566433566452
410.0902733630007 208.70329670329687
409.0672963400237 225.07092907092925
388.35201162473896 242.20579420579438
392.9554082281356 265.99000999001015
394.48987376260106 289.5184815184817
369.426936699664 288.49550449550463
356.12823540096275 270.59340659340677
340.5278358005631 279.5444555444557
316.74362001634734 274.42957042957056
107.28907456180187 351.4085914085915
168.66769594042324 341.1788211788213
175.3170465897739 320.71928071928085
204.47189174461903 360.1038961038962
257.66669693942424 357.0349650349652
285.7985650712924 343.7362637362639
276.5917718644992 320.2077922077923
256.64371991644725 306.3976023976025
354.84951412224143 318.6733266733268
376.33203160475887 308.4435564435566
393.2111524838798 304.863136863137
431.06130233402956 294.6333666333668
443.84851512124243 289.5184815184817
425.434928707656 287.4725274725276
433.6187448914722 254.73726273726288
446.40595767868496 281.846153846154
457.6587049314322 284.91508491508506
470.44591771864503 281.846153846154
467.37698664971396 296.67932067932077
468.91145218417944 306.90909090909105
480.16419943692676 304.35164835164846
490.90545817818537 272.12787212787225
516.9913722640996 315.09290709290724
524.6636999364272 331.4605394605396
532.8475161202434 326.3456543456545
544.1002633729906 344.2477522477524
556.8874761602034 332.4835164835166
561.4908727636 341.1788211788213
589.1112523839797 343.2247752247753
599.3410226137498 340.1558441558443
602.9214421941696 349.3626373626375
577.8585051312324 313.0469530469532
568.1402234129507 324.2997002997005
596.2720915448189 303.3286713286715
592.6916719643993 293.61038961038975
544.1002633729906 287.9840159840161
550.2381255108528 280.823176823177
550.7496140223413 259.852147852148
568.1402234129507 272.12787212787225
435.6646989374262 197.9620379620381
448.9634002361276 209.21478521478537
458.1701934429208 208.19180819180835
475.56080283353015 210.23776223776238
503.18118245390974 257.2947052947054
517.502860775588 253.71428571428584
522.1062573789847 243.48451548451564
532.336027608755 239.39260739260757
519.5488148215421 236.835164835165
538.473889746617 239.90409590409604
533.359004631732 248.08791208791223
541.0313323040596 252.69130869130882
551.7725910453184 249.11088911088925
560.9793842521116 252.17982017982033
592.6916719643993 261.38661338661353
605.4788847516121 265.4785214785216
585.0193442920715 227.11688311688326
601.3869766597039 217.91008991009005
597.8065570792844 203.58841158841173
593.7146489873763 185.68631368631384
580.9274362001635 197.4505494505496
585.0193442920715 182.10589410589427
571.2091544818817 201.54245754245767
525.1751884479157 232.23176823176837
526.1981654708927 223.0249750249752
524.6636999364272 207.1688311688313
505.73862501135227 223.0249750249752
436.68767596040334 156.78721278721295
432.8515121242395 150.52147852147868
429.27109254381986 148.09190809190827
428.50385977658715 137.99000999001015
425.6906729634003 132.6193806193808
437.7106529833803 141.18681318681337
432.34002361275094 134.40959040959058
438.47788575061304 152.0559440559442
432.08427935700666 155.50849150849166
442.05830533103267 155.76423576423593
451.5208427935701 162.0299700299702
453.31105258377994 167.01698301698318
441.67468894741626 148.7312687312689
443.5927708654982 136.4555444555446
457.402960675688 143.61638361638379
453.05530832803566 131.08491508491525
460.72763600036336 133.1308691308693
465.3310326037599 147.32467532467547
464.8195440922714 159.7282717282719
472.363999636727 159.85614385614403
478.37398964671695 161.00699300699316
480.67568794841526 153.97402597402615
474.2820815548089 153.59040959040976
484.7675960403233 159.08891108891123
485.1512124239398 153.20679320679335
480.67568794841526 145.9180819180821
479.52483879756613 139.39660339660355
476.45590772863505 137.22277722277738
464.56379983652715 145.9180819180821
461.62274089546827 148.7312687312689
457.402960675688 147.32467532467547
444.360003632731 162.0299700299702
432.2121514848788 176.99100899100912
438.7336300063573 175.07292707292723
437.5827808555082 178.39760239760258
439.5008627735901 183.6403596403598
442.9534102261376 179.29270729270743
447.6846789574063 176.47952047952063
458.93742621015355 170.59740259740278
466.35400962673697 136.4555444555446
470.06230133502874 153.71828171828187
473.2591045318319 147.96403596403613
474.02633729906466 135.30469530469549
476.328035600763 131.98001998002016
479.52483879756613 132.61938061938082
488.9873762601036 132.87512487512507
484.5118517845792 138.37362637362656
490.01035328308063 139.39660339660358
493.2071564798839 149.49850149850167
491.41694668967403 142.7212787212789
495.2531105258379 131.2127872127874
498.7056579783853 132.49150849150868
500.8794841522115 133.00299700299718
506.2501135228409 134.02597402597422
502.66969394242136 140.54745254745274
495.8924711651986 138.62937062937078
503.8205430932705 146.17382617382634
496.6597039324313 158.44955044955063
493.2071564798839 164.58741258741276
492.1841794569068 170.85314685314702
487.58078285351024 167.4005994005996
483.10525837798576 173.53846153846172
489.37099264372006 175.58441558441575
504.84352011624753 164.84315684315703
505.22713649986383 170.2137862137864
498.9614022341296 171.49250749250766
515.2011624738899 162.28571428571445
515.9683952411226 166.50549450549468
520.316047588775 164.7152847152849
521.339024611752 154.10189810189829
517.1192443919717 146.30169830169848
505.99436926709666 140.0359640359642
512.2601035328308 137.09490509490527
514.0503133230408 133.5144855144857
516.4798837526112 132.74725274725293
521.339024611752 137.86213786213804
519.293070565798 142.08191808191827
530.6736899464173 150.26573426573444
529.5228407955682 146.30169830169848
526.0702933430207 137.35064935064955
533.6147488874763 137.09490509490527
529.5228407955682 138.1178821178823
524.6636999364273 170.59740259740275
528.8834801562076 174.94505494505512
531.9524112251386 163.18081918081936
535.1492144219418 162.4135864135866
467.12124239396985 184.4075924075926
473.0033602760877 182.87312687312706
467.12124239396985 177.75824175824198
456.89147216419957 181.0829170829173
452.7995640722915 187.22077922077943
453.8225410952685 194.12587412587433
453.8225410952685 201.54245754245775
440.5238397965672 196.1718281718284
493.97438924711673 207.93606393606416
500.3679956407231 190.6733266733269
495.12523839796586 179.93206793206815
508.16819544092294 196.04395604395626
516.4798837526112 196.55544455544478
511.1092543819819 177.11888111888135
538.8575061302336 190.92907092907114
544.6117518844794 182.4895104895107
553.3070565797841 185.30269730269754
551.3889746617022 179.804195804196
546.6577059304334 163.43656343656363
597.0393243120519 195.66033966033993
600.1082553809829 190.28971028971054
552.7955680682956 202.82117882117905
566.6057578784854 190.03396603396627
569.9304332031608 182.10589410589435
606.7576060303336 207.16883116883142
610.3380256107531 196.93906093906116
616.220143492871 197.19480519480544
618.0103532830808 204.61138861138886
610.8495141222417 190.5454545454548
610.082281355009 173.41058941058964
611.6167468894744 164.71528471528495
550.3659976387252 176.735264735265
556.248115520843 179.42057942057966
551.2611025338301 156.1478521478524
543.205158477886 154.48551448551473
537.9624012351288 150.90509490509515
539.8804831532108 140.41958041958065
546.4019616746892 141.9540459540462
548.1921714648989 143.48851148851173
548.1921714648989 140.1638361638364
565.9663972391248 160.23976023976047
565.9663972391248 165.09890109890134
570.3140495867771 159.4725274725277
574.6617019344294 163.69230769230793
577.9863772591049 167.40059940059965
580.4159476886751 171.62037962037985
595.249114521842 161.13486513486538
589.1112523839798 164.0759240759243
585.9144491871767 160.3676323676326
578.3699936427212 158.19380619380644
576.0682953410228 144.51148851148878
571.0812823540099 148.09190809190832
587.0652983380259 141.31468531468556
578.8814821542097 137.60639360639388
575.3010625737902 137.99000999001024
579.137226409954 140.0359640359643
580.0323313050588 135.30469530469554
593.203160475888 143.61638361638384
592.0523113250388 149.2427572427575
601.3869766597043 151.92807192807217
597.6786849514125 149.62637362637386
608.6756879484155 152.4395604395607
614.6856779584054 159.21678321678345
619.16120243393 148.85914085914112
622.6137498864774 144.00000000000026
632.0762873490148 140.80319680319707
624.4039596766872 148.73126873126898
628.7516120243396 153.20679320679344
625.9384252111528 162.02997002997026
631.6926709653985 159.08891108891135
633.7386250113525 169.70229770229795
632.8435201162476 178.39760239760264
635.9124511851788 181.46653346653372
641.0273363000638 160.3676323676326
636.0403233130509 152.9510489510492
640.8994641721918 139.52447552447578
625.5548088275364 139.1408591408594
509.06330033602796 145.79020979021004
542.6936699663976 131.21278721278745
551.5168467895745 131.72427572427597
506.5058577785854 132.61938061938088
441.67468894741654 117.01898101898124
442.8255380982657 122.00599400599422
479.3969666696943 114.33366633366656
460.59976387249145 116.50749250749273
461.49486876759636 111.26473526473549
457.78657705930465 113.82217782217803
456.12423939696697 112.41558441558465
452.16020343293104 117.40259740259762
448.4519117246393 113.95004995005017
448.196167468895 109.21878121878143
441.67468894741654 105.63836163836187
438.60575787848546 106.53346653346675
461.3669966397242 98.09390609390633
463.2850785578061 99.50049950049973
465.3310326037602 96.43156843156865
454.97339024611784 98.60539460539484
467.37698664971424 99.3726273726276
472.49187176459935 98.73326673326696
475.4329307056583 101.03496503496525
472.2361275088551 108.19580419580441
469.5508128235404 113.31068931068954
467.2491145218421 115.8681318681321
475.81654708927465 108.19580419580441
485.15121242394 103.33666333666355
486.68567795840556 105.51048951048973
489.62673689946445 105.63836163836187
491.67269094541854 101.16283716283738
490.52184179456935 98.9890109890112
494.23013350286107 102.05794205794228
497.9384252111528 105.25474525474549
494.99736627009383 108.57942057942081
493.3350286077562 113.31068931068954
496.65970393243146 118.80919080919104
501.2631005358281 120.85514485514507
504.8435201162477 105.76623376623398
502.66969394242153 100.779220779221
506.76160203432966 102.56943056943079
511.109254381982 105.12687312687336
513.155208427936 109.21878121878143
509.70266097538854 106.78921078921101
517.7586050313325 107.1728271728274
520.3160475887752 108.57942057942081
521.21115248388 112.79920079920102
514.178185450913 120.91326854963225
516.4798837526113 118.10008173644545
507.0173462900738 118.99518663155034
503.4369267096542 110.04413768050138
500.4958677685953 105.44074107710478
521.339024611752 103.52265915902287
519.4209426936702 104.41776405412776
523.1292344019619 105.9522295885933
525.9424212151488 105.9522295885933
525.0473163200438 110.17200980837352
529.6507129234404 109.14903278539649
533.23113250386 107.74243937880308
536.6836799564074 109.53264916901287
532.8475161202437 111.70647534283904
533.1032603759878 114.77540641177012
537.7066569793844 111.83434747071118
544.8674961402237 110.17200980837352
543.4609027336302 111.83434747071118
545.123240395968 112.72945236581606
542.8215420942696 115.41476705113075
548.7036599763875 119.7624193987831
551.3889746617022 113.2409408773046
549.5987648714923 112.34583598219969
549.0872763600038 110.55562619198989
555.7366270093545 111.57860321496692
557.0153482880758 114.00817364453735
560.0842793570068 114.77540641177012
562.3859776587051 118.73944237580608
561.235128507856 116.43774407410778
566.4778857506133 116.5656162019799
570.4419217146492 116.5656162019799
569.4189446916722 115.67051130687501
572.1042593769869 118.3558259921897
573.7665970393246 117.58859322495692
576.5797838525114 116.94923258559629
575.6846789574065 119.37880301516672
580.1602034329309 117.20497684134055
581.8225410952685 117.20497684134055
586.2980655707931 118.73944237580608
582.5897738625014 121.55262918899291
593.4589047316322 114.00817364453735
601.1312324039599 111.9622195985833
604.8395241122515 117.07710471346842
609.8265370992647 122.70347833984205
601.8984651711927 118.61157024793395
607.7805830533106 129.7364453728091
600.1082553809829 129.09708473344844
593.7146489873764 130.50367814004184
589.2391245118521 129.7364453728091
584.6357279084554 129.99218962855335
577.6027608754885 128.07410771047142
568.9074561801838 131.654527290891
590.7735900463175 127.69049132685504
599.4688947416223 125.64453728090098
603.6886749614024 134.72345835982208
619.0333303060578 133.0611206974844
613.15121242394 130.2479338842976
622.9973662700938 127.43474707111076
628.4958677685953 127.69049132685502
617.7546090273366 144.82535646172016
612.3839796567072 148.02215965852335
610.3380256107531 157.8683135046772
643.5847788575064 144.31386795023164
643.8405231132507 135.61856325492695
645.2471165198441 133.06112069748437
647.0373263100539 132.03814367450735
642.9454182181458 132.03814367450735
640.2601035328312 136.64154027790397
635.6567069294346 131.01516665153034
637.9584052311328 128.9692126055763
640.6437199164475 127.69049132685502
635.7845790573066 126.92325855962225
649.5947688674964 133.5726092089729
652.1522114249391 135.61856325492695
654.7096539823815 133.95622559258928
660.2081554808831 135.74643538279906
655.3490146217423 131.654527290891
658.4179456906733 139.19898283534653
657.2670965398241 141.50068113704484
660.2081554808831 142.2679139042776
650.4898737626014 140.0940877304514
655.3490146217423 146.61556625192995
652.0243392970668 144.31386795023164
657.5228407955684 155.5666152029789
655.4768867496143 152.4976841340478
647.6766869494145 157.10108073744442
654.9653982381258 159.27490691127062
656.6277359004634 166.43574607210974
664.8115520842796 166.691490327854
661.7426210153486 159.65852329488698
665.5787848515125 147.38279901916272
663.2770865498142 145.5925892289529
664.8115520842796 134.4677141040778
666.8575061302337 135.74643538279906
673.8904731632007 136.25792389428756
670.4379257106534 137.02515666152036
675.0413223140498 141.24493688130056
678.6217418944696 136.76941240577608
678.6217418944696 139.71047134683505
670.4379257106534 146.7434383798021
671.9723912451188 154.03214966851337
678.6217418944696 149.81236944873314
676.0642993370269 145.84833348469718
625.4269366996642 200.57760421396796
629.3909726637002 199.29888293524667
650.7456180183456 186.0001816365454
653.175188447916 172.1899918263556
664.8115520842796 190.09208972845346
649.9783852511129 199.55462719099094
657.5228407955683 202.87930251566627
643.0732903460179 217.71246934883308
634.7616020343296 219.37480701117073
649.5947688674964 226.0241576605214
662.254109526837 218.60757424393802
658.5458178185453 216.68949232585607
673.3789846517122 217.58459722096094
675.9364272091547 225.89628553264927
681.5628008355284 215.0271546635184
673.7626010353287 182.67550631187007
672.7396240123516 175.00317863954243
679.9004631731907 165.79638543274922
691.153210425938 177.56062119698498
682.7136499863776 180.37380801017179
688.3400236127512 243.03115066751442
683.4808827536103 248.14603578239957
613.9184451911727 271.67450731087104
628.7516120243396 281.39278902915277
625.6826809554085 307.4787031150668
646.142221414949 296.7374443738081
656.8834801562077 290.08809372445745
657.9064571791847 313.616565252929
694.222141494869 315.1510307873945
699.3370266097542 297.76042139678515
711.1012623739899 316.17400781037156
723.3769866497142 307.9901916265554
738.2101534828811 292.64553628190004
742.3020615747891 308.50168013804387
732.0722913450189 320.7774044137682
722.8654981382257 262.46771410407786
705.4748887476163 258.3758060121698
704.9634002361278 239.45073108709485
707.5208427935703 233.3128689492327
704.9634002361278 227.17500681137057
735.6527109254384 253.26092089728465
744.3480156207431 248.65752429388806
710.0782853510129 199.55462719099094
694.222141494869 191.88229951866327
696.3959676686953 166.81936245572624
699.08128235401 159.91426755063134
700.8714921442197 163.8783035146673
703.4289347016623 159.14703478339857
700.999364272092 152.75342838979216
687.06130233403 153.26491690128069
689.8744891472169 148.78939242575618
690.2581055308332 151.47470711107087
685.015348288076 147.51067114703494
684.3759876487153 141.24493688130065
683.4808827536103 138.43175006811387
681.0513123240399 137.66451730088107
687.5727908455185 138.81536645173023
689.107256379984 140.34983198619577
691.6646989374266 143.1630187993826
693.1991644718921 140.34983198619577
696.7795840523116 139.4547270910909
700.999364272092 140.8613204976843
706.6257378984654 146.3598219961858
705.7306330033606 142.52365816002194
701.127236399964 145.84833348469726
708.5438198165474 140.73344836981215
710.2061574788852 143.2908909272547
712.124239396967 146.87131050767428
712.2521115248392 139.96621560257938
718.5178457905733 137.66451730088107
718.5178457905733 148.9172645536283
715.1931704658981 150.579602215966
714.5538098265375 155.69448733085108
718.134229406957 155.05512669149047
718.2621015348291 159.7863954227592
710.9733902461178 164.26191989828368
720.4359277086554 164.7734084097722
721.4589047316323 170.27190990827367
716.3440196167472 169.37680501316876
717.7506130233406 178.32785396421772
724.7835800563078 178.32785396421772
731.9444192171468 177.56062119698498
725.2950685677962 172.95722459358836
726.7016619743896 164.7734084097722
734.6297339024616 164.64553628190006
733.6067568794845 157.61256924893303
732.4559077286353 160.68150031786408
728.4918717645994 156.589592225956
723.5048587775864 149.04513668150045
722.2261374988651 142.7794024157662
717.2391245118521 146.3598219961858
725.9344292071569 142.26791390427766
725.2950685677962 144.6974843338481
730.5378258105535 147.8942875306513
725.0393243120519 147.3827990191628
731.9444192171468 145.33684497320877
734.118245390973 142.7794024157662
734.7576060303336 151.21896285532662
740.128235400963 145.592589228953
743.8365271092547 144.6974843338481
746.2660975388252 142.7794024157662
749.974389247117 144.82535646172025
752.0203432930709 147.51067114703494
747.0333303060579 152.11406775043153
738.082281355009 155.566615202979
742.1741894469171 154.2878939242577
743.3250385977663 164.7734084097722
746.2660975388252 160.04213967850345
746.138225410953 177.3048769412407
752.5318318045594 170.3997820361458
758.2860775588051 170.3997820361458
759.5647988375265 162.21596585232962
756.8794841522117 160.17001180637558
756.7516120243397 154.03214966851345
758.9254381981657 147.8942875306513
756.2401235128511 145.84833348469726
759.9484152211428 145.9762056125694
763.4009626736903 147.51067114703494
764.2960675687951 144.82535646172025
765.5747888475164 150.70747434383813
763.145218417946 155.95023158659535
761.3550086277362 156.71746435382815
764.2960675687951 159.4027790391428
710.078285351013 180.3738080101718
705.9863772591049 176.28189991826372
711.6127508854785 170.1440377804016
713.9144491871768 186.51167014803394
710.3340296067573 195.4627190990829
722.0982653709931 185.48869312505693
735.14122241395 196.74144037780417
744.6037598764875 199.81037144673527
749.974389247117 199.554627190991
761.7386250113527 200.57760421396802
758.4139496866774 195.71846335482715
763.2730905458181 179.60657524293904
758.6696939424216 181.90827354463735
765.5747888475165 175.51466715103095
770.4339297066574 178.58359821996203
772.9913722640999 184.9772046135684
765.8305331032607 169.8882935246573
774.7815820543098 166.30787394423774
766.3420216147492 162.72745436381814
770.3060575787853 148.1500317863956
775.2930705657983 147.63854327490705
780.5358278085555 147.7664154027792
783.3490146217423 150.0681137044775
778.7456180183458 156.33384797021174
785.6507129234407 158.76341839978218
781.9424212151489 162.9831986195624
791.9164471891748 175.25892289528667
793.5787848515125 159.7863954227592
792.1721914449191 151.47470711107087
787.4409227136505 148.27790391426768
790.893470166198 149.1730088093726
794.7296340023618 149.1730088093726
797.03133230406 149.94024157660536
795.8804831532109 154.6715103078741
800.3560076287353 157.9961856325494
799.8445191172467 153.26491690128069
809.4349287076564 161.576605212969
813.5268367995645 168.0980837344475
824.9074561801839 170.14403778040156
822.9893742621019 165.54064117700494
822.0942693669971 161.9602215965854
830.2780855508132 156.0781037144675
826.4419217146494 151.73045136681515
823.1172463899741 149.94024157660536
817.4908727636005 154.2878939242577
812.1202433929711 156.33384797021174
811.7366270093547 151.47470711107087
806.4938697665974 153.26491690128069
805.2151484878761 157.35682499318878
825.0353283080559 179.8623194986833
786.5458178185456 192.13804377440758
783.4768867496144 210.29588593224975
788.5917718644997 213.87630551266932
809.05131232404 189.32485696122077
819.7925710652988 189.06911270547653
836.9274362001639 190.3478339841978
847.1572064299341 196.99718463354844
849.4589047316324 205.18100081736463
843.8325311052589 217.96821360457741
856.3639996367274 225.1290527654166
864.5478158205435 202.11206974843356
858.1542094269371 202.62355825992208
852.7835800563079 200.57760421396802
838.7176459903736 183.9542275905914
838.7176459903736 167.58659522295903
837.6946689673968 158.12405776042158
840.2521115248393 155.56661520297902
835.1372264099542 153.00917264553647
843.3210425937704 159.14703478339857
846.90146217419 157.61256924893306
849.970393243121 160.93724457360838
845.3669966397243 164.2619198982837
845.8784851512129 171.42275905912285
856.3639996367274 181.14104077740458
856.3639996367274 176.537644174008
862.7576060303337 168.09808373444753
857.8984651711928 163.7504313867952
854.3180455907733 160.1700118063756
854.3180455907733 157.86831350467733
857.8984651711928 158.12405776042158
860.2001634728912 160.1700118063756
861.9903732631011 161.19298882935263
866.3380256107534 162.72745436381817
869.4069566796844 165.79638543274925
865.3150485877763 165.79638543274925
872.7316320043598 157.10108073744453
878.1022613749891 166.30787394423777
873.4988647715925 177.30487694124074
869.6627009354287 174.49169012805396
879.3809826537105 176.537644174008
882.7056579783857 172.9572245935884
871.4529107256385 192.6495322858961
873.4988647715925 186.51167014803394
880.1482154209432 189.83634547270927
887.3090545817823 191.88229951866333
792.427935700663 332.54164017800395
783.9883752611026 301.0850967214605
804.1921714648988 299.03914267550647
821.5827808555082 289.8323494687133
810.3300336027609 242.7754064117702
835.392970665698 238.42775406411786
799.0772863500138 239.7064753428391
790.3819816547091 238.42775406411786
767.6207428934703 254.79538643175022
742.3020615747889 254.53964217600597
752.7875760603034 285.22895286531667
769.6666969394242 288.0421396785035
762.5058577785852 284.2059758423396
774.5258377985651 281.64853328489704
785.7785850513125 287.01916265552643
841.5308328035602 331.0071746435384
876.0563073290347 318.4757061120699
863.7805830533105 291.1110707474345
868.1282354009628 254.2838979202617
886.2860775588049 257.608573244937
886.7975660702934 270.9072745436383
903.6766869494143 263.7464353827992
910.5817818545092 255.05113068749446
883.4728907456181 246.1000817364455
876.8235400962674 244.05412769049144
884.4958677685952 221.03714467350844
900.0962673689947 318.4757061120699
901.374988647716 306.1999818363456
908.7915720642994 287.530651167015
830.0223412950686 353.5126691490329
885.7745890473163 359.1390427754065
907.2571065298338 334.587594223958
912.8834801562075 352.48969212605584
958.405957678685 371.9262555626193
966.5897738625011 352.48969212605584
920.5558078285351 324.86931250567625
929.7626010353283 301.3408409772047
920.5558078285351 286.50767414403794
937.9464172191446 285.9961856325494
982.445917718645 328.4497320860958
1007.5088547815822 330.4956861320499
1005.4629007356281 310.0361456725094
1006.9973662700936 281.39278902915277
972.2161474888748 274.74343837980217
995.7446190173463 268.09408773045146
307.53682680955416 470.0739260739262
237.97438924711653 493.60239760239773
228.76759604032333 443.47652347652354
229.79057306330037 398.4655344655346
168.41195168467897 370.8451548451549
143.86050313323045 382.09790209790225
129.5388248115521 375.9600399600401
110.10226137498873 369.82217782217793
86.57378984651719 325.83416583416596
95.7805830533104 282.86913086913097
254.34202161474892 412.78721278721287
278.8934701661975 391.30469530469543
325.9504132231406 382.09790209790225
359.7086549813822 430.17782217782224
384.26010353283084 386.1898101898103
384.26010353283084 365.7302697302698
355.61674688947414 376.98301698301714
408.8115520842794 475.1888111888113
387.329034601762 483.3726273726275
472.2361275088548 482.34965034965046
471.21315048587775 442.4535464535466
474.2820815548089 409.71828171828184
432.34002361275094 406.6493506493507
425.17918445191174 434.2697302697303
552.0283353010626 493.60239760239773
615.452910725638 500.7632367632369
551.0053582780856 368.7992007992009
578.6257378984652 370.8451548451549
623.6367269094542 371.86813186813197
641.0273363000636 360.61538461538476
663.5328308055582 436.31568431568445
702.4059576786851 461.89010989010995
742.3020615747888 484.39560439560455
727.9803832531106 401.5344655344657
705.474888747616 400.51148851148866
693.1991644718919 367.7762237762239
740.2561075288347 372.89110889110896
752.531831804559 338.1098901098902
716.7276360003633 334.01798201798215
663.5328308055582 329.926073926074
675.8085550812823 328.903096903097
814.9334302061574 512.0159840159841
895.7486150213424 412.78721278721287
954.0583053310328 411.7642357642358
978.3540096267369 417.07674144037776
939.0972663699937 248.855144855145
932.1921714648988 230.69730269730283
951.6287349014623 233.25474525474542
947.0253382980655 224.0479520479522
930.1462174189447 224.0479520479522
984.1082553809827 233.51048951048966
997.6627009354282 224.0479520479522
1009.6826809554083 222.25774225774242
890.5058577785851 185.43056943056956
896.1322314049587 180.5714285714287
897.1552084279358 176.99100899100912
899.9683952411225 173.41058941058958
895.1092543819816 167.52847152847167
883.345018617746 168.29570429570444
887.1811824539097 166.2497502497504
888.9713922441196 173.6663336663338
893.3190445917719 172.38761238761253
910.7096539823813 175.9680319680321
902.7815820543094 179.29270729270743
910.453909726637 182.873126873127
905.0832803560078 186.70929070929085
911.9883752611026 192.3356643356645
917.6147488874763 192.59140859140874
922.7296340023614 185.68631368631384
922.9853782581057 181.85014985015
923.2411225138497 178.78121878121894
917.1032603759877 179.0369630369632
929.6347289074562 182.6173826173828
928.8674961402235 190.03396603396618
932.1921714648988 182.6173826173828
937.0513123240397 182.873126873127
936.2840795568069 204.86713286713302
929.8904731632005 205.89010989011004
920.427935700663 209.21478521478537
897.9224411951685 205.6343656343658
947.5368268095541 202.30969030969047
954.4419217146491 204.86713286713302
957.51085278358 211.2607392607394
961.347016619744 217.39860139860156
970.8095540822814 218.67732267732285
975.1572064299337 208.95904095904112
973.8784851512125 190.28971028971043
968.5078557805831 190.80119880119892
958.7895740623014 185.68631368631384
959.0453183180457 191.56843156843172
953.9304332031605 196.1718281718283
948.3040595767869 188.49950049950064
988.9673962401235 197.9620379620381
985.1312324039598 194.89310689310705
980.5278358005631 194.12587412587428
975.1572064299337 196.93906093906108
996.8954681681955 216.11988011988026
1005.3350286077559 205.37862137862152
998.1741894469168 195.40459540459557
1008.1482154209427 200.51948051948065
1016.0762873490147 207.68031968031983
1020.423939696667 201.54245754245767
1011.4728907456181 205.89010989011004
