17.36205128205129 256.83783475783474
25.953732193732176 263.4700094966762
16.306932573599223 249.60273504273505
3.4947768281101346 243.57348528015194
17.964976258309562 239.9559354226021
8.619639126305756 239.8052041785375
14.347426400759705 234.52961063627728
3.3440455840455434 231.21352326685658
19.321557454890772 223.0740360873694
14.196695156695132 222.3203798670465
8.770370370370348 214.63308641975306
8.468907882241185 205.89067426400757
2.2889268755935155 201.97166191832855
3.3440455840455434 193.07851851851848
3.3440455840455434 185.69268755935417
35.44980056980056 244.93006647673315
34.243950617283936 253.37101614434948
43.13709401709401 261.8119658119658
31.530788224121554 235.8861918328585
40.5746628679962 232.5701044634378
30.02347578347577 220.5116049382716
49.92 252.01443494776828
61.22484330484331 259.24953466286803
57.15509971509972 245.3822602089269
75.24284900284901 259.7017283950617
79.31259259259261 255.02905982905986
70.26871794871796 248.0954226020893
94.38571699905036 256.6871035137702
90.91889838556506 246.43737891737894
90.76816714150051 240.40812915479583
86.24622981956318 236.48911680911684
74.48919278252613 238.75008547008548
64.39019943019944 238.75008547008548
62.27996201329535 230.15840455840456
47.2068376068376 238.75008547008548
52.93462488129155 227.5959734093067
45.69952516619183 220.21014245014246
55.04486229819563 211.61846153846153
69.06286799620133 219.1550237416904
76.1472364672365 228.6510921177588
81.72429249762585 224.12915479582145
95.89302943969614 224.88281101614433
79.16186134852803 213.72869895536562
74.18773029439697 211.1662678062678
96.19449192782528 218.09990503323837
95.13937321937325 209.35749287749286
95.13937321937325 199.1077682811016
88.20573599240268 189.31023741690407
98.9076543209877 183.5824501424501
86.84915479582148 179.06051282051277
80.6691737891738 186.74780626780623
62.12923076923078 168.50932573599235
66.95263057929726 174.2371130104463
72.37895536562205 184.78830009496673
70.26871794871796 189.76243114909775
66.80189933523269 194.43509971509968
63.787274453941116 200.31361823361817
74.94138651471985 200.16288698955364
58.51168091168091 191.26974358974357
51.12584995251662 183.88391263057926
46.905375118708456 175.74442545109207
39.82100664767331 175.44296296296292
38.31369420702753 189.31023741690407
40.12246913580246 199.5599620132953
50.975118708452044 203.6297056030389
17.36205128205125 189.46096866096866
14.950351377018015 185.99415004748334
15.704007597340917 182.52733143399806
21.431794871794846 171.37321937321934
23.240569800569773 181.77367521367518
3.3440455840455434 173.0312630579297
153.3310541310542 256.385641025641
154.38617283950623 249.9041975308642
151.2208167141501 238.5993542260209
148.80911680911686 234.98180436847102
161.31981006647678 264.97732193732196
167.49979107312444 263.31927825261164
168.85637226970567 256.23490978157645
171.7202659069326 252.91882241215575
178.80463437796777 252.91882241215575
194.782146248813 261.5105033238367
200.81139601139606 258.4958784425451
207.44357075023748 263.92220322886993
212.56843304843315 255.93344729344733
204.42894586894596 250.20566001899337
238.79566951566957 259.7017283950617
236.23323836657184 249.1505413105413
220.8586514719849 245.8344539411206
218.7484140550808 235.7354605887939
237.2883570750238 238.75008547008548
224.77766381766392 232.11791073124405
219.35133903133914 228.19889838556506
225.9835137701805 222.4711111111111
238.19274453941128 221.26526115859448
235.02738841405517 212.82431149097815
219.50207027540367 213.42723646723644
229.45033238366582 204.9862867996201
241.81029439696118 206.9457929724596
236.98689458689472 199.5599620132953
231.71130104463447 194.28436847103512
233.670807217474 188.55658119658116
241.0566381766383 188.10438746438743
228.09375118708465 175.44296296296292
237.1376258309593 179.21124406457733
222.96888888888898 181.0200189933523
218.8991452991454 185.84341880341876
216.93963912630588 190.3653561253561
223.57181386514728 200.16288698955364
215.13086419753097 197.90191832858494
212.1162393162394 201.21800569800567
206.6899145299146 208.30237416904083
204.42894586894596 215.38674264007597
205.93625830959172 222.4711111111111
203.5245584045585 230.76132953466288
203.07236467236476 236.94131054131051
200.81139601139606 241.764710351377
186.34119658119664 248.24615384615385
184.98461538461547 239.65447293447295
184.23095916429259 232.26864197530864
184.23095916429259 225.93792972459642
190.56167141500484 211.31699905033238
189.65728395061734 204.38336182336178
184.23095916429259 195.33948717948715
186.19046533713205 191.26974358974357
189.50655270655275 183.88391263057926
191.76752136752145 178.60831908831904
206.8406457739792 167.15274453941115
206.53918328585002 177.70393162393157
209.25234567901245 185.08976258309588
202.16797720797732 192.92778727445392
190.26020892687563 167.45420702754032
173.52904083570758 169.26298195631523
178.20170940170945 176.7995441595441
175.3378157644825 186.59707502374164
176.5436657169991 206.04140550807213
181.36706552706556 216.14039886039885
167.80125356125362 202.87604938271602
174.58415954415963 226.23939221272553
167.9519848053182 234.83107312440646
158.30518518518525 228.19889838556506
155.44129154795826 234.07741690408358
153.7832478632479 220.21014245014246
155.893485280152 212.97504273504273
165.0880911680912 215.0852801519468
151.0700854700855 217.19551756885087
157.70226020892693 206.9457929724596
159.36030389363728 197.90191832858494
161.16907882241222 191.7219373219373
162.52566001899342 184.9390313390313
164.0329724596392 176.04588793922122
160.26469135802475 174.53857549857545
155.893485280152 168.8107882241215
98.16341880341886 250.50712250712252
108.71460588793929 256.385641025641
115.79897435897443 262.7163532763533
107.65948717948724 264.22366571699905
122.12968660968669 260.00319088319094
132.2286799620134 261.66123456790126
137.35354226020903 255.63198480531813
132.68087369420712 246.73884140550808
114.59312440645782 252.01443494776828
115.19604938271613 245.3822602089269
105.54924976258317 240.86032288698956
120.7731054131055 239.9559354226021
133.88672364672374 239.35301044634377
116.1004368471036 234.98180436847102
138.1071984805319 228.34962962962965
120.47164292497634 227.89743589743586
112.03069325736 226.6915859449193
100.42438746438754 229.70621082621082
127.4052801519469 221.8681861348528
132.53014245014253 214.4823551756885
142.47840455840466 216.59259259259255
139.01158594491937 209.0560303893637
142.93059829059837 196.8467996201329
108.41314339981014 220.21014245014246
117.75848053181393 211.91992402659068
117.00482431149106 204.83555555555554
106.6043684710352 203.1775118708452
114.14093067426407 193.98290598290595
109.01606837606846 187.19999999999996
103.89120607787281 187.19999999999996
102.5346248812916 175.74442545109207
113.68873694207034 170.1673694207027
121.22529914529922 168.2078632478632
108.56387464387471 170.1673694207027
140.0667046533714 168.0571320037986
129.81698005698013 179.5127065527065
121.07456790123464 187.80292497625828
127.85747388414065 191.57120607787272
132.37941120607795 186.74780626780623
134.79111111111118 182.67806267806264
129.21405508072183 200.61508072174738
143.3827920227921 188.70731244064572
147.30180436847112 206.04140550807213
23.843494776828084 163.53519468186136
25.65226970560301 156.30009496676163
18.71863247863246 154.039126305793
12.68938271604935 147.1054890788224
41.32831908831908 165.04250712250717
55.64778727445394 167.30347578347582
64.69166191832859 161.12349477682812
52.93462488129155 156.45082621082622
57.45656220322888 153.73766381766382
61.22484330484331 141.2269705603039
68.45994301994303 148.46207027540362
78.10674264007599 161.877150997151
81.12136752136755 153.28547008547008
86.54769230769233 162.78153846153847
97.70180436847107 165.9468945868946
97.70180436847107 152.6825451092118
89.5623171889839 146.6532953466287
95.29010446343784 142.88501424501425
93.78279202279204 135.34845204178538
93.3305982905983 120.87825261158592
87.15061728395065 122.98849002849002
78.25747388414057 125.55092117758785
74.48919278252613 134.29333333333332
77.65454890788226 142.88501424501425
50.070731244064575 144.5430579297246
38.91661918328584 144.09086419753086
33.94248812915479 143.78940170940172
7.865982905982873 135.1977207977208
13.141576448243086 133.84113960113962
19.17082621082618 130.5250522317189
21.281063627730273 135.95137701804367
25.50153846153844 127.96262108262108
35.14833808167141 130.07285849952515
38.012231718898384 124.34507122507122
40.87612535612534 119.37094017094016
49.015612535612526 130.37432098765433
59.114605887939234 118.31582146248812
68.30921177587845 127.05823361823361
75.54431149097819 120.27532763532763
69.21359924026592 117.8636277302944
73.43407407407409 111.83437796771128
81.57356125356127 111.83437796771128
87.90427350427353 109.42267806267805
81.27209876543212 104.75000949667614
73.88626780626782 103.99635327635326
86.84915479582148 98.11783475783474
86.39696106362777 104.59927825261157
59.566799620132954 110.62852801519466
63.18434947768281 104.448547008547
46.453181386514714 107.0109781576448
48.11122507122507 117.71289648622981
39.97173789173789 103.84562203228867
42.23270655270655 98.11783475783474
23.843494776828084 108.06609686609686
23.391301044634364 102.48904083570747
26.556657169990487 100.22807217473881
14.79962013295344 105.20220322886988
4.39916429249759 107.91536562203225
12.397340930674257 115.82875593542258
1.2432288698955383 97.13808167141498
140.3870085470086 158.21097815764483
126.97192782526122 161.67779677113012
132.69971509971515 156.5529344729345
134.3577587844255 149.92075973409308
129.98655270655277 144.04224121557453
152.4455080721748 156.10074074074075
147.9235707502375 144.19297245963912
175.35665716999057 156.85439696106366
191.93709401709413 160.6226780626781
203.99559354226034 157.90951566951568
186.51076923076928 155.1963532763533
181.3859069325737 150.52368471035138
168.72448243114917 153.53830959164293
163.44888888888897 145.39882241215577
153.95282051282058 141.47981006647672
178.5220132953467 144.19297245963912
174.75373219373228 137.86226020892687
153.3498955365623 135.45056030389364
154.70647673314346 130.02423551756885
139.181158594492 138.01299145299146
128.62997150997157 134.54617283950617
121.54560303893642 130.4764292497626
127.87631528964867 123.99498575498573
136.01580246913585 117.51354226020891
142.3465147198481 119.77451092117758
143.10017094017098 130.02423551756885
138.27677113010452 108.31893637226969
131.1924026590694 102.13895536562201
154.85720797720805 112.53941120607786
167.21716999050338 128.21546058879392
165.40839506172844 119.17158594491926
158.32402659069334 103.64626780626779
173.69861348528022 104.8521177587844
180.18005698005706 110.12771130104463
189.22393162393172 115.85549857549857
185.00345679012352 123.69352326685659
187.41515669515678 127.00961063627729
183.9483380816715 141.17834757834757
197.3634188034189 132.43593542260209
198.87073124406467 140.87688509021842
199.47365622032297 148.86564102564103
218.01359924026605 149.31783475783476
216.65701804368481 141.47981006647672
213.6423931623933 127.76326685660018
205.6536372269707 125.95449192782526
206.40729344729357 116.30769230769229
205.80436847103527 107.11308641975307
208.06533713200392 101.5360303893637
195.10245014245027 106.51016144349477
109.48710351377028 153.5383095916429
112.04953466286808 141.93200379867042
118.22951566951579 144.34370370370368
113.55684710351386 138.61591642924975
99.08664767331442 130.1749667616334
105.11589743589752 121.28182336182334
106.47247863247871 111.3335612535612
114.15977207977218 108.16820512820509
114.91342830009506 98.37067426400755
122.90218423551768 96.26043684710346
133.3026400759735 95.20531813865142
145.21040835707512 93.8487369420702
134.6592212725547 86.46290598290592
125.46461538461548 82.69462488129149
124.25876543209887 76.06245014245007
125.76607787274463 63.55175688509014
138.42750237416914 63.702488129154716
137.67384615384626 72.44490028490021
142.34651471984816 80.73511870845198
100.29249762583105 59.18055080721739
105.71882241215583 65.66199430199421
111.74807217473894 70.18393162393156
111.2958784425452 76.81610636277297
91.0978917378918 74.55513770180431
96.82567901234576 82.24243114909775
99.8403038936373 94.45166191832854
101.04615384615393 100.93310541310537
77.68281101614443 94.90385565052226
76.17549857549864 84.654131054131
80.54670465337138 76.81610636277297
83.86279202279209 68.07369420702747
84.01352326685667 59.93420702754029
73.46233618233624 64.30541310541302
63.81553656220329 74.85660018993346
63.21261158594498 86.31217473884135
55.073124406457794 88.87460588793917
53.7165432098766 75.3087939221272
54.16873694207032 61.592250712250646
119.28463437796779 120.82962962962961
35.90199430199429 86.76436847103514
25.953732193732176 84.20193732193734
20.225944919278227 88.12094966761633
15.553276353276324 76.21318138651472
18.266438746438727 82.09169990503324
5.303551756885063 71.54051282051282
4.700626780626753 87.97021842355176
14.498157644824278 64.3054131054131
10.428414055080703 58.57762583095915
1.686001899335206 56.16592592592591
5.7557454890788 44.258157644824294
10.579145299145276 38.22890788224118
1.836733143399779 40.64060778727442
47.2068376068376 91.1355745489079
44.49367521367522 84.35266856600188
51.427312440645764 80.88584995251664
46.00098765432098 75.760987654321
50.22146248812915 69.12881291547957
40.27320037986703 66.86784425451091
33.94248812915479 53.60349477682809
26.556657169990487 44.258157644824294
27.611775878442536 39.434757834757804
36.655650522317174 45.31327635327634
62.12923076923078 50.73960113960113
56.40144349477682 48.02643874643873
64.23946818613486 39.28402659069323
75.84577397910732 40.188414055080706
85.19111111111111 37.62598290598287
88.50719848053183 36.72159544159542
93.02913580246916 33.55623931623928
97.70180436847107 59.48201329534662
85.94476733143404 53.151301044634366
49.76926875593543 38.07817663817661
34.846875593542244 38.98256410256408
40.5746628679962 33.70697056030387
27.310313390313368 31.144539411206043
102.08474074074074 49.45935802469139
41.276839506172855 55.70449382716051
27.80049382716052 54.38972839506176
127.39397530864198 50.77412345679015
112.93155555555555 53.73234567901236
104.87861728395065 44.118123456790144
99.61955555555558 31.956543209876564
112.43851851851855 31.627851851851883
121.64187654320989 30.806123456790157
115.72543209876545 37.544296296296324
128.5443950617284 43.78943209876547
132.65303703703705 32.44958024691361
137.4190617283951 23.41056790123459
120.82014814814816 24.889679012345713
113.7532839506173 24.23229629629632
96.00395061728398 26.36879012345682
81.54153086419755 26.533135802469168
73.15990123456793 26.6974814814815
158.78400000000002 95.393975308642
157.6335802469136 80.76720987654323
166.83693827160496 75.17945679012347
159.7700740740741 70.08474074074077
169.46646913580247 97.53046913580249
188.5305679012346 94.57224691358027
187.8731851851852 83.06804938271607
187.5444938271605 74.68641975308644
160.42745679012347 57.75881481481483
156.81185185185186 51.51367901234571
147.60849382716052 48.55545679012348
143.82854320987656 56.115358024691375
136.59733333333335 53.6501728395062
150.73106172839508 36.88691358024694
149.4162962962963 30.31308641975311
154.67535802469138 27.354864197530897
161.41353086419755 31.463506172839534
169.79516049382713 31.134814814814835
174.2324938271605 34.42172839506175
167.16562962962962 36.7225679012346
162.7282962962963 41.32424691358027
167.16562962962962 47.8980740740741
173.9038024691358 49.21283950617286
172.91772839506172 59.07358024691361
185.901037037037 57.59446913580249
182.1210864197531 49.04849382716053
180.97066666666666 39.84513580246915
187.7088395061729 34.5860740740741
185.901037037037 24.560987654321018
198.0626172839506 36.06518518518522
198.88434567901234 30.31308641975311
200.85649382716053 25.382716049382744
210.71723456790124 28.833975308642003
208.08770370370374 36.55822222222225
201.67822222222225 49.04849382716053
213.18241975308644 41.65293827160496
229.61698765432098 27.519209876543247
216.96237037037042 23.24622222222224
236.8481975308642 31.627851851851883
234.21866666666668 42.145975308641994
227.31614814814813 51.18498765432101
227.8091851851852 63.017876543209894
231.91782716049383 56.279703703703724
224.52227160493828 58.416197530864224
212.52503703703704 68.60562962962965
212.19634567901238 62.36049382716052
215.81195061728394 54.307555555555574
207.26597530864203 55.78666666666669
199.3773827160494 58.25185185185188
201.02083950617285 68.769975308642
200.5278024691358 82.4106666666667
215.31891358024697 80.93155555555558
223.53619753086423 75.83683950617285
233.06824691358023 77.97333333333336
238.162962962963 83.39674074074075
233.23259259259262 91.120987654321
225.34400000000002 86.0262716049383
210.55288888888893 90.79229629629631
218.7701728395062 108.3772839506173
228.79525925925927 101.1460740740741
219.09886419753087 93.42182716049385
231.09609876543212 116.92325925925927
239.97076543209877 111.49985185185187
225.67269135802468 123.4970864197531
234.21866666666668 124.48316049382719
251.41017283950617 37.051259259259275
245.82241975308645 74.85076543209878
248.61629629629627 64.33264197530866
247.63022222222222 53.81451851851855
245.16503703703705 44.61116049382719
243.85027160493826 37.379950617283974
243.68592592592591 99.50261728395064
251.41017283950617 85.3688888888889
253.217975308642 80.10982716049385
259.62745679012346 71.72819753086422
258.1483456790123 59.89530864197533
262.750024691358 54.47190123456792
260.77787654320986 41.98162962962966
262.91437037037036 31.299160493827184
280.0063209876543 30.47743209876546
281.97846913580247 35.243456790123496
278.8559012345679 40.666864197530884
282.9645432098765 47.569382716049404
275.56898765432095 50.691950617283986
292.0035555555555 53.978864197530896
282.1428148148148 59.730962962962984
272.28207407407405 63.346567901234586
274.9116049382716 57.26577777777781
266.3656296296296 66.63348148148151
266.3656296296296 75.01511111111112
260.6135308641975 88.49145679012348
256.5048888888889 106.07644444444446
261.59960493827157 104.92602469135804
256.9979259259259 116.75891358024694
269.4881975308642 103.93995061728398
272.1177283950617 111.33550617283953
272.6107654320988 119.71713580246914
277.54113580246917 119.8814814814815
280.0063209876543 127.11269135802469
263.0787160493827 127.27703703703705
297.2626172839506 126.78400000000002
290.6887901234568 120.2101728395062
303.6720987654321 124.64750617283951
285.4297283950617 111.82854320987656
281.3210864197531 105.25471604938274
287.4018765432099 93.42182716049385
288.2236049382716 87.99841975308644
287.8949135802469 78.79506172839508
288.7166419753086 71.23516049382718
294.6330864197531 25.382716049382744
298.5773827160494 30.641777777777808
300.3851851851852 38.5303703703704
305.97293827160496 48.71980246913583
313.0398024691358 49.21283950617286
303.83644444444445 62.52483950617287
302.192987654321 74.68641975308644
305.80859259259256 81.58893827160496
308.27377777777775 86.84800000000003
311.06765432098763 92.27140740740742
301.0425679012346 96.05135802469137
302.02864197530863 108.04859259259261
329.47437037037037 127.93441975308644
322.07881481481485 122.34666666666668
318.1345185185185 120.86755555555557
318.79190123456783 114.95111111111113
316.8197530864197 108.04859259259261
350.8393086419753 129.2491851851852
367.4382222222222 129.08483950617284
375.81985185185187 127.77007407407409
374.83377777777775 117.25195061728397
370.7251358024691 112.3215802469136
366.2878024691358 109.19901234567902
351.16799999999995 109.69204938271606
350.1819259259259 100.32434567901237
344.7585185185185 96.8730864197531
340.3211851851852 108.705975308642
334.40474074074075 104.26864197530865
323.22923456790124 104.10429629629631
324.05096296296296 90.62795061728397
329.31002469135797 87.8340740740741
322.90054320987656 81.09590123456792
325.5300740740741 79.61679012345681
330.95348148148145 71.23516049382718
318.4632098765432 68.769975308642
331.93955555555556 63.182222222222244
320.1066666666666 55.457975308642
317.14844444444446 43.953777777777795
308.60246913580244 37.87298765432101
309.25985185185186 23.57491358024694
323.0648888888889 27.519209876543247
335.55516049382715 24.725333333333367
348.5384691358025 30.806123456790157
348.37412345679013 43.62508641975312
340.8142222222222 34.75041975308644
340.8142222222222 29.327012345679034
337.5273086419753 43.13204938271607
328.816987654321 49.04849382716053
330.13175308641974 55.457975308642
334.40474074074075 55.62232098765435
344.59417283950614 58.90923456790126
340.97856790123456 69.42735802469137
348.0454320987654 71.23516049382718
351.8253827160494 79.28809876543211
342.12898765432095 83.39674074074075
339.8281481481481 89.31318518518522
343.77244444444443 90.62795061728397
350.674962962963 88.1627654320988
360.8643950617284 87.01234567901236
367.6025679012346 94.7365925925926
365.4660740740741 83.06804938271607
367.1095308641975 70.08474074074077
367.1095308641975 61.86745679012348
358.3992098765432 57.430123456790156
354.45491358024685 52.00671604938274
371.5468641975308 49.37718518518521
366.61649382716047 40.502518518518535
361.0287407407407 28.176592592592623
232.2465185185185 164.7478518518519
234.05432098765434 155.0514567901235
233.72562962962962 142.56118518518522
225.17965432098765 135.00128395061733
245.39417283950618 138.78123456790127
262.1574320987654 135.6586666666667
257.7200987654321 132.53609876543211
275.4694320987654 137.95950617283955
249.99585185185185 150.28543209876545
247.85935802469137 159.32444444444445
244.90113580246916 165.89827160493832
250.16019753086417 170.00691358024696
247.695012345679 182.00414814814818
256.73402469135806 194.49441975308645
258.0487901234568 202.87604938271608
260.02093827160496 213.06548148148153
253.1184197530864 216.68108641975311
246.38024691358027 214.05155555555558
275.7981234567901 207.47772839506175
277.7702716049383 213.06548148148153
291.73965432098765 202.5473580246914
292.8900740740741 210.76464197530868
296.67002469135804 216.18804938271606
305.216 213.88720987654324
320.17145679012344 213.72286419753087
329.37481481481484 208.2994567901235
352.71190123456785 210.27160493827162
348.27456790123455 208.7924938271605
344.16592592592593 202.05432098765436
367.1743209876543 206.32730864197532
360.9291851851852 203.86212345679016
357.80661728395063 192.19358024691363
358.464 184.96237037037042
335.6199506172839 196.95960493827164
338.2494814814815 189.39970370370372
317.87061728395065 192.850962962963
308.33856790123457 204.68385185185187
313.761975308642 181.6754567901235
304.39427160493824 182.16849382716052
298.8065185185185 178.88158024691361
308.0098765432099 178.0598518518519
295.35525925925924 173.62251851851855
286.31624691358024 170.82864197530867
283.358024691358 183.64760493827163
279.4137283950617 189.89274074074078
265.28000000000003 187.42755555555559
266.10172839506174 182.00414814814818
273.9903209876543 178.0598518518519
258.8705185185185 180.3606913580247
265.1156543209877 167.04869135802474
269.38864197530864 161.95397530864201
266.2660740740741 152.75061728395065
268.56691358024693 147.49155555555558
270.21037037037036 141.90380246913585
269.38864197530864 138.1238518518519
259.85659259259256 149.2993580246914
289.93185185185183 140.75338271604943
290.91792592592594 152.09323456790128
287.3023209876543 162.44701234567904
299.13520987654323 155.0514567901235
307.8455308641975 149.46370370370371
304.88730864197527 143.875950617284
311.7898271604938 135.16562962962965
318.034962962963 137.1377777777778
339.892938271605 117.58064197530868
355.8344691358024 144.6976790123457
338.0851358024691 145.3550617283951
336.4416790123456 138.45254320987658
332.4973827160494 153.5723456790124
340.2216296296296 157.18795061728397
347.2884938271605 156.03753086419758
364.7091358024691 147.98459259259263
366.35259259259254 152.75061728395065
364.0517530864197 160.31051851851856
327.073975308642 172.47209876543212
322.30795061728395 164.7478518518519
300.3851851851852 168.85649382716048
311.72503703703705 159.1600987654321
314.5189135802469 152.42192592592593
320.1066666666666 152.2575802469136
294.14004938271603 192.52227160493828
296.76958024691356 186.27713580246913
311.56069135802466 230.8148148148148
294.4687407407407 230.1574320987654
275.4046419753086 228.18528395061728
257.6553086419753 256.6170864197531
245.98676543209876 247.2493827160494
253.217975308642 233.77303703703706
268.99516049382714 241.66162962962966
274.74725925925924 244.12681481481482
282.30716049382715 247.08503703703704
288.05925925925925 260.5613827160494
267.35170370370366 259.41096296296297
294.30439506172837 255.95970370370372
298.41303703703704 237.2242962962963
307.7807407407407 255.95970370370372
325.69441975308644 235.7451851851852
329.47437037037037 232.1295802469136
320.1066666666666 222.59753086419755
328.48829629629626 259.0822716049383
311.72503703703705 245.11288888888893
333.7473580246914 244.61985185185185
363.6582716049383 262.3691851851852
368.752987654321 255.95970370370372
346.0732839506173 256.78143209876544
350.01758024691355 247.74241975308644
345.2515555555555 239.85382716049384
347.7167407407407 231.4721975308642
341.9646419753086 223.41925925925926
376.8059259259259 225.5557530864198
374.012049382716 195.48049382716053
376.14854320987655 184.14064197530868
28.786567901234594 65.89392592592594
36.0834691195795 1001.7812352168199
17.24509855453351 981.5972667542707
17.24509855453351 958.7221024967148
60.304231274638646 958.0493035479632
53.576241787122235 934.5013403416558
73.76021024967149 935.8469382391589
85.8705913272011 949.3029172141919
69.72341655716166 993.0348488830485
90.58018396846258 991.6892509855454
96.63537450722737 970.8324835742444
115.47374507227336 953.3397109067017
27.33708278580816 924.409356110381
32.04667542706968 905.5709855453351
7.825913272010513 907.5893823915901
15.899500657030224 881.3502233902759
39.44746386333773 886.0598160315375
7.1531143232588885 925.0821550591327
65.68662286465178 892.1150065703023
61.649829172141956 875.2950328515112
50.88504599211568 861.1662549277268
39.44746386333773 852.4198685939554
17.24509855453351 849.0558738501971
24.645886990801596 834.254296977661
9.844310118265458 832.2359001314061
139.02170827858083 985.6340604467805
139.02170827858083 962.086097240473
122.8745335085414 917.6813666228646
137.00331143232592 919.6997634691195
101.34496714848885 896.151800262812
85.19779237844944 868.5670433639948
108.0729566360053 878.6590275952694
117.49214191852828 873.2766360052564
136.33051248357424 884.7142181340341
110.09135348226022 855.7838633377136
106.05455978975033 840.9822864651774
83.17939553219452 838.9638896189224
83.85219448094611 817.4343232588699
87.21618922470434 803.3055453350855
109.41855453350855 828.8719053876479
118.83773981603159 822.1439159001314
130.27532194480946 828.1991064388961
139.02170827858083 845.0190801576873
149.11369250985544 821.4711169513798
165.26086727989488 853.092667542707
162.5696714848883 837.6182917214192
169.97045992115645 824.1623127463863
178.04404730617614 835.5998948751643
113.79174770039432 1010.3594218134035
195.53681997371888 1003.631432325887
183.0900394218135 976.3830749014455
175.0164520367938 928.9507490144547
169.97045992115645 948.4619185282523
196.54601839684634 926.2595532194482
173.33445466491466 904.7299868593956
158.19647831800273 882.5276215505913
189.1452299605783 858.3068593955322
186.7904336399475 876.4724310118265
206.30160315374516 864.3620499342969
202.60120893561114 884.5460183968462
212.69319316688575 830.0493035479632
213.36599211563743 810.2017345597898
179.72604467805527 800.1097503285151
146.08609724047315 794.0545597897503
118.50134034165578 792.7089618922471
42.47505913272016 791.6997634691195
21.281892247043434 798.0913534822602
54.58544021024977 816.2569250985545
211.3475952693825 940.7247306176084
211.3475952693825 960.2359001314061
181.74444152431025 999.931038107753
230.96388961892262 1000.2674375821288
260.90344283837067 995.2214454664914
240.3830749014456 971.3370827858082
255.18465177398176 947.452720105125
231.63668856767424 932.3147437582129
218.51710906701723 918.85876478318
228.60909329829184 892.2832063074902
245.42906701708293 911.1215768725361
245.42906701708293 887.2372141918529
231.63668856767424 865.7076478318003
219.86270696452053 852.2516688567674
250.81145860709606 839.804888304862
258.21224704336413 863.0164520367937
271.33182654402117 833.0768988173455
260.5670433639949 811.2109329829171
251.82065703022351 801.1189487516426
290.506596583443 802.8009461235217
298.24378449408687 822.6485151116951
291.85219448094625 844.1780814717478
284.11500657030234 874.4540341655717
268.30423127463877 904.7299868593956
301.9441787122209 910.1123784494088
319.77335085413944 884.5460183968462
303.28977660972413 861.6708541392904
293.53419185282536 939.3791327201052
327.84693823915916 932.3147437582129
311.6997634691197 961.2450985545335
305.3081734559791 988.493455978975
287.4790013140606 996.2306438896189
349.3765045992118 1002.2858344283837
371.2424704336401 981.4290670170827
359.4684888304863 955.5263074901445
352.4040998685941 905.739185282523
338.9481208935613 902.3751905387647
365.860078843627 868.7352431011826
351.0585019710909 862.6800525624178
336.25692509855463 839.4684888304862
318.42775295663614 827.0217082785808
313.045361366623 803.4737450722733
339.6209198423129 791.6997634691195
361.4868856767412 814.2385282522996
385.70764783180044 795.7365571616293
369.8968725361368 828.0309067017083
387.05324572930374 854.2700657030223
384.02565045992134 903.0479894875165
383.0164520367938 936.0151379763469
391.09003942181363 966.1228909329828
387.05324572930374 963.0952956636006
414.9744021024969 967.1320893561104
416.3200000000002 939.8837319316689
414.9744021024969 995.7260446780552
448.2779500657033 936.1833377135349
460.051931668857 981.9336662286465
493.69187910643916 960.4040998685939
477.8811038107755 933.1557424441525
459.3791327201054 921.7181603153746
466.4435216819976 886.7326149802891
437.513166885677 874.2858344283837
434.4855716162946 900.1885939553221
408.2464126149805 904.5617871222076
403.87321944809486 875.631432325887
424.05718791064413 831.8995006570302
399.16362680683335 823.1531143232588
421.70239159001335 801.2871484888304
438.52236530880447 793.8863600525624
459.04273324572955 814.0703285151117
467.78911957950083 855.4474638633376
489.3186859395534 872.2674375821288
490.6642838370567 902.5433902759527
522.6222339027597 939.8837319316689
537.4238107752959 952.6669119579501
545.4973981603157 987.6524572930355
571.063758212878 951.9941130091984
567.363363994744 913.6445729303548
527.3318265440213 891.4422076215507
569.0453613666231 880.3410249671484
515.8942444152433 845.6918791064389
535.7418134034167 870.5854402102497
566.0177660972407 851.4106701708279
565.3449671484891 830.8903022339027
530.6958212877795 831.2267017082786
512.866649145861 814.0703285151117
532.7142181340345 792.2043626806833
548.8613929040739 800.277950065703
573.7549540078846 780.0939816031537
493.69187910643916 782.1123784494085
465.7707227332459 785.139973718791
589.3344546649146 969.486885676741
596.7352431011827 944.5933245729303
638.4487779237845 958.7221024967148
629.7023915900132 991.6892509855454
663.3423390275954 995.7260446780552
669.3975295663602 955.3581077529566
673.43432325887 937.1925361366623
640.4671747700395 923.7365571616294
683.5263074901447 911.6261760840998
674.1071222076216 882.6958212877793
656.6143495400788 860.4934559789751
619.6104073587385 856.4566622864652
585.9704599211565 845.0190801576873
609.518423127464 832.9086990801577
607.500026281209 809.3607358738502
641.1399737187911 815.4159264126149
661.9967411300921 794.559159001314
635.7575821287779 784.4671747700395
674.1071222076216 830.217503285151
688.9086990801577 784.4671747700395
705.7286727989489 810.0335348226018
725.912641261498 838.2910906701709
697.6550854139292 865.2030486202366
711.111064388962 874.6222339027595
702.0808409986859 938.8745335085414
706.4540341655717 954.0125098554535
725.6288042049936 933.4921419185282
748.1675689881735 939.8837319316689
740.4303810775297 896.8245992115637
738.7483837056506 963.0952956636006
745.476373193167 980.5880683311433
781.8075164257556 963.7680946123521
768.3515374507228 950.3121156373194
775.4159264126149 933.8285413929042
768.0151379763469 896.488199737188
811.7470696452037 952.6669119579501
809.7286727989489 924.0729566360053
815.7838633377136 971.8416819973719
805.0190801576873 984.2884625492774
807.7102759526939 892.451406044678
819.1478580814718 874.9586333771355
798.2910906701709 850.4014717477004
806.7010775295664 834.5906964520368
816.793061760841 805.996741130092
825.8758475689883 771.3475952693823
775.0795269382392 791.5315637319317
759.2687516425757 775.7207884362681
745.1399737187911 787.158370565046
741.1031800262812 819.7891195795007
697.0348488830487 841.3186859395532
831.931038107753 920.3725624178712
830.9218396846254 817.7707227332456
830.9218396846254 853.7654664914587
375.38438896189234 779.757582128778
421.4711169513798 772.3567936925099
395.56835742444156 757.8916162943495
410.7063337713535 733.6708541392904
387.1583705650461 742.4172404730618
375.38438896189234 727.6156636005256
406.33314060446787 708.4408935611038
385.13997371879117 703.0585019710908
393.2135611038109 679.846938239159
423.15311432325893 702.0493035479632
415.4159264126151 691.2845203679369
433.9178975032852 693.9757161629436
427.1899080157688 721.5604730617608
434.9270959264127 726.6064651773983
444.0098817345599 758.900814717477
461.5026544021026 736.0256504599212
461.16625492772675 709.7864914586072
480.67742444152435 732.9980551905387
483.7050197109068 705.4132982917215
474.28583442838385 682.5381340341655
487.40541392904083 681.1925361366623
512.9717739816033 699.021708278581
523.4001576872537 674.1281471747701
509.27137976346916 719.2056767411302
532.4829434954008 725.5972667542707
523.7365571616295 741.0716425755585
511.6261760841 747.4632325886992
513.9809724047307 765.2924047306177
476.97703022339033 760.5828120893561
555.3581077529567 736.0256504599212
562.0860972404732 715.1688830486204
556.70370565046 698.685308804205
537.865335085414 638.8062023653089
563.0952956636006 647.2161892247044
518.0177660972405 633.4238107752957
502.5433902759528 655.9625755584757
489.42381077529575 642.5065965834428
469.9126412614981 666.3909592641262
458.81145860709603 659.6629697766097
431.5631011826545 668.0729566360053
433.24509855453357 651.5893823915901
412.3883311432327 662.3541655716164
369.6655978975034 653.607779237845
379.08478318002636 663.0269645203679
373.70239159001324 636.1150065703023
391.5315637319318 643.8521944809462
374.71159001314066 615.5946386333771
407.0059395532195 614.2490407358739
404.65114323258877 594.4014717477004
421.134717477004 601.4658607095927
428.8719053876479 591.0374770039422
435.26349540078854 609.5394480946123
450.06507227332463 590.0282785808148
455.11106438896195 608.8666491458607
454.7746649145862 628.0414191852826
472.9402365308805 630.3962155059133
478.65902759526944 606.51185282523
487.069014454665 587.673482260184
489.42381077529575 576.9086990801577
508.5985808147176 614.2490407358739
526.0913534822603 600.4566622864652
515.326570302234 586.3278843626806
539.2109329829173 583.97308804205
551.6577135348227 589.0190801576873
565.7864914586072 606.1754533508541
548.6301182654403 575.5631011826543
522.0545597897504 569.5079106438897
503.21618922470446 561.4343232588699
464.19385019710916 569.1715111695138
443.33708278580826 562.7799211563732
421.4711169513798 567.1531143232589
403.97834428383715 582.9638896189225
377.40278580814726 576.9086990801577
380.76678055190547 559.0795269382392
375.38438896189234 597.7654664914587
664.4040998685939 775.7207884362679
665.7496977660973 748.1360315374507
632.7825492772668 750.8272273324571
637.8285413929041 736.3620499342968
661.3765045992117 722.9060709592641
635.4737450722733 707.0952956636004
637.8285413929041 688.2569250985543
635.4737450722733 671.4369513797634
640.5197371879107 647.2161892247042
634.4645466491459 638.4698028909329
641.5289356110382 615.594638633377
632.446149802891 602.8114586070958
652.6301182654402 604.157056504599
682.2332720105125 609.5394480946122
672.1412877792379 640.4881997371878
666.086097240473 671.7733508541392
690.3068593955322 665.7181603153745
682.5696714848882 685.2293298291721
666.7588961892247 707.4316951379762
687.9520630749014 703.0585019710905
714.5276215505914 681.528935611038
720.2464126149804 708.4408935611037
732.020394218134 746.7904336399473
752.5407621550593 708.4408935611037
739.7575821287779 697.0033114323257
744.1307752956636 666.390959264126
716.2096189224706 666.390959264126
726.638002628121 649.9073850197108
732.3567936925099 634.433009198423
743.457976346912 624.0046254927724
701.7444415243101 635.4422076215504
710.8272273324573 621.9862286465176
728.6563994743758 600.456662286465
757.2503547963206 602.4750591327199
782.1439159001314 595.0742706964519
786.5171090670171 621.313429697766
766.6695400788437 644.1885939553218
754.5591590013141 650.5801839684624
766.3331406044678 690.2753219448094
534.2175032851511 728.2884625492771
781.8075164257556 677.1557424441523
783.1531143232589 712.8140867279893
784.835111695138 736.3620499342968
754.5591590013141 742.0808409986859
768.0151379763469 760.9192115637318
805.6918791064389 752.5092247043362
821.8390538764783 731.3160578186595
805.0190801576873 655.9625755584756
827.2214454664914 658.6537713534822
812.0834691195796 630.3962155059131
809.7286727989489 617.9494349540078
828.5670433639948 595.0742706964519
696.0256504599212 737.0348488830485
696.3620499342969 750.4908278580814
723.6104073587386 728.624862023653
750.5223653088042 726.9428646517739
600.099237844941 745.1084362680682
571.1688830486203 759.9100131406043
596.7352431011827 771.3475952693823
581.2608672798949 730.9796583442837
602.1176346911959 715.5052825229958
584.6248620236531 712.1412877792378
597.4080420499344 695.9941130091984
589.3344546649146 679.1741392904072
569.823285151117 671.1005519053875
611.5368199737188 685.2293298291721
594.0440473061761 655.6261760840997
614.900814717477 644.8613929040735
579.9152693823917 623.3318265440209
611.5368199737188 598.4382654402101
600.7720367936926 578.9270959264124
578.5696714848883 580.2726938239157
624.3200000000002 575.5631011826542
641.1399737187911 578.2542969776608
588.6616557161631 608.5302496714847
156.28320630749013 769.6655978975032
184.2043626806833 770.001997371879
207.07952693823916 787.1583705650457
225.58149802890935 787.4947700394217
235.33708278580818 762.9376084099868
199.34233902759527 766.6380026281207
219.52630749014455 753.1820236530879
206.74312746386335 741.74444152431
187.56835742444153 750.8272273324571
185.54996057818659 728.624862023653
146.5276215505913 736.3620499342968
157.62880420499343 756.8824178712218
149.21881734559787 715.8416819973718
143.50002628120893 700.0309067017082
165.02959264126147 695.6577135348224
178.48557161629432 703.3949014454664
189.58675427069645 681.192536136662
205.39752956636008 713.1504862023652
208.76152431011826 694.3121156373193
220.87190538764781 701.7129040735873
216.49871222076214 728.624862023653
238.70107752956636 737.3712483574244
245.09266754270695 713.1504862023652
278.0598160315375 712.1412877792376
287.14260183968463 720.5512746386332
296.22538764783184 732.9980551905386
271.6682260183969 748.8088304862022
286.8062023653088 758.5644152431009
255.52105124835745 748.4724310118264
258.212247043364 781.7759789750327
305.9809724047306 779.7575821287777
316.0729566360053 749.8180289093298
316.4093561103811 732.6616557161628
314.0545597897504 717.8600788436268
335.24772667542715 724.2516688567672
340.6301182654403 742.0808409986857
337.9389224704336 714.8324835742443
337.9389224704336 690.6117214191851
309.6813666228647 687.247726675427
303.9625755584757 691.6209198423126
268.64063074901446 689.9389224704335
286.13340341655714 668.0729566360051
302.61697766097245 659.9993692509853
320.78254927726675 648.5617871222074
339.95731931668854 667.0637582128776
300.5985808147175 639.1426018396844
325.15574244415245 630.3962155059131
302.61697766097245 626.3594218134033
323.1373455978975 618.6222339027594
311.6997634691196 609.5394480946122
339.62091984231273 613.576241787122
325.82854139290407 589.6918791064387
298.58018396846256 590.0282785808146
280.4146123521682 589.6918791064387
285.1242049934297 604.4934559789748
278.0598160315375 615.2582391590012
284.45140604467804 632.4146123521681
265.27663600525625 665.3817608409985
252.1570565045992 643.1793955321943
261.23984231274636 628.714218134034
257.53944809461234 610.2122470433638
271.33182654402106 598.4382654402101
236.68268068331145 618.6222339027594
226.25429697766097 606.1754533508539
210.44352168199737 629.0506176084099
223.5631011826544 649.9073850197108
209.77072273324572 649.9073850197108
225.2450985545335 657.6445729303547
209.4343232588699 671.4369513797634
231.97308804204994 678.1649408672797
251.14785808147175 682.8745335085413
176.80357424441524 670.4277529566358
179.4947700394218 652.5985808147173
186.55915900131407 637.7970039421812
183.53156373193167 619.6314323258869
166.7115900131406 618.2858344283835
168.72998685939555 637.4606044678054
166.03879106438896 657.3081734559788
149.5552168199737 674.8009461235216
191.94155059132723 607.1846517739815
209.77072273324572 596.756268068331
189.25035479632064 585.6550854139289
164.35679369250985 600.7930617608408
145.182023653088 584.6458869908014
172.09398160315374 577.5814980289091
141.8180289093298 604.8298554533507
141.14522996057818 646.5433902759526
345.0033114323259 598.43826544021
349.04010512483575 580.9454927726673
355.09529566360055 574.2175032851509
363.1688830486203 714.8324835742443
357.78649145860714 756.5460183968461
132.39884362680684 772.6931931668855
68.4829434954008 780.7667805519053
86.64851511169512 780.7667805519053
55.02696452036791 770.6747963206305
70.5013403416557 748.4724310118264
40.898186596583436 751.8364257555845
63.773350854139245 726.9428646517739
94.04930354796318 731.6524572930352
93.37650459921151 711.4684888304861
125.67085413929044 732.325256241787
122.30685939553221 713.4868856767409
113.56047306176085 702.0493035479631
131.05324572930357 698.0125098554531
119.61566360052564 680.5197371879106
108.17808147174769 677.1557424441523
17.86533508541392 758.9008147174768
27.957319316688576 776.7299868593954
23.58412614980289 727.2792641261497
11.137345597897513 744.0992378449407
12.146544021024967 709.4500919842311
49.48688567674114 702.3857030223388
49.82328515111697 721.2240735873847
40.06770039421814 682.5381340341654
41.076898817345594 670.7641524310117
24.256925098554554 672.4461498028908
56.551274638633394 669.0821550591326
70.34365308804207 674.8009461235214
88.17282522996058 663.3633639947436
78.08084099868596 690.2753219448093
68.66165571616295 721.5604730617607
83.79963206307494 650.9165834428381
120.80357424441524 648.5617871222074
124.16756898817349 659.9993692509853
112.72998685939554 615.5946386333769
125.84956636005262 618.6222339027594
82.79043363994744 623.6682260183967
70.68005256241787 623.3318265440208
68.99805519053879 646.5433902759524
54.19647831800265 636.7878055190537
37.04010512483574 630.3962155059131
36.03090670170829 646.5433902759524
21.902128777923778 638.133403416557
18.53813403416558 662.690565045992
37.04010512483574 604.157056504599
31.994113009198433 590.0282785808146
57.56047306176084 600.1202628120891
57.22407358738503 610.5486465177396
74.38044678055194 600.456662286465
73.37124835742445 585.6550854139289
90.19122207621552 583.6366885676739
108.69319316688569 579.9362943495398
92.54601839684626 607.5210512483573
114.41198423127466 592.719474375821
124.8403679369251 579.2634954007882
20.892930354796324 579.5998948751641
105.48688567674115 632.0782128777923
14.837739816031538 559.7523258869908
4.072956636005257 536.540762155059
5.082155059132729 514.6747963206307
16.856136662286463 520.7299868593955
20.55653088042049 536.2043626806833
27.284520367936917 539.5683574244415
35.35810775295663 556.7247306176084
50.83248357424443 551.0059395532194
63.61566360052565 564.1255190538765
43.43169513797634 533.8495663600524
38.38570302233903 516.020394218134
27.284520367936917 504.9192115637319
15.174139290407366 512.9927989487516
14.164940867279897 492.80883048620234
23.24772667542706 480.6984494086728
18.87453350854141 467.5788699080157
29.30291721419186 461.86007884362675
4.072956636005257 457.1504862023653
15.510538764783183 450.4224967148488
1.0453613666228558 440.33051248357424
20.220131406044697 429.56572930354787
0.7089618922470436 426.20173455978966
6.0913534822601845 410.72735873850195
20.220131406044697 420.1465440210249
30.312115637319323 409.7181603153744
11.137345597897513 398.95337713534815
4.409356110381087 389.870591327201
4.409356110381087 384.15180026281206
17.192536136662294 379.4422076215505
25.93892247043363 392.22538764783167
48.14128777923786 404.6721681997371
41.41329829172143 402.65377135348217
52.51448094612354 389.1977923784494
58.906070959264135 393.9073850197108
63.27926412614982 383.4790013140604
72.69844940867281 389.1977923784494
74.71684625492773 399.9625755584757
64.28846254927727 402.65377135348217
59.5788699080158 417.11894875164245
55.20567674113011 428.5565308804205
64.28846254927727 433.2661235216819
47.1320893561104 452.7772930354796
48.81408672798952 446.385703022339
45.113692509855454 468.5880683311432
46.45929040735874 480.362049934297
59.5788699080158 455.80488830486195
66.30685939553221 471.2792641261497
76.06244415243101 458.49608409986854
72.69844940867281 482.3804467805519
81.44483574244416 493.48162943495396
97.9284099868594 479.35285151116943
88.17282522996058 472.62486202365307
75.38964520367938 511.3108015768725
65.29766097240473 516.020394218134
50.83248357424443 505.59201051248357
79.09003942181342 527.1215768725361
73.70764783180026 533.176767411301
74.38044678055194 541.9231537450722
92.54601839684626 528.4671747700394
86.15442838370568 514.3383968462549
100.61960578186597 494.82722733245726
106.33839684625495 520.0571879106438
108.3567936925099 494.15442838370564
114.07558475689882 494.4908278580814
118.44877792378452 513.6655978975033
116.4303810775296 528.4671747700394
108.3567936925099 541.5867542706964
89.18202365308808 546.6327463863338
104.65639947437582 558.0703285151117
72.02565045992115 563.116320630749
123.15837056504603 548.6511432325887
142.66954007884365 555.0427332457292
159.1531143232589 560.0887253613666
155.7891195795007 571.5263074901445
180.68268068331145 562.1071222076215
198.17545335085418 556.7247306176084
200.86664914586075 569.5079106438895
182.36467805519055 544.277950065703
164.8719053876479 529.4763731931669
152.7615243101183 525.439579500657
150.74312746386335 539.9047568988173
125.51316688567677 538.2227595269381
135.60515111695142 528.4671747700394
151.75232588699083 510.63800262812083
136.6143495400789 499.53681997371876
157.8075164257556 501.21881734559787
178.32788436268075 509.62880420499334
198.51185282523 494.82722733245726
203.89424441524312 507.94680683311424
112.72998685939554 475.3160578186596
103.64720105124837 459.8416819973718
91.5368199737188 447.0585019710906
94.56441524310121 434.27532194480943
71.68925098554537 425.1925361366622
73.37124835742445 416.1097503285151
84.47243101182656 419.1373455978974
93.21881734559793 385.83379763469117
96.91921156373195 403.99936925098547
98.26480946123525 396.93498028909323
116.4303810775296 403.99936925098547
108.02039421813409 415.7733508541392
114.41198423127466 422.5013403416556
125.84956636005262 436.9665177398159
130.55915900131407 423.84693823915893
131.90475689881737 407.0269645203679
139.64194480946128 394.5801839684625
149.06113009198427 399.9625755584757
156.79831800262815 389.5341918528252
153.77072273324575 381.4606044678054
135.26875164257558 381.1242049934296
129.88636005256245 373.72341655716156
145.36073587385022 371.70501971090664
103.98360052562421 371.36862023653083
95.57361366622867 372.04141918528245
83.4632325886991 377.08741130091977
167.2267017082786 372.3778186596582
170.92709592641262 379.1058081471747
191.44746386333773 377.4238107752956
179.3370827858082 395.92578186596575
180.34628120893566 391.2161892247043
196.49345597897508 404.3357687253613
173.95469119579505 411.06375821287776
164.19910643889622 425.1925361366622
150.74312746386335 419.8101445466491
146.03353482260187 448.4040998685939
148.05193166885678 459.8416819973718
136.95074901445471 467.91526938239156
125.84956636005262 460.51448094612346
156.4619185282523 473.2976609724047
173.95469119579505 466.56967148488826
180.68268068331145 473.9704599211563
197.83905387647832 477.3344546649145
198.84825229960578 463.54207621550586
183.71027595269388 457.82328515111686
163.52630749014457 454.45929040735865
192.12026281208938 436.2937187910643
204.5670433639948 447.7313009198423
204.23064388961893 428.5565308804205
185.05587385019714 422.5013403416556
189.42906701708282 407.36336399474374
123.15837056504603 391.5525886990801
114.41198423127466 386.84299605781854
63.27926412614982 371.36862023653083
38.722102496714854 412.0729566360052
41.41329829172143 427.54733245729295
39.39490144546648 436.2937187910643
32.666911957950056 446.385703022339
209.66559789750332 528.4671747700394
222.44877792378452 535.8679632063074
221.10318002628128 548.6511432325887
248.6879369250986 560.0887253613665
227.83116951379765 573.5447043363995
231.1951642575559 588.3462812089356
254.07032851511175 571.5263074901445
257.43432325886994 584.9822864651774
272.9086990801578 570.8535085413929
266.1807095926413 556.7247306176083
282.3278843626807 549.3239421813403
274.9270959264127 541.9231537450722
268.19910643889625 538.559159001314
306.5486465177398 540.5775558475689
311.2582391590014 554.7063337713533
317.98622864651776 539.2319579500656
338.84299605781877 545.9599474375821
340.8613929040737 520.3935873850196
359.026964520368 529.8127726675426
362.3909592641262 542.5959526938238
362.3909592641262 556.0519316688567
376.5197371879107 547.3055453350853
402.7588961892247 548.6511432325887
385.9389224704337 531.8311695137977
405.45009198423134 525.7759789750328
395.35810775295664 520.3935873850196
224.8035742444153 446.72210249671474
225.81277266754273 434.2753219448093
211.34759526938245 423.17413929040725
226.8219710906702 414.0913534822601
232.877161629435 419.81014454664904
212.02039421813402 382.13340341655703
221.10318002628128 378.7694086727988
207.64720105124843 357.23984231274625
184.43563731931667 364.30423127463854
186.79043363994745 355.894244415243
168.28846254927726 358.24904073587373
227.49477003942187 360.9402365308804
239.26875164257558 369.68662286465167
243.64194480946128 359.93103810775284
261.4711169513798 376.0782128777923
257.7707227332458 382.4698028909329
267.8627069645204 396.26218134034156
257.43432325886994 406.3541655716162
266.1807095926413 428.5565308804204
262.14391590013145 430.91132720105117
245.32394218134039 437.3029172141918
265.8443101182655 452.77729303547954
235.2319579500657 455.1320893561102
234.22275952693826 464.2148751642575
240.95074901445471 474.3068593955321
223.79437582128784 476.325256241787
225.47637319316686 488.4356373193166
225.47637319316686 505.2556110381077
240.95074901445471 515.6839947437581
253.3975295663601 519.3843889618921
242.96914586070963 544.9507490144546
229.84956636005256 523.0847831800262
240.27795006570304 530.8219710906701
266.1807095926413 507.94680683311424
252.05193166885678 492.1360315374506
260.79831800262815 478.00725361366614
272.5722996057819 490.1176346911957
286.3646780551906 500.882417871222
285.69187910643893 487.42643889618915
299.4842575558476 482.3804467805518
303.5210512483575 510.97440210249664
303.18465177398167 522.4119842312746
316.6406307490145 492.8088304862023
321.35022339027597 518.3751905387647
351.2897766097241 498.5276215505912
349.27137976346916 485.74444152431005
328.75101182654413 481.03484888304854
323.70501971090675 471.9520630749014
311.5946386333772 468.2516688567673
302.1754533508542 459.8416819973718
284.0098817345598 458.4960840998685
321.68662286465184 450.75889618922463
315.2950328515112 441.6761103810775
334.46980289093307 442.6853088042049
339.5157950065704 447.73130091984217
338.5065965834429 456.47768725361357
352.2989750328516 468.5880683311432
356.6721681997372 459.8416819973718
353.6445729303548 437.6393166885676
337.49739816031536 424.5197371879105
353.308173455979 420.4829434954007
347.58938239159005 415.77335085413915
350.6169776609725 399.28977660972396
356.33576872536145 392.5617871222075
345.57098554533513 378.433009198423
346.5801839684625 360.6038370565045
331.10580814717486 363.63143232588686
326.39621550591335 375.0690144546648
314.95863337713536 363.9678318002627
298.13865965834435 383.8154007884362
303.18465177398167 390.54339027595256
301.1662549277267 403.6629697766096
290.40147174770044 396.59858081471737
283.673482260184 403.6629697766096
286.3646780551906 366.6590275952693
265.8443101182655 354.2122470433639
318.99542706964525 569.1715111695137
342.2069908015769 564.4619185282522
366.4277529566361 593.0558738501971
348.2621813403418 648.2253876478318
355.6629697766098 630.0598160315374
278.9638896189225 436.9665177398159
274.9270959264127 422.1649408672798
291.7470696452038 422.1649408672798
309.2398423127465 424.8561366622863
316.6406307490145 424.8561366622863
320.6774244415244 414.76415243101167
225.8127726675428 390.54339027595256
151.80488830486206 432.25692509855435
366.4277529566361 513.6655978975032
375.1741392904075 511.64720105124826
366.4277529566361 492.1360315374506
388.6301182654404 498.19122207621535
371.13734559789754 479.35285151116943
377.1925361366624 467.2424704336398
365.0821550591328 447.73130091984217
375.8469382391592 436.9665177398159
377.86533508541413 420.81934296977647
367.1005519053877 410.0545597897502
367.77335085413944 393.9073850197108
359.69976346911966 383.14260183968446
379.88373193166905 375.7418134034164
387.95731931668865 367.6682260183967
370.4645466491459 366.995427069645
389.302917214192 387.85219448094597
388.6301182654404 401.98097240473044
387.2845203679371 412.7457555847568
396.70370565046005 429.56572930354787
394.0125098554536 460.5144809461234
391.99411300919866 469.9336662286465
409.4868856767412 480.02565045992105
424.96126149802905 486.7536399474375
405.4500919842314 498.19122207621535
422.94286465177413 511.64720105124826
424.2884625492775 530.4855716162942
440.43563731931687 529.139973718791
459.2740078843628 547.9783442838369
459.9468068331144 566.1439159001314
449.1820236530881 518.3751905387646
458.6012089356112 499.53681997371865
439.0900394218136 498.8640210249671
461.96520367936944 529.139973718791
416.5512746386336 454.79568988173446
419.2424704336401 445.71290407358725
408.81408672798966 422.8377398160314
406.12289093298307 404.6721681997371
402.0860972404732 386.50659658344273
410.8324835742446 372.714218134034
419.2424704336401 387.8521944809459
433.70764783180044 391.88898817345586
433.37124835742463 372.714218134034
422.2700657030225 358.9218396846253
404.44089356110396 354.21224704336385
382.2385282522997 354.88504599211547
380.2201314060448 345.4658607095925
357.6813666228648 341.4290670170826
354.3173718791066 329.65508541392893
373.15574244415257 325.95469119579485
400.74049934296994 328.98228646517725
406.12289093298307 336.0466754270695
428.66165571616307 342.1018659658343
435.38964520367955 349.83905387647815
450.5276215505915 359.594638633377
445.4816294349542 367.6682260183967
446.8272273324574 335.37387647831787
459.9468068331145 344.79306176084077
462.63800262812106 323.26349540078826
481.4763731931671 332.3462812089354
486.52236530880435 342.4382654402101
489.21356110381095 355.89424441524295
485.5131668856769 361.2766360052561
468.35679369251 360.6038370565044
465.66559789750346 373.0506176084098
473.4027858081473 388.1885939553218
489.54996057818676 381.1242049934296
452.20961892247055 383.8154007884361
455.57361366622877 393.9073850197108
468.35679369251 409.38176084099854
449.8548226018398 413.75495400788424
441.4448357424443 410.0545597897502
433.37124835742463 426.20173455978966
427.65245729303564 429.229329829172
452.5460183968464 447.05850197109055
457.5920105124837 470.6064651773981
436.398843626807 458.83248357424424
428.66165571616307 471.61566360052547
484.84036793692525 443.6945072273324
480.80357424441536 462.1964783180025
480.80357424441536 478.3436530880419
470.71159001314084 488.7720367936924
469.02959264126173 433.93892247043345
481.1399737187912 432.5933245729302
488.2043626806835 417.79174770039407
478.78517739816044 405.6813666228645
497.28714848883067 393.23458607095915
484.84036793692525 400.2989750328514
512.4251248357426 394.2437844940866
513.0979237844942 380.11500657030206
510.7431274638635 368.3410249671483
508.7247306176086 342.4382654402101
495.26875164257575 331.33708278580804
481.4763731931671 324.27269382391574
501.66034165571637 325.28189224704323
522.5171090670173 332.0098817345596
533.6182917214194 328.6458869908014
527.2267017082787 351.18465177398144
534.9638896189227 365.31342969776597
528.2359001314062 343.11106438896167
548.0834691195797 328.98228646517725
554.4750591327202 341.7654664914585
548.7562680683312 352.5302496714848
550.4382654402104 367.6682260183967
543.3738764783182 385.49739816031524
532.6090932982919 395.5893823915899
536.9822864651776 416.10975032851496
520.4987122207624 409.38176084099854
525.8811038107756 428.5565308804203
508.3883311432328 445.04010512483563
534.291090670171 439.6577135348225
549.7654664914588 433.2661235216819
533.2818922470436 453.786491458607
514.1071222076217 462.1964783180025
511.75232588699106 483.05324572930346
506.7063337713537 492.1360315374506
529.9178975032853 494.1544283837055
545.0558738501973 476.6616557161628
548.4198685939555 488.4356373193165
536.6458869908018 516.6931931668855
531.9362943495403 533.8495663600524
506.3699342969778 539.2319579500655
480.46717477003955 519.7207884362679
497.28714848883067 508.61960578186586
489.54996057818676 506.2648094612351
480.80357424441553 551.3423390275951
523.189908015769 549.9967411300919
515.789119579501 513.6655978975032
544.0466754270699 548.6511432325885
553.4658607095928 537.8863600525623
561.5394480946126 523.0847831800262
560.866649145861 510.30160315374496
571.6314323258872 497.5184231274638
585.0874113009202 531.1583705650457
595.1793955321948 523.0847831800262
606.6169776609727 557.3975295663599
606.6169776609727 550.6695400788434
624.7825492772671 543.2687516425754
621.418554533509 527.7943758212876
640.9297240473064 534.522365308804
656.4040998685942 542.5959526938238
651.6945072273328 523.0847831800262
638.9113272010516 507.6104073587383
614.0177660972407 501.55521681997357
632.1833377135353 492.1360315374506
626.8009461235221 474.64325886990787
651.0217082785812 469.93366622864636
650.3489093298296 479.3528515111693
655.058501971091 490.7904336399473
585.7602102496718 485.4080420499342
593.8337976346916 475.9888567674112
606.6169776609727 459.8416819973718
573.6498291721423 455.80488830486195
579.0322207621555 441.00331143232575
567.5946386333774 427.5473324572929
594.5065965834431 437.6393166885675
593.8337976346916 424.8561366622863
591.8154007884366 414.09135348226005
614.0177660972407 409.38176084099854
668.8508804204996 479.01645203679357
671.8784756898821 488.4356373193166
684.6616557161632 505.2556110381077
691.0532457293039 499.2004204993429
682.3068593955326 524.0939816031537
701.4816294349544 487.76283837056496
715.274007884363 480.02565045992105
708.5460183968466 507.2740078843626
706.8640210249675 523.7575821287778
688.0256504599215 472.62486202365295
697.7812352168202 461.187279894875
673.2240735873854 459.8416819973718
716.6196057818663 451.76809461235206
726.3751905387652 460.85088042049927
664.1412877792382 438.3121156373192
679.6156636005259 435.6209198423127
693.0716425755588 436.9665177398159
698.1176346911961 424.85613666228636
685.3344546649148 416.7825492772667
686.6800525624182 406.690565045992
703.8364257555851 393.9073850197108
713.5920105124839 406.0177660972404
717.9652036793696 421.49214191852815
719.3108015768729 380.4514060446779
676.5880683311436 382.13340341655703
681.9704599211566 373.3870170827857
634.5381340341659 373.3870170827857
645.3029172141921 383.8154007884362
653.040105124836 399.28977660972396
640.5933245729306 411.7365571616293
631.5105387647834 419.81014454664904
639.920525624179 433.2661235216819
640.9297240473064 448.40409986859385
660.7772930354799 425.52893561103804
661.7864914586073 412.7457555847568
622.0913534822605 439.6577135348225
621.7549540078846 430.5749277266753
622.4277529566363 396.26218134034156
701.1452299605785 353.53944809461217
707.8732194480949 373.72341655716156
719.9836005256245 340.4198685939552
697.7812352168202 342.4382654402101
711.5736136662289 321.917897503285
720.3200000000003 316.5355059132719
729.0663863337717 323.2634954007883
681.6340604467808 326.96388961892234
657.7496977660975 341.7654664914585
644.2937187910646 331.6734822601838
657.4132982917217 320.2359001314059
685.6708541392908 313.8443101182653
699.1268331143235 314.5171090670169
614.3541655716166 333.6918791064387
620.7457555847571 341.09266754270686
622.4277529566363 326.2910906701707
636.5565308804207 315.8627069645202
604.5985808147177 327.97308804204977
594.8429960578189 324.27269382391574
609.9809724047309 308.798318002628
581.0506176084102 319.2267017082785
573.3134296977663 329.65508541392893
574.6590275952697 311.4895137976345
553.1294612352171 314.8535085413928
565.2398423127466 360.94023653088027
564.9034428383709 373.72341655716156
560.1938501971093 392.89818659658334
569.2766360052565 405.6813666228645
597.8705913272014 388.52499342969764
596.8613929040739 373.0506176084098
601.5709855453354 362.62223390275943
605.6077792378452 350.5118528252299
583.7418134034168 351.8574507227331
617.3817608409989 358.9218396846253
635.8837319316692 352.8666491458606
728.39358738502 524.0939816031537
730.0755847568992 504.24641261498016
556.8298554533511 472.62486202365295
552.7930617608413 461.5236793692509
545.3922733245732 402.31737187910636
533.9546911957952 312.49871222076206
531.3686202365309 660.3357687253613
540.7878055190538 673.791747700394
654.595952693824 567.4895137976347
672.0887253613666 572.8719053876479
668.7247306176084 582.2910906701708
688.2359001314061 583.6366885676741
704.3830749014455 574.2175032851512
678.1439159001314 547.978344283837
712.4566622864653 552.6879369250986
723.8942444152432 579.5998948751643
734.6590275952694 568.1623127463864
750.1334034165571 562.1071222076216
739.3686202365309 548.6511432325888
755.5157950065704 534.5223653088043
775.6997634691195 515.0111957950065
749.4606044678055 504.91921156373195
765.6077792378451 488.77203679369256
746.0966097240473 492.1360315374507
748.7878055190539 475.3160578186597
787.8101445466492 570.853508541393
762.9165834428385 587.673482260184
778.3909592641262 560.7615243101183
771.6629697766097 537.8863600525625
797.902128777924 562.7799211563732
820.7772930354797 556.0519316688568
820.7772930354797 582.9638896189225
820.7772930354797 535.1951642575559
797.902128777924 521.0663863337713
794.5381340341658 504.91921156373195
783.1005519053879 502.2280157687254
792.5197371879107 482.71684625492776
793.1925361366623 469.93366622864653
800.5933245729303 451.7680946123522
816.0677003942183 500.2096189224705
538.2017345597898 759.9100131406046
762.9165834428385 464.5512746386332
775.026964520368 457.15048620236513
758.206990801577 447.05850197109044
764.9349802890936 428.8929303547962
739.3686202365309 427.54733245729295
746.0966097240473 415.43695137976334
770.9901708278582 402.65377135348217
771.6629697766097 416.10975032851496
788.4829434954008 413.4185545335084
789.8285413929041 429.56572930354787
805.302917214192 420.81934296977647
808.6669119579502 407.36336399474357
821.4500919842312 432.25692509855435
828.1780814717478 416.7825492772666
815.3949014454666 391.88898817345586
796.5565308804205 384.48819973718776
739.3686202365309 375.06901445466474
738.0230223390276 389.19779237844926
735.7207884362681 348.8298554533506
739.4211826544021 338.7378712220761
741.7759789750329 350.5118528252297
746.4855716162944 357.57624178712206
738.0755847568988 367.3318265440209
638.1649408672799 295.00593955321926
651.9573193166887 297.36073587385
660.3673061760841 288.9507490144545
666.4224967148489 299.0427332457291
671.4684888304862 292.65114323258854
687.2792641261498 299.7155321944808
717.2188173455979 291.30554533508524
728.6563994743758 304.4251248357422
737.7391852825231 295.00593955321926
757.2503547963206 296.35153745072256
756.2411563731932 306.4435216819972
753.2135611038108 313.50791064388943
756.9139553219449 322.2542969776608
769.697135348226 323.59989487516407
771.3791327201052 349.50265440210234
780.4619185282523 330.6642838370563
805.6918791064389 328.9822864651772
805.3554796320631 319.22670170827837
826.8850459921157 325.61829172141904
820.1570565045992 310.48031537450703
803.673482260184 309.8075164257554
817.8022601839684 296.68793692509837
796.6090932982917 297.0243363994742
785.5079106438897 296.35153745072256
802.3278843626808 287.94155059132703
773.39752956636 299.7155321944808
786.1807095926413 315.52630749014435
792.2359001314061 326.9638896189223
778.4435216819974 320.23590013140586
800.3094875164259 361.2766360052561
797.6182917214193 339.74706964520345
815.111064388962 371.0322207621549
826.2122470433641 347.14785808147155
830.9218396846254 399.28977660972396
821.8390538764783 454.4592904073586
703.0900394218135 306.1071222076214
700.7352431011827 296.68793692509837
776.4251248357425 388.5249934296976
758.2595532194481 382.80620236530865
772.0519316688567 375.06901445466474
775.7523258869909 360.9402365308802
787.8627069645204 353.20304862023636
794.9270959264126 371.3686202365307
647.9205256241787 361.94943495400776
652.966517739816 357.57624178712206
659.3581077529566 375.7418134034164
666.086097240473 365.6498291721418
6.764152431011827 304.7615243101182
19.883731931668866 279.53156373193156
16.18333771353484 265.7391852825229
14.837739816031538 354.2122470433639
3.400157687253614 368.6774244415242
27.62091984231275 356.9034428383705
34.685308804205 342.1018659658343
48.47768725361369 349.50265440210245
52.85088042049937 365.98622864651765
59.5788699080158 347.4842575558474
56.887674113009226 340.0834691195794
45.450091984231285 329.9914848883048
55.20567674113011 328.6458869908015
56.887674113009226 317.8811038107752
42.758896189224714 311.4895137976346
51.84168199737188 306.10712220762144
60.92446780551908 309.8075164257555
58.906070959264135 298.36993429697753
44.77729303547962 294.3331406044677
34.34890932982917 291.978344283837
43.095295663600545 281.21356110381066
52.17808147174771 288.9507490144546
31.32131406044677 281.54996057818653
34.01250985545334 272.1307752956635
62.94286465177398 269.1031800262811
66.97965834428385 288.9507490144546
70.34365308804207 283.23195795006563
74.0440473061761 278.85876478317994
84.47243101182656 284.5775558475689
81.78123521681998 298.36993429697753
85.81802890932984 293.9967411300919
90.52762155059136 296.6879369250985
97.59201051248361 298.0335348226017
85.14522996057822 306.7799211563731
77.4080420499343 317.5447043363994
83.79963206307494 321.2450985545334
88.84562417871224 313.84431011826535
97.9284099868594 334.0282785808147
89.8548226018397 342.1018659658343
84.13603153745073 333.355479632063
73.70764783180026 338.40147174770027
78.75363994743759 348.8298554533508
76.73524310118268 362.6222339027595
96.91921156373195 363.6314323258869
93.89161629434955 358.2490407358738
108.02039421813409 356.2306438896188
103.98360052562421 346.81145860709586
107.01119579500661 363.29503285151105
122.14917214191854 353.5394480946122
123.15837056504603 342.43826544021016
118.78517739816036 367.33182654402094
131.56835742444153 337.7286727989487
133.58675427069647 324.9454927726674
136.27795006570304 322.9270959264125
118.11237844940868 319.89950065703016
110.03879106438897 311.15311432325876
114.07558475689882 306.10712220762144
113.06638633377139 295.3423390275952
100.95600525624181 284.24115637319306
129.2135611038108 297.3607358738501
123.15837056504603 282.89555847568977
142.33314060446784 281.21356110381066
139.64194480946128 272.4671747700394
111.04798948751646 274.48557161629424
105.3291984231275 269.1031800262811
91.20042049934298 270.1123784494086
82.45403416557166 266.4119842312745
110.3751905387648 338.40147174770027
145.36073587385022 310.48031537450714
147.715532194481 299.71553219448083
168.57229960578192 290.6327463863337
150.40672798948756 285.58675427069636
160.835111695138 282.89555847568977
158.48031537450726 274.1491721419184
148.05193166885678 270.44877792378435
188.41986859395536 277.51316688567664
177.99148488830488 293.32394218134027
177.99148488830488 266.7483837056503
198.17545335085418 298.36993429697753
199.52105124835745 307.45272010512474
205.23984231274645 288.9507490144546
204.5670433639948 318.8903022339027
184.71947437582133 326.6274901445465
192.79306176084106 329.65508541392893
203.22144546649147 328.9822864651773
183.373876478318 342.77466491458597
196.49345597897508 342.77466491458597
170.59069645203684 345.8022601839683
168.9086990801577 339.4106701708278
149.06113009198427 342.1018659658343
154.1071222076216 334.0282785808147
163.52630749014457 329.3186859395531
165.5447043363995 318.5539027595268
157.8075164257556 302.4067279894874
140.31474375821287 352.86664914586066
151.41592641261502 363.29503285151105
221.43957950065715 338.06507227332446
212.02039421813413 335.71027595269373
231.19516425755594 334.70107752956625
230.85876478318013 324.2726938239158
221.1031800262813 315.1899080157686
220.76678055190547 305.77072273324563
225.13997371879117 288.9507490144546
232.2043626806834 278.18596583442826
224.46717477003952 271.79437582128764
209.32919842312756 270.11237844940854
207.64720105124846 278.85876478317994
236.5775558475691 298.7063337713534
237.25035479632072 317.5447043363994
243.6419448094613 289.959947437582
251.71553219448103 277.51316688567664
255.41592641261508 269.1031800262811
255.07952693823927 299.0427332457292
264.8351116951381 291.6419448094611
273.58149802890944 292.3147437582128
253.73392904073597 324.6090932982916
248.015137976347 344.79306176084094
236.24115637319326 341.7654664914585
275.59989487516435 346.47505913272
278.62749014454675 333.355479632063
272.23590013140614 329.65508541392893
298.81145860709603 344.4566622864651
314.62223390275966 344.4566622864651
334.13340341655726 345.12946123521675
321.350223390276 338.06507227332446
323.7050197109068 324.6090932982916
296.7930617608411 323.5998948751642
302.17545335085424 336.38307490144535
284.0098817345599 318.21750328515105
278.29109067017095 306.10712220762144
294.7746649145862 305.4343232588698
283.6734822601841 272.1307752956635
298.81145860709603 283.56835742444144
303.52105124835754 292.6511432325886
306.54864651773994 312.16231274638625
315.6314323258871 299.71553219448083
325.3870170827859 309.47111695137966
334.8062023653089 299.71553219448083
338.8429960578188 312.8351116951379
329.7602102496715 290.6327463863337
337.4973981603155 290.6327463863337
300.82985545335094 270.44877792378435
305.5394480946125 270.44877792378435
316.6406307490146 282.89555847568977
319.3318265440211 271.121576872536
339.8521944809462 269.1031800262811
342.87978975032865 319.8995006570301
354.99017082785815 310.48031537450714
359.02696452036815 301.73392904073575
349.607779237845 281.5499605781865
375.17413929040754 271.45797634691183
378.5381340341658 296.3515374507226
397.3765045992117 303.7523258869907
392.66691195795016 298.36993429697753
416.2148751642576 318.5539027595268
418.90607095926424 292.9875427069644
431.01645203679385 301.0611300919841
436.398843626807 321.2450985545334
436.398843626807 272.80357424441513
436.398843626807 282.89555847568977
412.1780814717478 272.80357424441513
394.01250985545346 272.1307752956635
379.21093298291737 260.6931931668856
400.74049934296994 258.67479632063066
392.66691195795016 251.9468068331142
396.0309067017084 243.20042049934284
398.0493035479633 232.43563731931653
409.4868856767413 246.56441524310108
409.4868856767413 254.63800262812077
426.9796583442839 245.8916162943494
426.3068593955323 231.0900394218133
411.5052825229962 225.70764783180013
420.2516688567676 214.2700657030222
425.6340604467807 206.86927726675415
442.4540341655717 210.90607095926396
442.4540341655717 229.07164257555837
444.47243101182664 255.31080157687245
425.6340604467807 262.7115900131405
439.76283837056525 270.1123784494086
387.28452036793715 316.5355059132719
380.8929303547964 233.44483574244398
396.70370565046005 221.67085413929024
386.9481208935613 208.2148751642574
383.9205256241789 185.33971090670155
388.2937187910645 178.61172141918513
389.302917214192 155.7365571616293
405.11369250985564 150.69056504599195
411.5052825229962 156.07295663600507
404.44089356110396 172.2201314060445
417.8968725361368 162.46454664914566
416.55127463863346 180.63011826544005
415.2056767411302 194.75889618922454
427.3160578186598 171.54733245729287
447.83642575558497 163.81014454664898
440.7720367936927 180.9665177398159
434.04404730617625 194.42249671484876
440.7720367936927 151.3633639947436
461.96520367936944 172.55653088042033
461.2924047306177 183.3213140604466
477.43957950065715 182.9849145860708
474.74838370565067 192.74049934296963
486.1859658344285 208.55127463863323
480.46717477003955 215.6156636005255
464.32000000000016 210.2332720105123
449.5184231274641 198.12289093298278
452.88241787122223 192.40409986859382
454.22801576872547 222.6800525624177
468.6931931668859 226.04404730617594
457.9284099868595 240.17282522996044
461.6288042049937 249.25561103810762
457.2556110381079 252.95600525624164
472.72998685939575 247.2372141918527
480.46717477003955 256.65639947437563
477.77597897503296 281.21356110381066
471.0479894875166 268.09398160315357
493.92315374507234 270.7851773981602
496.9507490144548 259.3475952693823
480.80357424441536 236.13603153745055
452.20961892247055 285.9231537450721
455.57361366622877 293.660341655716
455.237214191853 300.38833114323245
449.1820236530882 306.44352168199725
448.1728252299607 316.5355059132719
463.98360052562435 309.47111695137966
472.72998685939575 303.75232588699066
481.8127726675429 296.6879369250984
496.2779500657032 208.2148751642574
491.23195795006586 225.37124835742426
490.55915900131424 235.1268331143231
491.9047568988174 190.38570302233887
486.1859658344285 175.58412614980273
486.1859658344285 167.84693823915882
484.16756898817357 157.08215505913253
472.057187910644 149.34496714848865
472.39358738501977 142.95337713534806
461.96520367936944 161.11894875164242
455.57361366622877 143.62617608409968
460.28320630749033 136.22538764783164
486.5223653088043 129.4973981603152
495.2687516425757 134.2069908015767
489.21356110381095 114.02302233902742
474.41198423127486 118.3962155059131
473.0663863337715 113.01382391589996
452.88241787122223 118.05981603153727
445.1452299605783 113.01382391589996
440.4356373193168 130.84299605781848
424.96126149802905 112.67742444152412
411.5052825229962 120.75101182654385
413.18727989487525 112.3410249671483
397.04010512483586 112.3410249671483
390.6485151116953 119.74181340341639
378.5381340341657 134.87978975032834
375.1741392904075 142.95337713534806
396.36730617608424 137.2345860709591
393.00331143232603 130.17019710906683
401.74969776609737 139.58938239158982
330.43300919842324 175.92052562417857
343.21618922470446 170.53813403416538
496.95074901445486 285.2503547963206
519.8259132720107 295.34233902759524
513.0979237844942 302.07032851511167
513.770722733246 317.54470433639943
517.4711169513799 278.5223653088041
511.0795269382393 261.7023915900131
499.64194480946134 247.23721419185276
509.39752956636016 223.01645203679365
514.7799211563733 232.09923784494083
521.5079106438897 215.27926412614977
516.4619185282525 206.1964783180026
512.0887253613668 203.1688830486202
498.9691458607097 202.1596846254927
501.9967411300921 186.34890932982913
516.4619185282525 194.75889618922466
522.1807095926414 191.05850197109064
526.2175032851512 183.65771353482253
520.1623127463864 179.6209198423127
532.6090932982919 175.58412614980284
538.3278843626808 182.6485151116951
538.6642838370567 196.10449408672795
541.3554796320632 203.8416819973718
537.3186859395535 217.97045992115633
538.6642838370567 225.70764783180022
535.6366885676742 231.42643889618918
530.9270959264128 249.59201051248354
522.853508541393 257.66559789750323
529.5814980289094 265.0663863337713
534.9638896189225 274.48557161629435
538.6642838370567 286.5959526938239
542.7010775295665 299.37913272010513
546.7378712220764 285.9231537450723
551.111064388962 306.7799211563732
563.5578449408674 299.04273324572927
568.9402365308805 285.5867542706964
561.5394480946125 272.4671747700394
571.2950328515113 280.8771616294349
587.4422076215508 277.1767674113009
587.4422076215508 292.31474375821284
593.4973981603155 300.38833114323256
607.9625755584758 286.9323521681997
614.6905650459922 276.8403679369251
627.4737450722735 287.60515111695133
640.2569250985547 276.50396846254927
646.6485151116954 267.75758212877787
653.7129040735875 264.39358738501966
624.446149802891 267.75758212877787
616.0361629434956 264.39358738501966
607.9625755584758 262.37519053876474
590.4698028909331 255.98360052562413
580.7142181340344 252.95600525624178
563.5578449408674 256.32
546.7378712220764 249.25561103810776
553.1294612352169 231.09003942181334
562.8850459921158 238.1544283837056
568.2674375821289 225.70764783180022
552.1202628120895 222.0072536136662
562.5486465177399 217.97045992115633
554.811458607096 211.2424704336399
570.6222339027596 187.3581077529566
576.0046254927728 193.7496977660972
576.0046254927728 200.81408672798946
578.3594218134035 216.96126149802888
578.6958212877794 229.74444152431008
588.4514060446782 223.35285151116946
598.8797897503287 215.61566360052558
606.9533771353483 219.98885676741125
611.6629697766099 206.1964783180026
589.7970039421815 203.8416819973718
598.206990801577 196.10449408672795
595.5157950065704 181.3029172141918
582.3962155059135 174.23852825229955
601.2345860709594 172.89293035479628
609.3081734559792 176.9297240473061
617.3817608409988 184.3305124835742
614.0177660972407 193.07689881734555
617.7181603153747 199.80488830486198
632.183337713535 205.86007884362675
625.1189487516427 218.30685939553217
619.0637582128779 225.70764783180022
621.4185545335088 238.49082785808145
637.2293298291722 229.74444152431008
644.6301182654404 239.16362680683307
647.6577135348227 249.59201051248354
635.5473324572932 254.30160315374502
632.183337713535 248.58281208935608
625.7917477003944 253.6288042049934
602.2437844940869 246.5644152431012
651.021708278581 228.73524310118262
643.6209198423129 222.0072536136662
636.8929303547965 217.29766097240466
649.003311432326 205.86007884362675
642.6117214191853 201.15048620236524
642.6117214191853 186.0125098554533
638.9113272010513 180.29371879106435
670.8692772667545 272.13077529566357
679.6156636005259 261.70239159001306
665.1504862023656 248.58281208935605
674.2332720105128 234.11763469119572
673.8968725361369 226.38044678055184
669.1872798948754 220.32525624178703
695.4264388961896 220.9980551905387
702.8272273324576 227.05324572930346
711.2372141918531 209.89687253613658
676.2516688567677 207.87847568988164
688.698449408673 248.9192115637319
694.7536399474379 262.0387910643889
695.7628383705653 279.1951642575558
713.9284099868596 267.42118265440206
722.3383968462553 280.54076215505904
727.7207884362683 273.4763731931668
711.5736136662289 253.29240473061756
725.0295926412617 245.8916162943495
726.3751905387651 263.04798948751636
735.794375821288 245.21881734559787
748.9139553219451 257.32919842312737
745.8863600525627 282.8955584756898
759.3423390275956 285.9231537450722
780.5355059132723 279.1951642575558
770.1071222076218 262.71159001314055
767.7523258869912 253.96520367936918
787.9362943495404 269.1031800262811
793.6550854139293 253.96520367936918
802.4014717477007 255.98360052562413
801.0558738501974 271.1215768725361
773.8075164257559 241.18202365308798
760.0151379763472 232.43563731931658
784.5722996057822 232.0992378449408
797.3554796320634 232.77203679369245
792.6458869908018 224.02565045992105
783.8995006570304 212.58806833114315
765.3975295663604 215.61566360052555
772.1255190538768 207.87847568988164
754.2963469119583 212.924467805519
760.0151379763472 206.86927726675418
746.8955584756902 200.81408672798943
736.8035742444155 193.41329829172133
719.3108015768728 191.39490144546642
700.1360315374511 192.74049934296968
683.3160578186599 193.74969776609717
679.2792641261501 181.6393166885676
664.141287779238 189.37650459921147
661.7864914586073 174.57492772667536
653.040105124836 165.15574244415234
641.6025229960582 165.15574244415234
624.4461498028912 176.92972404730608
719.6472010512488 174.91132720105117
731.0847831800265 168.8561366622864
742.1859658344287 175.24772667542697
750.2595532194484 163.47374507227323
763.7155321944812 188.0309067017082
773.1347174770043 193.74969776609717
793.6550854139293 183.32131406044672
801.728672798949 213.26086727989477
804.4198685939556 188.367306176084
798.3646780551909 170.20173455978966
798.0282785808149 164.81934296977653
770.4435216819977 165.15574244415234
767.0795269382395 176.92972404730608
611.66296977661 163.81014454664907
821.1662549277268 284.9139553219447
829.912641261498 277.17676741130083
822.1754533508542 262.71159001314055
813.7654664914587 259.68399474375815
817.1294612352169 254.63800262812083
809.0558738501971 266.4119842312746
824.1938501971091 242.86402102496706
814.1018659658345 241.51842312746376
823.5210512483574 230.08084099868583
830.9218396846254 222.34365308804198
830.2490407358739 205.18727989487508
811.074270696452 204.85088042049924
812.0834691195796 226.044047306176
817.8022601839684 196.4408935611037
818.811458607096 180.9665177398159
810.0650722733246 157.75495400788427
799.3002890932984 158.42775295663589
797.2818922470434 156.07295663600516
780.7983180026282 155.0637582128777
776.7615243101183 150.01776609724035
793.5814980289094 143.28977660972393
816.1202628120893 144.2989750328514
825.2030486202366 179.95731931668846
830.5854402102497 162.80094612352158
702.4172404730618 166.5013403416556
685.2608672798949 159.43695137976334
681.8968725361367 156.40935611038094
668.104494086728 162.46454664914575
676.8508804204993 169.528935611038
676.8508804204993 145.30817345597887
705.1084362680683 155.0637582128777
711.500026281209 147.6629697766096
696.0256504599212 145.30817345597887
728.9927989487516 153.04536136662276
734.3751905387649 158.09135348226005
747.1583705650461 154.39095926412602
748.1675689881735 142.6169776609723
823.4684888304863 341.7654664914586
752.1518002628122 407.6997634691196
627.0111957950066 458.15968462549284
581.2608672798949 382.1334034165572
540.8929303547964 262.37519053876474
550.984914586071 166.16494086727988
511.2897766097241 154.72735873850195
507.25298291721424 170.20173455978968
526.7641524310119 164.81934296977656
528.7825492772669 156.74575558475684
548.966517739816 175.58412614980284
565.1136925098555 162.80094612352164
585.9704599211565 162.12814717476996
591.3528515111695 155.4001576872536
633.7391852825231 159.43695137976343
619.6104073587385 159.43695137976343
604.8088304862024 159.43695137976343
381.67085413929055 81.89687253613661
386.380446780552 88.62486202365308
384.0256504599212 102.75363994743758
393.1084362680685 101.40804204993428
396.4724310118267 97.37124835742443
400.84562417871234 79.87847568988171
404.88241787122223 73.48688567674111
384.6984494086729 57.003311432325866
399.16362680683324 55.32131406044675
375.61566360052575 55.32131406044675
385.0348488830487 46.23852825229959
389.4080420499344 40.856136662286445
379.3160578186598 31.100551905387622
398.4908278580816 26.390959264126106
420.69319316688575 25.71816031537448
415.6472010512485 26.05455978975031
412.95600525624195 34.46454664914582
407.237214191853 43.88373193166885
411.2740078843628 52.29371879106435
396.13603153745083 49.93892247043361
422.71159001314066 45.565729303547926
428.43038107752966 58.01250985545332
427.0847831800264 38.8377398160315
437.84956636005273 30.091353482260164
445.2503547963208 27.400157687253596
452.98754270696463 28.745755584756882
446.5959526938241 40.519737187910614
463.07952693823927 25.71816031537448
440.2043626806834 55.99411300919841
437.17676741130106 65.74969776609719
447.9415505913273 61.37650459921155
455.0059395532196 67.09529566360052
413.6288042049935 63.73130091984229
420.35679369251 72.14128777923781
420.35679369251 73.48688567674111
420.35679369251 79.87847568988171
423.7207884362682 94.00725361366622
425.0663863337715 105.44483574244414
438.1859658344285 102.08084099868593
443.9047568988174 89.2976609724047
439.86796320630765 89.2976609724047
450.6327463863339 94.68005256241786
464.76152431011843 96.69844940867279
464.4251248357426 103.76283837056502
460.05193166885687 84.58806833114319
443.9047568988174 83.24247043363994
468.7983180026282 81.22407358738498
471.82591327201067 88.62486202365308
481.2450985545336 76.17808147174769
486.29109067017095 85.26086727989485
458.7063337713536 55.65771353482258
461.39752956636016 61.04010512483572
473.17151116951396 61.04010512483572
466.44352168199754 47.24772667542704
466.10712220762167 39.84693823915895
477.5447043363996 35.13734559789747
495.37387647831815 44.55653088042047
482.92709592641273 41.52893561103807
484.60909329829184 30.42775295663596
504.4566622864653 25.04536136662282
508.8298554533509 30.42775295663596
476.871905387648 49.26612352168198
483.26349540078854 53.3029172141918
501.42906701708284 67.76809461235213
485.6182917214194 67.09529566360052
489.6550854139292 62.385703022339
505.8022601839686 63.39490144546646
494.70107752956653 82.23327201051245
490.3278843626808 90.97965834428382
507.14785808147195 89.63406044678054
496.0466754270697 101.40804204993428
502.7746649145862 112.84562417871221
504.1202628120895 120.91921156373192
506.4750591327202 107.46323258869907
509.5026544021026 136.05718791064388
419.01119579500664 139.75758212877795
555.3581077529567 140.76678055190536
536.8561366622865 129.66559789750326
526.0913534822602 132.35679369250985
522.0545597897503 140.43038107752955
520.3725624178712 123.27400788436267
535.1741392904074 113.51842312746385
533.4921419185283 106.45403416557161
530.8009461235217 102.75363994743758
542.5749277266755 103.42643889618921
545.9389224704337 102.41724047306174
546.2753219448095 98.71684625492772
549.9757161629436 114.86402102496713
549.3029172141919 121.92840998685939
571.5052825229961 117.89161629434953
564.7772930354797 132.02039421813402
570.8324835742444 137.739185282523
565.1136925098555 152.87716162943494
579.9152693823917 144.80357424441524
602.4540341655717 145.13997371879105
600.7720367936926 131.01119579500659
590.0072536136663 142.4487779237845
612.5460183968463 133.3659921156373
634.0755847568989 141.43957950065703
622.638002628121 123.27400788436267
637.7759789750329 120.58281208935611
649.5499605781866 124.28320630749013
646.1859658344283 139.75758212877795
639.7943758212879 110.49082785808147
628.35679369251 102.41724047306174
622.638002628121 97.37124835742443
620.956005256242 110.82722733245728
597.4080420499344 98.71684625492772
590.3436530880421 111.16362680683311
600.4356373193167 120.24641261498027
583.6156636005256 123.94680683311432
585.6340604467806 102.75363994743758
592.362049934297 91.98885676741128
605.8180289093299 87.27926412614976
589.6708541392904 80.55127463863337
576.8876741130093 86.60646517739814
568.4776872536137 101.74444152431012
566.4592904073588 94.00725361366622
558.385703022339 87.27926412614976
541.2293298291722 86.94286465177396
537.5289356110382 61.712904073587346
547.6209198423128 58.68530880420498
515.6629697766098 66.75889618922469
509.27137976346916 52.63011826544018
531.8101445466492 43.210932982917186
532.1465440210251 25.71816031537448
540.5565308804205 37.49214191852821
548.966517739816 30.091353482260164
549.3029172141919 48.2569250985545
514.9901708278582 95.68925098554531
533.1557424441525 92.3252562417871
554.685308804205 73.15048620236529
558.0493035479632 65.07689881734558
542.9113272010513 72.81408672798945
568.8140867279895 46.91132720105121
563.7680946123522 33.45534822601836
575.2056767411302 30.76415243101179
582.2700657030224 34.80094612352165
587.3160578186597 27.73655716162939
582.2700657030224 44.220131406044636
574.5328777923785 52.63011826544018
572.8508804204994 70.45929040735871
573.523679369251 64.06770039421808
583.6156636005256 63.05850197109063
569.4868856767412 61.37650459921155
601.78123521682 77.52367936925097
602.1176346911959 60.03090670170826
597.0716425755585 48.92972404730615
606.8272273324574 45.565729303547926
596.398843626807 36.48294349540076
591.6892509855454 35.13734559789747
607.500026281209 30.76415243101179
615.2372141918529 37.49214191852821
616.5828120893561 43.54733245729302
618.9376084099869 35.4737450722733
623.6472010512484 27.73655716162939
639.457976346912 25.381760840998652
639.7943758212879 35.4737450722733
643.4947700394218 42.20173455978973
640.4671747700394 50.61172141918524
625.6655978975033 54.98491458607092
623.9836005256242 52.96651773981601
618.9376084099869 62.72210249671483
612.8824178712222 76.51448094612348
628.6931931668857 78.53287779237843
636.4303810775297 76.17808147174769
640.8035742444152 89.63406044678054
625.3291984231275 90.64325886990798
650.2227595269384 140.9349802890933
665.0243363994745 135.88898817345597
667.3791327201051 123.10580814717474
657.6235479632064 98.54864651773977
656.6143495400788 88.45666228646515
649.8863600525625 78.36467805519048
650.8955584756899 74.32788436268063
659.978344283837 57.50791064388955
659.978344283837 48.76152431011822
672.7615243101183 52.12551905387642
680.1623127463864 57.171511169513764
673.43432325887 72.98228646517735
664.6879369250986 79.03747700394216
670.7431274638634 89.80226018396843
669.0611300919843 98.8850459921156
677.1347174770041 104.26743758212874
685.2083048620236 106.28583442838368
689.5814980289094 97.53944809461231
697.3186859395532 84.75626806833112
697.3186859395532 100.56704336399471
705.392273324573 93.50265440210245
705.7286727989489 103.9310381077529
706.4014717477004 109.9862286465177
716.8298554533509 96.86664914586069
709.4290670170828 86.77466491458603
704.7194743758213 77.69187910643886
705.392273324573 73.65508541392902
707.0742706964521 61.20830486202362
705.7286727989489 50.443521681997304
693.2818922470434 47.079526938239106
694.291090670171 40.35153745072268
690.254296977661 37.996741130091905
663.6787385019711 37.66034165571611
722.5486465177399 53.13471747700387
718.1754533508542 67.26349540078839
736.0046254927728 49.097923784494014
734.6590275952694 62.5539027595269
737.6866228646519 64.23590013140598
749.4606044678055 36.987542706964454
744.7510118265442 35.641944809461165
757.1977923784495 43.71553219448088
763.925781865966 47.75232588699073
752.4881997371881 57.50791064388955
758.5433902759527 56.16231274638627
752.4881997371881 65.91789750328509
752.4881997371881 76.34628120893555
745.7602102496717 76.34628120893555
746.769408672799 88.45666228646515
739.0322207621552 97.20304862023652
730.9586333771355 87.11106438896186
729.6130354796321 76.68268068331137
727.5946386333771 109.9862286465177
752.8245992115637 117.38701708278579
748.4514060446782 110.32262812089354
750.806202365309 101.912641261498
754.5065965834428 95.5210512483574
764.5985808147176 89.12946123521677
715.8206570302235 122.76940867279893
714.1386596583444 135.21618922470432
726.5854402102498 128.15180026281206
724.5670433639948 136.56178712220762
685.5447043363996 121.76021024967146
690.5906964520368 127.14260183968462
735.6682260183969 146.65377135348226
737.3502233902761 230.75363994743762
739.0322207621552 222.00725361366625
758.5433902759527 248.24641261498036
744.8035742444152 122.93760840998685
764.3147437582129 128.32
778.4435216819974 124.28320630749013
782.4803153745073 136.72998685939555
789.5447043363995 124.95600525624177
804.0098817345597 139.08478318002628
807.0374770039422 126.9744021024967
793.5814980289094 112.84562417871221
781.4711169513798 114.1912220762155
769.0243363994745 112.50922470433639
767.0059395532195 96.69844940867279
791.8995006570303 96.69844940867279
785.5079106438897 93.67085413929041
787.1899080157688 84.2516688567674
794.5906964520368 74.49608409986855
797.954691195795 70.45929040735871
788.8719053876479 71.46848883048618
768.6879369250986 65.74969776609719
776.4251248357425 54.312115637319295
757.5867542706966 30.091353482260164
778.4435216819974 24.708961892247025
761.2871484888304 23.36336399474374
745.8127726675427 25.71816031537448
725.6288042049936 22.35416557161625
801.3186859395532 30.42775295663596
815.111064388962 25.71816031537448
812.4198685939554 36.81934296977659
819.1478580814718 40.18333771353478
825.5394480946123 37.49214191852821
800.6458869908017 49.60252299605778
821.1662549277268 56.3305124835742
806.0282785808148 68.7772930354796
812.4198685939554 85.26086727989485
802.3278843626808 87.95206307490142
807.373876478318 96.69844940867279
813.4290670170828 112.17282522996057
817.8022601839684 101.74444152431012
831.2582391590014 103.0900394218134
787.5263074901445 35.4737450722733
792.9086990801577 37.49214191852821
62.9954270696452 15.457976346911892
60.304231274638646 26.222759526938173
52.90344283837059 14.785177398160231
34.73787122207625 15.457976346911892
41.46586070959265 23.531563731931602
41.46586070959265 7.384388961892182
36.0834691195795 5.365992115637273
4.461918528252282 24.877161629434923
9.844310118265458 7.384388961892182
25.991484888304882 20.84036793692503
76.45140604467807 12.766780551905322
75.1058081471748 3.3475952693822912
67.03222076215509 3.3475952693822912
53.576241787122235 2.674796320630703
89.23458607095925 12.093981603153662
95.9625755584757 12.766780551905322
110.09135348226022 6.711590013140522
104.03616294349543 15.457976346911892
120.8561366622865 8.057187910643844
134.31211563731935 16.130775295663554
136.33051248357424 8.057187910643844
130.27532194480946 12.766780551905322
114.80094612352168 15.457976346911892
153.823285151117 13.439579500656983
148.44089356110385 10.748383705650413
143.7313009198423 6.038791064388861
153.823285151117 4.020394218133951
164.5880683311433 6.711590013140522
167.95206307490145 18.82197109067012
180.7352431011827 16.130775295663554
182.75363994743762 8.729986859395504
178.71684625492782 6.711590013140522
171.98885676741133 3.3475952693822912
186.11763469119586 3.3475952693822912
196.20961892247047 4.020394218133951
204.2832063074902 14.785177398160231
206.97440210249675 10.075584756898753
219.75758212877795 13.439579500656983
242.63274638633382 10.075584756898753
250.03353482260187 10.075584756898753
250.03353482260187 21.513166885676693
273.58149802890944 10.748383705650413
270.21750328515117 20.16756898817337
289.0558738501972 14.112378449408643
297.80226018396854 8.057187910643844
288.3830749014455 4.020394218133951
326.05981603153754 14.112378449408643
346.2437844940868 14.112378449408643
334.1334034165572 3.3475952693822912
320.0046254927727 4.020394218133951
354.3173718791066 6.711590013140522
359.026964520368 16.130775295663554
372.4829434954009 21.513166885676693
375.1741392904074 6.711590013140522
380.55653088042055 10.748383705650413
388.63011826544033 6.711590013140522
393.3397109067017 12.766780551905322
403.4316951379764 4.020394218133951
458.033534822602 7.384388961892255
474.8535085413931 10.748383705650486
446.5959526938241 3.3475952693823636
435.1583705650462 2.674796320630776
417.66559789750346 6.038791064389007
431.794375821288 12.093981603153734
483.5998948751644 5.365992115637346
490.32788436268083 10.748383705650486
502.4382654402104 9.402785808147165
517.2398423127465 14.112378449408643
519.9310381077531 4.020394218134024
525.3134296977663 12.766780551905395
536.7510118265442 16.803574244415287
530.6958212877794 7.384388961892255
538.7694086727992 5.365992115637346
550.8797897503287 10.075584756898825
564.3357687253615 5.365992115637346
577.7917477003944 9.402785808147165
588.5565308804206 15.457976346911964
594.6117214191853 6.711590013140595
604.0309067017084 16.130775295663625
610.0860972404732 8.729986859395504
620.8508804204995 14.785177398160304
628.2516688567675 5.365992115637346
644.398843626807 12.766780551905395
642.380446780552 4.693193166885686
659.2004204993431 6.711590013140595
659.8732194480946 16.130775295663625
663.9100131406046 26.895558475689906
671.3108015768727 19.494770039421784
678.0387910643891 10.075584756898825
682.7483837056507 12.766780551905395
692.1675689881736 13.439579500657056
704.2779500657032 6.711590013140595
719.7523258869909 6.711590013140595
724.4619185282525 14.112378449408643
731.1899080157689 8.057187910643915
756.7562680683312 4.693193166885686
768.1938501971091 9.402785808147165
783.7733508541395 9.402785808147092
781.0821550591328 2.674796320630703
795.8837319316689 4.020394218133951
791.1741392904075 17.4763731931668
804.6301182654404 20.16756898817337
808.6669119579502 10.075584756898753
820.1044940867281 12.093981603153662
