520.8863369437559 355.12851600963296
486.2095784940624 313.0960815251562
579.7317452220233 283.6733773860225
433.6690353884664 397.1609504941097
358.0106533164083 289.978242558694
326.48632745305065 326.75662273261116
266.59010831267125 275.26689048912715
196.18578055117266 310.99445980093236
211.94794348285149 280.52094479968673
164.6614546878151 282.62256652391056
127.8830745138979 278.4193230754629
95.3079377884284 323.6041901462754
43.81820554494436 371.9414898034237
121.5782093412264 428.6852763574674
121.5782093412264 428.6852763574674
187.77929365427732 513.8009561885327
224.55767382819454 620.9836641239485
328.5879491772745 630.4409618829558
406.3479529735566 545.3252820518903
552.4106628071133 533.7663625686592
650.1360729835219 535.8679842928831
672.2031010878723 634.6442053314034
827.7231086804362 513.8009561885327
845.5868933363389 636.7458270556273
980.0906836866645 617.8312315376128
985.344737997224 478.0733868767275
921.2452754083971 348.8236508369615
861.3490562680176 384.55122014876673
777.284187299064 362.48419204441643
726.845265917692 253.19986238477682
761.5220243673854 198.55769755495703
768.8777004021687 163.88093910526365
716.3371572965727 161.77931738103982
745.7598614357066 131.30580237979416
311.7749753834838 85.07012444686971
339.09605779839364 65.10471806674323
327.5371383151626 48.291744272952556
293.9111907275812 65.10471806674323
274.9965952095667 43.037689962393024
291.80956900335735 28.32633789282608
309.67335365926 18.869040133818878
259.23443227788783 72.4603941015267
249.77713451888056 84.01931358475785
246.62470193254475 58.799852894071726
223.50686296608256 68.25715065307904
206.69388917229185 31.478770479161884
223.50686296608256 18.869040133818878
106.8668572716595 121.84850462078687
133.13712882445748 139.71228927668952
106.8668572716595 155.47445220836832
78.49496399463769 149.16958703569682
25.954420889041717 164.93174996737562
31.208475199601303 135.50904582824185
7.039825371027156 106.08634168910817
46.97063813128011 87.17174617109355
78.49496399463769 68.25715065307904
108.96847899588333 53.545798583512195
124.73064192756215 84.01931358475785
151.0009134803601 90.32417875742935
136.28956141079323 98.7306656543247
144.6960483076886 65.10471806674323
193.0333479648369 118.69607203445118
211.94794348285149 133.407424104018
174.11875244682236 165.98256082948748
248.7263236567687 182.79553462327826
289.7079472791335 186.99877807172595
328.5879491772745 217.47229307297158
388.48416831765394 197.50688669284511
474.65065901083136 243.74256462576957
390.5857900418778 291.0290534208059
8.090636233139072 495.9371715326302
65.88523364929468 610.4755555028294
544.004175910218 495.9371715326302
657.4917490183052 357.23013773385685
665.8982359152006 257.4031058332245
961.1760881686502 101.88309824066049
985.344737997224 146.01715444936113
974.8366293761048 178.5922911748306
940.1598709264116 185.94796720961398
903.3814907524945 146.01715444936113
905.4831124767182 120.797693758675
933.8550057537401 82.96850272264588
913.8895993736136 94.52742220587702
982.1923054108885 47.2409334108407
1009.5133878257983 20.97066185804271
945.4139252369712 24.12309444437841
890.7717604071515 33.58039220338572
861.3490562680176 57.749042031959874
875.0095974754726 88.22255703320552
843.485271612115 94.52742220587702
823.5198652319885 60.90147461829556
790.944728506519 77.71444841208634
740.5058071251469 38.83444651394536
752.064726608378 73.51120496363868
753.1155374704899 97.67985479221282
774.1317547127284 106.08634168910817
798.3004045413027 103.9847199648843
807.7577023003097 134.45823496612996
367.4679510754155 146.01715444936113
333.8420034878341 169.1349934158233
424.2117376294592 121.84850462078687
487.26038935617436 79.81607013631017
451.5328200443691 55.64742030773603
475.7014698729432 28.32633789282608
498.8193088394055 53.545798583512195
495.6668762530697 32.52958134127375
541.9025541859942 46.19012254872872
563.9695822903444 38.83444651394536
517.7339043574201 65.10471806674323
529.2928238406512 88.22255703320552
541.9025541859942 116.59445031022732
576.5793126356875 110.28958513755583
572.3760691872398 141.81391100091346
622.814990568612 135.50904582824185
651.1868838456337 141.81391100091346
649.0852621214099 105.0355308269962
661.694992466753 73.51120496363868
704.7782378133418 76.66363754997437
710.0322921239014 119.74688289656314
652.2376947077457 28.32633789282608
660.6441816046411 13.614985823259238
410.55119642200424 47.2409334108407
423.16092676734723 79.81607013631017
381.12849228287047 72.4603941015267
353.8074098679606 31.478770479161884
331.7403817636103 9.411742374811569
248.7263236567687 31.478770479161884
170.96631986048664 28.32633789282608
122.62902020333831 29.377148754938048
89.00307261575685 33.58039220338572
77.44415313252577 26.22471616860224
38.564151234384724 24.12309444437841
30.157664337489386 46.19012254872872
28.056042613265554 68.25715065307904
61.681990200846954 57.749042031959874
139.44199399712903 209.06580617607625
123.67983106545023 192.25283238228553
203.5414565859561 238.4885103152099
462.04092866548825 158.62688479470413
489.3620110803982 175.4398585884948
508.2766065984127 146.01715444936113
526.1403912543153 157.57607393259215
549.2582302207776 183.84634548539015
591.2906647052545 194.35445410650937
575.5285017735756 234.28526686676227
681.6603988468794 208.01499531396428
679.5587771226556 175.4398585884948
847.6885150605626 180.6939128990544
852.9425693711223 140.7631001388015
837.1804064394436 123.9501263450108
867.6539214406893 127.10255893134651
892.8733821313753 286.82580997235823
1006.3609552394626 353.02689428540924
809.8593240245336 445.49825015125805
852.9425693711223 28.32633789282608
800.4020262655263 10.462553236923542
614.4085036717166 16.767418409595045
546.1057976344418 20.97066185804271
510.3782283226365 32.52958134127375
510.3782283226365 6.259309788475764
463.0917395276002 2.0560663400280954
433.6690353884664 6.259309788475764
384.2809248692063 3.1068772021400672
271.8441626232309 6.259309788475764
112.12091158221908 9.411742374811569
80.59658571886152 4.157688064251929
38.564151234384724 7.310120650587735
57.47874675239929 171.23661514004712
60.63117933873504 209.06580617607625
45.919827269168195 263.707971005896
9.14144709525099 343.5695965264019
363.26470762696783 110.28958513755583
186.72848279216535 9.411742374811569
886.5685169587039 221.67553652141925
719.4895898829086 43.037689962393024
716.3371572965727 16.767418409595045
758.3695917810496 33.58039220338572
682.294035861046 66.05056798871237
306.8614684284787 404.6559625941069
323.2291007961111 448.64397458211886
453.14718271419304 661.4231953613396
508.3879419549522 635.8487697869141
615.8005293675396 652.2164021545465
97.15117871818909 385.7308876690319
30.657672224682592 106.45816039630463
10.19813176514211 30.75786069600499
93.05927062628096 116.68793062607493
214.7935363605467 165.79082772897203
151.36896093597127 29.734883673027905
145.23109879810914 11.321297259441483
164.6676622346726 9.275343213487425
199.44888101589137 54.28633222447651
206.60972017673055 97.25136718951143
270.0342956013059 137.14747108561542
267.9883415553519 151.4691494072937
281.2870428540532 102.36625230439651
284.3559739229842 6.20641214455639
338.57375614076653 92.13648207462633
382.5617681287785 111.57304551118973
426.54978011679043 344.811806749951
394.83749240450277 169.88273582088013
405.067262634273 104.41220635035057
422.4578720248824 18.482136420280636
354.94138850839886 13.367251305395541
460.30802187503224 25.6429755811199
449.05527462228497 18.482136420280636
486.9054244724348 18.482136420280636
498.15817172518206 16.436182374326684
478.72160828861865 11.321297259441483
445.9863435533539 106.45816039630463
444.96336653037685 85.99861993676426
597.3869429539533 247.62898956713386
652.6277021947125 423.58103751918173
705.8225073895178 455.2933252314695
793.7985313655417 232.2843342224785
638.3060238730342 75.76884970699396
614.7775523445628 78.837780775925
595.3409889079993 71.67694161508585
618.8694604364708 49.17144710959141
589.2031267701371 25.6429755811199
676.1561737231841 45.0795390176833
754.9254044924149 54.28633222447651
745.7186112856217 19.50511344325772
817.3270028940133 32.80381474195894
833.6946352616457 48.14847008661433
859.2690608360712 75.76884970699396
909.3949349619453 23.597021535165837
930.877452444463 22.574044512188753
1002.4858440528545 91.11350505164935
967.7046252716356 145.33128726943153
946.2221077891182 66.56205650020075
914.5098200768305 66.56205650020075
988.164165731176 11.321297259441483
450.07825164526207 43.03358497172924
254.68964025665065 9.275343213487425
202.51781208482242 17.45915939730366
214.7935363605467 5.183435121579414
530.8934364604468 19.50511344325772
1000.4398900069001 289.57104750919177
1000.4398900069001 220.0086099467542
325.27505484206523 268.0885300266743
455.1931367601471 131.00960894775324
877.6826472496576 15.413205351349601
