22.131679389312865 53.99809160305335
80.59351145038158 12.082061068702274
90.52099236641214 30.833969465648806
78.38740458015258 57.307251908396886
50.81106870228996 84.88358778625951
23.23473282442734 82.6774809160305
4.482824427480807 100.32633587786256
28.749999999999886 110.25381679389307
14.410305343511311 156.58206106870227
39.78053435114492 143.34541984732823
47.501908396946476 170.9217557251908
39.78053435114492 211.73473282442745
13.307251908396838 279.0209923664122
19.925572519083858 331.9675572519084
22.131679389312865 373.8835877862595
39.78053435114492 401.45992366412213
85.0057251908396 414.6965648854961
76.18129770992357 479.7767175572519
90.52099236641214 533.8263358778626
40.8835877862594 559.1965648854962
86.10877862595407 362.8530534351145
55.22328244274797 243.72328244274806
70.66603053435102 188.57061068702285
88.31488549618308 93.70801526717554
70.66603053435102 98.12022900763355
109.27290076335866 87.08969465648852
116.99427480916022 65.02862595419845
154.49809160305335 15.391221374045813
172.1469465648854 15.391221374045813
155.60114503816789 49.58587786259545
198.62022900763353 9.87595419847321
216.2690839694656 18.70038167938924
174.35305343511442 41.8645038167939
208.54770992366406 46.276717557251914
183.1774809160305 81.57442748091603
147.87977099236633 120.18129770992368
136.8492366412213 170.9217557251908
99.34541984732817 199.60114503816794
112.58206106870222 232.69274809160305
98.24236641221363 283.4332061068702
150.08587786259534 297.7729007633587
156.70419847328236 397.0477099236641
152.29198473282435 360.64694656488547
145.67366412213732 536.0324427480916
203.0324427480916 95.91412213740456
196.41412213740452 131.21183206106866
192.00190839694653 159.8912213740458
167.7347328244274 172.02480916030532
163.32251908396938 209.52862595419845
210.75381679389307 183.05534351145036
232.8148854961832 170.9217557251908
221.7843511450381 109.15076335877859
237.2270992366412 120.18129770992368
216.2690839694656 127.90267175572518
200.8263358778626 212.83778625954199
226.1965648854961 224.9713740458015
182.07442748091597 265.78435114503816
240.5362595419847 252.54770992366412
220.6812977099236 281.2270992366412
228.40267175572515 302.18511450381675
222.88740458015266 350.71946564885496
227.29961832061065 422.4179389312977
248.25763358778616 444.47900763358774
264.80343511450377 487.49809160305347
284.6583969465649 363.956106870229
278.0400763358778 296.66984732824426
282.4522900763358 255.8568702290076
251.56679389312973 44.07061068702285
287.96755725190843 5.463740458015195
297.89503816793894 28.627862595419852
287.96755725190843 49.58587786259545
300.1011450381679 61.7194656488549
325.4713740458015 58.41030534351148
324.368320610687 81.57442748091603
329.8835877862595 109.15076335877859
326.5744274809161 140.0362595419847
346.4293893129771 135.62404580152668
362.9751908396947 127.90267175572518
322.16221374045796 163.2003816793893
307.82251908396944 206.2194656488549
342.0171755725191 178.64312977099235
313.33778625954193 245.9293893129771
332.0896946564886 296.66984732824426
315.543893129771 325.34923664122135
333.19274809160305 441.16984732824426
366.2843511450382 457.71564885496184
386.1393129770992 429.0362595419847
325.4713740458015 527.2080152671756
370.69656488549623 538.2385496183206
411.50954198473283 555.8874045801526
385.03625954198475 359.543893129771
372.9026717557252 317.6278625954198
354.15076335877865 12.082061068702274
355.2538167938931 79.36832061068702
379.52099236641226 48.48282442748087
396.06679389312984 38.55534351145036
392.7576335877863 10.979007633587798
437.982824427481 30.833969465648806
412.6125954198473 58.41030534351148
435.776717557252 70.54389312977094
420.33396946564886 79.36832061068702
383.9332061068703 79.36832061068702
408.2003816793893 113.56297709923659
447.91030534351154 110.25381679389307
407.0973282442748 174.23091603053433
401.58206106870233 217.25
420.33396946564886 234.89885496183206
443.4980916030535 155.4790076335878
466.66221374045807 229.3835877862595
464.456106870229 286.7423664122137
430.26145038167954 358.44083969465646
469.97137404580155 312.1125954198473
500.8568702290077 333.0706106870229
506.3721374045802 404.7690839694656
439.0858778625955 435.6545801526717
494.23854961832063 463.23091603053433
510.7843511450382 459.9217557251908
530.6393129770993 483.08587786259545
579.1736641221376 541.5477099236641
465.55916030534354 47.37977099236639
461.1469465648856 7.66984732824426
501.9599236641222 9.87595419847321
517.4026717557254 20.906488549618302
517.4026717557254 33.04007633587787
516.2996183206108 46.276717557251914
509.68129770992374 69.44083969465646
550.4942748091603 5.463740458015195
542.7729007633588 27.524809160305267
535.0515267175574 61.7194656488549
536.1545801526718 104.73854961832059
518.5057251908397 148.86068702290072
535.0515267175574 175.3339694656488
490.9293893129772 188.57061068702285
515.1965648854962 197.39503816793888
497.5477099236642 213.94083969465646
515.1965648854962 222.7652671755725
500.8568702290077 255.8568702290076
551.5973282442749 389.32633587786256
582.4828244274811 7.66984732824426
571.4522900763359 53.99809160305335
567.040076335878 25.318702290076317
593.5133587786261 24.215648854961845
626.6049618320612 18.70038167938924
604.543893129771 46.276717557251914
644.2538167938933 44.07061068702285
659.6965648854964 57.307251908396886
636.5324427480916 69.44083969465646
585.7919847328246 79.36832061068702
562.6278625954199 109.15076335877859
631.0171755725191 90.39885496183206
608.9561068702292 116.87213740458014
635.4293893129773 129.0057251908397
658.5935114503818 127.90267175572518
637.6354961832062 180.84923664122135
612.2652671755727 224.9713740458015
582.4828244274811 258.0629770992366
607.8530534351146 196.2919847328244
689.479007633588 112.45992366412213
627.7080152671756 31.937022900763395
689.479007633588 19.803435114503827
678.4484732824428 3.257633587786245
735.8072519083971 36.349236641221296
741.3225190839696 5.463740458015195
723.6736641221376 23.112595419847253
729.18893129771 63.92557251908397
712.6431297709926 62.82251908396938
722.570610687023 89.29580152671753
768.8988549618323 69.44083969465646
762.2805343511452 113.56297709923659
712.6431297709926 116.87213740458014
725.8797709923665 131.21183206106866
744.6316793893131 148.86068702290072
699.4064885496184 152.16984732824426
703.8187022900765 180.84923664122135
719.2614503816797 201.8072519083969
763.3835877862598 209.52862595419845
729.18893129771 283.4332061068702
667.4179389312978 245.9293893129771
686.1698473282445 307.7003816793893
614.4713740458017 373.8835877862595
587.9980916030536 323.14312977099235
564.833969465649 435.6545801526717
683.9637404580153 382.70801526717554
668.5209923664124 355.131679389313
659.6965648854964 466.54007633587787
670.7270992366414 555.8874045801526
722.570610687023 508.456106870229
772.2080152671758 549.2690839694657
739.1164122137407 456.6125954198473
747.9408396946567 432.34541984732823
772.2080152671758 433.4484732824427
741.3225190839696 370.57442748091603
725.8797709923665 384.91412213740455
777.7232824427483 82.6774809160305
169.9408396946564 151.06679389312978
