46.1068870523417 578.1377410468319
54.569696969697056 651.4820936639118
65.8534435261709 630.3250688705233
87.01046831955931 651.4820936639118
99.70468319559241 576.7272727272726
113.8093663911847 578.1377410468319
102.52561983471084 610.5785123966941
116.63030303030312 611.9889807162533
154.7129476584023 611.9889807162533
160.35482093663921 592.2424242424241
157.53388429752073 665.586776859504
187.15371900826455 654.3030303030303
194.20606060606065 610.5785123966941
213.95261707988988 610.5785123966941
195.61652892561992 576.7272727272726
178.6909090909092 540.0550964187328
173.04903581267226 493.5096418732782
142.01873278236926 462.47933884297515
126.50358126721773 475.1735537190082
108.16749311294777 537.2341597796143
127.91404958677697 537.2341597796143
79.9581267217632 462.47933884297515
30.591735537190228 465.30027548209364
19.307988980716374 452.60606060606057
225.23636363636373 654.3030303030303
244.98292011019294 644.4297520661156
235.10964187327832 575.3168044077134
226.64683195592298 534.4132231404959
253.44573002754828 528.7713498622588
291.52837465564744 579.5482093663911
281.65509641873285 678.2809917355371
308.4539944903582 671.2286501377409
339.48429752066113 579.5482093663911
352.1785123966942 627.5041322314049
367.6936639118457 572.495867768595
349.3575757575757 545.6969696969696
299.99118457300284 524.5399449035813
277.4236914600551 516.0771349862258
236.52011019283756 489.27823691460054
246.39338842975206 459.6584022038567
292.93884297520657 476.58402203856747
326.79008264462817 483.63636363636357
384.61928374655656 507.6143250688705
410.0077134986226 578.1377410468319
381.798347107438 630.3250688705233
422.7019283746556 624.6831955922864
411.41818181818184 678.2809917355371
480.531129476584 588.0110192837465
457.9636363636364 569.6749311294766
429.7542699724518 586.6005509641873
486.17300275482097 634.5564738292011
445.26942148760327 650.0716253443525
449.50082644628105 617.6308539944903
515.7928374655646 604.9366391184573
531.3079889807162 596.4738292011019
529.897520661157 634.5564738292011
556.6964187327824 637.3774104683195
587.7267217630854 620.4517906336087
622.988429752066 634.5564738292011
624.3988980716254 671.2286501377409
641.324517906336 665.586776859504
669.5338842975206 665.586776859504
696.3327823691459 665.586776859504
654.018732782369 620.4517906336087
634.2721763085399 604.9366391184573
606.0628099173554 600.7052341597795
676.5862258953167 627.5041322314049
703.385123966942 631.7355371900826
682.2280991735536 606.3471074380165
696.3327823691459 595.0633608815426
735.8258953168043 661.3553719008264
768.2666666666665 661.3553719008264
744.2887052341596 683.922865013774
754.1619834710743 576.7272727272726
738.6468319559227 530.1818181818182
804.9388429752065 572.495867768595
834.5586776859501 611.9889807162533
864.1785123966941 611.9889807162533
888.156473829201 602.1157024793388
893.7983471074377 627.5041322314049
927.6495867768592 610.5785123966941
944.5752066115701 600.7052341597795
923.4181818181818 635.9669421487603
896.6192837465563 671.2286501377409
923.4181818181818 671.2286501377409
941.7542699724517 624.6831955922864
988.2997245179062 634.5564738292011
954.4484848484847 675.4600550964186
985.4787878787876 668.4077134986225
1012.277685950413 661.3553719008264
1010.8672176308538 627.5041322314049
999.5834710743801 540.0550964187328
978.4264462809916 537.2341597796143
995.3520661157023 504.79338842975204
957.2694214876032 513.2561983471074
986.8892561983469 459.6584022038567
965.7322314049584 473.76308539944904
919.186776859504 487.8677685950413
899.4402203856748 507.6143250688705
855.7157024793386 509.0247933884297
803.5283746556472 485.04683195592276
838.7900826446279 468.1212121212121
24.949862258953303 555.5702479338842
907.9030303030303 455.42699724517905
974.1950413223138 420.1652892561983
941.7542699724517 422.98622589531675
917.7763085399447 422.98622589531675
874.0517906336086 517.4876033057851
714.6688705234159 496.3305785123967
783.781818181818 466.7107438016529
803.5283746556472 465.30027548209364
680.8176308539945 483.63636363636357
651.1977961432507 466.7107438016529
642.7349862258952 499.1515151515151
610.2942148760329 506.2038567493112
577.8534435261707 513.2561983471074
572.2115702479338 535.823691460055
599.0104683195591 483.63636363636357
566.5696969696969 469.5316804407713
628.6303030303029 473.76308539944904
622.988429752066 410.29201101928373
659.660606060606 413.11294765840216
644.1454545454545 403.23966942148763
717.4898071625344 422.98622589531675
779.5504132231403 430.03856749311296
745.6991735537189 420.1652892561983
728.7735537190081 472.35261707988985
693.5118457300274 387.7245179063361
662.4815426997245 377.8512396694215
730.1840220385674 390.5454545454545
759.8038567493113 380.6721763085399
800.7074380165287 360.9256198347108
954.4484848484847 369.38842975206614
981.2473829201101 372.2093663911845
1016.5090909090908 367.9779614325069
86.65785123966931 291.4126721763086
30.239118457300172 276.132598714417
2.029752066115604 219.7138659320478
38.4668503213957 189.15371900826455
30.239118457300172 148.01505968778704
69.02699724517898 150.36584022038573
78.43011937557385 195.03067033976131
138.37502295684104 249.09862258953174
172.46134067952238 183.2767676767677
141.9011937557391 118.63030303030307
107.81487603305777 133.9103764921947
141.9011937557391 77.49164370982555
119.56877869605135 44.58071625344358
118.393388429752 57.51000918273652
151.30431588613396 6.968227731864075
56.097704315886034 15.1959595959596
67.85160697887962 23.423691460055124
181.86446280991726 50.45766758494034
194.79375573921018 112.7533516988063
227.70468319559222 123.33186409550046
272.3695133149678 126.85803489439859
333.48980716253436 123.33186409550046
322.9112947658402 32.82681359045
380.5054178145086 44.58071625344358
369.92690541781434 131.55959595959598
382.8561983471073 117.45491276400371
423.99485766758477 100.99944903581272
448.6780532598714 109.22718089990825
466.3089072543617 19.897520661157007
496.869054178145 34.002203856749354
488.6413223140494 112.7533516988063
453.3796143250688 136.2611570247934
422.8194674012855 133.9103764921947
407.53939393939385 202.08301193755747
405.1886134067952 169.17208448117543
362.87456382001824 164.47052341597796
329.9636363636363 164.47052341597796
285.2988062442607 118.63030303030307
255.91404958677683 199.73223140495878
212.42460973370052 167.9966942148761
203.0214876033057 238.52011019283756
208.89843893480247 258.5017447199266
163.05821854912756 320.7974288337926
175.9875114784205 319.62203856749323
138.37502295684104 329.0251606978881
193.61836547291082 345.48062442607903
195.96914600550954 380.74233241505976
232.40624426078963 325.49898989899
265.3171717171716 318.4466483011938
232.40624426078963 398.37318640955016
274.72029384756644 377.21616161616174
254.73865932047738 380.74233241505976
285.2988062442607 358.409917355372
299.403489439853 327.8497704315887
322.9112947658402 379.5669421487604
299.403489439853 430.1087235996328
334.66519742883366 452.44113865932053
348.76988062442604 414.82865013774114
392.25932047750223 419.5302112029386
385.2069788797061 460.66887052341605
392.25932047750223 352.5329660238752
367.5761248852157 309.043526170799
282.94802571166196 243.22167125803497
307.6312213039485 238.52011019283756
344.0683195592286 240.87089072543628
105.46409550045907 317.27125803489446
389.9085399449035 236.16932966023882
387.55775941230485 271.43103764921955
408.71478420569315 274.9572084481176
449.8534435261707 419.5302112029386
418.1179063360881 460.66887052341605
460.4319559228648 463.01965105601477
465.1335169880623 448.9149678604225
478.06280991735525 453.61652892561995
471.0104683195591 508.85987144168973
452.2042240587694 505.3337006427917
512.1491276400366 504.15831037649235
523.9030303030303 466.5458218549129
552.1123966942148 421.8809917355373
532.1307621671257 405.4255280073463
587.3741046831955 412.4778696051425
624.9865932047749 386.6192837465566
599.1280073461891 378.39155188246104
574.4448117539026 385.44389348025726
525.0784205693295 370.1638200183656
543.8846648301194 318.4466483011938
494.51827364554634 331.37594123048666
489.8167125803488 246.74784205693302
446.3272727272727 246.74784205693302
452.2042240587694 209.1353535353536
509.79834710743785 170.3474747474748
532.1307621671257 123.33186409550046
532.1307621671257 144.48888888888894
556.8139577594122 145.66427915518827
553.2877869605142 106.87640036730949
549.7616161616161 50.45766758494034
568.5678604224057 62.21157024793392
585.0233241505969 139.78732782369153
592.0756657483929 148.01505968778704
606.1803489439852 123.33186409550046
632.0389348025711 110.40257116620754
654.3713498622589 41.05454545454546
628.512764003673 69.26391184573004
659.0729109274563 73.9654729109275
696.6853994490357 52.808448117539044
717.8424242424242 78.66703397612491
749.5779614325069 57.51000918273652
836.5568411386593 58.685399449035806
828.3291092745638 131.55959595959598
813.0490358126722 123.33186409550046
796.5935720844811 148.01505968778704
810.6982552800733 156.2427915518825
842.433792470156 162.11974288337927
828.3291092745638 191.50449954086326
805.996694214876 189.15371900826455
774.2611570247933 192.6798898071626
777.7873278236914 169.17208448117543
751.9287419651055 117.45491276400371
726.0701561065197 126.85803489439859
696.6853994490357 156.2427915518825
660.2483011937557 152.71662075298445
657.8975206611569 111.57796143250695
641.4420569329659 153.8920110192838
614.4080808080806 184.45215794306705
585.0233241505969 184.45215794306705
573.2694214876032 185.62754820936644
563.8662993572084 210.31074380165293
541.5338842975206 210.31074380165293
483.93976124885205 210.31074380165293
522.7276400367309 240.87089072543628
526.253810835629 283.18494031221314
635.5651056014691 251.44940312213052
627.3373737373736 257.3263544536273
633.2143250688704 274.9572084481176
627.3373737373736 331.37594123048666
585.0233241505969 316.0958677685951
583.8479338842974 287.88650137741047
561.5155188246097 294.93884297520674
668.476033057851 299.6404040404041
676.7037649219467 337.2528925619836
695.5100091827364 336.0775022956842
740.1748393021119 336.0775022956842
755.4549127640037 336.0775022956842
749.5779614325069 293.7634527089074
770.7349862258952 298.46501377410476
800.1197428833791 296.11423324150604
833.0306703397613 303.1665748393022
828.3291092745638 232.64315886134077
808.3474747474745 234.99393939393946
805.996694214876 262.02791551882467
738.9994490358126 251.44940312213052
723.719375573921 267.90486685032147
727.245546372819 226.7662075298439
706.0885215794306 191.50449954086326
688.4576675849403 200.90762167125806
660.2483011937557 199.73223140495878
650.8451790633608 195.03067033976131
595.601836547291 217.36308539944912
617.9342516069788 224.41542699724525
731.9471074380165 184.45215794306705
755.4549127640037 249.09862258953174
780.1381083562901 345.48062442607903
642.6174471992653 222.06464646464653
880.5383949383948 291.82817182817166
844.7341991341991 320.47152847152836
914.2966366966367 301.0349650349649
938.8480852480852 298.98901098901086
930.6642690642692 328.6553446553445
963.3995337995337 291.82817182817166
932.7102231102231 265.23076923076906
918.3885447885449 268.2997002997002
897.9290043290043 268.2997002997002
903.0438894438895 230.44955044955034
870.3086247086247 237.61038961038952
868.2626706626706 189.53046953046942
899.9749583749584 189.53046953046942
883.607326007326 160.8871128871128
879.5154179154179 120.99100899100885
851.8950382950385 120.99100899100885
907.1357975357975 122.0139860139859
929.6412920412921 125.0829170829169
913.2736596736597 79.04895104895088
864.1707625707627 65.7502497502496
978.7441891441891 62.68131868131859
986.9280053280053 86.20979020979006
976.698235098235 131.22077922077904
953.1697635697636 158.84115884115872
928.6183150183151 176.23176823176811
951.1238095238095 197.71428571428567
933.7332001332001 223.28871128871117
971.5833499833501 235.56443556443543
975.6752580752581 267.2767232767232
999.2037296037295 265.23076923076906
993.0658674658675 232.49550449550438
973.629304029304 189.53046953046942
997.1577755577756 195.66833166833155
1007.3875457875458 169.07092907092903
977.7212121212121 170.09390609390599
980.7901431901432 154.74925074925068
1012.5024309024308 135.3126873126872
1005.3415917415917 301.0349650349649
987.9509823509823 327.63236763236745
1016.594338994339 337.8621378621377
