316.67443037974687 620.6744303797469
463.71240506329116 693.5858227848101
449.1301265822784 575.7124050632913
626.5478481012658 612.1681012658228
586.4465822784811 661.9908860759494
591.3073417721517 568.4212658227849
666.6491139240505 569.6364556962026
729.838987341772 602.4465822784811
761.433924050633 621.8896202531646
785.7377215189874 619.4592405063293
777.2313924050632 576.9275949367089
834.345316455696 591.5098734177217
896.32 568.4212658227849
959.5098734177216 567.2060759493671
920.6237974683545 614.5984810126582
215.81367088607593 705.7377215189874
140.47189873417724 631.6111392405064
223.10481012658232 603.661772151899
195.1554430379747 612.1681012658228
59.054177215189924 688.7250632911392
23.813670886075997 614.5984810126582
94.29468354430385 538.0415189873419
113.73772151898739 506.4465822784812
140.47189873417724 524.6744303797469
192.72506329113924 521.0288607594938
231.6111392405063 525.8896202531647
258.3453164556962 530.7503797468355
401.73772151898726 523.7630379746837
410.85164556962 559.6111392405064
350.092151898734 546.2440506329116
315.45924050632897 528.0162025316457
290.5478481012657 525.5858227848103
308.7756962025315 557.7883544303799
440.0162025316454 516.4718987341773
509.28202531645553 506.7503797468356
513.5351898734176 539.5605063291141
549.3832911392404 517.0794936708862
552.4212658227847 536.5225316455699
604.6744303797467 522.547848101266
632.6237974683543 507.9655696202533
649.6364556962025 506.7503797468356
262.59848101265806 511.00354430379764
273.53518987341755 523.7630379746837
286.9022784810125 512.2187341772154
297.838987341772 501.2820253164559
297.838987341772 489.73772151898754
289.9402531645568 495.20607594936723
446.39594936708846 504.4718987341774
441.5351898734176 493.83898734177234
441.5351898734176 481.68708860759506
488.0162025316455 502.9529113924052
469.7883544303797 502.9529113924052
472.8263291139239 519.9655696202533
500.77569620253155 496.5731645569622
355.86430379746827 511.45924050632925
349.1807594936708 501.4339240506331
365.58582278481003 493.53518987341783
368.9275949367088 484.7250632911394
357.3832911392404 482.29468354430395
348.57316455696196 484.4212658227849
332.77569620253155 479.5605063291141
338.8516455696202 479.5605063291141
340.97822784810114 468.927594936709
391.40860759493665 491.10481012658244
405.9908860759492 485.02886075949385
548.7756962025315 499.9149367088609
388.06683544303786 510.8516455696204
484.06683544303786 534.547848101266
377.4339240506328 466.801012658228
386.5478481012657 468.927594936709
391.7124050632911 467.7124050632913
365.28202531645553 447.9655696202533
376.8263291139239 449.48455696202547
397.1807594936708 449.48455696202547
337.6364556962024 443.4086075949368
346.1427848101265 451.6111392405065
352.52253164556953 450.0921518987343
357.6870886075948 447.35797468354446
349.7883544303796 467.10481012658244
354.3453164556961 463.45924050632925
360.11746835443034 466.49721518987354
417.5351898734176 466.801012658228
522.3453164556961 500.82632911392415
538.1427848101265 499.6111392405065
542.0921518987341 491.7124050632913
549.079493670886 482.29468354430395
440.3199999999999 530.5984810126583
423.91493670886064 527.2567088607597
402.0415189873417 505.68708860759506
407.20607594936695 492.927594936709
412.06683544303786 476.52253164556976
397.7883544303796 476.52253164556976
405.3832911392404 472.2693670886078
410.24405063291124 471.05417721519
412.97822784810114 468.0162025316457
379.5605063291139 476.21873417721537
337.332658227848 522.6997468354432
361.332658227848 522.0921518987343
523.5605063291139 488.674430379747
570.3453164556962 485.33265822784824
495.0035443037974 478.3453164556963
488.0162025316455 474.39594936708875
422.69974683544297 499.30734177215203
422.69974683544297 471.9655696202533
431.81367088607584 470.1427848101268
796.9782278481014 503.8643037974683
833.4339240506331 502.04151898734176
847.4086075949369 502.64911392405065
861.3832911392407 504.16810126582277
845.5858227848103 488.3706329113924
861.9908860759496 487.4592405063291
817.6364556962028 519.6617721518987
810.3453164556963 508.1174683544304
780.5731645569622 528.1681012658228
751.7124050632914 518.7503797468355
745.6364556962028 499.6111392405063
748.674430379747 490.4972151898734
734.6997468354432 490.4972151898734
706.4465822784813 505.9908860759494
711.0035443037975 497.4845569620253
714.6491139240508 490.4972151898734
660.5731645569622 485.0288607594937
640.5225316455698 495.35797468354434
621.3832911392407 484.4212658227848
632.927594936709 485.0288607594937
649.0288607594938 484.1174683544304
644.1681012658229 477.73772151898737
739.5605063291141 551.8643037974683
752.0162025316457 540.6237974683545
817.9402531645571 542.7503797468355
841.0288607594939 542.7503797468355
821.2820253164558 530.9022784810127
843.4592405063293 522.3959493670886
862.5984810126585 528.4718987341772
780.2693670886077 508.1174683544304
769.3326582278484 503.8643037974683
776.0162025316457 475.91493670886075
757.78835443038 485.0288607594937
739.8643037974684 478.64911392405065
743.5098734177217 481.9908860759494
747.7630379746837 486.85164556962025
730.7503797468357 522.3959493670886
695.2060759493672 527.2567088607594
692.7756962025319 516.6237974683545
680.3200000000002 506.9022784810126
727.4086075949369 533.0288607594937
726.193417721519 513.2820253164557
819.4592405063293 492.6237974683545
687.6111392405064 479.56050632911393
675.1554430379748 481.68708860759494
655.4086075949369 474.6997468354431
714.0415189873419 476.8263291139241
729.8389873417723 479.56050632911393
724.0668354430381 486.2440506329114
729.5351898734178 484.4212658227848
824.3200000000002 481.0794936708861
797.8896202531648 478.64911392405065
862.9022784810128 475.91493670886075
782.6997468354432 495.6617721518988
666.6491139240508 497.4845569620253
697.9402531645571 490.4972151898734
638.0921518987343 471.35797468354434
627.7630379746837 468.01620253164555
621.6870886075951 475.3073417721519
629.8896202531647 475.6111392405063
831.914936708861 468.32
837.0794936708862 469.5351898734177
837.3832911392407 482.29468354430384
139.66177215189876 548.066835443038
377.8389873417722 566.2946835443039
157.28202531645576 489.5858227848103
165.48455696202538 487.45924050632925
180.37063291139245 510.8516455696204
202.85164556962036 499.6111392405065
227.7630379746836 496.2693670886077
255.71240506329124 472.87696202531663
236.87696202531654 506.5984810126584
137.23139240506336 491.10481012658244
139.05417721518995 476.2187341772153
116.26936708860765 469.8389873417723
123.560506329114 467.7124050632912
101.687088607595 469.53518987341783
86.80101265822792 465.5858227848103
77.07949367088614 466.801012658228
61.282025316455766 468.6237974683546
55.81367088607602 485.6364556962027
84.37063291139246 509.33265822784824
70.6997468354431 512.9782278481014
58.24405063291146 506.9022784810128
78.29468354430387 501.1301265822786
100.16810126582284 488.37063291139253
129.94025316455705 483.20607594936723
119.91493670886085 493.83898734177234
181.28202531645576 473.48455696202547
180.97822784810134 465.5858227848103
186.14278481012664 461.6364556962027
210.4465822784811 467.4086075949368
216.82632911392412 464.674430379747
193.433924050633 472.87696202531663
226.24405063291147 484.7250632911394
264.21873417721525 467.7124050632912
281.8389873417723 467.4086075949368
291.56050632911405 467.7124050632912
288.82632911392415 477.1301265822786
214.3959493670887 477.1301265822786
178.5478481012659 489.5858227848103
153.6364556962026 505.99088607594956
134.19341772151904 508.7250632911394
148.16810126582286 514.4972151898735
125.99088607594942 507.20607594936723
87.71240506329121 495.9655696202533
143.00354430379753 468.6237974683546
198.90227848101273 464.37063291139253
239.00354430379753 468.927594936709
253.28202531645576 462.547848101266
228.3706329113925 476.82632911392415
186.75037974683548 489.5858227848103
153.33265822784816 475.6111392405065
238.6997468354431 488.37063291139253
58.85164556962023 568.7250632911393
12.67443037974681 538.9529113924051
47.30734177215189 518.2946835443039
19.965569620253156 486.09215189873424
10.851645569620231 461.1807594936709
577.1301265822786 394.34531645569626
216.21873417721523 431.40860759493677
254.49721518987346 443.560506329114
257.2313924050634 444.92759493670894
305.5351898734178 445.2313924050634
311.61113924050636 444.3200000000001
320.4212658227849 446.44658227848106
321.63645569620263 447.3579746835444
268.7756962025317 444.92759493670894
281.53518987341783 446.44658227848106
285.18075949367096 443.1048101265823
238.3959493670887 440.97822784810137
220.4718987341773 435.813670886076
182.19341772151907 433.99088607594945
273.0288607594938 498.6997468354431
900.1681012658228 509.1807594936711
884.3706329113925 483.05417721519
872.826329113924 478.19341772151915
985.2313924050634 477.5858227848103
1006.4972151898736 490.9529113924052
966.3959493670886 482.4465822784812
960.32 486.0921518987343
948.7756962025317 491.5605063291141
931.7630379746836 491.5605063291141
915.3579746835443 486.69974683544325
897.7377215189874 481.8389873417723
942.6997468354431 517.6870886075951
944.5225316455698 538.9529113924052
1010.1427848101266 515.2567088607597
970.6491139240507 510.39594936708875
979.7630379746836 497.6364556962027
622.4972151898735 547.4592405063293
585.433924050633 541.9908860759496
995.560506329114 452.06683544303814
1003.4592405063293 443.5605063291141
1019.2567088607595 544.4212658227849
581.7883544303797 475.7630379746837
581.180759493671 466.04151898734193
575.1048101265823 467.2567088607597
569.0288607594937 470.294683544304
556.2693670886077 471.5098734177217
562.3453164556962 469.0794936708862
528.9275949367089 469.0794936708862
521.6364556962026 464.8263291139242
587.8643037974684 506.1427848101268
579.9655696202533 509.1807594936711
572.6744303797469 499.45924050632925
595.7630379746836 499.45924050632925
528.32 535.914936708861
610.3453164556962 488.52253164556976
595.1554430379748 486.69974683544325
232.8263291139241 555.0541772151898
178.1427848101266 578.1427848101265
429.78610729154406 451.1187433970895
443.5827366144761 451.9465411564654
446.34206247906246 448.35941753250313
455.7237704186563 449.18721529187906
466.48514129054325 451.67060857000683
466.20920870408463 456.3614625398037
470.6241300874228 450.5668782241723
405.50403968318375 451.1187433970895
418.7488038331985 449.18721529187906
412.4023543446498 450.5668782241723
317.2056120164189 494.44015947109597
310.03136476849426 479.8157323887881
500.424849424956 509.89238431277994
533.8126923864514 522.03341811696
449.92918610302485 562.3195757399216
943.712405063291 600.0162025316456
454.97774715590447 484.45851946803407
459.9096490946963 475.8276910751483
460.7316327511616 470.0738054798912
469.77345297228 472.5397564492871
467.71849383111675 477.47165838807894
471.00642845697797 478.29364204454424
473.4723794263739 468.0188463387279
477.5822977087004 466.37487902579727
480.459240506329 470.0738054798912
485.80213427335354 465.14190354109934
497.7208972921006 468.42983816696056
497.3099054638679 462.26496074347074
505.94073385675364 460.21000160230744
504.7077583720557 467.1968626822626
510.46164396731285 467.1968626822626
516.21552956257 468.42983816696056
513.3385867649414 463.08694439993604
510.0506521390802 461.44297708700543
515.3935459061047 461.03198525877275
379.3552507610959 494.3223233456178
529.367268066015 474.1837237622177
516.6265213908026 479.93760935747486
512.5166031084761 477.0606665598463
505.11875020028833 483.22554398333614
500.5978400897292 485.69149495273206
491.96701169684343 481.17058484217284
461.96460823585954 495.1443070020831
461.96460823585954 486.92447043743
420.86542541259405 486.92447043743
538.7625316455697 470.45265822784813
538.7625316455697 464.2308860759494
552.7615189873419 471.23037974683547
548.8729113924053 469.6749367088608
548.0951898734179 462.6754430379747
552.7615189873419 461.12
560.5387341772154 462.6754430379747
569.8713924050634 462.6754430379747
556.6501265822786 483.67392405063293
562.09417721519 483.67392405063293
591.4750255536627 473.2876320272572
590.8208517887564 467.4000681431005
587.5499829642248 462.1666780238501
596.0542419080068 464.78337308347534
597.3625894378195 470.0167632027257
603.2501533219761 467.4000681431005
605.212674616695 474.5959795570698
609.7918909710392 470.67093696763203
617.6419761499147 464.78337308347534
616.3336286201021 471.3251107325383
614.3711073253833 468.70841567291313
632.6879727427597 467.4000681431005
650.35066439523 468.70841567291313
649.6964906303236 471.9792844974446
657.5465758091993 466.74589437819424
665.3966609880749 469.3625894378194
671.9383986371379 466.0917206132879
669.975877342419 476.5585008517887
678.4801362862011 469.3625894378194
686.3302214650766 468.0542419080068
691.5636115843271 466.0917206132879
696.7970017035774 466.74589437819424
703.3387393526406 466.0917206132879
703.3387393526406 470.67093696763203
711.1888245315162 469.3625894378194
715.7680408858603 465.4375468483816
721.6556047700169 468.70841567291313
724.2722998296422 473.9418057921635
728.19734241908 471.9792844974446
727.5431686541737 468.0542419080068
735.3932538330494 470.67093696763203
739.3182964224872 470.0167632027257
749.1309028960817 473.2876320272572
756.326814310051 475.2501533219761
762.2143781942077 474.5959795570698
767.4477683134583 473.2876320272572
784.0201703577512 475.9043270868826
807.5704258943781 471.97928449744467
815.4205110732539 470.6709369676321
808.8787734241907 485.71693356047706
802.9912095400341 498.1462350936968
812.8038160136285 498.80040885860313
800.3745144804088 489.64197614991485
797.7578194207837 464.78337308347534
803.6453833049403 462.1666780238501
823.2705962521295 463.4750255536627
805.6079045996593 456.27911413969343
797.7578194207837 454.9707666098808
