142.42592592592592 434.5740740740741
70.7222222222222 412.6481481481481
84.35185185185182 429.83333333333326
16.203703703703667 447.0185185185184
137.68518518518513 397.24074074074065
175.61111111111106 474.87037037037027
192.79629629629628 380.0555555555555
220.0555555555555 393.0925925925925
218.27777777777774 368.20370370370364
241.38888888888883 367.0185185185184
288.2037037037037 372.94444444444434
278.12962962962956 440.49999999999994
320.2037037037037 468.94444444444434
340.35185185185185 461.24074074074065
359.3148148148148 410.2777777777777
332.05555555555554 367.61111111111103
403.16666666666663 339.1666666666666
471.9074074074073 369.9814814814814
454.12962962962956 369.9814814814814
502.12962962962956 472.49999999999994
580.9444444444443 370.574074074074
563.7592592592591 344.49999999999994
537.0925925925925 335.0185185185184
491.4629629629629 328.49999999999994
617.0925925925925 342.12962962962956
683.4629629629628 329.6851851851851
711.9074074074073 363.4629629629629
598.7222222222222 323.7592592592592
620.648148148148 292.3518518518518
601.6851851851851 285.24074074074065
579.7592592592591 284.0555555555555
562.574074074074 265.0925925925925
541.2407407407406 281.0925925925925
499.7592592592591 272.20370370370364
454.7222222222222 206.42592592592587
464.7962962962962 309.53703703703695
476.05555555555543 272.20370370370364
508.64814814814804 256.79629629629625
528.7962962962962 258.574074074074
548.9444444444443 253.83333333333323
601.6851851851851 266.2777777777777
597.537037037037 255.01851851851845
582.1296296296296 262.7222222222222
639.611111111111 249.09259259259255
677.537037037037 245.53703703703695
707.7592592592591 260.3518518518518
694.1296296296296 280.49999999999994
704.2037037037036 294.7222222222222
661.537037037037 311.90740740740733
675.7592592592591 287.61111111111103
701.2407407407406 226.57407407407402
659.7592592592591 225.38888888888883
528.0555555555555 218.42592592592587
545.2407407407406 235.31481481481475
553.8333333333333 221.09259259259252
571.6111111111111 214.8703703703703
549.6851851851852 201.53703703703698
557.9814814814815 179.61111111111103
572.7962962962963 173.9814814814814
588.5 180.49999999999994
589.3888888888889 198.27777777777771
575.1666666666666 195.31481481481475
604.7962962962963 237.09259259259252
625.2407407407406 203.61111111111103
603.9074074074074 186.12962962962956
612.5 175.1666666666666
596.7962962962963 168.94444444444437
615.7592592592592 146.12962962962956
640.9444444444443 176.6481481481481
651.0185185185185 203.90740740740733
671.4629629629628 198.27777777777771
672.9444444444443 183.1666666666666
690.7222222222222 190.57407407407402
713.2407407407406 192.0555555555555
689.2407407407406 205.09259259259252
601.2407407407406 216.3518518518518
512.6481481481482 210.42592592592587
504.05555555555554 223.4629629629629
483.9074074074074 220.49999999999994
464.64814814814815 216.0555555555555
491.01851851851853 181.09259259259252
476.5 171.01851851851845
457.8333333333333 181.09259259259252
504.05555555555554 197.6851851851851
508.7962962962963 185.53703703703698
531.0185185185185 169.83333333333326
509.98148148148147 170.12962962962956
499.9074074074074 155.61111111111103
535.1666666666666 148.79629629629625
554.4259259259259 144.3518518518518
685.9814814814814 138.12962962962956
694.2777777777777 147.90740740740733
471.1666666666667 143.1666666666666
465.8333333333333 133.38888888888883
453.6851851851852 167.75925925925918
487.3148148148147 163.16666666666663
584.4999999999999 170.87037037037032
640.2037037037036 347.4629629629629
402.574074074074 310.12962962962956
401.3888888888888 296.49999999999994
390.7222222222221 281.0925925925925
388.9444444444444 333.24074074074065
371.75925925925924 292.9444444444444
390.7222222222221 257.3888888888888
384.79629629629613 245.53703703703695
414.42592592592587 202.27777777777771
391.3148148148148 164.3518518518518
403.16666666666663 151.31481481481478
378.8703703703703 160.7962962962962
355.16666666666663 174.42592592592587
329.6851851851851 169.6851851851851
357.53703703703695 156.0555555555555
298.2777777777777 172.0555555555555
285.24074074074065 168.49999999999994
302.42592592592587 157.24074074074065
275.75925925925924 164.3518518518518
263.9074074074074 172.0555555555555
252.05555555555551 172.0555555555555
226.57407407407405 156.0555555555555
205.83333333333326 157.24074074074065
232.49999999999997 179.16666666666663
244.9444444444444 201.6851851851851
207.0185185185185 200.49999999999994
196.35185185185182 175.01851851851848
173.8333333333333 166.12962962962956
148.94444444444443 159.01851851851848
399.0185185185185 131.75925925925924
343.3148148148148 138.27777777777771
332.05555555555554 133.53703703703695
315.1666666666666 126.27777777777771
299.7592592592592 133.38888888888883
314.574074074074 152.0555555555555
316.94444444444434 139.01851851851848
383.61111111111103 123.31481481481475
364.05555555555543 117.09259259259255
412.05555555555543 125.98148148148141
402.87037037037027 101.98148148148141
390.12962962962956 79.75925925925921
359.6111111111111 86.57407407407402
287.61111111111103 70.87037037037032
220.6481481481481 62.870370370370324
371.1666666666666 153.83333333333326
339.1666666666666 170.12962962962956
181.83333333333331 229.09259259259252
152.49999999999997 233.24074074074068
192.49999999999994 152.94444444444437
169.68518518518516 131.61111111111106
152.2037037037037 139.90740740740733
156.64814814814812 123.31481481481475
195.46296296296293 127.16666666666663
209.38888888888886 120.05555555555549
220.9444444444444 128.6481481481481
31.759259259259277 115.01851851851848
75.01851851851852 121.53703703703701
55.75925925925928 128.35185185185182
48.35185185185188 141.98148148148144
33.24074074074076 145.537037037037
48.64814814814817 154.4259259259259
106.12962962962962 111.46296296296293
137.24074074074076 111.16666666666663
113.24074074074073 160.9444444444444
84.50000000000001 164.49999999999997
104.64814814814812 144.05555555555551
131.9074074074074 158.87037037037035
136.35185185185185 147.6111111111111
91.31481481481482 208.35185185185182
78.57407407407409 356.4999999999999
75.01851851851852 376.05555555555543
107.31481481481482 372.2037037037036
100.5 356.4999999999999
134.87037037037038 355.61111111111103
157.68518518518516 350.574074074074
187.6111111111111 331.90740740740733
213.09259259259255 325.3888888888888
256.6481481481481 345.24074074074065
230.57407407407402 320.64814814814804
253.6851851851852 323.3148148148147
255.46296296296293 306.12962962962956
282.42592592592587 315.90740740740733
328.6481481481481 325.3888888888888
311.7592592592592 304.35185185185173
345.24074074074065 303.7592592592592
304.9444444444444 283.0185185185184
274.42592592592587 278.574074074074
235.31481481481475 286.2777777777777
226.42592592592587 303.1666666666666
198.27777777777777 310.87037037037027
183.46296296296296 312.94444444444434
162.42592592592592 317.9814814814814
128.35185185185185 323.90740740740733
101.98148148148148 322.12962962962956
86.27777777777779 339.90740740740733
72.94444444444444 314.42592592592587
33.53703703703705 314.12962962962956
25.240740740740762 324.4999999999999
51.31481481481482 294.574074074074
8.64814814814818 293.0925925925925
75.31481481481482 297.83333333333326
101.3888888888889 285.0925925925925
123.31481481481482 301.9814814814814
109.68518518518518 274.12962962962956
144.64814814814815 272.94444444444434
176.05555555555554 281.53703703703695
206.27777777777771 245.3888888888888
359.3148148148148 330.8703703703703
355.16666666666663 285.24074074074065
361.0925925925925 269.24074074074065
94.42592592592588 384.79629629629625
422.42592592592564 176.35185185185182
460.9444444444445 237.98148148148155
198.1296296296298 291.16666666666674
59.84065934065936 259.20129870129875
305.8346653346654 323.93656343656346
694.9655344655345 239.78071928071932
574.1263736263736 246.25424575424583
561.1793206793207 236.18431568431572
491.4090909090909 239.78071928071932
658.2822177822178 185.11538461538464
524.496003996004 192.30819180819185
497.88261738261735 213.1673326673327
513.7067932067932 234.02647352647352
505.07542457542456 244.81568431568434
241.81868131868137 123.97652347652348
89.33116883116887 146.99350649350652
102.99750249750251 233.30719280719285
20.280219780219795 258.482017982018
618.0024975024976 270.70979020979024
405.8146853146853 280.0604395604396
331.7287712287713 290.13036963036967
272.0284715284715 107.43306693306693
193.6268731268732 141.23926073926071
310.8696303696304 103.11738261738253
