117.88449240607518 481.85291766586715
52.70783373301365 511.780975219824
81.970823341327 459.9056754596321
107.24340527577941 441.2837729816145
81.970823341327 392.06874500399664
61.35371702637896 389.4084732214227
44.06195043964835 364.13589128697026
233.60631494804156 467.88649080735394
249.56794564348525 429.9776179056753
179.73581135091933 392.06874500399664
118.54956035171868 365.4660271782573
281.4912070343725 360.8105515587529
274.84052757793773 338.19824140687433
330.7062350119905 369.45643485211815
318.0699440447642 446.60431654676245
282.8213429256595 491.1638689048759
242.25219824140692 509.78577138289353
157.12350119904085 514.4412470023979
170.4248601119105 543.7042366107112
433.1266986410871 538.3836930455633
419.160271782574 504.46522781774564
376.59592326139085 469.88169464428444
430.4664268585132 427.9824140687448
423.1506794564349 420.001598721023
382.58153477218224 364.80095923261376
431.7965627498001 370.12150279776165
470.37050359712237 376.7721822541964
481.0115907274181 461.9008792965626
445.0979216626698 479.19264588329315
500.9636290967226 437.2933653077536
531.556754596323 378.1023181454834
633.3121502797761 370.12150279776165
672.5511590727418 438.6235011990406
719.1059152677857 481.18784972022365
614.6902478017586 488.503597122302
572.1258992805755 475.86730615507577
558.1594724220623 522.4220623501197
24.941247002398104 305.7761790567543
53.871702637889705 312.09432454036744
53.206634692246226 276.84572342126273
79.4768185451639 305.7761790567543
109.73741007194246 310.43165467625874
116.05555555555556 297.4628297362108
103.41926458832936 285.4916067146281
116.38808952837734 283.8289368505193
121.70863309352521 294.80255795363684
129.02438049560354 283.8289368505193
113.39528377298163 272.19024780175835
91.11550759392489 262.54676258992777
75.48641087130298 267.20223820943215
55.86690647482018 259.2214228617104
51.87649880095926 252.23820943245377
40.23780975219827 252.90327737809727
22.94604316546766 259.2214228617104
33.25459632294167 240.59952038369278
31.9244604316547 283.1638689048758
143.32334132693845 278.8409272581932
144.9860111910472 316.4172661870501
163.9404476418865 306.4412470023978
160.6151079136691 284.1614708233411
186.55275779376498 264.20943245403646
169.26099120703438 279.1734612310149
184.2250199840128 294.80255795363684
143.98840927258195 259.2214228617104
556.1642685851319 340.85851318944833
525.5711430855316 336.203037569944
528.896482813749 352.1646682653875
542.8629096722622 352.1646682653875
549.513589128697 337.53317346123083
516.9252597921662 316.2509992006393
480.3465227817745 320.9064748201438
471.70063948840925 322.2366107114306
462.38968824940036 331.54756195043944
452.41366906474815 337.53317346123083
429.8013589128698 316.2509992006393
453.74380495603515 311.5955235811349
443.7677857713828 324.23181454836117
399.2082334132694 327.55715427657856
419.82533972821744 336.203037569944
513.5999200639488 333.54276578737
505.61910471622707 360.1454836131094
481.67665867306147 345.5139888089527
532.2218225419664 314.2557953637089
548.18345323741 319.5763389288568
561.4848121502798 316.2509992006393
569.4656274980016 330.21742605915256
578.1115107913669 318.2462030375698
592.0779376498801 350.83453237410066
596.7334132693845 326.89208633093506
603.3840927258193 323.56674660271767
622.005995203837 358.1502797761789
631.3169464428457 344.1838529176657
709.1298960831334 368.79136690647465
705.1394884092725 352.1646682653875
741.7182254196642 359.4804156674659
730.412070343725 359.4804156674659
738.3928856914468 378.1023181454834
757.0147881694644 356.1550759392485
770.316147082334 378.1023181454834
778.2969624300559 348.8393285371701
794.2585931254995 395.3940847322141
780.9572342126298 379.4324540367704
469.04036770583537 307.60511590727396
480.3465227817745 299.6243005595522
485.00199840127897 292.9736211031173
495.64308553157474 292.9736211031173
497.63828936850507 306.274980015987
483.67186250999197 309.6003197442045
534.8820943245404 296.96402877697824
522.9108713029576 299.6243005595522
510.93964828137496 297.62909672262174
499.6334932054356 281.00239808153464
516.2601918465228 283.6626698641085
477.02118305355714 273.68665067945625
459.06434852118304 279.67226219024764
443.1027178257394 294.9688249400478
427.1410871302958 290.9784172661869
415.16986410871306 299.6243005595522
410.51438848920867 292.9736211031173
403.1986410871303 294.9688249400478
405.1938449240608 306.9400479616305
413.17466027178256 308.935251798561
389.2322142286171 294.9688249400478
383.91167066346924 302.2845723421261
681.1970423661071 333.54276578737
653.2641886490807 333.54276578737
676.5415667466027 345.5139888089527
697.1586730615508 319.5763389288568
688.5127897681854 323.56674660271767
711.7901678657074 325.5619504396482
729.081934452438 322.2366107114306
727.7517985611511 336.8681055155873
748.3689048760991 337.53317346123083
761.6702637889688 333.54276578737
781.6223021582733 314.2557953637089
792.2633892885691 313.5907274180654
801.5743405275779 306.9400479616305
796.9188649080735 295.6338928856913
803.5695443645084 292.9736211031173
782.9524380495603 292.9736211031173
771.646282973621 297.62909672262174
794.923661071143 285.657873701039
782.2873701039168 302.9496402877696
778.2969624300559 297.62909672262174
757.0147881694644 304.94484412470007
753.0243804956035 318.2462030375698
766.3257394084732 319.5763389288568
763.0003996802558 313.5907274180654
742.3832933653077 316.9160671462828
749.0339728217425 299.6243005595522
738.3928856914468 293.6386890487608
739.7230215827337 288.9832134292564
750.3641087130295 290.3133493205434
746.3737010391686 279.00719424460414
806.2298161470823 320.9064748201438
810.8852917665866 315.5859312549959
810.2202238209431 307.60511590727396
806.8948840927258 302.2845723421261
812.8804956035171 294.9688249400478
807.5599520383693 288.3181454836129
812.8804956035171 282.997601918465
806.8948840927258 277.0119904076737
811.5503597122301 346.1790567545962
790.2681854516386 336.203037569944
814.2106314948041 360.1454836131094
759.0099920063948 368.79136690647465
724.4264588329336 284.32773780975197
728.4168665067946 270.36131095123886
723.0963229416467 264.3756994404475
706.4696243005595 269.03117505995186
724.4264588329336 296.96402877697824
717.7757793764988 286.3229416466825
713.1203037569944 292.9736211031173
715.7805755395683 301.6195043964826
723.7613908872901 306.9400479616305
730.412070343725 310.9304556354915
709.1298960831334 312.2605915267784
703.1442845723421 296.96402877697824
691.8381294964029 299.6243005595522
684.5223820943245 281.00239808153464
675.2114308553157 294.9688249400478
671.8860911270983 325.5619504396482
663.9052757793764 318.91127098321334
653.2641886490807 308.935251798561
639.2977617905675 318.2462030375698
629.3217426059152 313.5907274180654
631.9820143884892 337.53317346123083
618.6806554756195 309.6003197442045
606.7094324540368 310.9304556354915
588.7525979216626 306.9400479616305
570.7957633892886 306.9400479616305
580.7717825739409 299.6243005595522
633.3121502797761 296.96402877697824
619.345723421263 262.38049560351703
584.0971223021583 285.657873701039
598.7286171063149 285.657873701039
659.9148681055156 285.657873701039
650.6039168665068 290.9784172661869
635.9724220623501 287.65307753796947
705.804556354916 259.7202238209431
684.5223820943245 259.7202238209431
691.8381294964029 264.3756994404475
687.1826538768985 265.040767386091
697.1586730615508 267.70103916866486
742.3832933653077 255.0647482014387
746.3737010391686 245.75379696242993
783.6175059952038 267.0359712230214
689.8429256594724 251.07434052757782
685.8525179856115 247.08393285371685
717.1107114308553 247.08393285371685
723.0963229416467 250.40927258193432
653.9292565947242 248.41406874500382
665.2354116706634 251.73940847322126
653.9292565947242 259.7202238209431
435.1219024780176 277.0119904076737
529.5615507593925 255.0647482014387
549.513589128697 253.06954436450818
538.8725019984013 247.08393285371685
531.556754596323 249.07913669064732
525.5711430855316 246.41886490807337
523.5759392486011 255.0647482014387
505.61910471622707 258.3900879296561
500.2985611510792 261.0503597122301
492.98281374900074 260.3852917665866
488.99240607513985 259.7202238209431
489.6574740207833 271.6914468425258
479.0163868904876 261.0503597122301
474.36091127098325 250.40927258193432
481.0115907274181 247.08393285371685
466.38009592326125 269.03117505995186
452.41366906474815 263.0455635491605
437.78217426059155 260.3852917665866
423.81574740207833 267.0359712230214
424.4808153477219 274.35171862509975
404.5287769784173 265.7058353317345
391.2274180655475 283.6626698641085
383.91167066346924 285.657873701039
475.6910471622702 283.6626698641085
479.6814548361311 279.67226219024764
545.5231814548362 281.00239808153464
561.4848121502798 277.0119904076737
544.8581135091927 264.3756994404475
560.1546762589928 302.2845723421261
616.0203836930456 277.0119904076737
558.1594724220623 255.0647482014387
566.8053557154277 256.39488409272565
575.451239008793 257.05995203836915
565.4752198241407 269.03117505995186
65.34412470023987 292.30855315747385
186.38649080735416 253.06954436450818
240.25699440447647 278.34212629896064
198.35771382893688 306.9400479616305
174.41526778577145 294.9688249400478
167.76458832933656 290.3133493205434
181.73101518784978 281.6674660271781
196.36250999200644 283.6626698641085
230.28097521982423 306.9400479616305
256.8836930455636 308.935251798561
244.24740207833736 315.5859312549959
295.4576338928858 326.89208633093506
306.09872102318144 326.89208633093506
316.0747402078337 304.27977617905657
324.0555555555556 325.5619504396482
338.02198241406876 322.90167865707417
371.94044764188646 322.2366107114306
379.25619504396485 315.5859312549959
368.6151079136691 312.2605915267784
386.5719424460431 314.2557953637089
367.2849720223821 302.2845723421261
378.59112709832135 298.29416466826524
368.6151079136691 285.657873701039
363.9596322941647 290.9784172661869
349.99320543565153 294.9688249400478
330.7062350119905 310.9304556354915
352.6534772182254 307.60511590727396
306.09872102318144 297.62909672262174
76.15147881694648 253.5683453237408
113.72781774580336 242.59472422062328
127.69424460431657 248.9128697042364
142.99080735411675 242.59472422062328
133.67985611510792 243.25979216626678
137.00519584332537 239.26938449240592
162.9428457234213 244.92246203037547
150.97162270183853 245.92006394884072
145.31854516386895 235.94404476418845
78.47921662669867 245.92006394884072
58.19464428457237 245.25499600319725
268.6886490807354 275.18305355715404
263.70063948840925 272.1902478017584
255.05475619504398 258.2238209432452
276.6694644284572 269.1974420463627
279.32973621103116 288.151878497202
291.30095923261393 276.8457234212628
286.6454836131095 270.52757793764965
280.65987210231816 273.1878497202236
307.5951239008793 275.5155875299758
313.5807354116707 267.53477218225396
302.60711430855315 265.20703437250177
310.587929656275 256.89368505195824
320.56394884092725 265.20703437250177
329.874900079936 251.2406075139886
339.8509192645883 303.1159072741804
331.87010391686647 296.4652278177456
320.56394884092725 297.7953637090325
316.90607513988806 289.81454836131076
313.2482014388489 282.1662669864107
336.5255795363709 282.8313349320541
330.5399680255795 289.14948041566726
341.51358912869705 279.173461231015
352.81974420463627 273.52038369304535
345.1714628297362 275.18305355715404
330.5399680255795 270.52757793764965
351.1570743405276 282.8313349320541
371.7741806554756 275.18305355715404
367.4512390087929 263.8768984812148
370.11151079136687 255.896083133493
402.3673061550759 251.9056754596321
384.41047162270183 263.8768984812148
386.738209432454 252.2382094324538
362.13069544364504 243.25979216626678
345.50399680255794 243.25979216626678
281.65747402078335 244.92246203037547
262.3705035971223 242.92725819344503
248.07154276578737 247.25019984012766
211.49280575539566 247.25019984012766
179.90207833733015 241.26458832933633
164.60551558753 266.53717026378877
135.00999200639492 268.19984012789746
134.01239008792967 256.5611510791365
125.6990407673861 258.2238209432452
101.75659472422063 252.57074340527558
110.06994404476421 258.2238209432452
125.6990407673861 274.5179856115106
87.45763389288572 247.5827338129494
494.14668265387695 329.7186250999198
617.8493205435651 295.80015987210203
622.5047961630695 279.8385291766584
607.2082334132693 280.50359712230187
606.8756994404476 292.1422861710629
585.9260591526779 259.55395683453213
599.2274180655476 261.8816946442843
652.7653876898481 324.3980815347719
444.26658673061553 278.1758593125497
383.7454036770584 313.75699440447613
594.4056754596322 247.58273381294939
559.4896083133493 236.9416466826536
554.8341326938449 244.25739408473197
599.7262190247801 247.58273381294939
609.3697042366107 247.58273381294939
488.65987210231816 240.93205435651456
480.67905675459633 241.92965627497975
470.03796962430056 244.25739408473197
584.7621902478018 346.34532374100695
628.32414068745 328.0559552358111
665.2354116706634 298.46043165467603
658.2521982414069 297.13029576338903
677.8717026378897 267.53477218225396
519.5855315747402 261.2166266986408
441.44004796163074 235.94404476418842
448.4232613908873 240.5995203836928
456.40407673860915 241.59712230215803
272.84532374100723 255.89608313349305
255.5535571542766 268.1998401278975
316.07474020783377 252.90327737809736
417.830135891287 239.9344524380494
367.95003996802564 250.2430055955234
345.3377298161471 254.56594724220608
346.0027977617906 263.8768984812149
224.12909672262197 282.91446842525966
207.16986410871306 265.2901678657073
216.97961630695448 271.27577937649863
196.0299760191847 251.82254196642668
253.72462030375704 232.2030375699439
169.5935251798561 260.96722621902455
162.44404476418865 257.97442046362886
301.6095123900879 217.23900879296525
372.10671462829725 226.13429256594685
368.11630695443637 233.78257394084693
364.4584332533972 232.45243804956
384.4104716227017 222.14388489208596
292.6310951239008 250.07673860911234
305.93245403677054 247.4164668265384
518.7541966426858 232.45243804956
533.0531574740207 235.11270983213393
541.3665067945642 237.10791366906437
609.5359712230215 242.09592326139048
634.8085531574739 266.7034372501995
639.7965627498002 250.07673860911234
644.4520383693045 245.75379696242967
678.0379696243006 237.10791366906437
679.0355715427656 246.08633093525142
326.71582733812966 223.80655475619506
320.06514788169477 221.1462829736211
329.37609912070354 219.81614708233417
339.3521183053558 222.47641886490806
340.0171862509993 217.82094324540367
334.03157474020793 216.49080735411673
22.77977617905691 210.5051958433254
29.43045563549174 206.51478816946445
37.41127098321357 208.50999200639487
198.35771382893697 219.81614708233417
203.01318944844135 219.15107913669067
208.99880095923274 219.15107913669067
213.65427657873713 218.48601119104717
245.57753796962444 222.47641886490806
256.88369304556363 222.47641886490806
606.0443645083934 231.78737010391686
621.3409272581936 231.78737010391686
618.6806554756196 229.79216626698644
616.6854516386892 227.79696243005594
633.3121502797763 229.79216626698644
638.6326938449241 229.79216626698644
643.2881694644286 230.45723421262994
649.9388489208634 239.1031175059952
734.4024780175861 237.10791366906477
437.1171063149481 227.79696243005594
427.80615507593933 227.79696243005594
421.820543565148 228.46203037569944
375.9308553157475 219.81614708233417
371.27537969624314 217.82094324540367
284.15147881694656 308.9352517985611
276.8357314148682 325.5619504396483
657.9196642685853 339.52837729816144
667.8956834532376 355.4900079936051
665.900479616307 372.1167066346922
228.28577138289376 218.48601119104717
220.30495603517198 219.81614708233417
187.05155875299775 214.49560351718628
195.03237410071958 215.16067146282978
179.07074340527592 215.16067146282978
184.3912869704238 213.16546762589928
125.8653077537971 215.82573940847328
119.87969624300572 218.48601119104717
133.18105515587544 217.82094324540367
38.74140687450054 219.81614708233417
50.712629896083286 209.84012789768187
46.05715427657887 209.1750599520384
70.66466826538783 213.16546762589928
74.65507593924875 213.83053557154278
112.56394884092741 211.83533173461234
106.57833733013601 217.82094324540367
99.92765787370118 217.82094324540367
97.26738609112724 213.16546762589928
92.61191047162285 213.16546762589928
101.92286171063162 209.84012789768187
244.91247002398094 215.16067146282978
242.252198241407 217.82094324540367
250.23301358912883 218.48601119104717
258.21382893685063 217.82094324540367
266.1946442845725 223.14148681055153
254.22342126298972 213.83053557154278
282.82134292565956 219.15107913669067
277.5007993605117 219.81614708233417
276.1706634692248 225.13669064748206
308.7589928057555 225.80175859312553
302.1083133493206 225.13669064748206
350.6582733812951 222.47641886490806
469.7054356514789 235.11270983213433
465.0499600319746 235.11270983213433
461.05955235811365 227.1318944844125
476.3561151079137 227.1318944844125
484.3369304556357 230.45723421262994
483.67186250999214 225.80175859312553
486.9972022382096 225.80175859312553
493.6478816946444 231.78737010391686
498.9684252597923 227.79696243005594
565.4752198241408 234.44764188649083
592.7430055955238 227.1318944844125
589.4176658673063 233.11750599520383
577.4464428457236 232.45243804956033
578.111510791367 236.44284572342127
584.7621902478019 230.45723421262994
580.771782573941 229.79216626698644
631.3169464428458 241.09832134292566
629.9868105515588 236.44284572342127
687.8477218225421 239.1031175059952
764.9956035171864 269.03117505995203
755.6846522781775 265.70583533173465
748.3689048760992 269.03117505995203
767.6558752997603 258.39008792965626
772.9764188649082 256.3948840927258
771.6462829736212 259.72022382094326
782.9524380495604 259.72022382094326
798.9140687450041 270.36131095123903
397.21302957633907 231.78737010391686
407.18904876099134 231.78737010391686
392.5575539568347 236.44284572342127
386.5719424460433 239.76818545163871
379.9212629896084 245.7537969624301
413.1746602717827 255.06474820143887
426.4760191846524 247.08393285371704
411.8445243804957 245.7537969624301
502.9588329336532 236.44284572342127
494.3129496402879 248.414068745004
500.96362909672274 247.7490007993605
514.930055955236 238.43804956035171
509.60951239008807 247.7490007993605
556.164268585132 231.78737010391686
547.5183852917667 230.45723421262994
534.8820943245405 230.45723421262994
528.2314148681056 227.79696243005594
520.2505995203838 228.46203037569944
510.93964828137507 227.1318944844125
622.0059952038371 243.0935251798561
616.0203836930457 245.7537969624301
671.2210231814549 232.45243804956033
663.2402078337332 237.7729816147082
653.9292565947243 231.78737010391686
701.1490807354118 236.44284572342127
701.1490807354118 230.45723421262994
695.8285371702639 229.79216626698644
693.16826538769 239.1031175059952
708.4648281374901 239.1031175059952
714.4504396482815 239.1031175059952
723.0963229416468 237.10791366906477
745.0435651478818 235.11270983213433
778.296962430056 243.7585931254996
772.3113509192647 243.7585931254996
355.3137490007995 215.82573940847328
349.3281374900081 215.82573940847328
351.3233413269386 211.83533173461234
343.3425259792167 211.83533173461234
340.6822541966428 211.83533173461234
328.71103117506004 214.49560351718628
199.02278177458047 214.49560351718628
209.66386890487624 213.83053557154278
51.37769784172676 217.82094324540367
56.03317346123115 215.16067146282978
61.35371702637903 209.1750599520384
45.3920863309354 244.4236610711431
54.7030375699442 236.44284572342127
50.712629896083286 232.45243804956033
47.38729016786584 232.45243804956033
29.43045563549174 232.45243804956033
20.784572342126438 247.7490007993605
47.38729016786584 273.6866506794564
41.401678657074484 269.03117505995203
26.77018385291782 269.69624300559553
58.69344524380509 293.63868904876097
58.69344524380509 288.3181454836131
91.94684252597935 285.6578737010392
89.2865707434054 273.6866506794564
99.26258992805768 276.3469224620304
117.2194244604318 326.89208633093523
146.48241406874516 306.9400479616307
294.12749800159884 245.7537969624301
299.4480415667467 238.43804956035171
232.27617905675476 241.09832134292566
197.69264588329347 238.43804956035171
201.6830535571544 239.1031175059952
206.3385291766588 239.1031175059952
213.65427657873713 239.76818545163871
219.6398880895285 242.4284572342126
504.2889688249402 275.6818545163869
512.9348521183055 265.70583533173465
518.2553956834533 271.691446842526
539.5375699440449 259.72022382094326
528.2314148681056 275.6818545163869
526.9012789768186 281.0023980815348
535.547162270184 274.3517186250999
534.217026378897 285.6578737010392
552.173860911271 275.0167865707434
546.8533173461233 273.6866506794564
553.503996802558 269.03117505995203
570.7957633892887 296.9640287769784
589.4176658673063 272.3565147881695
576.7813749000801 274.3517186250999
645.9484412470025 282.9976019184652
228.95083932853726 252.40447641886493
222.30015987210243 251.73940847322143
222.96522781774593 264.37569944044765
95.27218225419679 241.09832134292566
228.95083932853717 288.31814548361314
250.8980815347722 295.63389288569147
266.85971223021585 288.31814548361314
81.970823341327 210.50519584332534
78.64548361310956 220.4812150279776
57.36330935251804 217.82094324540373
161.77897681854523 213.16546762589934
171.7549960031975 221.1462829736211
176.4104716227019 221.1462829736211
184.39128697042372 221.1462829736211
273.51039168665073 206.51478816946445
359.3041566746603 208.50999200639495
349.32813749000803 207.17985611510795
365.9548361310951 217.82094324540373
402.5335731414868 221.1462829736211
396.5479616306954 221.1462829736211
393.222621902478 221.1462829736211
409.84932054356517 217.82094324540373
417.16506794564344 217.82094324540373
422.48561151079133 217.82094324540373
447.09312549960026 223.8065547561951
568.1354916067146 225.8017585931255
556.1642685851319 223.1414868105516
547.5183852917665 225.8017585931255
627.3265387689848 227.796962430056
602.0539568345324 225.8017585931255
770.316147082334 237.10791366906477
763.6654676258993 236.44284572342127
798.914068745004 242.42845723421266
792.2633892885691 242.42845723421266
785.6127098321342 242.42845723421266
791.5983213429256 261.0503597122302
806.2298161470823 261.7154276578737
813.5455635491606 255.06474820143887
804.2346123101518 255.06474820143887
749.699040767386 258.3900879296563
729.7470023980815 258.3900879296563
734.4024780175858 248.41406874500404
729.081934452438 250.4092725819345
699.8189448441246 246.41886490807354
706.4696243005595 243.09352517985616
645.2833733013589 253.06954436450843
638.632693844924 259.72022382094326
629.9868105515587 255.72981614708232
622.6710631494803 255.72981614708232
655.9244604316547 264.37569944044765
669.8908872901678 272.3565147881695
663.9052757793764 274.3517186251
657.919664268585 273.6866506794565
627.3265387689848 261.0503597122302
608.0395683453237 265.04076738609115
600.7238209432454 252.40447641886493
558.8245403677058 262.3804956035172
517.5903277378097 248.41406874500404
461.7246203037569 255.06474820143887
451.08353317346115 255.06474820143887
268.85491606714635 245.75379696243004
60.02358113509197 236.44284572342127
73.32494004796168 239.1031175059952
204.34332533972827 290.3133493205436
195.69744204636294 292.9736211031175
212.3241406874501 297.6290967226219
215.64948041566748 290.3133493205436
210.9940047961631 281.00239808153475
206.3385291766587 279.6722621902478
244.91247002398086 285.6578737010392
358.6390887290168 278.34212629896086
401.2034372501998 286.3229416466827
395.2178257394085 276.34692246203036
405.85891286970417 276.34692246203036
414.50479616306956 282.99760191846525
385.9068745003996 325.5619504396483
361.9644284572342 325.5619504396483
276.8357314148681 281.00239808153475
109.23860911270985 236.44284572342127
117.2194244604317 237.10791366906477
124.53517186251001 237.77298161470827
68.00439648281382 227.796962430056
751.6942446043165 235.11270983213433
529.5615507593925 223.1414868105516
536.8772981614708 223.1414868105516
439.77737809752193 221.1462829736211
427.8061550759392 219.81614708233417
328.0459632294165 209.1750599520384
311.4192645883293 216.49080735411673
315.4096722621903 213.16546762589934
322.7254196642686 213.16546762589934
224.96043165467628 211.83533173461234
229.61590727418067 213.16546762589934
219.63988808952843 213.16546762589934
232.94124700239806 213.16546762589934
145.81734612310157 211.17026378896884
135.1762589928058 211.83533173461234
126.5303756994405 206.51478816946445
121.20983213429263 209.84012789768187
117.2194244604317 206.51478816946445
109.90367705835334 205.84972022382095
98.59752198241414 297.6290967226219
84.63109512390095 290.3133493205436
69.33453237410079 233.11750599520389
75.98521183053562 229.79216626698644
69.33453237410079 222.4764188649081
153.7981614708234 279.6722621902478
151.80295763389296 269.0311750599521
239.59192645883297 245.75379696243004
236.93165467625906 264.37569944044765
447.7581934452437 306.27498001598724
460.39448441247004 294.968824940048
469.04036770583537 290.978417266187
268.85491606714635 265.7058353317346
66.00919264588335 245.75379696243004
118.54956035171868 227.1318944844125
123.87010391686657 227.1318944844125
35.41606714628305 296.9640287769784
