228.758064516129 236.9428152492668
291.2487781036168 260.3172043010752
270.25953079178885 201.64271749755613
253.5635386119257 206.413000977517
261.67302052785925 164.9115347018572
282.1852394916911 140.10606060606054
258.8108504398827 101.94379276637332
62.75219941348972 210.2292277614858
47.48729227761486 218.33870967741927
111.4090909090909 229.78739002932542
143.3699902248289 251.2536656891495
103.29960899315739 176.83724340175945
136.2145650048876 201.1656891495601
48.91837732160314 165.86559139784939
58.93597262952101 123.88709677419348
36.038611925708686 123.4100684261974
22.681818181818176 96.21945259042027
15.049364613880742 90.01808406647109
27.929130009775168 65.21260997067444
37.46969696969696 40.884164222873835
56.07380254154446 36.1138807429129
61.32111436950145 24.66520039100675
4.554740957966758 76.18426197458449
67.04545454545456 64.25855327468224
99.48338220918865 51.8558162267839
137.64565004887586 62.82746823069397
139.55376344086025 76.66129032258057
155.29569892473117 69.50586510263923
159.588954056696 86.20185728250237
170.56060606060603 87.63294232649065
171.51466275659826 71.41397849462359
203.95259042033237 77.13831867057667
209.19990224828936 90.97214076246328
235.91348973607037 96.21945259042027
245.45405669599216 80.47751710654929
231.1432062561095 69.50586510263923
221.60263929618768 68.55180840664704
268.82844574780063 67.59775171065488
279.80009775171067 78.09237536656886
301.26637341153474 82.86265884652974
226.84995112414467 130.08846529814264
222.0796676441838 113.3924731182795
95.19012707722385 164.9115347018572
186.77956989247312 157.75610948191587
330.8421309872923 175.8831867057673
313.19208211143695 213.5684261974584
352.78543499511244 226.44819159335282
362.8030303030303 246.96041055718467
370.91251221896385 274.1510263929618
437.2194525904203 192.10215053763437
476.8128054740958 150.1236559139784
463.45601173020526 85.24780058651018
462.97898338220915 55.195014662756535
442.4667644183773 56.62609970674481
421.00048875855333 88.58699902248284
397.1490713587488 118.1627565982404
411.45992179863146 144.87634408602142
419.0923753665689 165.86559139784939
452.00733137829917 209.27517106549357
467.74926686217015 222.154936461388
331.31915933528836 121.50195503421301
352.3084066471163 127.22629521016611
343.2448680351906 83.81671554252192
319.8704789833822 67.59775171065488
340.38269794721407 27.5273704789833
393.80987292277615 39.45307917888556
393.33284457478004 26.096285434995025
417.18426197458456 32.77468230694029
277.89198435972634 47.5625610948191
293.63391984359725 48.039589442815185
262.15004887585536 36.1138807429129
251.65542521994135 44.70039100684255
238.77565982404693 53.76392961876826
222.0796676441838 54.71798631476045
212.53910068426197 66.1666666666666
202.5215053763441 58.05718475073306
182.00928641251224 38.49902248289334
159.588954056696 55.195014662756535
127.62805474095796 36.1138807429129
32.69941348973608 86.67888563049846
16.957478005865102 131.5195503421309
34.60752688172044 154.41691104594324
135.73753665689154 123.4100684261974
287.9095796676442 120.07086999022474
244.49999999999997 30.86656891495591
218.74046920821112 29.91251221896374
225.8958944281525 23.23411534701847
95.19012707722385 23.23411534701847
295.54203323558164 13.216520039100601
402.3963831867058 36.59090909090901
482.0601173020528 36.1138807429129
396.1950146627566 72.84506353861187
376.6368523949169 78.56940371456494
211.1080156402737 22.757086999022363
67.52248289345064 87.15591397849457
83.26441837732162 92.88025415444761
252.13245356793738 143.44525904203317
472.519550342131 134.38172043010746
446.28299120234607 126.74926686216999
447.2370478983382 108.1451612903225
174.29820179820183 32.690809190809205
185.51098901098902 24.890609390609427
173.32317682317682 26.35314685314688
151.8726273726274 54.62887112887117
26.581918081918104 187.71978021978026
3.1813186813187 242.32117882117888
319.5769230769231 161.88161838161844
305.92657342657344 149.69380619380624
347.85264735264735 100.94255744255747
388.3161838161838 205.27022977022983
375.64085914085916 191.13236763236768
387.8286713286713 178.45704295704297
451.2052947052947 144.33116883116887
441.45504495504497 164.31918081918087
484.35614385614383 59.01648351648356
360.52797202797206 49.7537462537463
345.9025974025974 51.21628371628376
362.96553446553446 64.37912087912093
283.9885114885115 36.10339660339662
194.77372627372625 60.96653346653352
211.83666333666332 46.34115884115889
83.62087912087912 37.56593406593413
466.31818181818187 39.51598401598406
376.6158841158841 48.29120879120882
305.92657342657344 112.64285714285717
242.0624375624376 125.31818181818187
225.48701298701297 90.70479520479523
118.72177822177824 77.05444555444558
109.45904095904098 85.34215784215786
45.5949050949051 33.17832167832171
114.82167832167832 19.527972027972055
100.68381618381619 38.05344655344658
195.74875124875126 192.59490509490513
219.63686313686316 210.6328671328672
293.73876123876124 217.458041958042
254.7377622377622 60.96653346653352
451.2052947052947 80.9545454545455
459.98051948051943 70.71678321678326
386.1774193548387 90.01808406647109
337.99755620723363 94.788367546432
240.68377321603126 19.417888563049754
207.7688172043011 9.877321603127939
219.21749755620723 11.308406647116215
85.17253176930598 19.417888563049754
69.430596285435 9.877321603127939
87.08064516129033 11.308406647116215
17.434506353861185 7.4921798631474985
5.508797653958937 52.809872922776066
29.360215053763444 49.47067448680346
28.883186705767333 27.5273704789833
34.13049853372433 20.848973607038033
104.25366568914956 134.38172043010744
173.8998044965787 46.13147605083083
149.57135874877812 29.91251221896374
301.7434017595308 59.48826979472133
298.88123167155425 71.89100684261967
241.63782991202348 40.884164222873835
257.85679374389053 18.463831867057593
201.56744868035187 40.884164222873835
132.8100511073254 15.275127768313439
171.87649063032373 17.779386712095402
138.3194207836457 22.287052810902875
387.2427597955708 16.276831345826224
368.71124361158434 33.30579216354346
378.22742759795574 25.793015332197626
448.8475298126066 6.259795570698486
