40.305194805194844 647.6314935064936
79.82467532467538 627.8717532467533
100.16558441558445 622.6412337662338
107.72077922077924 662.7418831168832
165.25649350649357 639.4951298701299
169.32467532467538 619.7353896103896
149.5649350649351 615.6672077922078
157.70129870129873 602.3003246753246
190.2467532467533 632.5211038961039
211.75000000000003 630.1964285714287
238.48376623376626 631.3587662337662
226.27922077922082 581.3782467532468
258.82467532467535 595.9074675324675
294.8571428571429 608.112012987013
312.2922077922078 565.1055194805194
189.0844155844156 541.2775974025974
171.64935064935068 557.5503246753246
146.65909090909096 554.6444805194806
137.36038961038966 581.3782467532468
126.31818181818184 574.9853896103896
108.88311688311691 525.586038961039
79.24350649350654 556.9691558441559
49.02272727272731 535.4659090909091
32.75000000000003 549.413961038961
67.62012987012992 585.4464285714286
31.58766233766238 582.5405844155844
21.1266233766234 615.086038961039
11.827922077922096 622.0600649350649
69.94480519480524 608.112012987013
103.07142857142858 605.7873376623377
101.90909090909096 552.900974025974
83.31168831168836 486.64772727272725
31.58766233766238 479.6737012987013
50.766233766233796 445.3847402597403
38.56168831168833 429.112012987013
130.38636363636365 509.3133116883117
137.9415584415585 477.9301948051948
159.44480519480524 444.2224025974026
135.61688311688314 423.8814935064935
114.69480519480524 450.6152597402597
92.61038961038966 457.5892857142857
65.8766233766234 435.50487012987014
65.29545454545459 415.163961038961
68.20129870129873 386.1055194805195
104.8149350649351 408.7711038961039
106.55844155844161 393.07954545454544
148.98376623376626 396.5665584415584
173.97402597402603 418.0698051948052
198.3831168831169 408.7711038961039
214.07467532467538 410.51461038961037
201.2889610389611 427.3685064935065
201.87012987012994 450.03409090909093
228.60389610389618 457.5892857142857
217.56168831168836 447.12824675324674
256.5 471.5373376623377
265.21753246753246 440.1542207792208
245.45779220779227 415.74512987012986
240.22727272727278 433.1801948051948
178.04220779220785 583.1217532467533
224.5357142857143 549.413961038961
358.78571428571433 545.9269480519481
373.31493506493507 538.3717532467533
350.06818181818187 520.9366883116884
322.17207792207796 506.40746753246754
301.25 490.1347402597403
267.5422077922078 488.9724025974026
251.85064935064938 491.29707792207796
239.0649350649351 493.0405844155844
216.39935064935068 490.7159090909091
233.25324675324683 470.95616883116884
174.55519480519487 486.64772727272725
176.29870129870133 502.92045454545456
185.59740259740263 495.3652597402597
386.68181818181824 577.8912337662338
372.73376623376623 578.4724025974026
343.67532467532476 656.9301948051948
320.42857142857144 649.9561688311688
283.23376623376623 635.4269480519481
284.97727272727275 595.3262987012987
423.87662337662346 667.3912337662338
422.13311688311694 597.650974025974
437.82467532467535 565.1055194805194
474.4383116883117 590.6769480519481
494.77922077922085 574.9853896103896
497.68506493506493 543.6022727272727
499.42857142857144 502.92045454545456
491.87337662337666 501.1769480519481
481.9935064935065 512.8003246753246
476.7629870129871 499.4334415584416
456.42207792207796 494.7840909090909
475.01948051948057 469.79383116883116
457.58441558441564 463.9821428571429
445.37987012987014 448.2905844155844
418.6461038961039 445.3847402597403
427.9448051948052 462.8198051948052
430.8506493506494 482.5795454545455
402.9545454545455 491.29707792207796
404.1168831168832 478.5113636363636
373.8961038961039 477.9301948051948
343.67532467532476 475.6055194805195
364.5974025974026 447.12824675324674
368.08441558441564 432.01785714285717
351.8116883116884 422.71915584415586
336.7012987012987 422.71915584415586
315.77922077922085 408.7711038961039
303.57467532467535 422.137987012987
303.57467532467535 434.34253246753246
286.1396103896104 464.5633116883117
305.8993506493507 455.8457792207792
279.7467532467533 418.0698051948052
328.56493506493507 544.7646103896104
293.6948051948052 555.8068181818182
286.1396103896104 532.5600649350649
449.448051948052 531.3977272727273
403.53571428571433 543.6022727272727
426.78246753246754 511.0568181818182
274.51623376623377 508.7321428571429
163.51298701298705 524.4237012987013
85.63636363636365 533.1412337662338
51.92857142857147 495.3652597402597
432.0129870129871 632.5211038961039
417.48376623376623 627.8717532467533
451.77272727272737 616.8295454545455
500.0097402597403 610.4366883116884
2.2337662337662323 506.6980519480519
4.55844155844153 443.93181818181813
7.178571428571445 357.62824675324674
38.56168831168833 348.32954545454544
53.09090909090912 333.2191558441558
6.597402597402635 319.2711038961039
25.194805194805213 291.375
11.827922077922096 268.7094155844155
31.58766233766238 269.8717532467532
36.237012987013 259.4107142857142
56.577922077922096 232.0957792207792
42.62987012987017 239.06980519480516
57.74025974025977 245.46266233766232
64.71428571428575 257.0860389610389
93.77272727272728 252.43668831168827
127.48051948051952 258.82954545454544
104.23376623376626 260.5730519480519
149.5649350649351 281.49512987012986
139.68506493506496 319.2711038961039
135.0357142857143 304.1607142857142
112.95129870129873 308.2288961038961
103.07142857142858 323.33928571428567
88.54220779220785 311.1347402597402
68.20129870129873 307.0665584415584
84.47402597402603 277.426948051948
61.22727272727275 279.75162337662334
99.58441558441561 237.90746753246748
109.46428571428575 222.21590909090907
135.0357142857143 233.25811688311688
187.34090909090915 236.16396103896102
171.06818181818184 252.43668831168827
146.65909090909096 362.85876623376623
116.4383116883117 350.65422077922074
94.93506493506496 365.18344155844153
77.50000000000003 347.7483766233766
196.05844155844161 377.38798701298697
219.8863636363637 386.10551948051943
250.68831168831176 352.39772727272725
263.47402597402606 347.7483766233766
279.1655844155845 376.2256493506493
291.37012987013 399.4724025974026
247.20129870129873 397.14772727272725
232.672077922078 339.612012987013
208.26298701298705 350.65422077922074
201.2889610389611 343.6801948051948
212.33116883116887 337.2873376623377
203.6136363636364 326.24512987012986
194.89610389610394 297.1866883116883
198.3831168831169 287.30681818181813
214.65584415584422 271.6152597402597
233.8344155844156 283.2386363636364
240.22727272727278 295.44318181818176
244.87662337662343 307.0665584415584
266.37987012987014 289.05032467532465
284.97727272727275 289.6314935064935
288.4642857142858 304.1607142857142
294.27597402597405 271.0340909090909
301.25 254.1801948051948
314.03571428571433 246.0438311688311
281.49025974025983 253.0178571428571
259.4058441558442 225.70292207792204
250.68831168831176 249.53084415584414
241.9707792207793 266.3847402597402
223.95454545454552 236.74512987012986
210.5876623376624 214.07954545454544
226.27922077922082 204.1996753246753
239.0649350649351 207.68668831168827
241.38961038961045 197.80681818181813
268.7045454545455 196.06331168831167
265.21753246753246 207.68668831168827
278.58441558441564 206.5243506493506
276.2597402597403 219.8912337662337
283.81493506493507 233.25811688311688
301.83116883116884 235.00162337662334
303.57467532467535 215.8230519480519
335.538961038961 216.40422077922074
329.1461038961039 232.0957792207792
340.76948051948057 243.13798701298697
359.3668831168832 228.02759740259734
372.73376623376623 198.38798701298697
358.2045454545455 190.25162337662334
395.98051948051955 228.60876623376618
388.42532467532476 240.23214285714283
361.6915584415585 252.43668831168827
355.2987012987013 271.0340909090909
373.8961038961039 280.913961038961
384.3571428571429 266.3847402597402
400.62987012987014 269.29058441558436
422.13311688311694 269.29058441558436
337.28246753246754 318.10876623376623
359.948051948052 332.05681818181813
317.52272727272737 265.8035714285714
327.4025974025975 256.5048701298701
304.73701298701303 339.612012987013
307.0616883116884 347.7483766233766
287.88311688311694 340.19318181818176
281.49025974025983 345.4237012987013
275.67857142857144 345.4237012987013
263.47402597402606 327.9886363636364
390.16883116883116 330.31331168831167
404.1168831168832 315.7840909090909
384.9383116883117 311.71590909090907
402.37337662337666 294.28084415584414
412.2532467532468 285.56331168831167
421.5519480519481 291.375
430.26948051948057 304.1607142857142
423.87662337662346 323.33928571428567
445.961038961039 314.04058441558436
450.6103896103897 331.4756493506493
465.1396103896104 321.01461038961037
473.8571428571429 320.43344155844153
470.9512987012987 309.9724025974026
462.23376623376623 293.11850649350646
477.3441558441559 279.75162337662334
498.26623376623377 291.95616883116884
447.7045454545455 253.0178571428571
450.02922077922085 241.97564935064935
452.3538961038961 236.74512987012986
447.12337662337666 216.40422077922074
427.9448051948052 214.66071428571428
438.4058441558442 215.8230519480519
413.4155844155845 206.5243506493506
401.7922077922078 210.5925324675324
393.07467532467535 205.9431818181818
381.4512987012987 218.14772727272725
387.2629870129871 189.6704545454545
405.8603896103897 193.73863636363632
405.8603896103897 183.85876623376618
432.0129870129871 187.92694805194805
447.12337662337666 193.15746753246748
468.62662337662346 194.31980519480516
465.72077922077926 214.66071428571428
492.4545454545455 212.91720779220776
493.03571428571433 239.06980519480516
505.82142857142867 265.8035714285714
472.1136363636364 257.0860389610389
488.3863636363636 269.29058441558436
501.17207792207796 185.6022727272727
499.42857142857144 172.8165584415584
325.659090909091 359.95292207792204
313.4545454545455 343.6801948051948
342.5129870129871 376.2256493506493
368.6655844155845 358.79058441558436
370.409090909091 373.3198051948052
375.0584415584416 388.4301948051948
370.409090909091 407.60876623376623
358.2045454545455 390.1737012987013
339.6071428571429 402.37824675324674
398.8863636363636 395.40422077922074
414.57792207792215 393.6607142857143
411.0909090909091 370.99512987012986
405.8603896103897 359.95292207792204
391.33116883116884 359.95292207792204
441.3116883116884 352.39772727272725
433.7564935064936 342.5178571428571
437.2435064935065 369.25162337662334
451.77272727272737 383.1996753246753
481.4123376623377 361.69642857142856
474.4383116883117 346.586038961039
457.58441558441564 368.08928571428567
491.87337662337666 339.612012987013
430.8506493506494 279.1704545454545
438.4058441558442 291.375
255.91883116883125 269.29058441558436
264.0551948051949 258.2483766233766
169.32467532467538 211.75487012987008
185.59740259740263 213.4983766233766
199.5454545454546 205.9431818181818
201.87012987012994 183.27759740259734
182.11038961038966 193.15746753246748
144.3344155844156 187.3457792207792
126.31818181818184 187.3457792207792
111.20779220779227 190.25162337662334
118.76298701298705 206.5243506493506
84.47402597402603 215.8230519480519
80.40584415584416 187.92694805194805
49.60389610389615 177.46590909090907
40.886363636363654 195.48214285714283
58.32142857142861 210.01136363636357
10.665584415584448 236.16396103896102
156.5389610389611 339.612012987013
179.7857142857143 312.2970779220779
158.28246753246756 242.55681818181813
153.05194805194807 203.61850649350646
173.3928571428572 182.11525974025972
97.25974025974031 187.3457792207792
97.84090909090915 169.32954545454544
493.6168831168832 375.06331168831167
519.1834415584414 260.1371753246753
524.9951298701296 242.41152597402595
541.8490259740258 228.17288961038957
554.63474025974 229.9163961038961
578.4626623376621 241.24918831168827
591.8295454545453 247.64204545454544
591.8295454545453 260.71834415584414
581.0779220779218 260.71834415584414
553.7629870129867 263.33360389610385
530.5162337662335 272.34172077922074
540.9772727272725 295.8790584415584
554.9253246753244 290.3579545454545
575.2662337662335 284.8368506493506
591.5389610389609 284.8368506493506
611.5892857142856 291.8108766233766
521.5081168831167 303.7248376623377
618.853896103896 272.9228896103896
606.0681818181816 252.5819805194805
608.1022727272725 241.24918831168827
613.0422077922076 234.85633116883116
609.845779220779 200.85795454545453
587.470779220779 191.84983766233765
564.2240259740258 183.4228896103896
545.6266233766232 198.5332792207792
528.4821428571427 182.26055194805193
517.1493506493505 190.10633116883116
525.5762987012985 207.5413961038961
462.51948051948034 177.9017857142857
447.4090909090907 174.1241883116883
434.62337662337643 172.96185064935062
418.06006493506476 170.92775974025972
398.3003246753245 159.5949675324675
387.83928571428555 174.99594155844153
513.3717532467531 159.88555194805193
536.6185064935063 157.85146103896102
568.0016233766232 156.68912337662337
602.5811688311686 159.5949675324675
592.991883116883 228.17288961038957
609.5551948051946 219.74594155844153
624.9561688311686 215.96834415584414
569.1639610389609 226.1387987012987
550.2759740259738 214.22483766233765
519.4740259740258 221.19886363636363
508.431818181818 237.47159090909088
166.70941558441555 303.14366883116884
175.7175324675324 281.6404220779221
37.10389610389609 297.4772727272727
380.28409090909076 424.0267857142856
406.43668831168816 428.0949675324674
455.5454545454544 407.75405844155836
532.2597402597402 416.61688311688306
532.840909090909 400.3441558441558
515.9870129870129 404.9935064935064
503.2012987012986 404.9935064935064
484.603896103896 400.92532467532465
513.0811688311687 382.32792207792204
550.2759740259739 398.6006493506493
558.9935064935064 399.18181818181813
580.4967532467532 388.1396103896103
585.7272727272726 400.92532467532465
530.5162337662337 437.53896103896096
507.8506493506493 455.55519480519473
492.7402597402597 443.3506493506493
599.0941558441557 435.21428571428567
607.8116883116883 412.5487012987012
620.5974025974025 400.3441558441558
638.0324675324674 407.31818181818176
649.6558441558441 396.27597402597394
653.7240259740258 414.2922077922077
633.3831168831168 431.1461038961038
560.1558441558441 424.7532467532467
579.9155844155844 448.5811688311687
565.3863636363635 475.8961038961038
548.5324675324674 479.96428571428567
521.2175324675324 481.12662337662334
589.7954545454545 477.0584415584415
622.340909090909 443.3506493506493
638.6136363636363 467.75974025974017
646.7499999999999 455.55519480519473
656.62987012987 451.4870129870129
659.5357142857142 439.2824675324675
679.8766233766233 438.1201298701298
675.2272727272726 420.6850649350649
676.9707792207791 410.2240259740259
674.6461038961038 391.0454545454545
650.2370129870129 371.86688311688306
637.4512987012986 373.6103896103895
615.3668831168831 378.25974025974017
606.0681818181818 362.56818181818176
582.2402597402596 366.63636363636357
556.668831168831 365.4740259740259
522.37987012987 370.7045454545454
507.26948051948045 345.71428571428567
524.7045454545454 338.74025974025966
534.5844155844155 329.44155844155836
547.9512987012986 348.03896103896096
557.8311688311687 336.9967532467532
613.6233766233765 327.6980519480519
628.1525974025973 321.30519480519473
647.3311688311687 315.4935064935064
667.090909090909 292.24675324675314
686.2694805194805 304.45129870129864
675.2272727272726 321.88636363636357
682.2012987012986 337.577922077922
694.4058441558441 338.74025974025966
702.5422077922077 357.33766233766227
668.8344155844155 361.4058441558441
647.3311688311687 345.1331168831168
654.3051948051947 328.8603896103895
633.3831168831168 355.01298701298697
642.1006493506493 293.99025974025966
657.7922077922077 280.62337662337654
676.9707792207791 277.7175324675324
697.8928571428571 292.24675324675314
639.1948051948051 277.7175324675324
629.8961038961038 287.01623376623365
565.9675324675324 355.01298701298697
575.8474025974025 336.9967532467532
562.4805194805194 314.3311688311687
500.87662337662334 304.45129870129864
525.8668831168831 501.4675324675324
546.2077922077921 517.7402597402597
606.6493506493506 495.07467532467524
614.2045454545454 482.28896103896096
644.4253246753245 510.7662337662337
649.0746753246752 493.91233766233756
665.3474025974025 472.9902597402597
671.7402597402596 478.801948051948
681.6201298701297 463.6915584415584
697.8928571428571 445.67532467532465
544.4642857142857 589.8051948051948
532.840909090909 554.353896103896
564.2240259740258 548.5422077922078
597.3506493506493 536.918831168831
621.7597402597402 583.4123376623377
643.8441558441558 565.3961038961038
643.8441558441558 599.6850649350649
680.4577922077921 579.3441558441558
687.4318181818181 569.4642857142857
676.9707792207791 509.60389610389603
689.1753246753246 532.8506493506493
661.2792207792207 536.3376623376623
697.3116883116883 546.2175324675325
617.6915584415583 553.7727272727273
627.5714285714284 532.2694805194805
89.40909090909079 574.6948051948052
488.0909090909091 658.6737012987013
512.5000000000001 662.1607142857143
509.0129870129871 635.4269480519481
528.7727272727274 641.2386363636364
542.7207792207793 617.9918831168832
522.9610389610391 593.5827922077922
572.3603896103897 609.8555194805194
647.331168831169 632.5211038961039
625.8279220779222 624.9659090909091
642.6818181818182 659.836038961039
561.3181818181819 666.2288961038962
563.6428571428572 568.0113636363636
700.7987012987014 648.7938311688313
686.8506493506494 633.1022727272727
671.159090909091 634.2646103896104
729.8571428571429 548.8327922077922
729.8571428571429 506.40746753246754
728.6948051948053 498.85227272727275
699.0551948051949 493.0405844155844
800.7597402597404 622.6412337662338
781.0000000000001 663.3230519480519
754.8474025974027 651.6996753246754
776.3506493506494 635.4269480519481
756.0097402597404 610.4366883116884
732.7629870129871 627.2905844155844
724.0454545454546 619.7353896103896
728.1136363636365 600.5568181818182
782.7435064935066 549.9951298701299
786.8116883116884 528.4918831168832
773.4448051948053 528.4918831168832
764.7272727272729 503.5016233766234
753.685064935065 502.92045454545456
790.8798701298703 500.59577922077926
786.8116883116884 473.862012987013
800.7597402597404 480.836038961039
762.9837662337663 482.5795454545455
771.12012987013 458.17045454545456
759.4967532467533 457.5892857142857
729.8571428571429 450.03409090909093
731.0194805194806 469.79383116883116
713.0032467532468 484.9042207792208
729.275974025974 434.34253246753246
705.448051948052 406.44642857142856
740.3181818181819 389.0113636363636
740.8993506493507 415.163961038961
765.3084415584416 418.0698051948052
771.12012987013 402.37824675324674
773.4448051948053 391.336038961039
792.6233766233767 386.1055194805195
801.922077922078 401.2159090909091
790.2987012987014 410.51461038961037
797.2727272727274 431.43668831168833
812.9642857142858 425.625
707.1915584415585 386.68668831168833
709.5162337662339 375.06331168831167
787.3928571428572 583.1217532467533
812.3831168831169 581.9594155844156
756.0097402597404 579.0535714285714
762.9837662337663 562.1996753246754
725.7889610389611 585.4464285714286
714.1655844155845 579.0535714285714
581.0779220779222 559.875
385.22402597402606 544.7646103896104
733.3441558441559 442.4788961038961
746.1298701298703 431.43668831168833
726.6558441558442 331.4756493506493
717.9383116883117 347.74837662337654
755.1331168831169 354.1412337662337
753.3896103896104 328.56980519480516
743.5097402597403 307.0665584415584
737.1168831168832 326.24512987012986
738.8603896103897 274.52110389610385
734.211038961039 294.8620129870129
703.9902597402598 278.58928571428567
707.4772727272727 262.3165584415584
716.775974025974 254.18019480519476
730.7240259740261 245.46266233766227
773.1493506493507 302.99837662337654
759.7824675324675 291.9561688311688
763.8506493506494 284.40097402597394
784.1915584415585 354.72240259740255
793.4902597402598 336.7061688311688
783.6103896103897 324.50162337662334
800.4642857142858 321.59577922077915
788.2597402597403 309.3912337662337
782.448051948052 284.9821428571428
789.422077922078 276.84577922077915
799.8831168831169 274.52110389610385
814.4123376623377 283.2386363636363
830.1038961038962 294.8620129870129
845.7954545454546 304.1607142857142
846.3766233766235 316.3652597402597
828.3603896103897 308.81006493506493
824.8733766233767 319.27110389610385
816.737012987013 332.63798701298697
815.5746753246754 351.8165584415584
828.3603896103897 349.49188311688306
873.1103896103897 316.94642857142856
917.8603896103897 320.4334415584415
887.6396103896104 348.9107142857142
878.922077922078 375.0633116883116
889.9642857142858 369.25162337662334
868.461038961039 357.04707792207785
856.2564935064935 344.84253246753246
863.2305194805195 336.7061688311688
834.7532467532468 369.25162337662334
821.3863636363637 402.9594155844155
835.9155844155845 428.53084415584414
855.0941558441559 449.45292207792204
835.9155844155845 449.45292207792204
826.0357142857143 458.1704545454545
857.4188311688312 466.30681818181813
892.8701298701299 465.7256493506493
883.5714285714286 461.6574675324675
871.3668831168832 475.60551948051943
906.8181818181819 454.68344155844153
920.7662337662338 461.6574675324675
928.9025974025974 457.58928571428567
937.0389610389611 447.7094155844155
946.9188311688312 460.49512987012986
968.422077922078 443.6412337662337
941.6883116883117 425.62499999999994
957.961038961039 430.85551948051943
931.8084415584416 422.13798701298697
924.2532467532468 433.1801948051948
905.6558441558442 426.2061688311688
906.237012987013 409.93344155844153
902.75 388.4301948051948
908.5616883116884 375.0633116883116
942.2694805194806 377.9691558441558
927.7402597402598 389.5925324675324
941.6883116883117 359.95292207792204
925.9967532467533 344.84253246753246
944.5941558441559 332.63798701298697
924.2532467532468 332.63798701298697
937.6201298701299 318.1087662337662
964.3538961038961 319.27110389610385
985.8571428571429 323.33928571428567
962.0292207792209 337.86850649350646
962.6103896103897 350.0730519480519
976.5584415584416 337.86850649350646
1006.198051948052 359.95292207792204
999.8051948051949 339.6120129870129
1018.4025974025974 326.24512987012986
991.6688311688312 408.189935064935
992.8311688311688 420.9756493506493
980.0454545454546 426.7873376623376
966.6785714285714 415.163961038961
975.3961038961039 401.7970779220779
967.8409090909091 381.4561688311688
945.1753246753248 402.9594155844155
874.8538961038961 398.3100649350649
864.974025974026 396.5665584415584
846.9577922077922 393.6607142857142
843.4707792207793 379.1314935064935
852.7694805194806 379.1314935064935
869.6233766233767 411.0957792207792
856.8376623376623 407.0275974025974
882.9902597402597 438.4107142857143
902.75 444.8035714285714
970.7467532467533 472.6996753246753
947.5 480.2548701298701
938.2012987012987 480.2548701298701
820.2240259740261 382.0373376623376
785.935064935065 373.31980519480516
869.0422077922078 286.14448051948045
871.948051948052 300.67370129870125
882.9902597402597 294.8620129870129
898.1006493506494 300.0925324675324
904.4935064935065 291.9561688311688
898.6818181818182 272.7775974025974
884.7337662337662 270.45292207792204
865.5551948051948 257.6672077922077
862.0681818181819 266.965909090909
848.7012987012987 282.6574675324675
833.0097402597403 268.1282467532467
839.9837662337663 254.18019480519476
967.8409090909091 288.4691558441558
971.3279220779222 274.52110389610385
976.5584415584416 266.38474025974017
971.909090909091 258.8295454545454
959.7045454545455 256.5048701298701
973.6525974025974 237.90746753246748
987.6006493506494 237.90746753246748
983.5324675324675 211.17370129870125
967.2597402597403 222.215909090909
955.6363636363636 229.189935064935
950.987012987013 236.163961038961
935.8766233766235 233.25811688311683
914.3733766233767 237.32629870129864
914.3733766233767 215.8230519480519
930.0649350649351 218.72889610389603
939.9448051948052 207.68668831168827
912.0487012987013 200.71266233766227
903.3311688311688 207.68668831168827
877.7597402597403 198.9691558441558
860.3246753246754 208.84902597402595
849.2824675324675 203.03733766233762
839.9837662337663 189.08928571428567
834.172077922078 198.38798701298697
854.5129870129871 190.25162337662334
816.737012987013 205.94318181818176
790.5844155844156 200.71266233766227
797.5584415584416 236.163961038961
796.3961038961039 247.78733766233762
814.4123376623377 236.163961038961
821.9675324675326 236.163961038961
833.5909090909091 228.02759740259734
849.8636363636364 225.1217532467532
821.3863636363637 225.1217532467532
787.6785714285714 218.72889610389603
776.6363636363637 228.02759740259734
772.5681818181819 241.9756493506493
756.2954545454546 262.89772727272725
760.9448051948052 223.95941558441552
760.3636363636364 211.75487012987008
748.159090909091 217.5665584415584
740.6038961038962 233.25811688311683
735.9545454545455 196.64448051948045
724.9123376623377 210.01136363636357
706.8961038961039 221.0535714285714
697.0162337662338 231.5146103896103
685.3928571428572 247.20616883116878
676.0941558441559 262.3165584415584
653.4285714285714 247.20616883116878
634.8311688311688 228.02759740259734
653.4285714285714 203.61850649350646
637.1558441558442 199.55032467532465
624.9512987012987 188.50811688311683
636.5746753246754 180.3717532467532
655.7532467532468 182.11525974025966
663.8896103896104 193.73863636363632
688.2987012987013 192.57629870129864
695.8538961038961 198.9691558441558
716.1948051948052 196.64448051948045
679.0 225.70292207792204
570.3214285714287 207.10551948051943
885.3149350649351 239.06980519480516
873.1103896103897 238.48863636363632
884.1525974025974 248.36850649350646
898.6818181818182 249.5308441558441
951.5681818181819 248.36850649350646
950.4058441558442 266.38474025974017
945.7564935064936 276.2646103896103
952.7305194805195 289.05032467532465
946.9188311688312 304.74188311688306
930.6461038961039 298.9301948051948
918.4415584415585 292.5373376623376
922.5097402597403 286.14448051948045
927.159090909091 268.1282467532467
928.3214285714286 254.7613636363636
910.8863636363636 268.7094155844155
859.7435064935065 225.1217532467532
991.6688311688312 247.20616883116878
1006.198051948052 245.46266233766227
1006.198051948052 233.25811688311683
1020.7272727272727 243.7191558441558
1003.8733766233767 258.24837662337654
988.7629870129871 264.0600649350649
990.5064935064936 286.7256493506493
777.7987012987013 266.38474025974017
825.1375811688313 552.3736810064936
828.218952922078 532.036627435065
826.3701298701299 506.7693790584416
886.148741883117 663.9193384740261
833.7654220779223 660.8379667207793
819.5911120129871 638.0358157467533
919.427556818182 661.4542410714287
958.8691152597403 668.8495332792209
981.6712662337663 648.5124797077923
958.8691152597403 642.3497362012988
997.0781250000002 614.617390422078
993.380478896104 599.2105316558442
949.0087256493507 616.4662134740261
954.555194805195 589.3501420454546
966.880681818182 583.8036728896104
986.6014610389611 578.2572037337663
1018.031452922078 559.1526988636365
988.4502840909092 549.2923092532468
968.7295048701301 533.885450487013
942.8459821428573 519.0948660714287
924.3577516233768 504.9205560064936
960.1016639610391 500.6066355519481
977.9736201298701 498.75781250000006
993.380478896104 502.4554586038962
987.83400974026 482.73467938311694
991.5316558441559 465.4789975649351
990.9153814935066 443.9093952922078
887.3812905844156 533.2691761363637
867.0442370129872 516.0134943181819
846.0909090909092 498.1415381493507
845.47463474026 489.51369724025983
828.8352272727273 482.73467938311694
947.7761769480521 565.31544237013
903.4044237012988 559.7689732142858
927.4391233766235 562.2340706168832
892.3114853896104 492.5950689935066
902.7881493506495 485.19977678571433
921.2763798701301 602.9081777597403
921.8926542207794 588.7338676948052
905.8695211038962 615.2336647727274
875.672077922078 612.76856737013
863.9628652597403 617.0824878246754
868.2767857142858 649.745028409091
976.1247970779223 619.5475852272727
863.9628652597403 424.1886160714286
878.1371753246754 429.1188108766234
323.4902597402598 98.17948457792204
310.5484983766235 88.31909496753246
302.5369318181819 72.9122362012987
333.96692370129875 75.37733360389609
290.82771915584425 88.31909496753246
296.37418831168844 117.28398944805195
272.3394886363637 112.35379464285711
259.3977272727273 107.42359983766232
265.56047077922085 90.78419237012986
250.76988636363643 89.55164366883116
240.9094967532468 97.56321022727268
230.43283279220788 109.88869724025972
219.33989448051955 100.02830762987008
208.86323051948057 112.35379464285711
200.2353896103897 88.31909496753246
210.7120535714286 74.1447849025974
223.03754058441564 75.37733360389609
224.88636363636368 26.691659902597394
200.2353896103897 53.807731331168775
167.5728490259741 75.37733360389609
168.8053977272728 45.179890422077904
183.59598214285722 37.16832386363632
179.89833603896108 23.61028814935065
187.29362824675331 8.203429383116884
157.71245941558448 26.691659902597394
142.3056006493507 16.831270292207762
98.55012175324678 14.982447240259717
120.1197240259741 41.48224431818181
101.0152191558442 42.71479301948051
82.52698863636365 51.95890827922074
89.92228084415586 82.15635146103892
89.30600649350652 128.99320211038963
123.81737012987018 76.60988230519479
137.37540584415592 75.37733360389609
315.4786931818183 136.3884943181818
271.72321428571433 131.45829951298703
256.9326298701299 125.29555600649351
257.54890422077926 138.2373173701299
272.3394886363637 145.01633522727275
298.22301136363643 149.94653003246754
229.81655844155847 153.64417613636365
240.9094967532468 137.0047686688312
211.32832792207796 136.3884943181818
203.93303571428578 153.64417613636365
176.8169642857143 138.85359172077924
141.073051948052 153.64417613636365
49.248173701298725 124.67928165584416
80.67816558441561 124.06300730519479
86.22463474025977 96.94693587662334
36.30641233766235 95.0981128246753
62.189935064935106 79.69125405844153
38.77150974025977 53.807731331168775
371.5596590909092 133.92339691558442
406.0710227272728 99.4120332792208
388.19906655844164 88.31909496753246
399.9082792207793 63.66812094155841
356.7690746753248 89.55164366883116
370.3271103896105 49.493810876623336
346.9086850649351 49.493810876623336
340.12966720779224 30.38930600649348
359.2341720779222 29.773031655844136
374.02475649350663 21.1451907467532
407.9198457792209 21.1451907467532
439.96611201298714 26.07538555194805
484.33786525974034 14.982447240259717
496.6633522727274 14.982447240259717
517.6166801948052 8.203429383116884
317.3275162337663 39.63342126623377
299.4555600649351 39.63342126623377
303.7694805194806 19.912642045454504
256.9326298701299 43.33106737012986
237.2118506493507 47.6449878246753
248.30478896103904 9.43597808441558
234.74675324675334 9.43597808441558
207.63068181818187 12.517349837662323
343.21103896103904 104.34222808441558
348.1412337662338 166.5859375
332.73437500000006 159.80691964285714
359.8504464285715 146.8651582792208
489.2680600649351 148.71398133116884
480.02394480519496 129.60947646103898
488.03551136363643 114.8188920454545
506.52374188311705 120.36536120129865
488.6517857142859 103.10967938311688
455.3729707792209 84.00517451298703
425.17552759740266 56.27282873376623
451.6753246753249 157.9580965909091
425.79180194805207 133.92339691558442
175.58441558441564 114.20261769480516
155.24736201298708 122.83045860389609
139.84050324675331 100.02830762987008
117.0383522727273 88.31909496753246
457.8701298701298 101.0422077922078
475.30519480519473 97.55519480519479
12.694805194805156 134.75
28.967532467532465 161.48376623376623
27.805194805194787 6.89285714285711
35.94155844155841 25.49025974025972
459.0324675324675 133.58766233766232
581.077922077922 145.21103896103887
739.1558441558441 142.59577922077924
724.0454545454545 136.7840909090909
715.9090909090908 93.19642857142856
534.5844155844155 119.93019480519482
521.2175324675324 99.58928571428572
570.6168831168831 42.63474025974028
542.1396103896103 40.31006493506493
522.9610389610389 34.4983766233766
550.8571428571428 14.157467532467535
574.103896103896 119.93019480519482
684.5259740259739 133.29707792207793
662.4415584415583 124.57954545454547
648.4935064935064 163.51785714285717
664.7662337662337 161.19318181818184
632.2207792207791 155.3814935064935
700.2175324675324 165.26136363636365
757.1720779220778 133.29707792207793
749.0357142857142 125.1607142857143
728.6948051948051 115.86201298701297
744.9675324675324 91.4529220779221
756.590909090909 79.24837662337666
774.0259740259739 101.91396103896102
779.8376623376622 87.38474025974028
822.262987012987 73.43668831168833
826.9123376623376 103.65746753246754
804.827922077922 167.58603896103898
774.0259740259739 162.3555194805195
766.4707792207791 149.5698051948052
779.8376623376622 130.39123376623377
696.1493506493506 65.88149350649348
718.2337662337661 67.04383116883116
670.5779220779219 107.72564935064935
661.2792207792207 100.7516233766234
656.0487012987012 88.54707792207796
625.827922077922 96.10227272727275
612.4610389610389 102.49512987012986
618.853896103896 83.31655844155841
582.2402597402597 81.57305194805195
542.7207792207791 12.41396103896102
597.3506493506493 14.157467532467535
618.853896103896 20.550324675324646
618.2727272727273 40.31006493506493
646.168831168831 30.430194805194787
762.4025974025973 16.482142857142833
549.1136363636363 146.66396103896105
525.8668831168831 147.2451298701299
811.2207792207791 145.5016233766234
802.5032467532467 134.45941558441558
811.801948051948 119.93019480519482
799.0162337662337 111.79383116883116
799.0162337662337 95.52110389610391
796.6915584415584 79.24837662337666
528.7727272727271 64.13798701298703
493.9025974025973 60.06980519480522
506.1071428571428 49.60876623376623
511.3376623376622 71.11201298701297
453.801948051948 54.83928571428572
447.9902597402596 36.241883116883116
675.8084415584415 57.74512987012986
666.5097402597402 49.60876623376623
663.603896103896 32.1737012987013
725.2077922077921 28.105519480519494
711.840909090909 41.472402597402606
722.8831168831168 45.54058441558442
717.0714285714284 18.22564935064935
728.6948051948051 7.764610389610368
790.2987012987012 32.1737012987013
810.6396103896103 20.550324675324646
767.6331168831168 55.420454545454554
743.8051948051947 51.352272727272755
749.0357142857142 38.56655844155841
653.142857142857 6.021103896103909
828.0746753246752 33.33603896103898
778.0941558441558 57.16396103896101
731.0194805194805 85.06006493506493
686.8506493506493 91.4529220779221
713.5844155844155 174.56006493506496
723.4642857142857 170.49188311688312
746.12987012987 168.1672077922078
768.2142857142857 179.79058441558442
785.6493506493506 184.43993506493507
747.8733766233765 207.68668831168833
678.1331168831168 211.1737012987013
533.4220779220778 262.31655844155847
558.9935064935064 279.17045454545456
844.6331168831169 148.98863636363637
834.7532467532468 130.39123376623377
846.3766233766235 111.79383116883116
856.8376623376623 86.2224025974026
838.8214285714287 91.4529220779221
883.5714285714286 84.47889610389609
909.7240259740261 81.57305194805195
930.6461038961039 114.69967532467533
935.2954545454546 130.9724025974026
919.6038961038961 132.7159090909091
892.288961038961 120.51136363636365
898.6818181818182 143.17694805194807
859.1623376623377 144.33928571428572
878.3409090909091 144.92045454545456
970.1655844155845 137.36525974025975
952.7305194805195 51.93344155844159
967.8409090909091 44.37824675324674
952.7305194805195 24.618506493506516
932.9707792207793 11.832792207792181
932.9707792207793 32.75487012987014
912.6298701298701 34.4983766233766
911.4675324675325 24.618506493506516
967.2597402597403 18.22564935064935
985.8571428571429 8.926948051948045
967.2597402597403 104.81980519480521
950.4058441558442 106.5633116883117
956.2175324675325 75.18019480519479
969.5844155844156 56.0016233766234
919.0227272727273 72.27435064935065
916.1168831168832 61.23214285714289
891.7077922077923 56.0016233766234
874.8538961038961 55.420454545454554
856.8376623376623 58.907467532467535
838.2402597402598 46.7029220779221
859.1623376623377 34.4983766233766
849.2824675324675 19.969155844155864
883.5714285714286 26.362012987012974
796.9772727272727 52.51461038961037
925.4155844155845 92.03409090909092
989.9253246753248 119.93019480519482
985.275974025974 107.72564935064935
1000.3863636363636 96.10227272727275
980.0454545454546 65.30032467532465
944.0129870129871 90.29058441558442
691.2045454545455 130.39123376623377
711.5454545454546 121.6737012987013
864.974025974026 121.6737012987013
871.3668831168832 105.98214285714286
912.6298701298701 105.98214285714286
598.7987012987013 182.6964285714286
901.297077922078 319.99756493506493
799.301948051948 287.4521103896104
426.48701298701303 84.76948051948023
596.1883116883116 53.38636363636339
847.2532467532467 568.301948051948
998.3571428571427 47.574675324675354
941.4025974025972 540.4058441558441
1013.4675324675322 483.45129870129864
713.5844155844154 536.9188311688312
948.224025974026 129.08360389610388
928.4642857142857 83.75243506493506
896.5 78.81249999999999
843.9042207792207 81.42775974025973
893.8847402597403 138.96347402597402
969.7272727272727 163.37256493506493
1017.8214285714287 631.3587662337663
891.1266233766235 576.1477272727274
882.9902597402597 628.4529220779222
822.5487012987013 429.69318181818187
880.6655844155845 561.0373376623377
803.3701298701299 604.6250000000001
772.5681818181818 609.8555194805195
1005.6168831168832 537.7905844155845
795.2337662337662 451.19642857142867
765.3084415584417 366.926948051948
735.0876623376626 375.0633116883116
742.6428571428573 362.8587662337661
835.6298701298701 210.5925324675324
627.5714285714287 260.5730519480519
1012.3051948051946 63.847402597402606
1018.116883116883 17.35389610389609
688.012987012987 27.81493506493507
565.9675324675325 15.029220779220736
361.39610389610385 11.542207792207819
327.68831168831167 11.542207792207819
1004.168831168831 80.12012987012986
1012.3051948051946 80.12012987012986
983.2467532467531 370.7045454545454
986.7337662337661 349.7824675324675
998.3571428571427 562.4902597402597
241.6753246753246 568.301948051948
132.41558441558436 463.6915584415584
197.50649350649343 269.5811688311688
256.7857142857143 185.8928571428571
241.6753246753246 174.26948051948045
281.19480519480516 176.5941558441558
330.0129870129869 188.21753246753246
321.8766233766233 174.26948051948045
298.6298701298701 192.8668831168831
1018.9837662337662 178.62824675324677
967.8409090909091 182.11525974025975
942.8506493506494 182.11525974025975
921.9285714285714 174.56006493506493
913.7922077922078 161.77435064935065
897.5194805194806 176.30357142857144
882.409090909091 175.7224025974026
866.1363636363636 180.37175324675326
848.1201298701299 176.88474025974025
824.8733766233767 178.62824675324677
859.7435064935065 160.03084415584416
843.4707792207793 160.03084415584416
891.1266233766235 155.3814935064935
605.7727272727273 278.58928571428567
447.6948051948052 483.74188311688306
447.6948051948052 486.0665584415584
1016.9545454545453 134.75
990.2207792207791 141.72402597402595
306.7662337662337 166.13311688311683
74.2987012987013 6.89285714285711
622.9220779220777 6.89285714285711
627.5714285714284 68.4967532467532
509.0129870129869 89.41883116883116
490.4155844155843 76.63311688311683
482.2792207792207 39.438311688311614
300.95454545454544 55.71103896103899
97.5454545454545 118.47727272727275
419.40909090909093 37.28521478521475
429.63886113886116 13.75674325674322
104.33216783216785 68.99750249750241
284.3761238761239 323.7187812187812
370.3061938061939 100.70979020979019
213.27922077922088 48.30319680319678
