23.11482003365376 468.70618493235014
120.72801893374539 528.775845793945
161.08732232512946 463.0746542265756
174.2275606386033 372.0315744832208
4.34305101440536 384.2332243457323
77.55295018947415 278.17272938697886
175.16614908956578 282.8656716417909
209.8939217751753 295.06732150430247
269.0249941858077 297.8830868571897
281.22664404831914 373.9087513851457
247.4374598136721 368.27722067937117
193.93791810881413 235.93624909366994
214.5868640299874 221.85742232923369
265.27064038195806 217.16448007442153
130.1139034433696 230.30471838789546
53.14965046445118 217.16448007442153
86.00024624813588 204.9628302119101
2.4658741124805412 152.40187695801458
31.56211609231555 154.2790538599394
118.85084203182058 166.4807037224509
152.6400262664677 173.05082287918782
128.23672654144477 135.50728484069103
82.24589244428618 114.85833891951779
107.58778062027156 86.70068539064519
28.74635073942827 97.9637468021942
8.09740481825505 33.20114368578728
28.74635073942827 47.279970450223516
27.80776228846586 5.043490156914679
9.035993269217458 9.736432411726724
59.719769621188156 20.06090537231333
89.75460005198556 44.4642050973363
122.60519583567027 51.972912705035675
76.37971462577119 0.7042696690697805
102.19089702723774 32.146982776310864
138.7958466147721 26.984746296017562
143.019494644103 53.73451714844652
146.77384844795264 94.09382053983057
119.55478337004249 71.09840349125128
178.68585578067493 89.87017251049969
173.52361930038163 50.91875179555926
189.4796229667428 59.36604785422106
197.92691902540452 44.34863263882232
208.72068621147235 48.102986442671984
206.84350930954753 13.844507982543671
217.6372764956154 16.660273335430954
242.0405762206383 13.375213757062467
259.404462563443 6.805094600325548
232.1853974855329 34.96274812919815
248.14140115189397 67.81334391288281
241.10198776967584 98.31746856916148
248.14140115189397 126.47512209803406
222.7995129759087 109.5805299807105
220.92233607398381 133.04524125477099
192.7646825451112 135.39171238217705
195.1111536725173 167.77301394038054
271.60611242595456 174.34313309711746
283.3384680629847 133.04524125477099
279.1148200336538 78.13781687346943
302.5795313077144 78.13781687346943
316.18906384666946 72.97558039317613
299.76376595482714 52.32663447200288
278.1762315826914 28.392628972461175
288.0314103177969 8.212977276769163
302.5795313077144 1.6428581200322439
314.7811811702258 32.61627700179207
336.83800976784266 7.743683051287958
351.8554249832414 38.24780770756658
348.1010711793917 14.313802208024876
368.28072287508377 18.068156011874567
367.34213442412135 37.30921925660417
382.35954963952 19.47603868831818
384.23672654144485 3.5200350219570615
387.5217861198133 39.186396158529014
356.54836723805346 62.65110743258949
379.0744900611515 59.83534207970226
364.526369071234 87.52370138309362
317.5969465231131 104.41829350041718
303.987413984158 112.86558955907897
291.7857641216465 100.6639396965675
336.36871554236143 108.64194152974808
331.67577328754936 142.43112576439518
329.79859638562453 175.2817215480799
311.49612159185733 234.88208818419355
276.2990546807666 241.4522073409305
350.44754230679774 190.76843098895984
385.1753149924072 179.5053695774108
377.66660738470796 149.0012449211321
400.192730207806 155.10206985238787
396.43837640395634 110.98841265715413
404.88567246261806 124.59794519610922
418.02591077609196 85.64652448116877
390.8068456981818 63.589695883551926
418.49520500157314 60.304636305183465
409.5786147174302 46.225809540747164
425.5346183837914 23.699686717649072
428.81967796215974 43.41004418785991
416.1487338741672 39.65569038401022
425.5346183837914 3.5200350219570615
444.30638740303976 9.15156572773157
433.5126202169719 16.190979109949748
439.14415092274646 31.208394325348458
462.6088621968069 30.269805874385995
450.4072123342955 44.81792686430353
473.4026293828748 19.47603868831818
486.5428676963486 29.331217423423585
469.17898135354386 58.89675362873982
479.97274853961164 56.550282501333776
459.79309684391967 73.91416884413856
477.6262774122057 78.13781687346943
442.8985047265961 88.93158405953729
424.59602993282897 106.76476462782325
418.9644992270544 147.59336224468848
426.9425010602349 159.32571788171873
450.87650655977666 162.61077746008723
429.288972187641 193.11490211636587
410.04790894291136 196.39996169473434
420.8416761289792 234.88208818419355
408.17073204098654 272.8949204481716
460.7316852948821 237.6978535370808
492.6436926276043 234.41279395871234
481.3806312160553 188.89125408703498
487.481456147311 135.39171238217705
487.01216192182983 103.47970504945478
322.52453589066556 367.33863222840876
352.55936632146313 289.4357907985279
386.3485505561102 377.6631051889954
345.9892471647261 346.68968630723555
411.6904387320955 442.42570830540234
333.7875973022147 548.4862032641557
394.79584661477196 552.2405570680055
473.6372764956152 556.9334993228175
447.3567998686674 461.1974773246507
498.9791646716006 448.9958274621393
472.6986880446528 362.64568997359663
455.80409592732923 336.3652133466489
511.180814534112 346.68968630723555
431.40079620230637 282.8656716417909
471.76009959369037 289.4357907985279
491.47045706390116 308.2075598177763
513.9965798869993 240.62919134848204
505.5492838283374 236.87483754463233
558.110237082233 189.94541499651135
515.8737567889241 162.72634991860122
512.1194029850744 128.9371656839541
528.0754066514356 135.50728484069103
545.9085872197214 166.4807037224509
560.9260024351203 289.4357907985279
561.8645908860826 349.5054516601228
559.9874139841578 441.4871198544399
559.0488255331954 495.9252500102603
591.8994213168801 511.8812536766215
712.0387430400698 536.2845534016443
712.0387430400698 502.49536916699725
735.5034543141303 485.60077704967364
669.8022627467609 429.2854699919285
697.9599162756334 410.5137009726801
728.9333351573933 417.08382012941695
773.0469923526272 426.4697046390412
613.4869556890156 329.3257999644307
637.4209611885574 338.2423902485737
630.3815478063392 263.62460839706137
660.8856724626178 288.0279081220842
656.6620244332869 249.54578163262502
667.9250858448361 244.38354515233172
678.2495588054227 248.6071931816626
698.4292105011147 250.48437008358744
721.8939217751752 246.7300162797378
721.4246275496939 280.9884947398661
747.7051041766417 276.7648467105352
722.8325102261376 341.5274498269422
696.5520335991898 341.5274498269422
734.5648658631677 339.65027292501736
758.0295771372283 333.0801537682804
793.6959382738003 339.65027292501736
811.059824616605 337.3038017976113
827.4851225084474 341.9967440524234
838.7481839199963 388.4568723750632
770.2312269997398 484.19289437323005
760.3760482646344 278.17272938697886
787.5951133425446 282.39637741630975
810.1212361656426 285.6814369946782
784.3100537641761 250.48437008358744
762.2532251665592 241.0984855739633
860.3357182921321 482.78501169678634
889.4319602719671 489.35513085352335
887.5547833700423 454.6273581679138
911.9580830950651 457.44312352080107
953.2559749374116 392.6805204043941
972.9663324076225 445.24147365828964
976.7206862114722 375.78592828707053
917.5896138008396 389.86475505150685
868.5483672380535 330.73368264087435
842.2678906111057 318.0627385528816
890.1359016101891 327.4486230625059
931.9030876780168 328.8565057389495
936.1267357073477 312.9005020725883
941.288972187641 310.08473671970114
968.0387430400699 279.1113178379412
996.6656907944238 242.50636825040684
1002.7665157256795 284.2735543182345
1002.7665157256795 315.24697319999444
959.122152755927 256.5851950148431
956.7756816285209 217.63377429990274
975.0781564222882 219.51095120182757
987.2798062847995 223.73459923115846
916.4163782371369 252.36154698551226
932.8416761289792 260.33954881869283
936.1267357073477 223.26530500567725
907.4997879529939 281.4577889653473
888.2587247082643 252.83084121099353
890.6051958356703 291.7822619259339
880.2807228750837 288.49720234756546
869.0176614635348 285.68143699467817
852.5923635716923 288.49720234756546
818.333885111564 224.67318768212093
847.430127091399 250.95366430906864
601.2853058265042 210.12506669220335
617.2413094928654 201.67777063354157
575.0048291995564 189.4761207710301
578.7591830034062 160.84917301667633
596.5923635716921 152.40187695801455
513.9965798869993 101.71810060604385
526.1982297495107 109.22680821374323
537.9305853865409 106.88033708633718
558.1102370822329 114.38904469403654
575.9434176505189 122.3670465272171
608.3247192087225 120.02057539981105
611.1404845616096 130.34504836039767
633.6666073847077 122.83634075269833
658.0699071097306 128.93716568395405
650.5611995020313 139.73093287002186
642.1139034433695 166.01140949696963
648.2147283746252 171.17364597726294
658.0699071097306 176.33588245755624
682.9425010602347 166.01140949696963
706.8765065597764 174.4587055556314
691.3897971188965 175.39729400659382
698.8985047265959 204.96283021191005
719.078156422288 204.96283021191005
726.117569804506 179.6209420359247
737.8499254415362 185.25247274169925
737.8499254415362 210.59436091768455
772.1084039016647 218.57236275086515
788.0644075680257 218.57236275086515
804.0204112343869 204.96283021191005
825.1386513810414 180.55953048688716
842.5025377238461 216.6951858489403
800.7353516560185 158.50270188927024
793.226644048319 163.66493836956357
808.713353489199 168.82717484985687
797.9195863031312 141.6081097719467
810.1212361656426 138.32305019357824
805.8975881363117 118.1433984978862
827.0158282829661 123.30563497817953
819.5071206752668 98.90233525315662
802.6125285579433 100.31021792960024
823.7307687045977 78.72268355746455
747.7051041766417 97.96374680219417
773.0469923526271 78.72268355746455
744.8893388237544 121.89775230173589
753.8059291078974 132.22222526232252
784.3100537641761 117.2048100469238
756.6216944607846 159.9105845657139
736.9113369905739 159.44129034023265
715.3238026184382 155.2176423109018
693.2669740208214 146.77034625224005
677.3109703544602 135.50728484069097
665.57861471743 109.22680821374323
686.2275606386032 113.45045624307413
703.591446981408 112.04257356663048
733.1569831867242 112.04257356663048
719.5474506477691 74.96832975361492
728.464040931912 75.43762397909613
653.8462590803997 81.06915468487064
629.912253580858 103.5952775079687
602.2238942774667 84.35421426323911
585.329302160143 99.37162947863783
585.329302160143 111.57327934114926
566.5575331408946 90.45503919449483
544.9699987687591 84.35421426323911
583.4521252582183 82.00774313583304
603.162482728429 68.39821059687795
528.5447008769167 81.06915468487064
486.77751480908904 81.06915468487064
497.10198776967565 77.78409510650215
508.8343434067059 78.72268355746455
552.0094121509771 70.27538749880281
495.694105093232 15.72168488446849
505.5492838283374 16.190979109949748
520.5666990437361 16.660273335430954
522.9131701711422 35.43204235467935
537.9305853865409 33.08557122727328
514.4658741124804 49.04157489363441
558.5795313077141 38.24780770756658
571.2504753957069 11.028742629656444
579.6977714543686 11.967331080618854
580.1670656798498 38.24780770756658
606.4475423067976 23.699686717649072
613.0176614635345 9.620859953212776
628.0350766789331 30.73910009986725
639.7674323159634 61.71251898162708
646.8068456981816 42.940749962378675
667.4557916193548 49.98016334459686
642.5831976688506 30.73910009986725
654.3155533058809 16.660273335430954
670.7408511977233 33.08557122727328
685.758266413122 52.79592869748409
725.1789813535437 53.73451714844652
740.1963965689423 61.71251898162708
705.937918108814 18.53745023735577
677.7802645799414 3.0507407964758575
715.7930968439194 3.5200350219570615
879.8114286496025 217.5182018413888
876.9956632967153 233.0049112822687
899.9910803452946 212.35596536109549
866.2018961106475 194.5227847928095
845.5529501894741 199.6850212731028
847.430127091399 183.72901760674168
890.1359016101891 195.46137324377193
912.192730207806 192.17631366540346
932.3723819034981 191.70701943992228
938.9425010602349 172.93525042067384
976.4860390987317 173.40454464615505
1006.0515753040481 217.04890761590758
991.5034543141304 149.0012449211321
1003.7051041766418 123.6593567451468
992.9113369905741 103.47970504945478
983.5254524809499 126.47512209803406
957.7142700794833 126.00582787255284
946.4512086679343 149.93983337209454
930.025910776092 150.87842182305698
901.3989630217382 167.77301394038054
937.0653241583101 126.94441632351527
912.192730207806 122.25147406870317
870.8948383654596 168.24230816586174
874.1798979438279 152.2863044995006
843.6757732875494 139.61536041150794
853.0616577971736 121.31288561774073
876.5263690712341 110.04982420619169
850.7151866697675 79.54569954991307
871.8334268164219 84.70793603020637
845.083655963993 61.71251898162708
869.0176614635348 66.40546123643918
860.1010711793917 55.14239982489016
807.5401179254962 37.77851348208537
831.0048291995566 42.940749962378675
792.9919969355788 59.83534207970226
765.3036376321872 63.589695883551926
754.9791646716006 15.252390658987284
788.2990546807665 30.269805874385995
896.706020766926 9.15156572773157
932.3723819034981 23.699686717649072
956.7756816285209 28.86192319794238
983.5254524809499 22.291804041205463
970.8545083929573 4.927917698400676
969.4466257165136 42.00216151141627
996.1963965689425 63.589695883551926
945.0433259914906 39.186396158529014
904.6840226001066 55.14239982489016
939.4117952857162 85.64652448116877
909.8462590803999 107.70335307878567
826.7811811702258 105.35688195137959
