440.6006493506494 553.1793831168832
475.04220779220793 539.1875000000001
533.1623376623378 511.2037337662339
54.209415584415694 569.3238636363637
90.8035714285715 609.1469155844156
138.1607142857144 549.9504870129871
162.91558441558448 528.424512987013
216.73051948051955 511.2037337662339
252.24837662337666 518.7378246753248
336.19967532467547 539.1875000000001
382.48051948051955 500.4407467532468
570.8327922077923 515.5089285714287
613.8847402597404 499.36444805194805
669.8522727272729 473.5332792207793
715.0568181818182 450.9310064935066
726.896103896104 455.23620129870136
719.362012987013 490.7540584415585
750.5746753246754 468.1517857142857
777.4821428571429 443.39691558441564
788.2451298701299 467.0754870129871
803.3133116883118 453.08360389610397
838.831168831169 439.09172077922085
807.6185064935066 435.8628246753248
879.7305194805197 493.98295454545456
865.7386363636365 452.0073051948053
880.8068181818182 435.8628246753248
905.5616883116884 429.4050324675325
923.8587662337663 433.71022727272737
905.5616883116884 414.3368506493507
881.883116883117 415.4131493506494
922.7824675324675 392.8108766233767
915.2483766233768 405.7264610389611
882.9594155844156 396.0397727272728
845.2889610389611 398.1923701298702
833.4496753246754 421.87094155844164
789.3214285714287 420.7946428571429
766.7191558441559 421.87094155844164
736.5827922077924 436.9391233766234
730.125 411.10795454545456
716.133116883117 411.10795454545456
704.2938311688313 422.94724025974034
670.9285714285716 438.01542207792215
659.0892857142858 424.02353896103904
668.7759740259742 420.7946428571429
690.3019480519481 411.10795454545456
675.2337662337663 405.7264610389611
646.1737012987014 408.9553571428572
83.26948051948062 477.83847402597416
141.38961038961048 469.2280844155845
119.86363636363643 444.47321428571433
106.94805194805201 426.1761363636365
70.3538961038962 405.7264610389611
40.21753246753258 390.6582792207793
59.59090909090918 383.1241883116884
99.41396103896113 380.971590909091
143.54220779220788 398.1923701298702
128.47402597402606 393.8871753246754
128.47402597402606 377.7426948051949
131.70292207792215 369.1323051948053
119.86363636363643 362.6745129870131
128.47402597402606 355.14042207792215
158.6103896103897 358.36931818181824
159.68668831168839 380.971590909091
174.7548701298702 368.0560064935066
162.91558441558448 396.0397727272728
183.36525974025983 380.971590909091
169.3733766233767 428.3287337662338
177.98376623376635 411.10795454545456
144.61850649350657 420.7946428571429
201.6623376623378 443.39691558441564
225.34090909090912 475.6858766233767
245.79058441558445 428.3287337662338
232.8750000000001 433.71022727272737
233.9512987012988 411.10795454545456
222.11201298701303 396.0397727272728
249.01948051948057 396.0397727272728
269.4691558441559 424.02353896103904
283.4610389610391 461.69399350649365
252.24837662337666 383.1241883116884
238.2564935064936 393.8871753246754
242.56168831168839 373.43750000000006
236.1038961038962 368.0560064935066
326.5129870129871 460.6176948051949
343.73376623376635 446.6258116883117
338.35227272727286 429.4050324675325
312.521103896104 431.55762987013
308.2159090909091 407.8790584415585
287.7662337662339 411.10795454545456
377.09902597402606 461.69399350649365
447.0584415584417 438.01542207792215
463.20292207792215 421.87094155844164
476.11850649350663 401.4212662337663
443.8295454545455 391.734577922078
433.0665584415585 396.0397727272728
410.4642857142858 405.7264610389611
402.9301948051949 433.71022727272737
378.17532467532476 422.94724025974034
376.02272727272737 406.80275974025983
359.8782467532468 406.80275974025983
344.81006493506504 403.57386363636374
326.5129870129871 388.50568181818187
311.4448051948053 383.1241883116884
321.1314935064936 376.6663961038962
307.1396103896104 391.734577922078
286.6899350649352 383.1241883116884
39.19399350649351 379.08806818181824
47.804383116883116 373.70657467532476
74.1737012987013 376.39732142857144
68.79220779220779 378.01176948051955
69.33035714285714 362.9435876623377
78.47889610389609 361.3291396103897
78.47889610389609 352.71875000000006
77.94074675324674 343.57021103896113
67.7159090909091 346.2609577922078
59.64366883116884 352.71875000000006
53.18587662337663 354.87134740259745
39.19399350649351 354.87134740259745
39.19399350649351 348.9517045454546
41.884740259740255 346.2609577922078
42.4228896103896 343.0320616883117
60.71996753246754 340.34131493506493
54.262175324675326 336.03612012987014
89.78003246753246 344.1083603896104
88.70373376623377 355.4094967532468
95.16152597402595 354.87134740259745
89.78003246753246 350.5661525974026
94.6233766233766 345.1846590909091
102.15746753246754 360.252840909091
108.61525974025972 366.7106331168832
96.775974025974 372.63027597402606
123.14529220779217 350.0280032467533
115.6112012987013 346.2609577922078
110.22970779220776 346.2609577922078
107.00081168831167 347.3372564935065
109.69155844155841 341.4176136363637
126.37418831168827 344.1083603896104
138.213474025974 350.5661525974026
133.37012987012986 345.1846590909091
147.90016233766232 354.87134740259745
141.98051948051943 353.79504870129875
150.59090909090907 382.8551136363637
148.43831168831167 386.08400974025983
202.7913961038961 375.32102272727275
185.57061688311683 370.4776785714286
231.85146103896102 383.9314123376624
213.0162337662337 367.78693181818187
214.63068181818176 359.1765422077923
227.54626623376618 361.867288961039
197.9480519480519 359.1765422077923
222.70292207792204 354.87134740259745
217.32142857142856 351.64245129870136
209.24918831168827 351.64245129870136
200.1006493506493 350.0280032467533
187.72321428571428 353.79504870129875
178.03652597402595 352.71875000000006
158.125 351.104301948052
154.89610389610385 354.87134740259745
171.04058441558436 343.57021103896113
219.47402597402595 339.2650162337663
209.24918831168827 337.65056818181824
238.84740259740255 353.79504870129875
249.07224025974023 359.1765422077923
254.45373376623368 353.79504870129875
253.91558441558433 346.2609577922078
240.4618506493506 346.2609577922078
280.28490259740255 365.0961850649351
281.36120129870125 377.47362012987014
292.6623376623376 374.24472402597405
293.20048701298697 358.6383928571429
286.2045454545454 358.6383928571429
289.43344155844153 353.79504870129875
294.814935064935 350.0280032467533
279.20860389610385 350.5661525974026
283.51379870129864 346.2609577922078
265.7548701298701 343.57021103896113
258.75892857142856 342.4939123376624
311.4975649350649 339.2650162337663
270.0600649350649 402.7666396103897
313.1120129870129 369.4013798701299
321.72240259740255 357.5620941558442
334.63798701298697 360.252840909091
332.4853896103896 351.104301948052
340.01948051948045 351.104301948052
337.86688311688306 343.57021103896113
359.9310064935064 351.64245129870136
352.3969155844155 354.3331980519481
357.2402597402597 367.78693181818187
367.4650974025974 367.78693181818187
370.6939935064935 350.5661525974026
378.76623376623365 347.3372564935065
371.2321428571428 345.1846590909091
375.53733766233756 339.80316558441564
384.68587662337654 337.65056818181824
404.5974025974025 346.2609577922078
412.6696428571428 358.6383928571429
342.17207792207785 362.4054383116884
341.09577922077915 369.93952922077926
335.71428571428567 376.39732142857144
345.93912337662334 379.08806818181824
365.3124999999999 379.08806818181824
376.61363636363626 383.9314123376624
376.07548701298697 372.63027597402606
393.8344155844155 364.01988636363643
387.37662337662334 359.1765422077923
393.8344155844155 354.3331980519481
405.1355519480519 357.5620941558442
413.2077922077922 350.0280032467533
422.89448051948045 356.4857954545455
437.9626623376622 350.0280032467533
433.6574675324674 365.0961850649351
377.68993506493496 392.0036525974026
393.8344155844155 385.00771103896113
405.1355519480519 392.0036525974026
417.51298701298697 381.77881493506493
418.05113636363626 369.4013798701299
402.9829545454545 367.78693181818187
340.01948051948045 338.72686688311694
333.5616883116883 340.34131493506493
323.3368506493506 348.9517045454546
301.8108766233766 350.0280032467533
398.6777597402597 351.64245129870136
446.0349025974025 368.86323051948057
460.02678571428567 365.0961850649351
453.56899350649337 355.4094967532468
456.7978896103896 344.1083603896104
447.6493506493506 346.7991071428572
471.86607142857133 354.3331980519481
478.8620129870129 359.1765422077923
468.63717532467524 366.7106331168832
463.79383116883105 376.93547077922085
470.78977272727263 388.7747564935065
473.48051948051943 481.8745941558442
342.17207792207785 341.95576298701303
267.9074675324675 338.18871753246754
273.82711038961037 335.49797077922085
237.2329545454545 334.95982142857144
246.3814935064935 342.4939123376624
246.3814935064935 338.72686688311694
249.07224025974023 338.72686688311694
237.2329545454545 339.80316558441564
203.32954545454544 334.42167207792215
168.88798701298697 332.2690746753247
167.27353896103892 338.18871753246754
386.83847402597394 352.1806006493507
411.5933441558441 341.95576298701303
441.1915584415584 338.18871753246754
477.1948051948053 450.9310064935066
487.95779220779224 433.71022727272737
513.7889610389611 420.7946428571429
492.26298701298714 403.57386363636374
490.11038961038975 411.10795454545456
522.3993506493507 400.34496753246765
540.6964285714287 383.1241883116884
553.612012987013 413.260551948052
542.8490259740261 458.4650974025974
517.0178571428572 459.5413961038962
509.4837662337664 485.372564935065
552.5357142857143 475.6858766233767
585.9009740259742 462.77029220779224
594.5113636363637 441.24431818181824
599.8928571428572 436.9391233766234
571.909090909091 435.8628246753248
577.2905844155845 420.7946428571429
600.9691558441559 411.10795454545456
586.9772727272729 400.34496753246765
577.2905844155845 396.0397727272728
595.5876623376624 386.3530844155845
603.1217532467533 390.6582792207793
585.9009740259742 380.971590909091
580.5194805194806 370.20860389610397
594.5113636363637 375.5900974025974
654.784090909091 373.43750000000006
623.5714285714287 396.0397727272728
654.784090909091 396.0397727272728
551.4594155844156 386.3530844155845
627.8766233766235 433.71022727272737
614.9610389610391 418.64204545454555
633.2581168831169 468.1517857142857
614.9610389610391 467.0754870129871
640.7922077922079 444.47321428571433
680.6152597402598 450.9310064935066
732.2775974025974 388.50568181818187
688.1493506493507 385.2767857142857
682.7678571428572 396.0397727272728
702.1412337662339 390.6582792207793
701.0649350649351 375.5900974025974
713.9805194805197 371.28490259740266
701.0649350649351 368.0560064935066
674.1574675324676 362.6745129870131
669.8522727272729 352.9878246753248
678.4626623376624 352.9878246753248
660.1655844155845 362.6745129870131
496.56818181818187 378.81899350649365
478.271103896104 373.43750000000006
484.7288961038962 365.9034090909092
499.79707792207796 365.9034090909092
510.5600649350651 373.43750000000006
513.7889610389611 363.7508116883117
520.2467532467533 362.6745129870131
534.2386363636365 368.0560064935066
560.0698051948053 369.1323051948053
748.422077922078 390.6582792207793
743.0405844155846 407.8790584415585
769.9480519480521 391.734577922078
792.5503246753249 393.8871753246754
804.3896103896104 392.8108766233767
811.9237012987014 407.8790584415585
822.6866883116884 400.34496753246765
817.3051948051948 383.1241883116884
838.831168831169 377.7426948051949
888.3409090909092 383.1241883116884
898.0275974025974 380.971590909091
910.943181818182 384.2004870129871
914.172077922078 368.0560064935066
907.7142857142858 373.43750000000006
893.7224025974026 368.0560064935066
896.9512987012988 356.21672077922085
905.5616883116884 352.9878246753248
907.7142857142858 345.4537337662338
920.6298701298701 346.5300324675325
877.5779220779223 343.3011363636365
859.2808441558443 343.3011363636365
849.5941558441559 345.4537337662338
844.2126623376623 350.83522727272737
829.1444805194806 365.9034090909092
872.1964285714287 373.43750000000006
859.2808441558443 385.2767857142857
864.6623376623377 390.6582792207793
852.8230519480521 391.734577922078
352.3441558441559 428.3287337662338
343.73376623376635 420.7946428571429
222.11201298701303 616.6810064935065
541.7727272727274 352.9878246753248
567.6038961038962 368.0560064935066
604.198051948052 373.43750000000006
619.2662337662339 369.1323051948053
624.6477272727274 358.36931818181824
547.6923701298701 397.38514610389615
554.6883116883117 368.86323051948057
545.0016233766235 361.3291396103897
551.4594155844156 352.71875
560.0698051948052 351.104301948052
577.8287337662338 358.6383928571429
590.7443181818182 357.02394480519484
590.7443181818182 345.72280844155847
590.2061688311688 348.9517045454546
240.40909090909102 362.4054383116884
327.58928571428584 353.2568993506494
483.65259740259745 354.8713474025974
469.122564935065 344.6465097402598
477.19480519480527 343.5702110389611
496.56818181818187 352.71875
480.42370129870136 347.3372564935065
484.72889610389615 344.6465097402598
485.80519480519484 373.7065746753247
507.86931818181824 346.2609577922078
510.02191558441564 351.104301948052
543.3871753246754 347.3372564935065
519.1704545454546 336.03612012987014
569.7564935064936 352.1806006493507
553.612012987013 345.72280844155847
617.1136363636364 352.1806006493507
625.1858766233767 348.4135551948052
610.6558441558442 360.252840909091
651.0170454545455 367.24878246753246
642.4066558441559 362.4054383116884
635.4107142857143 355.94764610389615
644.0211038961039 351.104301948052
640.2540584415585 352.71875
640.2540584415585 347.3372564935065
633.7962662337662 346.2609577922078
526.1663961038961 350.0280032467532
530.471590909091 350.0280032467532
536.3912337662338 347.33725649350646
518.6323051948052 352.71874999999994
503.5641233766234 339.8031655844155
576.2142857142858 342.4939123376623
631.643668831169 338.18871753246754
653.7077922077922 350.0280032467532
645.6355519480519 348.4135551948052
655.8603896103896 343.570211038961
666.0852272727273 345.184659090909
704.2938311688313 349.48985389610385
715.5949675324675 359.7146915584415
724.2053571428571 361.3291396103896
724.7435064935064 367.78693181818176
734.9683441558441 376.3973214285714
717.7475649350649 383.3932629870129
669.8522727272727 375.85917207792204
632.7199675324675 383.3932629870129
711.2897727272727 347.33725649350646
734.4301948051948 355.9476461038961
741.9642857142858 356.4857954545454
726.8961038961038 349.48985389610385
719.362012987013 351.1043019480519
718.8238636363637 347.33725649350646
729.5868506493507 345.7228084415584
733.3538961038962 341.9557629870129
730.6631493506493 338.7268668831168
582.1339285714286 337.1124188311688
591.2824675324675 340.8794642857142
656.9366883116884 353.7950487012987
688.1493506493507 352.1806006493506
693.5308441558441 360.2528409090909
694.0689935064936 367.24878246753246
727.9724025974026 396.3088474025974
752.1891233766233 372.09212662337666
767.7954545454545 369.93952922077926
741.4261363636364 364.0198863636364
750.036525974026 364.5580357142857
751.6509740259739 359.7146915584416
751.1128246753246 353.2568993506494
757.0324675324675 349.4898538961039
743.5787337662338 345.7228084415584
739.8116883116884 346.2609577922078
757.5706168831168 337.11241883116884
783.9399350649351 338.18871753246754
803.851461038961 344.6465097402597
817.8433441558441 340.87946428571433
872.1964285714286 364.0198863636364
867.3530844155844 360.2528409090909
829.6826298701299 358.6383928571429
819.9959415584416 361.32913961038963
818.9196428571429 369.93952922077926
799.0081168831168 353.7950487012987
785.5543831168831 360.7909902597403
792.0121753246754 379.0880681818182
784.4780844155844 367.78693181818187
782.325487012987 380.1643668831169
789.859577922078 385.007711038961
762.413961038961 355.9476461038961
768.3336038961039 341.4176136363636
763.4902597402597 339.80316558441564
722.590909090909 338.18871753246754
892.1079545454545 348.4135551948052
879.7305194805194 362.40543831168833
851.7467532467532 369.93952922077926
799.5462662337662 366.17248376623377
810.3092532467532 369.93952922077926
773.176948051948 373.7065746753247
801.6988636363636 381.24066558441564
877.577922077922 347.3372564935065
866.2767857142857 414.60592532467535
859.8189935064935 399.5377435064935
657.4748376623377 409.22443181818187
804.9277597402597 351.6424512987014
917.3482142857142 375.32102272727286
927.5730519480519 367.7869318181819
918.4245129870129 357.56209415584425
849.0032467532467 358.1002435064936
826.4009740259739 346.26095779220793
788.1923701298701 341.41761363636374
781.7345779220778 350.5661525974027
774.200487012987 342.49391233766244
808.103896103896 347.33725649350663
733.8392857142857 366.71063311688323
763.9756493506493 380.164366883117
683.7913961038961 361.3291396103897
641.2775974025974 334.95982142857156
643.9683441558441 334.95982142857156
637.5105519480519 334.95982142857156
653.6550324675325 325.27313311688323
148.01948051948048 343.5324675324676
159.55194805194802 340.6493506493507
145.1363636363636 336.80519480519484
138.40909090909085 339.6883116883118
99.96753246753238 338.72727272727286
89.39610389610382 335.8441558441559
282.56493506493507 337.7662337662338
287.37012987012986 337.7662337662338
293.1363636363636 337.7662337662338
296.01948051948057 339.6883116883118
72.81818181818184 339.6883116883117
73.29870129870133 335.8441558441559
66.57142857142861 341.12987012987014
63.68831168831173 335.8441558441559
93.48051948051952 338.72727272727275
94.92207792207796 332.4805194805195
100.20779220779224 334.4025974025974
108.3766233766234 334.8831168831169
105.974025974026 338.72727272727275
112.22077922077924 336.8051948051948
119.90909090909093 338.72727272727275
117.02597402597405 333.92207792207796
121.35064935064938 337.28571428571433
127.11688311688316 336.32467532467535
132.8831168831169 334.4025974025974
137.6883116883117 335.8441558441559
134.80519480519482 337.28571428571433
152.5844155844156 337.28571428571433
155.4675324675325 338.24675324675326
155.94805194805198 333.4415584415584
151.62337662337663 333.4415584415584
162.67532467532467 336.8051948051948
163.15584415584416 341.12987012987014
175.1688311688312 335.3636363636364
177.0909090909091 339.6883116883117
178.53246753246756 344.012987012987
183.33766233766235 337.76623376623377
187.18181818181822 338.72727272727275
185.25974025974025 343.53246753246754
190.0649350649351 344.012987012987
193.42857142857142 341.61038961038963
193.42857142857142 336.32467532467535
198.23376623376626 341.12987012987014
203.51948051948054 341.12987012987014
211.2077922077922 343.53246753246754
207.84415584415584 344.012987012987
218.4155844155844 344.97402597402595
214.57142857142858 339.6883116883117
214.57142857142858 333.92207792207796
218.4155844155844 332.961038961039
223.22077922077924 333.92207792207796
226.5844155844156 332.961038961039
224.66233766233765 340.16883116883116
224.18181818181816 345.93506493506493
228.5064935064935 346.4155844155844
230.9090909090909 340.64935064935065
232.35064935064932 348.81818181818176
236.19480519480518 344.97402597402595
251.09090909090907 334.4025974025974
257.3376623376623 337.28571428571433
262.1428571428571 335.3636363636364
269.3506493506493 333.4415584415584
276.5584415584416 332.4805194805195
279.92207792207796 334.8831168831169
275.11688311688306 349.7792207792208
271.7532467532467 355.06493506493507
266.46753246753246 357.94805194805195
267.42857142857144 364.67532467532465
284.2467532467532 340.64935064935065
289.53246753246754 344.012987012987
295.2987012987013 342.0909090909091
299.62337662337666 335.8441558441559
290.97402597402595 335.8441558441559
303.46753246753246 338.72727272727275
307.3116883116883 336.32467532467535
312.11688311688306 333.4415584415584
316.4415584415584 334.8831168831169
320.2857142857142 335.8441558441559
319.8051948051948 342.57142857142856
314.038961038961 348.3376623376623
327.01298701298697 341.61038961038963
326.051948051948 335.8441558441559
334.22077922077915 335.3636363636364
341.42857142857144 335.8441558441559
349.5974025974026 337.76623376623377
349.5974025974026 341.61038961038963
349.5974025974026 348.3376623376623
355.3636363636364 347.8571428571429
360.6493506493506 346.4155844155844
358.72727272727275 343.0519480519481
358.2467532467532 335.3636363636364
355.3636363636364 338.72727272727275
363.051948051948 337.76623376623377
366.41558441558436 341.61038961038963
365.4545454545454 347.3766233766234
394.2857142857142 341.61038961038963
391.4025974025974 337.28571428571433
388.51948051948045 345.4545454545455
396.6883116883116 344.97402597402595
400.5324675324674 340.16883116883116
406.2987012987012 342.57142857142856
416.87012987012974 344.97402597402595
424.07792207792204 343.0519480519481
418.7922077922077 347.8571428571429
420.71428571428567 338.72727272727275
423.5974025974025 338.72727272727275
431.2857142857142 345.93506493506493
426.48051948051943 348.81818181818176
433.6883116883116 344.012987012987
437.051948051948 341.12987012987014
439.4545454545454 341.61038961038963
443.2987012987012 342.57142857142856
450.02597402597394 338.24675324675326
450.50649350649337 343.53246753246754
456.7532467532467 339.2077922077922
462.2792207792209 339.2077922077922
467.08441558441575 337.2857142857143
473.33116883116895 339.2077922077922
483.9025974025975 339.6883116883117
481.5000000000001 336.32467532467535
488.7077922077923 335.8441558441558
493.99350649350663 338.24675324675326
500.24025974025983 339.6883116883117
497.357142857143 343.53246753246754
499.7597402597404 349.77922077922074
511.77272727272737 340.6493506493507
515.6168831168833 343.53246753246754
520.4220779220781 340.16883116883116
525.7077922077923 340.16883116883116
532.435064935065 340.6493506493507
537.7207792207794 338.24675324675326
540.1233766233768 335.8441558441558
541.5649350649352 340.16883116883116
547.331168831169 337.2857142857143
551.6558441558443 337.76623376623377
557.9025974025975 338.24675324675326
564.1493506493507 338.72727272727275
563.6688311688313 343.05194805194805
569.435064935065 338.72727272727275
576.1623376623378 336.8051948051948
580.9675324675326 339.6883116883117
597.3051948051949 339.6883116883117
608.8376623376624 338.72727272727275
613.6428571428572 338.72727272727275
618.9285714285716 338.72727272727275
619.8896103896105 334.8831168831169
623.2532467532468 339.2077922077922
621.331168831169 345.93506493506493
639.1103896103897 341.6103896103896
644.396103896104 339.2077922077922
653.5259740259742 337.2857142857143
658.8116883116884 329.1168831168831
665.0584415584416 334.8831168831169
672.2662337662339 338.72727272727275
675.1493506493507 344.4935064935065
682.3571428571429 340.6493506493507
686.6818181818182 337.76623376623377
692.9285714285716 338.24675324675326
695.331168831169 344.97402597402595
699.6558441558442 340.6493506493507
707.3441558441559 339.6883116883117
715.5129870129871 339.6883116883117
765.9675324675325 349.2987012987013
774.6168831168832 348.8181818181818
754.4350649350649 346.4155844155845
750.5909090909091 340.6493506493507
743.3831168831169 341.12987012987014
