144.8654742547426 560.2931165311654
30.532682926829374 579.1635772357724
52.73322493224941 631.3348509485096
141.53539295392957 673.5158807588076
242.54785907859088 616.9044986449865
240.3278048780488 539.2026016260164
282.50883468834695 549.1928455284555
382.41127371273717 545.8627642276423
342.45029810298104 540.3126287262874
322.4698102981029 665.7456910569107
402.3917615176151 646.8752303523036
481.20368563685633 598.0340379403796
574.4459620596207 618.0145257452575
705.4291598915988 523.6622222222223
667.6882384823847 539.2026016260164
810.881734417344 574.7234688346884
690.9988075880758 667.9657452574526
878.5933875338751 672.4058536585368
957.4053116531163 606.9142547425475
861.9429810298102 575.8334959349595
909.6741463414634 533.6524661246615
978.4958265582653 518.1120867208673
1000.6963685636854 497.02157181571835
1012.9066666666664 580.2736043360434
432.3624932249322 493.6914905149053
34.83403794037935 530.5998915989159
28.17387533875331 492.3039566395663
10.413441734417283 472.32346883468824
39.274146341463364 461.2231978319782
4.308292682926759 449.0128997289971
24.28878048780481 446.2378319783197
37.05409214092134 425.1473170731706
19.848672086720793 405.1668292682926
29.283902439024338 402.94677506775054
40.939186991869875 394.6215718157181
3.1982655826557633 396.28661246612455
13.74352303523027 387.4063956639565
57.03457994579942 387.4063956639565
38.16411924119237 385.74135501355
33.16899728997284 385.74135501355
62.02970189701892 386.29636856368546
60.36466124661241 400.17170731707307
30.393929539295335 415.7120867208671
13.188509485094789 422.37224932249313
83.67523035230347 392.40151761517603
89.22536585365849 421.2622222222221
83.120216802168 448.4578861788617
57.589593495934906 475.09853658536576
74.79501355013545 511.1744173441734
100.88065040650402 526.1597831978319
185.7977235772358 498.4091056910569
208.55327913279135 468.99338753387525
172.4773983739837 476.20856368563676
149.1668292682927 462.3332249322492
154.71696476964772 443.46276422764214
177.47252032520328 450.1229268292682
185.24271002710026 426.2573441734416
165.26222222222222 419.0421680216801
147.50178861788615 419.0421680216801
128.63132791327916 429.0324119241192
100.88065040650402 441.24271002710014
111.42590785907859 421.2622222222221
119.75111111111111 415.15707317073156
109.76086720867205 407.94189701897005
108.09582655826557 400.17170731707307
126.9662872628726 399.0616802168021
125.85626016260163 390.18146341463404
135.2914905149051 399.61669376693754
147.50178861788615 394.6215718157181
153.05192411924116 404.05680216802153
141.39663956639566 412.93701897018957
165.26222222222222 403.501788617886
171.92238482384826 394.6215718157181
181.35761517615174 394.6215718157181
178.58254742547425 406.83186991869906
194.1229268292683 400.17170731707307
199.6730623306233 445.12780487804866
206.88823848238488 428.47739837398365
204.6681842818428 412.38200542005404
206.33322493224935 397.3966395663955
217.98850948509488 388.51642276422757
222.42861788617887 385.1863414634145
230.75382113821138 392.40151761517603
240.74406504065044 392.9565311653115
247.95924119241192 394.6215718157181
225.20368563685636 407.3868834688346
215.2134417344174 403.501788617886
234.0839024390244 437.3576151761516
251.84433604336047 426.2573441734416
247.40422764227648 414.60205962059604
253.509376693767 496.18905149051477
292.3603252032521 507.2893224932248
336.7614092140922 501.1841734417343
363.95707317073175 498.4091056910569
385.60260162601634 493.96899728997283
407.24813008130087 504.5142547425474
302.35056910569114 461.2231978319782
260.16953929539295 457.33810298102975
250.17929539295397 451.2329539295392
270.15978319783204 420.1521951219511
268.49474254742546 368.53593495934945
289.03024390243905 417.9321409214091
311.2307859078592 429.0324119241192
331.7662872628727 432.3624932249321
350.6367479674798 465.10829268292673
362.8470460704608 472.32346883468824
416.12834688346896 461.2231978319782
378.9424390243903 441.24271002710014
373.3923035230353 432.3624932249321
348.4166937669378 423.48227642276413
388.3776693766939 417.9321409214091
376.16737127371283 415.15707317073156
333.9863414634147 405.1668292682926
326.7711653116532 407.3868834688346
322.3310569105692 401.83674796747954
314.0058536585367 405.1668292682926
315.67089430894316 394.06655826558256
322.3310569105692 396.84162601626
307.9007046070461 391.8465040650405
300.6855284552846 389.071436314363
287.3652032520326 390.7364769647695
294.58037940379404 389.071436314363
492.72021680216824 516.169539295393
340.6465040650407 390.7364769647695
328.99121951219513 395.1765853658535
323.99609756097567 391.291490514905
372.8372899728998 400.17170731707307
377.27739837398383 391.291490514905
370.6172357723578 393.51154471544703
387.2676422764229 376.3061246612465
444.98905149051507 380.7462330623305
380.6074796747969 406.83186991869906
367.2871544715448 411.82699186991863
373.94731707317084 410.16195121951205
440.5489430894311 446.2378319783197
412.7982655826559 440.1326829268292
438.88390243902455 429.0324119241192
425.00856368563694 427.3673712737126
437.21886178861797 412.38200542005404
414.46330623306244 409.6069376693766
412.7982655826559 423.48227642276413
417.7933875338754 398.50666666666655
418.90341463414643 393.51154471544703
417.7933875338754 383.521300813008
414.46330623306244 385.74135501355
422.2334959349595 382.96628726287247
429.44867208672093 386.851382113821
431.668726287263 384.0763143631435
431.668726287263 397.951653116531
426.67360433604347 407.94189701897005
471.62970189701906 488.4188617886178
506.5955555555557 456.2280758807587
487.7250948509486 457.33810298102975
458.8643902439025 441.24271002710014
461.6394579945801 458.4481300813007
492.72021680216824 430.1424390243901
486.6150677506777 416.8221138211381
475.5147967479675 411.2719783197831
468.2996205962061 410.16195121951205
467.7446070460706 401.28173441734407
462.74948509485114 393.51154471544703
470.51967479674806 390.7364769647695
466.0795663956641 387.96140921409204
477.1798373983741 382.96628726287247
463.859512195122 380.7462330623305
481.6199457994581 382.96628726287247
488.8351219512196 384.0763143631435
498.82536585365864 380.7462330623305
492.72021680216824 391.8465040650405
480.50991869918715 396.84162601626
486.0600542005422 390.7364769647695
476.06981029810305 389.071436314363
470.51967479674806 396.28661246612455
502.7104607046072 403.501788617886
502.1554471544717 398.50666666666655
505.4855284552847 411.82699186991863
570.0058536585365 485.3662872628729
577.221029810298 531.4324119241195
616.0719783197829 558.6280758807591
595.5364769647695 535.3175067750681
672.1283468834688 495.9115447154475
709.3142547425473 482.03620596205997
658.8080216802168 518.1120867208675
651.0378319783196 483.1462330623309
642.7126287262871 474.2660162601629
683.7836314363144 469.82590785907894
736.5099186991869 466.4958265582659
784.7960975609756 491.4714363143635
792.011273712737 481.48119241192444
809.2166937669377 520.887154471545
717.0844444444444 444.8502981029813
675.4584281842816 447.07035230352335
605.5267208672085 455.3955555555559
589.9863414634144 484.25626016260196
589.4313279132791 464.8307859078594
588.8763143631436 451.51046070460734
571.1158807588075 448.1803794037944
587.211273712737 435.9700813008133
572.2259078590786 429.3099186991873
561.6806504065039 421.53972899729024
554.4654742547425 424.3147967479678
540.5901355013549 438.7451490514908
614.9619512195122 431.5299728997293
601.0866124661246 434.3050406504068
630.5023306233061 418.2096476964773
612.1868834688346 417.6546341463418
543.3652032520324 417.6546341463418
573.8909485094849 412.65951219512226
585.5462330623304 416.5446070460707
553.910460704607 411.54948509485126
522.8297018970188 427.64487804878075
530.5998915989159 421.53972899729024
535.0399999999998 416.5446070460707
513.9494850948508 421.53972899729024
531.1549051490514 406.55436314363175
522.2746883468833 399.3391869918702
511.17441734417326 408.77441734417374
513.9494850948508 393.7890514905152
511.17441734417326 388.23891598916015
518.9446070460704 390.45897018970226
525.0497560975609 390.45897018970226
538.9250948509483 399.3391869918702
540.5901355013549 385.4638482384827
549.470352303523 398.2291598915992
545.0302439024389 388.23891598916015
551.1353929539293 382.68878048780516
521.1646612466124 381.57875338753416
514.5044986449864 381.57875338753416
561.1256368563685 397.6741463414637
555.020487804878 393.7890514905152
566.120758807588 396.5641192411927
574.4459620596205 393.7890514905152
580.551111111111 398.2291598915992
582.771165311653 403.22428184281875
629.9473170731706 401.55924119241223
601.0866124661246 407.6643902439028
612.1868834688346 408.2194037940382
614.4069376693767 402.6692682926832
565.5657452574525 387.68390243902473
581.3836314363142 383.7988075880762
569.1733333333333 381.30124661246646
603.861680216802 382.1337669376697
613.5744173441733 396.84162601626053
619.1245528455283 392.6790243902442
600.8091056910569 395.17658536585395
606.9142547425474 393.2340379403797
589.4313279132791 382.1337669376697
611.3543631436313 383.7988075880762
599.9765853658536 385.186341463415
619.1245528455283 384.3538211382117
616.071978319783 389.3489430894312
633.8324119241191 385.7413550135505
640.4925745257451 386.2963685636859
645.7652032520325 382.68878048780516
638.2725203252031 395.17658536585395
642.9901355013549 404.8893224932253
647.9852574525745 400.726720867209
650.2053116531164 393.2340379403797
645.4876964769647 395.17658536585395
659.0855284552845 418.7646612466128
649.650298102981 421.817235772358
666.300704607046 406.276856368564
667.4107317073169 432.9175067750681
661.3055826558265 452.34298102981063
682.9511111111111 427.64487804878075
697.3814634146339 446.5153387533878
709.8692682926828 428.47739837398404
696.2714363143631 409.0519241192415
707.6492140921408 403.22428184281875
716.5294308943089 410.1619512195125
686.5586991869917 403.22428184281875
681.2860704607045 410.1619512195125
673.2383739837397 417.6546341463418
674.6259078590786 396.286612466125
678.7885094850948 400.726720867209
659.64054200542 393.7890514905152
667.9657452574525 395.7315989159895
673.2383739837397 387.68390243902473
665.4681842818427 382.68878048780516
658.5305149051491 382.1337669376697
653.2578861788617 383.2437940379407
679.3435230352303 386.2963685636859
689.611273712737 392.6790243902442
684.3386449864498 384.63132791327945
687.391219512195 382.1337669376697
698.2139837398372 386.5738753387537
702.6540921409213 381.5787533875342
705.9841734417342 386.2963685636859
702.9315989159891 397.6741463414637
721.8020596205961 392.6790243902442
737.619945799458 425.4248238482387
728.1847154471544 404.3343089430897
786.4611382113821 428.19989159891617
776.4708943089431 435.9700813008132
775.3608672086721 452.6204878048782
816.4318699186992 447.62536585365876
839.1874254742548 484.81127371273726
850.2876964769648 463.1657452574527
836.4123577235773 435.4150677506777
816.9868834688348 432.08498644986474
859.3066666666666 505.3467750677509
888.7223848238484 496.4665582655828
966.9792953929541 482.03620596205985
944.778753387534 475.93105691056934
921.4681842818429 479.2611382113823
884.8372899728998 468.16086720867224
998.0600542005421 477.0410840108403
1022.4806504065042 484.2562601626018
985.2947425474256 442.07523035230366
1001.3901355013552 439.85517615176167
1017.4855284552847 409.32943089430904
1004.1652032520327 410.9944715447156
1014.1554471544717 393.23403794037955
1020.2605962059622 368.81344173441744
1003.6101897018972 368.81344173441744
995.8400000000001 392.1240108401085
1005.8302439024391 388.23891598916003
986.4047696476966 393.23403794037955
983.6297018970191 380.468726287263
978.0795663956641 391.01398373983756
966.4242818428186 387.12888888888904
954.768997289973 371.0334959349595
959.209105691057 389.3489430894311
955.3240108401085 387.12888888888904
985.2947425474256 420.9847154471546
977.5245528455285 412.1044986449866
968.089322493225 414.8795663956641
972.529430894309 403.2242818428185
961.429159891599 401.00422764227653
961.9841734417346 420.9847154471546
954.2139837398374 417.09962059620614
961.9841734417346 434.8600542005422
946.4437940379405 452.06547425474275
918.1381029810299 439.30016260162614
943.668726287263 432.0849864498647
939.7836314363145 403.2242818428185
932.0134417344175 394.8990785907861
944.2237398373985 382.1337669376695
939.7836314363145 392.1240108401085
934.2334959349595 383.2437940379406
914.2530081300814 372.14352303523054
915.3630352303525 384.3538211382115
918.6931165311654 388.23891598916003
923.1332249322495 396.0091056910571
917.5830894308945 402.1142547425476
918.1381029810299 408.2194037940381
925.9082926829269 414.3245528455286
920.9131707317074 420.9847154471546
900.3776693766939 434.3050406504067
885.9473170731708 430.41994579945816
867.0768563685638 443.1852574525747
854.8665582655829 424.8698102981031
838.2161517615176 414.8795663956641
848.2063956639566 409.32943089430904
865.4118157181573 415.9895934959351
873.7370189701898 422.0947425474256
874.8470460704608 414.8795663956641
877.6221138211383 402.1142547425476
889.2773983739839 394.8990785907861
898.7126287262873 387.12888888888904
907.0378319783198 383.798807588076
895.3825474254743 380.468726287263
906.4828184281844 391.01398373983756
889.8324119241195 384.3538211382115
879.2871544715448 387.12888888888904
874.2920325203253 383.2437940379406
869.2969105691058 383.2437940379406
863.1917615176153 388.23891598916003
865.4118157181573 398.229159891599
870.9619512195122 389.3489430894311
856.5315989159892 398.229159891599
851.5364769647697 391.01398373983756
848.7614092140922 383.798807588076
826.0058536585366 401.00422764227653
835.4410840108401 391.01398373983756
839.3261788617887 386.018861788618
829.8909485094852 382.1337669376695
826.5608672086721 389.3489430894311
818.7906775067752 396.0091056910571
811.0204878048781 394.34406504065055
803.250298102981 387.12888888888904
809.3554471544716 409.32943089430904
803.8053116531165 401.00422764227653
821.5657452574526 417.09962059620614
786.599891598916 410.9944715447156
799.3652032520325 424.8698102981031
802.6952845528456 412.1044986449866
785.4898644986451 396.0091056910571
797.7001626016261 393.23403794037955
793.8150677506776 382.68878048780505
769.3944715447154 384.3538211382115
757.7391869918699 383.2437940379406
749.968997289973 388.23891598916003
762.179295392954 398.229159891599
768.8394579945799 397.11913279132807
781.6047696476966 391.01398373983756
772.1695392953931 391.01398373983756
765.509376693767 391.01398373983756
758.849214092141 394.34406504065055
763.8443360433605 409.32943089430904
1017.3467750677505 425.9798373983742
819.1775513375512 385.6057897657899
