514.3303984903984 509.216365856366
474.4342945942946 443.7458363858365
480.57215673215677 383.39019203019217
398.73399489399486 408.96461760461773
318.9417871017871 355.7698124098125
351.67705183705186 355.7698124098125
288.25247641247637 420.21736485736506
261.6550738150738 397.7118703518705
245.28744144744144 471.36621600621606
251.42530358530354 596.169412809413
158.33439449439447 480.57300921300936
211.52919968919971 427.37820401820414
215.62110778110775 379.2982839382841
101.04768120768118 417.1484337884339
103.09363525363526 415.1024797424799
583.8928360528361 424.30927294927307
660.6161127761128 596.169412809413
758.821906981907 559.3422399822401
704.6041247641248 451.9296525696527
734.2704584304583 421.240341880342
839.6370917970918 407.94164058164074
904.0846442446442 386.45912309912325
957.2794494394493 487.73384837384845
1016.6121167721169 441.6998823398825
977.73898989899 328.1494327894329
911.2454834054834 320.9885936285938
923.5212076812076 273.9316505716507
886.6940348540348 266.7708114108115
65.24348540348538 362.93065157065166
29.439289599289605 409.9875946275947
33.531197691197676 355.7698124098125
16.140588300588295 343.4940881340882
24.324404484404496 331.218363858364
58.08264624264621 333.264317904318
88.77195693195694 340.4251570651572
113.32340548340548 325.08050172050184
113.32340548340548 355.7698124098125
142.9897391497392 351.6779043179044
175.7250038850039 335.31027195027207
219.71301587301585 353.7238583638585
250.40232656232658 351.6779043179044
251.42530358530354 325.08050172050184
261.6550738150738 339.4021800421802
265.74698190698183 362.93065157065166
15.373355533355578 303.0864957264956
25.09163725163731 300.01756465756455
40.94778110778116 298.9945876345875
48.62010878010881 289.7877944277943
47.08564324564328 308.7128693528693
67.54518370518376 305.13244977244966
81.35537351537356 313.31626595626585
78.79793095793099 296.9486335886335
64.47625263625267 285.1843978243977
66.52220668220671 263.70188034188027
42.48224664224669 268.3052769452769
21.51121767121773 291.32225996225986
11.792935952935999 289.27630591630583
24.58014874014879 274.95462759462754
91.58514374514377 266.2593228993228
103.34937950937952 263.1903918303918
118.69403485403488 260.1214607614607
135.06166722166725 259.6099722499722
107.44128760128763 270.3512309912309
103.86086802086804 275.9776046176045
98.2344943944944 285.1843978243977
3.609119769119813 279.0465356865356
120.22850038850041 302.0635187035186
130.96975912975918 308.2013808413807
158.59013875013878 331.72985236985227
161.14758130758133 303.0864957264956
163.70502386502386 292.8567254967254
144.26846042846046 292.8567254967254
131.48124764124762 282.6269552669552
140.17655233655236 275.9776046176045
155.00971916971915 278.02355866355856
146.825902985903 265.7478343878343
165.75097791097792 255.51806415806408
165.75097791097792 270.3512309912309
164.21651237651233 282.6269552669552
174.9577711177711 280.58100122100115
187.23349539349536 280.0695127095126
181.60712176712178 271.37420801420797
184.67605283605283 267.79378843378834
182.11861027861028 253.98359862359854
200.5321966921967 252.96062160062155
198.4862426462426 267.79378843378834
210.76196692196692 272.39718503718495
214.34238650238646 263.70188034188027
226.1066222666222 249.89169053169044
209.22750138750138 252.96062160062155
214.34238650238646 285.69588633588626
219.9687601287601 278.5350471750471
201.55517371517368 298.9945876345875
190.81391497391496 292.8567254967254
208.71601287601283 321.50008214008204
227.6410878010878 325.0805017205016
251.1695593295593 276.489093129093
232.75597291597288 273.420162060162
239.40532356532356 265.7478343878343
227.12959928959924 262.6789033189032
238.893835053835 255.51806415806408
266.0027261627261 269.8397424797424
276.23249639249633 260.1214607614607
278.7899389499389 270.3512309912309
290.5541747141746 265.7478343878343
287.4852436452436 252.96062160062155
267.02570318570315 245.28829392829385
258.33039849039847 251.9376445776445
286.46226662226655 295.414168054168
273.6750538350538 322.01157065157054
300.78394494394485 315.36222000221994
295.15757131757124 328.6609213009212
329.9387900987901 302.5750072150072
357.5591697191697 298.9945876345875
333.5192096792096 274.44313908313904
316.64008880008873 265.2363458763458
308.9677611277611 253.98359862359854
301.8069219669219 260.1214607614607
298.2265023865024 248.86871350871343
304.87585303585297 237.1044777444777
318.6860428460428 238.1274547674547
349.88684204684193 239.1504317904317
344.7719569319569 237.61596625596619
358.0706582306582 237.1044777444777
337.09962925962924 259.6099722499722
322.26646242646234 259.6099722499722
362.16256632256625 262.6789033189032
355.0017271617271 258.07550671550666
367.2774514374514 246.31127095127087
350.3983305583305 253.47211011211002
379.5531757131756 266.2593228993228
372.90382506382497 258.07550671550666
366.76596292596287 262.16741480741473
382.6221067821067 257.5640182040181
379.5531757131756 248.86871350871343
382.6221067821067 243.75382839382834
395.920808080808 258.58699522699516
397.96676212676203 270.8627195027194
389.27145743145735 236.08150072150065
400.01271617271607 234.5470351870351
408.70802086802075 257.0525296925296
415.35737151737146 256.02955266955263
420.98374514374507 254.49508713508706
427.6330957930957 249.89169053169044
431.7250038850038 260.1214607614607
429.67904983904975 282.6269552669552
342.7260028860028 318.431151071151
323.2894394494394 320.477105117105
458.3224064824064 260.1214607614607
450.1385902985902 256.02955266955263
434.7939349539348 243.24233988233982
430.7020268620268 234.0355466755466
464.7160128760129 251.93764457764445
450.3943345543346 246.31127095127084
459.0896392496393 237.61596625596616
466.7619669219669 240.6848973248972
472.8998290598291 238.63894327894315
474.9457831057831 248.35722499722488
481.0836452436452 256.54104118104107
486.1985303585304 248.35722499722488
493.870858030858 250.91466755466746
497.45127761127765 259.09848373848365
504.10062826062824 252.449133089133
522.0027261627262 258.5869952269951
531.721007881008 259.60997224997215
540.4163125763126 253.9835986235985
532.7439849039849 244.7768054168053
522.5142146742147 206.41516705516696
481.59513375513376 231.98959262959252
485.6870418470419 236.08150072150062
488.75597291597296 228.40917304917295
497.45127761127765 230.45512709512698
493.870858030858 235.5700122100121
503.58913974913975 224.82875346875335
506.14658230658233 217.6679143079142
519.9567721167721 227.89768453768446
524.5601687201687 222.27131091131082
532.7439849039849 206.92665556665546
528.1405883005883 222.27131091131082
538.3703585303585 234.54703518703508
522.0027261627262 250.40317904317894
543.9967321567322 237.10447774447763
546.5541747141747 223.29428793428784
554.2265023865024 214.08749472749463
566.5022266622267 215.62196026196014
562.9218070818071 231.478104118104
554.7379908979908 232.50108114108104
547.0656632256632 248.8687135087134
556.7839449439449 244.7768054168053
561.89883005883 239.6619203019202
555.2494794094794 255.51806415806405
571.6171117771117 255.51806415806405
561.3873415473415 255.51806415806405
583.8928360528361 247.3342479742479
586.4502786102785 257.05252969252956
593.0996292596292 252.96062160062147
579.2894394494394 225.34024198024187
574.6860428460428 224.82875346875335
601.7949339549339 226.8747075147074
593.6111177711177 226.3632190032189
606.3983305583305 244.7768054168053
601.2834454434454 255.00657564657553
616.1166122766123 259.09848373848365
630.949779109779 265.2363458763457
597.1915373515374 289.2763059163058
622.7659629259629 242.21936285936275
620.2085203685202 248.8687135087134
634.0187101787101 250.91466755466746
643.2255033855034 250.40317904317894
646.805922965923 242.73085137085127
644.2484804084804 228.40917304917295
629.4153135753136 230.45512709512698
624.3004284604284 228.40917304917295
607.932796092796 224.82875346875335
622.2544744144743 224.31726495726485
617.1395892995894 228.92066156066144
630.4382905982906 222.78279942279931
634.5301986901987 223.29428793428784
646.805922965923 214.08749472749463
634.5301986901987 215.11047175047165
655.5012276612276 222.27131091131082
663.6850438450438 206.92665556665546
662.1505783105782 216.13344877344866
672.3803485403485 214.08749472749463
668.2884404484404 221.7598223998223
673.4033255633256 229.43215007214997
669.8229059829058 242.73085137085127
656.0127161727162 251.42615606615595
654.9897391497391 237.61596625596616
681.5871417471417 252.96062160062147
682.0986302586302 242.73085137085127
681.5871417471417 229.43215007214997
700.000728160728 227.89768453768446
693.862866022866 232.50108114108104
698.977751137751 240.6848973248972
693.3513775113774 246.31127095127084
700.5122166722167 253.47211011211
730.6900388500388 250.91466755466746
736.8279009879009 252.96062160062147
747.0576712176711 249.89169053169041
746.5461827061827 242.73085137085127
724.0406882006882 242.73085137085127
719.94878010878 231.478104118104
711.7649639249638 226.3632190032189
706.1385902985902 224.31726495726485
708.1845443445443 213.0645177045176
696.931797091797 205.39219003218992
721.4832456432456 215.11047175047165
732.7359928959929 220.22535686535676
743.9887401487401 201.30028194028185
724.5521767121766 203.34623598623588
742.4542746142746 219.2023798423797
756.7759529359529 230.45512709512698
757.2874414474413 244.7768054168053
766.4942346542347 239.6619203019202
776.7240048840048 249.3802020202019
787.976752136752 250.91466755466746
784.907821067821 239.15043179043167
795.6490798090797 238.12745476745468
794.1146142746142 224.31726495726485
807.9248040848039 230.9666156066155
822.2464824064824 245.79978243978232
807.4133155733156 241.70787434787425
821.2235053835054 257.05252969252956
834.010718170718 250.40317904317894
846.2864424464424 246.82275946275936
857.0277011877012 246.82275946275936
803.0656632256632 217.15642579642568
806.6460828060827 212.0415406815406
796.4163125763125 204.88070152070145
806.6460828060827 202.32325896325884
816.8758530358531 200.27730491730486
814.3184104784104 203.3462359862359
825.0596692196691 213.06451770451758
829.1515773115773 210.50707514707503
837.3353934953933 221.2483338883338
843.4732556332556 217.66791430791423
850.6340947940948 208.97260961260955
839.892836052836 198.74283938283932
862.909819069819 215.11047175047165
873.1395892995893 213.06451770451758
879.2774514374514 211.01856365856358
880.811916971917 202.8347474747474
874.1625663225664 199.76581640581628
865.4672616272617 202.32325896325884
714.0666622266622 213.57600621600614
908.9437851037851 218.69089133089125
888.9957331557331 213.06451770451758
937.5871417471417 247.8457364857364
900.2484804084804 243.24233988233976
893.0876412476412 245.79978243978235
943.7250038850038 231.98959262959255
939.6330957930957 223.29428793428787
934.0067221667222 210.50707514707503
928.3803485403485 209.48409812409804
917.1276012876011 209.99558663558653
919.1735553335552 197.71986235986228
931.960768120768 196.69688533688526
939.6330957930957 198.74283938283932
948.3284004884003 206.41516705516693
956.000728160728 199.76581640581628
970.3224064824064 215.11047175047165
969.8109179709179 206.92665556665548
956.5122166722166 214.08749472749466
948.3284004884003 213.06451770451758
962.1385902985902 204.36921300921293
976.971757131757 208.97260961260955
982.0866422466421 200.78879342879333
987.7130158730158 208.97260961260955
981.5751537351537 205.90367854367844
996.9198090798089 211.53005217005207
1000.5002286602285 208.97260961260955
992.8279009879009 201.81177045177037
1006.1266022866022 207.438144078144
1011.7529759129758 198.74283938283932
1020.959769119769 194.65093129093123
999.98874014874 230.9666156066155
966.7419869019867 248.8687135087134
1001.5232056832056 255.00657564657553
1017.6350937950938 237.1044777444776
1010.4742546342545 228.92066156066144
