103.89660339660335 373.72677322677316
73.3271728271729 310.1903096903096
30.170329670329753 292.8076923076922
15.784715284715363 262.2382617382616
34.965534465534525 220.2802197802197
7.992507492507572 231.6688311688311
16.384115884115943 197.50299700299692
38.56193806193813 196.30419580419573
10.989510489510568 169.93056943056936
79.32117882117889 250.84965034965023
85.91458541458549 228.07242757242747
104.49600399600405 223.2772227772227
87.71278721278726 210.68981018981015
99.70079920079927 191.50899100899093
63.7367632367633 189.11138861138855
73.3271728271729 182.51798201798195
48.15234765234772 172.32817182817178
37.36313686313694 163.93656343656338
45.75474525474534 149.550949050949
51.748751248751326 162.13836163836157
63.13736263736269 161.538961038961
60.73976023976031 151.3491508491508
79.32117882117889 162.13836163836157
78.1223776223777 119.58091908091905
85.91458541458549 111.78871128871123
97.30319680319685 116.583916083916
106.89360639360646 115.38511488511477
114.08641358641363 107.59290709290701
63.13736263736269 109.9905094905094
56.54395604395612 114.7857142857142
43.956543456543535 122.57792207792198
31.369130869130945 118.98151848151845
21.778721278721353 115.9845154845154
12.787712287712369 124.97552447552441
3.796703296703385 126.17432567432559
7.992507492507572 153.1473526473526
16.384115884115943 151.3491508491508
97.30319680319685 150.1503496503496
104.49600399600405 166.3341658341658
90.11038961038967 165.13536463536457
112.88761238761246 154.34615384615378
117.68281718281723 163.33716283716277
111.68881118881124 177.72277722277715
124.87562437562444 181.31918081918076
119.481018981019 207.0934065934065
128.47202797202806 220.2802197802197
156.04445554445562 220.2802197802197
164.436063936064 244.25624375624366
138.6618381618382 247.25324675324663
150.64985014985018 265.83466533466526
118.28221778221784 289.8106893106892
175.82467532467535 311.3891108891108
214.78571428571433 294.60589410589404
251.94855144855148 368.3321678321677
293.30719280719285 249.65084915084904
235.7647352647353 228.07242757242747
229.1713286713287 205.89460539460532
208.79170829170835 237.66283716283706
353.84665334665334 274.22627372627363
389.8106893106893 307.79270729270723
450.9495504495505 356.34415584415575
508.4920079920079 316.1843156843156
575.6248751248752 289.21128871128866
545.6548451548451 250.84965034965023
491.1093906093906 273.02747252747247
482.11838161838165 253.84665334665326
432.9675324675325 247.8526473526473
464.7357642357643 225.6748251748251
429.37112887112886 226.27422577422567
416.1843156843156 202.29820179820172
428.17232767232764 193.30719280719273
449.15134865134866 186.71378621378614
429.97052947052947 172.32817182817178
417.9825174825175 179.52097902097896
387.41308691308694 212.4880119880119
365.83466533466543 222.07842157842146
370.0304695304696 250.84965034965023
341.25924075924075 209.4910089910089
321.47902097902096 194.50599400599393
340.65984015984014 180.71978021978015
309.4910089910089 229.2712287712287
284.3161838161838 212.4880119880119
254.34615384615387 198.10239760239753
269.9305694305695 154.9455544455544
231.56893106893108 133.3671328671328
197.40309690309692 135.16533466533457
166.83366633366637 160.34015984015977
153.6468531468532 168.73176823176817
144.6558441558442 192.70779220779215
145.2552447552448 155.54495504495497
148.2522477522478 136.3641358641358
156.6438561438562 125.57492507492503
158.442057942058 143.556943056943
170.43006993006998 135.16533466533457
171.6288711288712 108.79170829170822
183.61688311688317 110.58991008991
196.20429570429576 114.7857142857142
190.21028971028977 109.39110889110879
140.46003996004004 148.3521478521478
132.0684315684316 148.9515484515484
114.08641358641363 139.9605394605394
121.27922077922084 150.1503496503496
219.5809190809191 113.58691308691306
208.1923076923077 111.78871128871123
202.19830169830178 111.78871128871123
224.37612387612393 102.79770229770226
230.96953046953053 105.79470529470524
231.56893106893108 99.80069930069925
239.3611388611389 102.79770229770226
246.55394605394605 102.79770229770226
250.74975024975026 113.58691308691306
264.5359640359641 105.19530469530464
257.3431568431569 102.19830169830163
283.1173826173827 103.99650349650341
275.3251748251749 107.59290709290701
293.30719280719285 101.59890109890102
302.8976023976024 99.80069930069925
303.49700299700294 126.7737262737262
285.51498501498503 148.9515484515484
293.30719280719285 141.15934065934056
265.1353646353646 144.7557442557442
335.8646353646354 167.53296703296698
365.2352647352648 181.91858141858134
360.4400599400599 201.09940059940052
386.81368631368633 197.50299700299692
385.6148851148851 178.32217782217776
389.2112887112888 163.33716283716277
360.4400599400599 166.93356643356637
365.83466533466543 155.54495504495497
373.0274725274725 145.9545454545454
345.455044955045 148.3521478521478
337.0634365634366 150.1503496503496
347.25324675324674 138.76173826173817
401.79870129870136 125.57492507492503
380.81968031968034 143.556943056943
394.00649350649354 115.38511488511477
390.41008991009 106.39410589410583
382.6178821178822 100.40009990009986
375.42507492507497 103.99650349650341
358.6418581418581 105.19530469530464
358.6418581418581 98.00249750249742
344.2562437562438 95.60489510489504
340.65984015984014 99.80069930069925
331.6688311688312 102.19830169830163
320.28021978021985 99.20129870129864
311.8886113886114 102.79770229770226
404.7957042957043 111.18931068931063
407.19330669330674 105.19530469530464
413.78671328671334 102.79770229770226
408.99150849150857 99.20129870129864
454.0964035964036 169.6308691308691
462.7877122877123 161.23926073926071
446.30419580419584 156.4440559440559
432.8176823176823 148.05244755244752
419.6308691308691 155.54495504495497
465.7847152847153 145.95454545454538
452.8976023976024 145.35514485514483
452.29820179820183 123.17732267732259
443.00749250749254 101.59890109890101
423.22727272727275 103.0974025974025
451.6988011988012 102.1983016983016
453.1973026973027 107.2932067932067
462.7877122877123 107.2932067932067
464.8856143856144 102.1983016983016
473.2772227772228 104.89560439560431
488.56193806193806 98.9015984015983
498.45204795204796 125.87462537462528
505.0454545454545 109.6908091908091
510.73976023976024 103.6968031968031
528.7217782217783 106.9935064935064
543.7067932067932 112.08841158841149
563.7867132867134 106.0944055944055
576.3741258741259 103.6968031968031
591.3591408591409 107.2932067932067
577.2732267732268 144.1563436563436
585.0654345654345 147.4530469530469
566.7837162837163 139.9605394605394
545.8046953046953 145.65484515484508
532.0184815184816 145.35514485514483
540.1103896103896 154.3461538461538
551.1993006993007 138.46203796203793
549.1013986013986 191.20929070929066
561.389110889111 179.8206793206793
580.2702297702299 158.84165834165827
588.0624375624376 164.83566433566432
561.0894105894106 152.84765234765229
587.1633366633367 181.61888111888106
580.2702297702299 100.9995004995004
564.2362637362637 234.0664335664335
543.2572427572428 172.92757242757236
