79.06193806193806 310.4530469530469
25.161838161838176 286.0454545454545
37.874125874125866 265.19730269730263
10.41558441558442 250.4510489510489
4.822177822177821 220.95854145854142
24.144855144855143 206.72077922077918
21.602397602397616 176.71978021978018
47.026973026973025 182.8216783216783
40.92507492507494 168.58391608391605
31.77222777222778 155.36313686313682
9.907092907092903 147.7357642357642
19.568431568431578 135.0234765234765
17.025974025974023 125.36213786213784
5.330669330669338 108.58191808191805
26.17882117882118 109.09040959040954
22.61938061938062 97.90359640359634
12.958041958041946 90.27622377622373
4.822177822177821 94.8526473526473
7.873126873126864 75.52997002997
17.025974025974023 74.00449550449548
27.195804195804186 77.56393606393601
29.73826173826174 63.834665334665324
16.517482517482506 58.241258741258726
10.924075924075936 42.986513486513445
22.110889110889104 48.071428571428555
36.85714285714286 55.69880119880116
37.36563436563438 49.08841158841153
42.95904095904095 39.9355644355644
24.144855144855143 35.867632367632325
16.008991008991018 25.189310689310673
4.822177822177821 26.7147852147852
6.856143856143859 19.595904095904075
15.500499500499501 6.375124875124811
6.856143856143859 7.392107892107845
19.05994005994006 15.019480519480453
28.21278721278722 15.019480519480453
28.721278721278708 23.663836163836095
33.2977022977023 8.917582417582366
24.65334665334666 6.883616383616356
44.993006993006986 17.05344655344652
40.92507492507494 21.629870129870085
47.53546453546454 24.17232767232764
41.94205794205794 30.27422577422573
57.705294705294705 33.833666333666315
50.586413586413585 46.54595404595398
54.145854145854145 56.207292707292645
51.60339660339659 62.817682317682284
38.8911088911089 67.39410589410585
52.111888111888106 76.54695304695304
51.0949050949051 91.80169830169825
41.433566433566426 90.78471528471528
45.5014985014985 106.03946053946049
57.705294705294705 111.1243756243756
69.9090909090909 100.95454545454538
71.94305694305694 88.24225774225772
65.84115884115883 76.54695304695304
69.9090909090909 62.817682317682284
79.06193806193806 60.78371628371622
69.40059940059939 49.08841158841153
78.55344655344655 48.071428571428555
73.46853146853147 41.46103896103892
80.07892107892107 37.39310689310685
67.87512487512487 30.27422577422573
73.46853146853147 25.697802197802158
63.80719280719282 22.64685314685312
66.85814185814186 17.561938061938008
59.230769230769226 15.527972027971998
67.87512487512487 11.96853146853141
58.21378621378622 8.917582417582366
41.433566433566426 7.392107892107845
48.04395604395603 9.426073926073911
69.9090909090909 6.883616383616356
76.51948051948051 16.54495504495503
84.65534465534466 23.155344655344607
92.28271728271727 17.561938061938008
88.21478521478522 11.460039960039921
83.12987012987014 7.392107892107845
96.35064935064935 6.375124875124811
101.94405594405595 11.460039960039921
93.8081918081918 27.73176823176817
92.28271728271727 34.85064935064929
98.38461538461539 41.96953046953041
100.41858141858143 52.13936063936058
94.31668331668331 61.29220779220776
87.7062937062937 55.69880119880116
87.19780219780219 74.51298701298697
97.87612387612387 74.51298701298697
85.67232767232767 84.68281718281713
102.45254745254746 85.69980019980017
94.31668331668331 93.32717282717277
88.21478521478522 103.49700299700294
104.48651348651347 98.92057942057936
100.41858141858143 129.43006993006986
71.94305694305694 113.15834165834161
63.2987012987013 124.34515484515481
51.0949050949051 131.46403596403593
48.552447552447546 147.7357642357642
66.85814185814186 139.59990009990005
64.31568431568431 169.09240759240754
79.57042957042958 174.68581418581414
84.14685314685315 152.31218781218777
82.62137862137862 131.97252747252745
106.52047952047951 155.87162837162833
98.38461538461539 165.0244755244755
103.97802197802199 181.80469530469526
74.48551448551447 204.17832167832162
99.91008991008991 222.48401598401594
69.40059940059939 231.12837162837158
91.77422577422578 259.60389610389603
107.02897102897103 201.6358641358641
127.87712287712286 216.89060939060934
151.77622377622376 202.6528471528471
121.77522477522479 194.00849150849143
130.92807192807194 168.58391608391605
116.69030969030968 167.56693306693302
115.67332667332667 127.39610389610385
116.69030969030968 110.10739260739255
126.86013986013987 116.20929070929066
126.86013986013987 127.9045954045954
136.012987012987 140.10839160839157
136.52147852147854 149.76973026973022
144.65734265734264 163.49900099900097
155.84415584415584 233.67082917082914
150.75924075924078 254.51898101898095
125.84315684315683 245.87462537462534
112.62237762237763 303.8426573426573
116.69030969030968 329.77572427572426
180.76023976023978 326.72477522477516
155.84415584415584 306.38511488511483
155.84415584415584 270.28221778221774
185.84515484515484 259.60389610389603
177.70929070929068 232.14535464535462
191.43856143856144 232.6538461538461
219.40559440559443 233.16233766233762
216.35464535464533 267.7397602397602
212.2867132867133 304.3511488511488
236.6943056943057 317.06343656343654
250.93206793206795 299.2662337662337
255.5084915084915 270.79070929070923
238.21978021978023 255.0274725274725
242.7962037962038 225.53496503496498
233.13486513486512 193.49999999999997
216.86313686313687 199.6018981018981
204.65934065934064 202.1443556443556
179.2347652347652 189.4320679320679
210.76123876123873 176.71978021978018
191.94705294705292 181.80469530469526
174.65834165834164 158.92257742257738
184.8281718281718 166.0414585414585
188.3876123876124 151.80369630369626
185.84515484515484 133.49800199800197
174.14985014985015 136.0404595404595
173.13286713286712 126.37912087912083
163.98001998002 117.73476523476516
147.1998001998002 120.78571428571423
154.3186813186813 141.6338661338661
161.94605394605392 107.05644355644353
147.1998001998002 104.51398601398596
155.33566433566435 97.90359640359634
130.92807192807194 95.86963036963033
114.65634365634367 91.80169830169825
110.58841158841159 70.44505494505489
134.99600399600402 82.64885114885112
128.8941058941059 70.44505494505489
145.16583416583418 70.44505494505489
136.52147852147854 62.30919080919079
145.16583416583418 60.27522477522472
122.79220779220779 58.74975024975021
117.19880119880119 47.05444555444552
114.65634365634367 33.32517482517477
126.86013986013987 33.833666333666315
139.06393606393604 39.9355644355644
151.26773226773227 36.37612387612381
147.1998001998002 32.30819180819179
137.53846153846152 27.223276723276683
120.24975024975024 17.561938061938008
126.86013986013987 15.019480519480453
111.6053946053946 10.951548451548433
124.31768231768231 6.375124875124811
131.94505494505492 8.409090909090878
146.18281718281716 14.510989010988963
155.33566433566435 7.392107892107845
161.94605394605392 13.494005994005931
153.81018981018983 18.070429570429553
166.013986013986 23.155344655344607
157.36963036963036 27.73176823176817
167.53946053946052 34.3421578421578
169.5734265734266 42.47802197802196
157.8781218781219 47.56293706293701
160.92907092907095 55.69880119880116
147.1998001998002 46.03746253746249
261.6103896103896 205.19530469530469
261.1018981018981 188.92357642357638
257.54245754245756 160.95654345654341
238.21978021978023 152.8206793206793
210.25274725274724 125.36213786213784
193.47252747252745 118.75174825174821
198.04895104895107 104.00549450549448
174.14985014985015 102.48001998001997
168.55644355644355 90.78471528471528
153.30169830169828 87.22527472527469
164.99700299700302 79.59790209790208
173.64135864135866 75.52997002997
187.8791208791209 76.54695304695304
181.77722277722276 64.8516483516483
180.25174825174824 54.17332667332664
179.74325674325675 36.88461538461536
177.70929070929068 23.663836163836095
174.65834165834164 15.019480519480453
181.77722277722276 7.392107892107845
184.8281718281718 15.019480519480453
185.33666333666335 22.64685314685312
201.0999000999001 23.155344655344607
188.3876123876124 35.35914085914084
207.2017982017982 36.37612387612381
196.014985014985 48.57992007992004
204.65934065934064 62.817682317682284
193.47252747252745 66.88561438561436
209.74425574425575 77.05544455544452
221.94805194805193 88.75074925074921
213.30369630369628 98.41208791208788
191.43856143856144 93.32717282717277
212.2867132867133 110.61588411588406
233.13486513486512 115.19230769230764
236.18581418581417 125.36213786213784
232.62637362637363 137.56593406593402
293.6453546453546 302.31718281718275
315.5104895104895 333.3351648351648
327.71428571428567 312.4870129870129
326.1888111888112 284.0114885114885
307.8831168831168 259.60389610389603
300.76423576423576 212.8226773226773
294.6623376623377 187.90659340659337
279.40759240759235 152.31218781218777
273.30569430569426 140.6168831168831
254.99999999999997 137.05744255744253
267.2037962037962 127.39610389610385
259.067932067932 113.66683316683317
247.88111888111885 107.05644355644353
231.6093906093906 93.32717282717277
248.89810189810188 87.22527472527469
248.3896103896104 76.54695304695304
233.6433566433566 76.03846153846149
236.6943056943057 69.42807192807186
226.52447552447555 66.37712287712282
223.982017982018 58.74975024975021
215.84615384615384 57.224275724275685
217.37162837162836 39.9355644355644
218.89710289710288 32.30819180819179
228.04995004995007 34.3421578421578
227.03296703296704 22.13836163836163
210.76123876123873 20.104395604395563
204.15084915084915 13.494005994005931
199.06593406593404 5.358141858141835
208.72727272727272 6.375124875124811
220.4225774225774 5.358141858141835
228.04995004995007 6.883616383616356
227.54145854145852 15.527972027971998
237.2027972027972 14.510989010988963
240.25374625374624 31.79970029970025
248.89810189810188 24.680819180819125
260.0849150849151 36.88461538461536
243.3046953046953 44.51198801198797
237.2027972027972 58.74975024975021
226.015984015984 46.54595404595398
248.3896103896104 56.207292707292645
257.03396603396607 52.13936063936058
250.93206793206795 67.39410589410585
263.13586413586415 78.0724275724275
261.1018981018981 63.834665334665324
281.4415584415584 80.61488511488506
263.13586413586415 92.31018981018974
271.2717282717283 102.98851148851145
280.9330669330669 98.41208791208788
299.7472527472528 90.78471528471528
304.3236763236763 77.05544455544452
291.61138861138863 70.44505494505489
278.39060939060937 64.8516483516483
281.4415584415584 54.17332667332664
273.30569430569426 44.51198801198797
275.8481518481518 37.39310689310685
279.40759240759235 27.73176823176817
271.2717282717283 25.697802197802158
258.55944055944053 19.595904095904075
266.6953046953047 18.57892107892104
259.067932067932 10.443056943056888
249.40659340659343 4.341158841158801
274.32267732267735 4.341158841158801
295.67932067932065 10.443056943056888
290.59440559440554 17.561938061938008
290.59440559440554 27.73176823176817
295.67932067932065 25.697802197802158
294.1538461538462 42.986513486513445
293.6453546453546 52.13936063936058
305.8491508491509 42.47802197802196
305.8491508491509 50.61388611388611
312.96803196803194 50.105394605394565
320.0869130869131 48.071428571428555
315.001998001998 36.88461538461536
305.8491508491509 29.76573426573424
309.4085914085914 18.070429570429553
322.12087912087907 25.189310689310673
330.2567432567432 17.05344655344652
310.4255744255744 6.375124875124811
306.35764235764236 63.834665334665324
321.1038961038961 62.30919080919079
320.0869130869131 78.58091908091905
320.0869130869131 90.27622377622373
309.9170829170829 100.4460539460539
299.7472527472528 102.98851148851145
282.967032967033 123.32817182817176
289.0689310689311 112.14135864135856
298.2217782217782 117.22627372627369
314.4935064935065 117.73476523476516
306.86613386613385 144.17632367632365
313.985014985015 162.99050949050945
368.39360639360643 280.9605394605394
378.05494505494505 322.65684315684314
360.76623376623377 367.91258741258736
410.08991008991006 353.1663336663336
428.9040959040959 324.69080919080915
456.36263736263743 340.4540459540459
472.6343656343656 352.1493506493506
501.1098901098901 345.0304695304695
486.3636363636364 334.8606393606393
474.6683316683317 300.28321678321674
426.36163836163837 288.0794205794205
436.022977022977 265.7057942057942
416.19180819180826 254.0104895104895
397.8861138861139 259.09540459540455
378.05494505494505 245.36613386613388
345.51148851148855 250.4510489510489
336.3586413586413 222.48401598401594
328.22277722277727 198.58491508491508
353.6473526473526 206.72077922077918
357.20679320679324 189.4320679320679
340.42657342657344 180.27922077922074
356.18981018981015 159.9395604395604
355.17282717282717 145.19330669330665
335.8501498501498 132.48101898101893
325.6803196803197 111.1243756243756
344.49450549450546 108.58191808191805
339.40959040959035 97.90359640359634
330.7652347652347 92.81868131868129
332.2907092907093 82.64885114885112
341.4435564435564 76.54695304695304
336.8671328671329 57.224275724275685
330.2567432567432 40.952547452547435
351.10489510489515 66.88561438561436
360.76623376623377 85.19130869130868
354.6643356643357 75.52997002997
377.54645354645356 68.41108891108888
378.05494505494505 82.64885114885112
385.1738261738261 94.8526473526473
388.22477522477527 112.14135864135856
368.9020979020979 119.26023976023977
353.6473526473526 126.88761238761231
373.47852147852143 140.6168831168831
387.2077922077922 151.80369630369626
375.5124875124875 166.54995004995
396.3606393606394 195.53396603396598
405.00499500499507 174.17732267732265
390.7672327672328 171.6348651348651
407.5474525474526 144.68481518481514
405.51348651348655 117.22627372627369
421.27672327672326 113.15834165834161
404.49650349650346 98.92057942057936
395.34365634365633 90.27622377622373
401.4455544455544 82.64885114885112
390.7672327672328 74.51298701298697
400.42857142857144 65.36013986013984
387.2077922077922 59.25824175824175
386.6993006993007 42.986513486513445
360.76623376623377 42.47802197802196
350.59640359640355 44.00349650349648
349.57942057942057 26.7147852147852
335.34165834165833 26.7147852147852
348.5624375624376 8.917582417582366
331.7822177822178 3.832667332667313
358.7322677322677 17.561938061938008
373.98701298701303 34.85064935064929
370.4275724275724 28.240259740259717
390.2587412587412 23.663836163836095
381.6143856143856 15.019480519480453
379.071928071928 8.409090909090878
400.93706293706293 11.460039960039921
415.68331668331666 7.392107892107845
415.1748251748252 15.527972027971998
403.988011988012 31.291208791208764
397.3776223776224 25.697802197802158
409.0729270729271 39.42707292707291
400.93706293706293 38.41008991008988
389.24175824175825 34.3421578421578
417.7172827172827 22.13836163836163
425.8531468531469 9.426073926073911
433.48051948051955 3.324175824175768
346.5284715284715 15.527972027971998
340.42657342657344 11.460039960039921
320.0869130869131 9.9345654345654
428.9040959040959 161.46503496503493
453.8201798201799 159.9395604395604
426.87012987012986 134.00649350649346
439.58241758241763 124.34515484515481
458.3966033966034 138.58291708291705
454.32867132867136 112.14135864135856
466.53246753246754 114.17532467532465
432.97202797202794 100.95454545454538
415.68331668331666 90.78471528471528
423.8191808191808 83.15734265734261
416.19180819180826 71.97052947052941
413.6493506493507 56.207292707292645
433.98901098901104 59.76673326673324
423.3106893106893 40.952547452547435
417.7172827172827 46.03746253746249
432.46353646353646 33.32517482517477
439.07392607392615 46.54595404595398
459.4135864135865 65.36013986013984
453.8201798201799 46.03746253746249
447.2097902097902 51.63086913086909
448.73526473526476 31.79970029970025
449.75224775224774 19.595904095904075
440.0909090909091 16.54495504495503
454.83716283716285 7.392107892107845
467.5494505494506 17.561938061938008
476.70229770229776 11.460039960039921
471.10889110889116 24.17232767232764
465.51548451548456 27.73176823176817
464.49850149850147 38.41008991008988
476.70229770229776 56.207292707292645
497.0419580419581 54.68181818181813
491.957042957043 60.27522477522472
486.87212787212786 42.986513486513445
492.46553446553446 36.88461538461536
480.7702297702298 32.30819180819179
490.4315684315685 27.73176823176817
487.88911088911095 16.54495504495503
495.007992007992 18.57892107892104
502.1268731268732 10.951548451548433
482.29570429570435 8.409090909090878
468.5664335664336 76.54695304695304
487.38061938061935 70.44505494505489
464.49850149850147 86.7167832167832
439.07392607392615 81.63186813186809
464.49850149850147 96.88661338661336
444.15884115884114 96.88661338661336
478.2277722277722 137.56593406593402
475.68531468531467 125.36213786213784
485.8551448551449 94.8526473526473
483.8211788211788 270.79070929070923
467.040959040959 244.34915084915082
443.14185814185817 237.2302697302697
417.20879120879124 215.36513486513482
425.8531468531469 198.58491508491508
450.76923076923083 198.58491508491508
484.8381618381619 214.34815184815182
493.99100899100904 235.1963036963037
496.5334665334666 195.0254745254745
484.8381618381619 167.05844155844153
503.14385614385617 141.6338661338661
492.46553446553446 109.09040959040954
492.46553446553446 127.39610389610385
506.1948051948052 115.19230769230764
505.17782217782224 96.88661338661336
505.17782217782224 69.9365634365634
503.65234765234766 37.901598401598335
500.0929070929071 30.27422577422573
503.65234765234766 20.61288711288705
281.9500499500499 250.4510489510489
