14.698180407499553 286.6942845233526
20.439260937570907 269.4710429331385
10.5228491129022 261.12038034394385
18.35159529027223 258.51079828482045
4.781768582830846 252.7697177547491
15.7420132311489 245.46288798920378
6.869434230129523 225.10814792804166
32.96525482136297 238.15605822365836
22.005010173044905 237.11222540000907
29.83375635041496 232.41497769358705
30.35567276223961 221.45473304526902
40.794000998733 224.06431510439236
46.53508152880435 231.37114486993772
47.578914352453694 241.8094731064311
54.885744117999046 241.8094731064311
43.40358305785634 249.11630287197647
42.88166664603168 261.12038034394385
30.35567276223961 260.07654752029447
28.78992352676561 256.4231326375218
25.658425055817606 246.5067208128531
32.96525482136297 267.38337728583986
37.14058611596031 273.64637422773586
31.39950558588896 279.38745475780723
50.7104128234017 283.5627860524046
52.2761620588757 272.6025414040866
48.62274717610304 269.4710429331385
48.10083076427835 262.68612957941787
59.0610754125964 252.7697177547491
50.18849641157704 252.7697177547491
70.54323647273911 246.5067208128531
61.14874105989506 236.59030898818438
63.23640670719375 219.888983809795
49.66657999975235 221.97664945709366
41.31591741055764 213.1040704560743
58.01724258894705 207.36298992600297
72.6309021200378 189.09591551213956
73.67473494368711 180.22333651112015
71.58706929638845 168.74117545097747
87.76647806295317 184.39866780571754
87.2445616511285 173.43842315739948
96.63905706397257 175.52608880469816
65.3240723544924 208.40682274965226
72.10898570821311 205.27532427870426
72.10898570821311 199.01232733680826
64.80215594266774 199.53424374863295
80.98156470923246 205.79724069052895
86.72264523930386 195.35891245403556
97.16097347579722 205.79724069052895
72.6309021200378 305.4832753490407
71.58706929638845 295.56686352437197
71.58706929638845 280.95320399328125
64.2802395308431 294.52303070072264
88.81031088660252 289.30386658247596
80.98156470923246 287.21620093517726
87.2445616511285 276.7778726986839
82.0253975328818 261.12038034394385
69.49940364908974 262.68612957941787
84.11306318018052 252.7697177547491
81.50348112105716 238.15605822365836
92.98564218119988 236.0683925763597
92.46372576937522 228.76156281081435
90.37606012207652 219.36706739797035
73.15281853186245 221.97664945709366
99.77055553492058 192.22741398308756
108.64313453593992 182.83291857024355
122.21296124338133 179.70142009929555
121.16912841973198 185.44250062936686
118.03762994878397 173.43842315739948
112.81846583053728 202.66574221958095
118.55954636060864 202.14382580775626
125.86637612615398 198.49041092498356
126.91020894980333 202.66574221958095
126.91020894980333 210.49448839695097
126.91020894980333 215.71365251519765
113.86229865418663 216.2355689270223
102.90205400586858 216.75748533884698
111.25271659506328 231.37114486993772
103.94588682951792 239.19989104730777
100.81438835856989 246.5067208128531
99.77055553492058 260.07654752029447
99.77055553492058 267.38337728583986
100.29247194674522 279.38745475780723
108.12121812411527 275.73403987503457
104.46780324134258 294.00111428889795
98.72672271127122 304.961358937216
92.46372576937522 303.9175261135667
114.90613147783594 309.65860664363805
120.64721200790733 300.26411123079396
120.12529559608264 286.6942845233526
132.12937306805 312.2681887027614
130.04170742075135 301.829860466268
136.82662077447205 286.6942845233526
131.0855402444007 279.38745475780723
132.6512894798747 264.7737952267165
131.6074566562253 252.7697177547491
107.59930171229058 261.12038034394385
120.64721200790733 255.37929981387248
126.91020894980333 240.24372387095707
122.21296124338133 234.50264334088573
134.21703871534868 232.41497769358705
148.30878183461476 212.58215404424965
142.04578489271876 202.66574221958095
138.392370009946 192.74933039491225
145.6991997754914 194.31507963038624
141.52386848089407 189.09591551213956
134.7389551271733 181.7890857465942
133.69512230352404 169.78500827462682
144.65536695184207 167.17542621550348
147.7868654227901 179.17950368747086
155.61561160016012 175.52608880469816
166.57585624847812 179.70142009929555
161.35669213023144 192.22741398308756
160.8347757184068 185.44250062936686
162.40052495388082 203.1876586314056
154.5717787765108 226.67389716351568
162.92244136570542 224.06431510439236
169.70735471942612 224.06431510439236
175.9703516613222 217.80131816249636
163.9662741893548 232.9368941054117
153.00602954103675 236.59030898818438
147.7868654227901 239.7218074591324
155.61561160016012 246.5067208128531
148.83069824643937 253.81355057839846
144.65536695184207 264.7737952267165
156.65944442380945 269.9929593449632
155.61561160016012 278.3436219341579
157.1813608356341 297.6545291716706
161.87860854205616 306.00519176086533
168.14160548395216 286.6942845233526
181.71143219139358 287.73811734700195
174.92651883767286 267.38337728583986
175.9703516613222 257.9888818729958
183.7990978386922 252.7697177547491
179.6237665440949 238.15605822365836
185.8867634859909 227.19581357534037
194.2374260751856 215.71365251519765
187.9744291332896 221.45473304526902
178.0580173086209 199.53424374863295
178.0580173086209 191.18358115943823
178.0580173086209 186.4863334530162
184.8429306623416 177.09183804017215
178.0580173086209 171.87267392192547
195.28125889883492 171.87267392192547
202.06617225255562 179.17950368747086
200.5004230170816 172.91650674557482
202.5880886643803 169.26309186280213
213.54833331269833 169.78500827462682
211.4606676653997 183.35483498206818
202.06617225255562 190.66166474761354
187.9744291332896 191.7054975712629
191.1059276042376 204.7534078668796
207.80725278262702 198.49041092498356
202.5880886643803 211.01640480877566
210.93875125357502 212.58215404424965
215.635998959997 205.27532427870426
219.2894138427697 196.40274527768491
214.07024972452302 221.97664945709366
211.4606676653997 230.84922845811306
211.4606676653997 243.89713875372976
202.5880886643803 257.4669654611712
199.4565901934323 272.0806249922619
200.5004230170816 278.3436219341579
192.14976042788692 301.30794405444334
186.9305963096402 315.92160358553406
201.544255840731 314.35585435006004
203.6319214880296 306.00519176086533
180.6675993677442 304.961358937216
238.6003210802824 301.30794405444334
247.47290008130182 305.4832753490407
235.4688226093344 289.30386658247596
217.20174819547103 279.9093711696319
242.25373596305514 271.0367921686125
232.85924055021104 258.51079828482045
220.33324666641903 254.33546699022313
221.37707949006833 242.8533059300804
228.16199284378902 246.5067208128531
219.2894138427697 238.15605822365836
224.50857796101633 224.06431510439236
237.03457184480843 229.28347922263904
232.3373241383864 218.32323457432096
223.46474513736703 216.2355689270223
226.59624360831504 205.27532427870426
235.9907390211591 190.1397483357889
229.2058256674384 190.1397483357889
219.81133025459434 183.35483498206818
227.64007643196442 181.26716933476953
257.9112283177951 186.4863334530162
244.3414016103538 188.57399910031486
243.29756878670443 177.09183804017215
233.38115696203573 175.52608880469816
227.64007643196442 172.91650674557482
220.85516307824372 168.2192590391528
228.6839092556137 167.17542621550348
253.21398061137313 178.13567086382153
241.20990313940572 169.26309186280213
259.47697755326914 171.87267392192547
262.08655961239253 168.74117545097747
269.9153057897625 169.78500827462682
280.87555043808055 176.04800521652285
274.0906370843599 167.17542621550348
281.91938326172993 166.65350980367882
266.7838073188145 190.1397483357889
275.6563863198339 187.53016627666554
292.87962791004793 188.05208268849023
266.26189090698983 208.40682274965226
263.1303924360418 206.84107351417825
253.73589702319782 205.27532427870426
240.68798672758112 206.84107351417825
250.08248214042513 219.36706739797035
256.34547908232116 230.32731204628837
256.34547908232116 239.19989104730777
244.86331802217842 248.07247004832712
229.72774207926304 238.15605822365836
267.3057237306392 245.46288798920378
258.9550611414445 249.11630287197647
261.0427267887432 264.7737952267165
268.34955655428854 263.7299624030672
251.12631496407442 291.3915322297746
253.21398061137313 276.7778726986839
263.6523088478665 272.0806249922619
276.1783027316585 285.6504516997033
276.1783027316585 297.6545291716706
278.78788479078196 316.44351999735875
282.96321608537926 290.8696158179499
286.6166309681519 275.73403987503457
281.39746684990524 260.07654752029447
276.70021914348325 245.46288798920378
266.7838073188145 225.10814792804166
280.3536340262559 214.6698196915483
288.18238020362594 201.09999298410696
272.52488784888584 201.6219093959316
288.18238020362594 223.54239869256767
288.18238020362594 228.76156281081435
289.7481294391 241.8094731064311
301.23029049924264 237.11222540000907
306.4494546174893 240.24372387095707
310.6247859120866 251.7258849310998
293.4015443218726 268.42721010948924
312.19053514756064 263.7299624030672
303.31795614654135 290.8696158179499
321.06311414858004 316.44351999735875
343.50551985704084 320.6188512919561
331.50144238507346 295.0449471125473
330.45760956142414 278.3436219341579
318.9754485012814 271.0367921686125
324.71652903135276 257.9888818729958
343.50551985704084 273.64637422773586
358.1191793881316 280.43128758145656
363.8602599182029 292.9572814652486
376.90817021381963 299.22027840714463
392.04374615673504 319.5750184683067
397.2629102749817 298.69836199532
390.9999133330857 285.6504516997033
402.4820743932284 279.38745475780723
382.649250743891 275.73403987503457
371.1670896837483 259.03271469664514
344.0274362688655 252.7697177547491
343.50551985704084 243.89713875372976
354.9876809171836 232.41497769358705
368.0355912128003 221.97664945709366
360.2068450354302 211.01640480877566
345.07126909251485 214.14790327972366
330.45760956142414 228.76156281081435
334.11102444419674 214.14790327972366
323.67269620770344 236.59030898818438
316.88778285398274 227.19581357534037
310.6247859120866 215.71365251519765
318.4535320894568 210.49448839695097
307.49328744113865 205.79724069052895
293.9234607336973 194.31507963038624
308.01520385296334 180.74525292294484
300.70837408741795 179.17950368747086
317.4096992658074 196.40274527768491
330.45760956142414 202.14382580775626
344.0274362688655 197.44657810133424
411.87656980607244 311.224355879112
427.53406216081254 294.00111428889795
422.31489804256586 281.9970368169306
409.7889041587738 260.07654752029447
409.2669877469491 252.7697177547491
406.65740568782576 244.41905516555443
397.2629102749817 236.0683925763597
386.3026656266637 244.41905516555443
418.13956674796844 265.8176280503659
443.1915545155525 300.26411123079396
441.62580528007857 313.3120215264107
456.2394648111692 316.9654364091834
479.72570334327935 316.44351999735875
482.33528540240275 305.4832753490407
476.0722884605067 298.69836199532
478.15995410780533 290.3476994061253
497.47086134531816 299.22027840714463
502.16810905174015 311.224355879112
499.03661058079217 273.64637422773586
479.2037869314547 260.07654752029447
470.33120793043537 262.1642131675932
456.2394648111692 272.6025414040866
448.41071863379926 269.9929593449632
455.71754839934465 262.1642131675932
438.49430680913053 260.07654752029447
425.44639651351383 251.20396851927512
420.22723239526715 242.8533059300804
410.3108205705984 219.888983809795
392.04374615673504 225.63006433986635
387.346498450313 211.01640480877566
398.82865951045574 197.44657810133424
382.1273343320663 195.35891245403556
374.2985881546963 192.74933039491225
362.8164270945536 199.53424374863295
358.1191793881316 188.57399910031486
348.2027675634628 175.52608880469816
369.0794240364496 173.96033956922417
385.25883280301434 177.61375445199684
394.65332821585844 183.35483498206818
410.8327369824231 184.39866780571754
416.57381751249443 201.6219093959316
422.31489804256586 191.7054975712629
435.36280833818256 191.7054975712629
437.4504739854812 183.87675139389285
432.7532262790592 172.91650674557482
444.75730375102654 192.22741398308756
453.10796634022125 192.22741398308756
468.76545869496135 190.1397483357889
454.67371557569527 202.14382580775626
448.41071863379926 212.58215404424965
446.32305298650056 229.28347922263904
427.53406216081254 215.71365251519765
472.418873577734 225.10814792804166
454.67371557569527 227.71772998716506
474.50653922503267 210.49448839695097
483.90103463787676 204.7534078668796
479.72570334327935 214.14790327972366
476.5942048723314 217.80131816249636
478.68187051963 242.8533059300804
490.68594799159746 246.5067208128531
490.16403157977277 234.50264334088573
482.33528540240275 227.71772998716506
506.34344034633745 246.5067208128531
503.73385828721416 234.50264334088573
507.3872731699868 227.19581357534037
500.08044340444144 216.75748533884698
496.94894493349346 202.14382580775626
494.33936287437007 190.66166474761354
478.15995410780533 194.31507963038624
465.11204381218863 179.17950368747086
503.21194187538947 192.74933039491225
506.34344034633745 191.7054975712629
499.55852699261675 179.17950368747086
506.86535675816214 174.4822559810488
491.20786440342204 175.52608880469816
482.33528540240275 168.2192590391528
477.11612128415607 171.87267392192547
454.67371557569527 169.78500827462682
317.4096992658074 172.91650674557482
326.8041946786514 180.22333651112015
516.5208103769186 312.2681887027614
508.17014778772375 315.92160358553406
518.0865596123925 277.2997891105086
531.6563863198339 256.4231326375218
526.9591386134119 234.50264334088573
515.4769775532692 225.10814792804166
525.393389377938 214.6698196915483
530.6125534961845 208.92873916147695
540.5289653208533 205.27532427870426
512.3454790823212 205.27532427870426
514.9550611414445 197.44657810133424
521.7399744951651 193.79316321856155
532.1783027316586 193.79316321856155
540.5289653208533 194.8369960422109
551.4892099691714 188.05208268849023
557.2302904992428 188.57399910031486
550.9672935573468 178.13567086382153
518.0865596123925 173.96033956922417
534.787884790782 172.91650674557482
543.6604637918014 233.98072692906106
542.616630968152 221.45473304526902
531.6563863198339 221.45473304526902
556.1864576755934 205.27532427870426
549.4015443218726 290.8696158179499
547.8357950863985 264.7737952267165
541.050881732678 256.4231326375218
558.274123322892 259.03271469664514
571.3220336185087 246.5067208128531
561.4056217938399 228.76156281081435
569.23436797121 223.54239869256767
568.7124515593854 210.49448839695097
555.6645412637688 212.06023763242496
554.6207084401194 300.26411123079396
537.91938326173 321.6626841156054
529.0468042607106 304.961358937216
529.5687206725352 271.0367921686125
451.28125889883495 285.6504516997033
566.6247859120867 321.14076770378074
575.4973649131061 307.57094099633935
589.0671916205474 306.00519176086533
608.3780988580602 297.6545291716706
601.5931855043395 280.43128758145656
584.8918603259501 284.6066188760539
570.2782007948593 286.6942845233526
582.8041946786514 269.4710429331385
570.2782007948593 265.8176280503659
582.8041946786514 254.85738340204782
588.0233587968982 241.8094731064311
595.8521049742682 239.19989104730777
598.4616870333916 231.37114486993772
605.2466003871122 238.15605822365836
605.7685167989368 228.76156281081435
613.0753465644822 230.84922845811306
607.3342660344108 246.5067208128531
601.0712690925149 264.7737952267165
592.7206065033201 268.42721010948924
621.426009153677 274.69020705138524
622.4698419773263 283.5627860524046
638.6492507438911 299.22027840714463
620.9040927418522 320.0969348801314
672.0519011006699 315.92160358553406
680.4025636898646 301.829860466268
702.8449693983254 302.87369328991736
699.1915545155526 317.487352821008
723.1997094594873 292.9572814652486
729.4627064013835 292.9572814652486
752.4270285216688 300.26411123079396
762.3434403463375 310.7024394672874
762.3434403463375 305.4832753490407
773.3036849946557 310.7024394672874
740.4229510497014 320.0969348801314
780.6105147602009 301.30794405444334
785.307762466623 297.6545291716706
785.8296788784477 289.30386658247596
776.9570998774283 281.9970368169306
761.2996075226882 283.5627860524046
757.6461926399156 278.3436219341579
747.207864403422 261.64229675576854
745.6421151679482 274.69020705138524
735.2037869314546 268.42721010948924
718.5024617530654 273.64637422773586
704.9326350456239 275.73403987503457
704.9326350456239 280.95320399328125
678.3148980425659 290.3476994061253
663.7012385114751 280.43128758145656
654.306743098631 274.69020705138524
644.9122476857871 279.38745475780723
651.6971610395078 265.29571163854115
642.3026656266637 257.4669654611712
633.952003037469 265.8176280503659
633.952003037469 260.07654752029447
632.386253801995 247.55055363650246
631.8643373901704 239.7218074591324
620.9040927418522 239.19989104730777
622.4698419773263 264.7737952267165
619.8602599182029 261.12038034394385
618.294510682729 253.81355057839846
566.102869500262 196.40274527768491
566.6247859120867 183.87675139389285
579.6726962077034 183.87675139389285
588.0233587968982 190.1397483357889
571.8439500303334 177.61375445199684
560.3617889701908 176.5699216283475
586.4576095614242 176.04800521652285
597.4178542097421 174.4822559810488
603.1589347398136 172.39459033375016
613.597262976307 172.91650674557482
623.5136748009757 171.87267392192547
607.8561824462356 170.82884109827614
632.386253801995 182.83291857024355
624.0355912128002 190.1397483357889
605.2466003871122 190.1397483357889
603.6808511516382 198.49041092498356
624.0355912128002 201.09999298410696
583.8480275023007 206.84107351417825
580.7165290313528 219.36706739797035
577.0631141485802 230.32731204628837
596.3740213860927 216.75748533884698
607.3342660344108 219.888983809795
608.3780988580602 214.14790327972366
595.8521049742682 209.45065557330165
602.6370183279888 207.36298992600297
646.9999133330857 223.020482280743
647.5218297449104 231.37114486993772
642.3026656266637 234.50264334088573
656.9163251577544 242.8533059300804
656.3944087459298 232.9368941054117
655.8724923341051 228.76156281081435
624.0355912128002 221.45473304526902
621.426009153677 212.58215404424965
632.386253801995 208.40682274965226
648.5656625685598 206.84107351417825
639.6930835675404 201.09999298410696
651.6971610395078 192.74933039491225
649.609495392209 184.39866780571754
641.780749214839 182.83291857024355
659.0039908050531 201.09999298410696
664.7450713351245 189.09591551213956
660.5697400405271 190.1397483357889
660.0478236287025 218.32323457432096
664.7450713351245 227.19581357534037
670.4861518651958 227.19581357534037
671.5299846888452 248.07247004832712
661.0916564523518 256.4231326375218
671.5299846888452 262.1642131675932
681.446396513514 261.12038034394385
690.8408919263579 262.1642131675932
692.9285575736566 246.5067208128531
703.8888022219746 242.8533059300804
714.8490468702927 256.4231326375218
720.590127400364 262.1642131675932
715.8928796939421 252.7697177547491
733.1161212841561 243.3752223419051
745.6421151679482 253.81355057839846
755.5585269926169 251.7258849310998
763.3872731699869 241.8094731064311
777.4790162892529 242.8533059300804
762.8653567581621 221.45473304526902
779.5666819365516 220.41090022161967
789.4830937612203 225.10814792804166
787.9173445257462 227.71772998716506
785.8296788784477 208.92873916147695
782.6981804074996 199.53424374863295
770.6941029355322 201.09999298410696
773.8256014064802 191.7054975712629
783.7420132311489 171.87267392192547
771.7379357591815 175.52608880469816
753.9927777571428 175.52608880469816
730.5065392250328 188.05208268849023
736.2476197551042 166.65350980367882
725.8092915186106 179.17950368747086
710.6737155756953 183.35483498206818
680.9244801016893 236.0683925763597
678.3148980425659 220.41090022161967
687.1874770435852 217.80131816249636
680.4025636898646 209.45065557330165
679.8806472780399 193.79316321856155
687.1874770435852 182.83291857024355
698.669638103728 179.17950368747086
690.3189755145332 176.04800521652285
687.7093934554099 170.30692468645148
696.5819724564293 171.87267392192547
712.761381222994 172.39459033375016
703.3668858101499 171.87267392192547
722.155876635838 201.6219093959316
731.0284556368574 218.32323457432096
714.327130458468 227.19581357534037
711.7175483993447 214.14790327972366
718.5024617530654 213.1040704560743
747.207864403422 203.70957504323025
745.1201987561234 189.09591551213956
754.5146941689676 184.9205842175422
701.801136574676 193.79316321856155
704.9326350456239 205.27532427870426
690.3189755145332 192.22741398308756
671.0080682770205 170.82884109827614
667.3546533942479 182.83291857024355
667.3546533942479 176.5699216283475
660.5697400405271 169.78500827462682
648.0437461567351 169.26309186280213
703.8888022219746 221.45473304526902
743.5544495206494 220.41090022161967
765.4749388172854 266.33954446219053
771.2160193473569 263.7299624030672
773.3036849946557 254.33546699022313
779.5666819365516 252.7697177547491
353.68288988762197 313.8339379382354
694.2333486032181 290.8696158179499
789.222135555308 311.224355879112
802.7919622627492 319.5750184683067
816.3617889701906 316.44351999735875
798.616630968152 298.69836199532
816.3617889701906 280.95320399328125
807.4892099691714 280.43128758145656
791.8317176144312 280.43128758145656
799.6604637918011 265.29571163854115
793.3974668499052 250.16013569562577
803.313878674574 253.81355057839846
806.9672935573466 245.46288798920378
819.4932874411386 250.16013569562577
832.5411977367554 246.5067208128531
841.9356931495994 239.19989104730777
819.4932874411386 265.29571163854115
838.8041946786514 294.00111428889795
822.1028695002619 295.0449471125473
845.0671916205474 304.961358937216
864.3780988580602 301.829860466268
872.2068450354302 310.7024394672874
854.4616870333914 283.0408696405799
838.8041946786514 272.0806249922619
847.6767736796708 269.4710429331385
857.5931855043394 249.11630287197647
846.6329408560214 260.07654752029447
872.7287614472548 248.07247004832712
883.1670896837484 241.8094731064311
878.9917583891508 263.7299624030672
872.2068450354302 275.73403987503457
881.0794240364496 289.30386658247596
897.780749214839 305.4832753490407
904.043746156735 284.0847024642293
908.740993863157 267.38337728583986
920.2231549232998 271.0367921686125
942.6655606317604 296.61069634802135
929.0957339243192 301.829860466268
936.924480101689 312.2681887027614
909.2629102749817 304.961358937216
969.2832976348186 313.8339379382354
952.0600560446045 320.6188512919561
976.5901274003638 292.9572814652486
969.8052140466432 286.6942845233526
1002.6859479915975 300.26411123079396
999.0325331088249 283.0408696405799
989.1161212841561 275.73403987503457
984.4188735777341 265.8176280503659
977.6339602240134 261.64229675576854
997.4667838733507 262.1642131675932
944.7532262790592 273.1244578159112
957.2792201628512 271.0367921686125
916.5697400405272 249.11630287197647
902.9999133330856 251.20396851927512
932.2272323952672 244.41905516555443
940.0559785726371 252.7697177547491
954.6696381037278 256.4231326375218
948.4066411618318 248.07247004832712
955.7134709273772 240.76564028278176
969.2832976348186 239.19989104730777
974.5024617530654 251.20396851927512
976.5901274003638 257.4669654611712
995.9010346378768 239.7218074591324
1013.6461926399154 256.4231326375218
1018.8653567581621 248.07247004832712
1018.8653567581621 279.38745475780723
1010.5146941689675 268.42721010948924
817.9275382056646 233.98072692906106
802.7919622627492 231.37114486993772
815.3179561465414 216.2355689270223
822.1028695002619 217.80131816249636
794.9632160853791 187.53016627666554
800.7042966154506 173.43842315739948
808.5330427928205 178.13567086382153
811.6645412637686 188.05208268849023
805.4015443218726 205.27532427870426
815.839872558366 201.09999298410696
830.4535320894568 202.14382580775626
830.4535320894568 208.40682274965226
844.0233587968982 208.40682274965226
854.4616870333914 212.06023763242496
849.7644393269694 216.75748533884698
870.1191793881316 208.40682274965226
864.9000152698848 201.09999298410696
875.3383435063782 218.32323457432096
877.426009153677 225.10814792804166
869.5972629763069 232.9368941054117
859.6808511516382 231.37114486993772
850.2863557387942 234.50264334088573
913.9601579814038 216.75748533884698
911.872492334105 232.41497769358705
901.4341640976118 238.15605822365836
889.4300866256443 228.76156281081435
889.952003037469 214.6698196915483
881.6013404482742 205.27532427870426
893.6054179202416 194.31507963038624
887.8643373901702 187.53016627666554
880.557507624625 194.31507963038624
873.2506778590796 188.57399910031486
865.9438480935341 184.9205842175422
857.5931855043394 192.22741398308756
852.3740213860927 187.53016627666554
848.7206065033201 177.09183804017215
830.9754485012813 187.53016627666554
824.7124515593854 172.91650674557482
829.4096992658074 165.60967698002946
835.1507797958787 166.13159339185412
836.7165290313528 172.39459033375016
918.1354892760011 201.09999298410696
899.8684148621376 201.09999298410696
930.1395667479684 219.888983809795
936.4025636898645 228.76156281081435
952.5819724564292 215.71365251519765
937.9683129253386 207.36298992600297
934.8368144543906 194.31507963038624
920.7450713351244 190.1397483357889
907.175244627683 183.35483498206818
914.4820743932283 181.7890857465942
896.7369163911897 179.17950368747086
908.740993863157 177.61375445199684
925.9642354533712 165.60967698002946
951.0162232209552 186.4863334530162
961.9764678692733 177.61375445199684
949.9723903973058 171.87267392192547
970.3271304584679 192.22741398308756
970.8490468702926 212.06023763242496
954.6696381037278 199.53424374863295
991.7257033432793 200.0561601604576
980.7654586949614 166.36666707936638
975.5462945767147 172.10774760943772
956.235387339202 156.45025525469768
943.1874770435852 161.14750296111967
940.0559785726371 165.32283425571703
938.4902293371632 175.76116249221042
905.609495392209 168.45433272666506
894.1273343320662 167.41049990301573
881.0794240364496 176.80499531585974
870.6410957999562 174.71732966856106
878.4698419773262 167.41049990301573
865.4219316817096 166.36666707936638
859.6808511516382 177.32691172768443
851.3301885624434 161.66941937294436
837.760361855002 159.05983731382102
843.5014423850733 156.45025525469768
829.4096992658074 161.14750296111967
820.537120264788 158.01600449017167
822.6247859120866 151.23109113645097
822.6247859120866 162.7132521965937
811.142624851944 163.75708502024304
811.142624851944 173.15158043308708
903.5218297449104 151.23109113645097
903.5218297449104 158.01600449017167
910.306743098631 156.45025525469768
918.6574056878256 157.494088078347
921.266987746949 148.09959266550297
936.924480101689 152.796840371925
939.5340621608125 143.9242613709056
948.4066411618318 149.14342548915232
948.9285575736565 144.4461777827303
953.103888868254 139.22701366448362
966.1517991638706 141.83659572360693
957.8011365746759 147.5776762536783
965.1079663402212 134.52976595806157
979.7216258713119 140.27084648813292
973.9805453412406 135.57359878171093
988.5942048723313 154.88450601922366
1015.2119418753895 157.494088078347
1006.8612792861946 155.40642243104833
995.379118226052 161.66941937294436
1006.3393628743701 187.24332355235313
988.0722884605067 188.28715637600249
1005.2955300507208 142.88042854725626
989.6380376959808 120.95993925062021
982.85312434226 113.13119307325016
973.4586289294158 93.82028583573742
976.0682109885392 85.46962324654272
967.1956319875198 117.82844077967216
949.9723903973058 122.00377207426952
945.7970591027084 128.7886854279902
933.792981630741 132.96401672258756
932.7491488070918 125.13527054521755
921.7889041587738 122.00377207426952
916.0478236287024 120.95993925062021
894.1273343320662 142.88042854725626
891.517752272943 138.18318084083427
887.3424209783456 135.57359878171093
890.4739194492936 152.796840371925
887.3424209783456 150.18725831280167
883.1670896837484 138.18318084083427
876.3821763300276 133.48593313441225
871.6849286236056 141.83659572360693
889.4300866256443 161.66941937294436
1012.602359816266 120.95993925062021
1017.1691284197319 112.34831845551315
1010.6451732719236 101.1271156012828
999.9458868295179 106.08532151361715
994.9876809171834 101.38807380719513
986.1151019161641 87.03537248201674
930.0090876450123 103.21478124858146
934.1844189396096 109.47777819047751
866.3352854024026 127.48389439842856
856.1579153718217 133.7468913403246
793.5279459528614 124.09143772156821
784.6553669518421 125.13527054521755
807.3587308662152 141.57563751769462
814.4046024258481 146.2728852241166
815.9703516613222 139.74893007630826
827.1915545155526 140.27084648813295
819.1018501322701 132.44210031076292
829.2792201628512 130.61539286937656
812.8388531903742 114.43598410281186
804.7491488070918 116.78460795602285
803.9662741893547 124.09143772156821
803.7053159834425 129.57156004572724
810.7511875430755 131.13730928120123
812.3169367785495 125.13527054521755
773.1732058916994 118.87227360332152
777.8704535981213 113.3921512791625
865.813368990578 105.8243633077048
861.3770794900684 97.4737007185101
860.333246666419 102.95382304266913
869.2058256674384 111.30448563186383
869.2058256674384 115.21885872054885
875.9907390211591 117.82844077967218
867.6400764319643 120.95993925062021
906.5228491129022 120.43802283879553
916.4392609375709 113.91406769098717
909.3933893779378 110.52161101412683
914.8735117020968 105.8243633077048
952.7124515593854 101.64903201310746
961.06311414858 99.5613663658088
934.445377145522 92.25453660026342
930.0090876450123 97.99561713033478
924.5289653208532 93.03741121800043
916.1783027316585 97.4737007185101
920.0926758203436 106.60723792544181
895.8235626704966 97.73465892442245
898.4331447296198 100.60519918945812
879.905112109844 105.8243633077048
876.2516972270714 101.38807380719513
885.1242762280908 100.60519918945812
777.0875789803844 102.43190663084445
959.3668858101499 167.41049990301573
539.2241742912915 165.32283425571703
524.0885983483762 155.40642243104833
517.8256014064801 160.10367013747037
518.8694342301295 166.36666707936638
530.3515952902721 179.93649378680777
526.6981804074995 170.54199837396374
536.0926758203436 154.362589607399
553.3159174105576 159.05983731382102
542.8775891740643 161.66941937294436
543.399505585889 177.84882813950907
555.4035830578563 167.41049990301573
561.1446635879277 152.27492396010032
580.4555708254404 160.10367013747037
574.714490295369 156.45025525469768
587.2404841791611 158.01600449017167
574.714490295369 148.09959266550297
585.1528185318624 139.74893007630826
586.7185677673364 150.7091747246263
600.8103108866025 149.14342548915232
591.937731885583 145.49001060637963
595.5911467683558 166.88858349119104
595.5911467683558 158.01600449017167
600.8103108866025 161.66941937294436
610.2048062994465 156.45025525469768
615.4239704176932 163.23516860841838
620.1212181241153 159.05983731382102
631.603379184258 173.67349684491174
637.3444597143293 166.88858349119104
637.3444597143293 156.45025525469768
647.7827879508227 161.66941937294436
654.5677013045433 154.362589607399
666.5717787765108 162.71325219659371
667.0936951883355 152.79684037192501
626.3842150660113 152.79684037192501
610.2048062994465 150.7091747246263
606.0294750048492 144.4461777827303
602.3760601220765 136.09551519353556
620.1212181241153 139.74893007630826
611.2486391230959 132.44210031076292
605.5075585930246 126.70101978069157
599.2445616511285 127.22293619251622
591.937731885583 126.17910336886686
588.2843170028104 133.48593313441225
585.1528185318624 127.22293619251622
571.0610754125964 138.18318084083427
563.754245647051 137.6612644290096
553.8378338223823 147.05575984185361
553.3159174105576 140.7927628999576
549.1405861159603 148.09959266550297
539.7460907031162 140.7927628999576
549.1405861159603 132.44210031076292
543.9214219977135 134.52976595806157
515.2160193473569 135.05168236988627
513.1283537000581 125.13527054521755
519.3913506419542 128.7886854279902
522.5228491129021 136.09551519353556
527.2200968193242 124.09143772156821
532.9611773493956 130.8763510752889
536.6145922321683 125.13527054521755
549.662502527785 120.43802283879552
529.8296788784476 117.8284407796722
526.6981804074995 113.13119307325016
531.3954281139215 112.0873602496008
533.4830937612203 107.3901125431788
515.7379357591815 144.4461777827303
572.6268246480704 120.43802283879552
576.2802395308431 110.5216110141268
585.6747349436871 117.8284407796722
587.7624005909857 110.5216110141268
599.7664780629531 111.04352742595148
591.937731885583 117.8284407796722
607.0733078284985 112.0873602496008
602.3760601220765 105.30244689588014
600.8103108866025 101.12711560128278
611.7705555349205 102.69286483675678
619.5993017122905 108.43394536682814
611.2486391230959 108.43394536682814
618.5554688886413 126.70101978069157
613.3363047703945 122.52568848609421
625.8622986541866 119.39419001514621
631.603379184258 116.26269154419816
621.6869673595893 112.60927666142548
624.8184658305373 130.35443466346422
632.1252955960827 140.7927628999576
653.5238684808941 143.40234495908098
650.9142864217707 135.05168236988627
642.563623832576 114.17502589689948
532.9611773493956 95.38603507121142
531.9173445257462 90.6887873647894
530.3515952902721 86.51345607019205
528.7858460547982 81.29429195194537
717.7195871353283 158.01600449017167
706.7593424870104 162.71325219659371
695.7990978386921 154.362589607399
703.1059276042375 150.7091747246263
701.5401783687636 142.35851213543162
695.7990978386921 143.40234495908098
681.1854383076015 137.13934801718491
676.4881906011796 162.71325219659371
677.5320234248287 149.66534190097698
658.7430325991407 144.96809419455496
660.8306982464393 140.7927628999576
673.3566921302314 133.48593313441225
669.7032772474587 144.4461777827303
666.5717787765108 132.44210031076292
661.3526146582641 126.17910336886686
655.6115341281927 121.48185566244486
651.4362028335953 119.39419001514621
731.8113302545944 139.74893007630826
738.5962436083149 130.8763510752889
738.5962436083149 120.43802283879552
731.2894138427697 120.43802283879552
731.2894138427697 125.13527054521755
729.7236646072957 126.70101978069157
728.1579153718217 130.8763510752889
722.938751253575 132.44210031076292
722.4168348417503 151.75300754827566
722.4168348417503 145.49001060637963
715.110005076205 144.96809419455496
718.7634199589776 137.6612644290096
713.5442558407309 133.48593313441225
746.4249897856849 151.75300754827566
753.7318195512304 156.45025525469768
742.2496584910878 143.40234495908098
744.859240550211 141.31467931178227
761.5605657286004 144.96809419455496
759.9948164931263 140.7927628999576
761.0386493167757 134.0078495462369
777.7399744951651 159.05983731382102
768.3454790823212 159.05983731382102
762.0824821404251 159.05983731382102
767.3016462586718 149.66534190097698
777.7399744951651 134.0078495462369
769.3893119059705 136.09551519353556
764.1701477877237 126.70101978069157
789.222135555308 148.09959266550297
779.8276401424638 148.09959266550297
789.7440519671326 115.74077513237351
788.7002191434832 108.9558617786528
786.09063708436 97.4737007185101
795.485132497204 106.34627971952946
800.1823802036259 112.0873602496008
795.485132497204 112.60927666142548
802.2700458509246 101.64903201310746
792.8755504380806 95.9079514830361
793.91938326173 99.56136636580878
797.5727981445026 88.60112171749073
802.7919622627492 81.29429195194537
754.7756523748798 103.21478124858146
741.727742079263 104.78053048405546
761.0386493167757 101.64903201310746
764.6920641995483 101.12711560128278
769.9112283177951 95.9079514830361
771.4769775532692 86.51345607019205
765.2139806113731 87.03537248201673
755.8194851985292 92.77645301208808
750.6003210802824 95.9079514830361
744.859240550211 97.4737007185101
735.9866615491917 92.2545366002634
722.938751253575 107.3901125431788
716.1538378998544 101.12711560128278
717.1976707235035 110.5216110141268
717.1976707235035 116.78460795602285
700.4963455451143 134.0078495462369
702.0620947805883 124.09143772156821
688.4922680731469 133.48593313441225
686.9265188376728 127.22293619251622
681.7073547194261 125.13527054521755
679.0977726603028 120.43802283879552
672.8347757184067 125.13527054521755
675.4443577775302 115.74077513237351
675.4443577775302 112.0873602496008
667.6156116001602 119.39419001514621
577.8459887663171 94.34220224756208
573.6706574717197 88.60112171749073
584.1089857082131 87.03537248201673
585.6747349436871 79.20662630464669
955.1915545155524 60.417635478958616
844.0233587968982 126.17910336886686
834.1069469722294 101.64903201310746
841.9356931495994 99.56136636580878
835.1507797958787 88.60112171749073
840.89186032595 90.16687095296473
839.326111090476 84.42579042289337
840.3699439141254 79.20662630464669
677.0101070130041 92.2545366002634
552.2720845869082 109.99969460230216
563.2323292352264 124.61335413339289
553.0549592046453 98.51753354215946
557.4912487051549 102.17094842493215
554.0987920282947 97.9956171303348
547.8357950863987 87.03537248201674
559.0569979406291 88.60112171749074
563.4932874411387 92.25453660026345
565.3199948825251 100.3442409835458
555.925499469681 81.55525015785771
552.7940009987329 76.0751278336987
546.2700458509247 72.16075474501369
544.4433384095382 81.55525015785771
536.3536340262559 76.59704424552336
536.3536340262559 71.63883833318901
534.5269265848696 69.02925627406567
532.1783027316586 64.85392497946833
528.0029714370612 61.983384714432646
523.8276401424639 61.46146830260798
505.56056572860047 91.73262018843874
509.2139806113732 70.85596371545202
504.51673290495114 63.28817574399432
511.82356267049653 59.37380265530931
513.9112283177951 63.28817574399432
519.3913506419542 76.85800245143571
523.5666819365516 81.2942919519454
525.6543475838503 82.59908298150705
566.3638277061743 79.72854271647138
561.1446635879277 76.0751278336987
564.2761620588757 72.68267115683835
574.4535320894568 78.16279348099738
612.5534301526576 84.16483221698107
597.6788124156545 90.42782915887709
602.6370183279888 82.33812477559472
591.6767736796708 79.46758451055905
598.9836034452162 75.81416962778637
603.4198929457259 72.94362936275068
603.4198929457259 70.85596371545202
597.6788124156545 67.20254883267934
600.8103108866025 67.724465244504
604.2027675634628 65.63679959720533
577.0631141485801 63.54913394990665
580.7165290313528 64.85392497946833
581.4994036490898 60.15667727304631
576.5411977367554 71.37788012727668
546.0090876450123 60.41763547895864
536.8755504380806 60.678593684870975
555.142624851944 67.724465244504
580.9774872372651 104.78053048405548
577.8459887663171 100.3442409835458
583.326111090476 98.51753354215946
582.2822782668268 96.16890968894845
622.991758389151 93.5593276298251
616.7287614472549 90.68878736478942
605.7685167989368 103.4757394544938
627.4280478896607 97.2127425125978
632.1252955960827 106.60723792544182
626.9061314778359 104.51957227814314
634.2129612433813 96.95178430668545
634.9958358611183 89.90591274705243
629.5157135369593 85.46962324654274
625.8622986541866 81.81620836377006
622.4698419773263 86.25249786427975
619.077385300466 79.46758451055905
623.2527165950632 75.03129501004936
619.8602599182029 73.46554577457536
610.9876809171836 75.29225321596171
611.2486391230959 70.85596371545202
615.9458868295179 70.59500550953967
620.6431345359399 65.89775780311766
627.1670896837483 64.33200856764365
621.1650509477646 61.983384714432646
613.0753465644822 61.983384714432646
605.2466003871122 59.37380265530931
598.4616870333915 60.15667727304631
593.7644393269695 60.41763547895864
589.0671916205475 60.678593684870975
568.4514933534731 58.59092803757231
566.102869500262 67.20254883267934
559.5789143524537 60.41763547895864
612.8143883585699 96.95178430668545
609.4219316817096 91.47166198252643
647.7827879508227 95.64699327712377
646.9999133330857 91.47166198252643
643.8684148621377 88.86207992340309
638.9102089498033 83.38195759924406
640.997874597102 80.77237554012072
631.603379184258 75.81416962778637
633.169128419732 66.15871600903
636.30062689068 70.59500550953967
643.0855402444007 74.50937859822469
640.214999979365 66.68063242085466
643.6074566562253 64.07105036173132
649.0875789803844 67.724465244504
659.7868654227901 64.85392497946833
657.6991997754914 73.20458756866303
653.2629102749817 72.16075474501369
653.2629102749817 79.72854271647138
661.0916564523517 87.81824709975375
654.0457848927188 90.94974557070175
649.609495392209 87.03537248201674
659.003990805053 96.16890968894845
668.1375280119847 101.64903201310746
668.6594444238094 107.65107074909115
658.4820743932285 110.78256922003915
644.6512894798747 106.08532151361715
638.9102089498033 100.3442409835458
640.4759581852774 94.3422022475621
679.6196890721275 107.65107074909115
685.0998113962866 107.65107074909115
679.6196890721275 102.43190663084445
688.2313098672345 116.78460795602285
690.0580173086208 118.6113153974092
701.0182619569389 107.12915433726648
697.6258052800786 99.30040815989645
685.0998113962866 98.51753354215946
690.3189755145332 96.69082610077311
681.7073547194261 87.29633068792907
674.9224413657055 83.38195759924406
672.3128593065821 81.2942919519454
664.4841131292121 77.6408770691727
685.3607696021988 79.72854271647138
684.5778949844619 76.33608603961103
690.5799337204455 76.33608603961103
689.0141844849716 71.63883833318901
693.4504739854813 68.507339862241
695.5381396327798 76.59704424552336
709.8908409579583 70.59500550953967
708.5860499283966 64.07105036173132
715.110005076205 67.724465244504
704.9326350456239 70.59500550953967
698.1477216919033 83.38195759924406
701.5401783687636 80.77237554012072
705.4545514574486 84.94770683471808
707.0203006929225 81.55525015785771
712.761381222994 87.29633068792907
718.2415035471529 78.94566809873437
721.1120438121886 76.85800245143571
725.287375106786 78.68470989282204
722.155876635838 67.20254883267934
721.8949184299257 61.46146830260798
733.6380376959806 60.678593684870975
736.7695361669287 68.507339862241
735.464745137367 82.33812477559472
726.3312079304353 82.59908298150705
731.550372048682 88.86207992340309
722.155876635838 89.90591274705243
726.5921661363476 89.12303812931542
750.8612792861946 121.7428138683572
746.6859479915975 115.21885872054885
756.3414016103537 113.13119307325017
757.1242762280907 118.6113153974092
749.8174464625455 105.8243633077048
741.4667838733507 113.91406769098718
733.6380376959806 113.13119307325017
725.5483333126983 110.2606528082145
737.5524107846658 113.3921512791625
726.0702497245229 103.99765586631848
708.3250917224841 105.8243633077048
705.9764678692733 99.82232457172113
706.7593424870103 93.5593276298251
694.4943068091305 103.99765586631848
711.9785066052569 125.39622875112988
713.2832976348186 115.21885872054885
749.0345718448085 84.16483221698107
752.1660703157565 84.16483221698107
748.7736136388961 89.90591274705243
741.727742079263 87.03537248201674
742.510616697 78.68470989282204
750.3393628743701 75.29225321596171
752.9489449334934 73.98746218640002
728.6798317836464 74.50937859822469
721.6339602240134 73.20458756866303
724.7654586949615 71.11692192136435
728.4188735777341 68.507339862241
729.7236646072955 63.027217538081985
667.8765698060724 68.507339862241
661.8745310700888 59.895719067133975
661.3526146582641 69.02925627406567
671.0080682770205 63.54913394990665
652.740993863157 61.20051009669564
648.043746156735 61.20051009669564
642.563623832576 59.37380265530931
697.6258052800786 62.244342920344984
688.4922680731469 61.20051009669564
681.7073547194261 60.15667727304631
679.0977726603028 60.15667727304631
675.7053159834425 59.895719067133975
678.3148980425658 72.16075474501369
676.4881906011794 76.0751278336987
685.6217278081111 72.94362936275068
703.1059276042375 63.027217538081985
705.7155096633609 60.15667727304631
589.8500662382845 98.51753354215946
590.1110244441968 85.46962324654274
584.3699439141254 75.29225321596171
582.5432364727391 71.37788012727668
582.0213200609145 69.55117268589034
506.86535675816214 78.68470989282204
510.25781343502246 75.29225321596171
505.56056572860047 73.98746218640002
520.6961416715159 92.51549480617575
515.4769775532692 85.20866504063041
509.7358970231979 108.95586177865283
521.7399744951651 110.2606528082145
518.8694342301295 104.51957227814314
640.4759581852774 126.70101978069157
632.1252955960827 135.31264057579858
592.7206065033201 100.3442409835458
588.5452752087228 72.16075474501369
580.7165290313528 86.25249786427975
573.6706574717197 129.04964363390258
580.9774872372651 114.43598410281186
740.4229510497014 59.37380265530931
750.3393628743701 60.41763547895864
746.1640315797728 61.20051009669564
755.8194851985292 57.54709521392296
691.1018501322702 81.2942919519454
672.0519011006699 73.46554577457536
670.4861518651958 90.42782915887709
667.0936951883355 93.5593276298251
636.0396686847677 107.65107074909115
818.8408919263578 97.18685799419745
810.2292711312509 96.66494158237278
811.7950203667248 94.05535952324942
806.0539398366535 92.48961028777542
802.9224413657055 83.87798949266839
809.4463965135138 86.74852975770408
807.6196890721275 79.70265819807105
812.3169367785495 77.0930761389477
801.3566921302315 77.0930761389477
783.0896177163681 76.04924331529836
787.003990805053 78.13690896259703
785.6991997754914 67.95953893201599
785.438241569579 60.652709166470636
774.2170387153487 66.39378969654199
776.3047043626473 60.391750960558305
769.5197910089267 64.56708225515565
771.0855402444007 72.91774484435034
777.609495392209 79.4416999921587
778.1314118040336 55.17258684231161
784.3944087459296 54.38971222457461
780.740993863157 50.73629734180194
771.0855402444007 54.911628636399286
813.6217278081112 56.738336077785625
812.3169367785495 64.04516584333098
805.2710652189164 60.391750960558305
794.8327369824231 58.826001725084296
801.3566921302315 53.34587940092528
791.701238511475 58.565043519171965
791.701238511475 53.34587940092528
795.0936951883355 48.9095899004156
790.1354892760011 45.77809142946758
785.1772833636667 47.08288245902925
781.0019520690694 39.77605269348389
784.6553669518421 33.25209754567553
777.3485371862967 34.03497216341253
773.1732058916994 43.42946757625657
814.6655606317604 47.08288245902925
806.8368144543904 43.42946757625657
813.6217278081112 41.34180192895789
813.6217278081112 35.60072139888654
801.6176503361438 38.47126166392222
806.5758562484781 38.73221986983456
796.6594444238093 39.25413628165922
791.1793220996504 36.90551242844822
797.1813608356341 31.686348310201527
800.8347757184067 33.25209754567553
809.4463965135138 33.51305575158786
824.0600560446045 40.29796910530856
821.1895157795689 36.90551242844822
825.1038888682539 46.56096604720458
818.8408919263578 44.73425860581825
823.0162232209552 50.73629734180194
825.886763485991 52.30204657727594
819.8847247500072 49.43150631224026
825.6258052800786 43.95138398808125
810.7511875430755 51.780130165451276
814.1436442199358 53.34587940092528
807.3587308662152 47.60479887085392
818.8408919263578 59.608876342821304
817.7970591027084 55.43354504822395
824.0600560446045 59.869834548733635
822.4943068091306 55.95546146004861
827.9744291332895 57.782168901434964
824.8429306623415 66.39378969654199
832.9326350456239 60.652709166470636
836.5860499283966 64.56708225515565
817.2751426908839 76.57115972712303
824.3210142505169 92.2286520818631
822.4943068091306 87.53140437544107
823.7990978386921 73.43966125617501
830.8449693983252 75.26636869756136
835.281258898835 75.26636869756136
831.8888022219746 70.56912099113934
836.0641335165718 70.56912099113934
839.7175483993447 70.83007919705167
846.2415035471529 69.26432996157767
830.3230529865006 101.88410570061946
845.9805453412406 103.7108131420058
850.938751253575 97.7087744060221
851.9825840772244 89.88002822865208
849.3730020181009 83.0951148749314
845.458628929416 83.35607308084373
847.5462945767147 77.0930761389477
853.8092915186106 64.30612404924331
861.8989959018929 71.61295381478868
853.8092915186106 72.65678663843802
866.8572018142274 83.87798949266839
856.6798317836464 80.74649102172037
857.4627064013832 88.5752371990904
868.6839092556137 94.05535952324942
864.247619755104 90.66290284638907
862.4209123137177 88.05332078726575
873.3811569620358 83.35607308084373
881.2099031394057 90.66290284638907
873.3811569620358 93.0115266996001
879.905112109844 96.66494158237278
887.9948164931263 80.74649102172037
899.9988939650938 86.74852975770408
905.2180580833406 82.57319846310672
899.2160193473568 77.0930761389477
888.5167329049511 70.56912099113934
912.5248878488859 70.83007919705167
905.2180580833406 65.08899866698032
916.7002191434832 60.91366737238297
910.6981804074994 57.782168901434964
928.4433384095382 60.652709166470636
928.1823802036259 67.95953893201599
925.0508817326779 82.57319846310672
869.9887002851755 58.565043519171965
876.5126554329837 51.2582137536266
882.2537359630551 59.608876342821304
843.3709632821173 58.04312710734729
963.411738001791 64.30612404924331
1012.7328389192222 64.04516584333098
974.6329408560216 74.7444522857367
966.2822782668268 76.57115972712303
962.3679051781417 77.61499255077237
956.6268246480704 80.74649102172037
947.2323292352264 81.26840743354505
954.800117206684 75.26636869756136
933.9234607336973 72.13487022661334
940.4474158815057 69.78624637340234
937.8378338223823 62.479416607856976
937.8378338223823 59.608876342821304
945.6665799997522 53.34587940092528
951.668618735736 53.08492119501294
949.5809530884374 47.60479887085392
952.1905351475606 42.12467654669489
962.1069469722294 47.60479887085392
966.0213200609145 44.99521681173057
892.9530224054608 86.74852975770408
895.3016462586718 93.53344311142476
902.0865596123925 93.0115266996001
905.4790162892529 98.49164902375911
908.0885983483762 92.2286520818631
910.9591386134119 86.74852975770408
897.128353700058 68.74241354975301
898.6941029355321 68.48145534384066
898.6941029355321 59.08695993099663
902.3475178183048 44.73425860581825
958.9754485012813 55.43354504822395
966.8041946786514 59.08695993099663
976.1986900914955 52.30204657727594
987.4198929457259 56.99929428369795
990.1599541078054 76.3102015212107
994.3352854024026 71.61295381478867
979.1997094594873 70.56912099113934
976.5901274003638 62.21845840194464
980.2435422831367 56.99929428369794
992.247619755104 53.34587940092526
993.2914525787534 52.82396298910059
992.247619755104 47.082882459029236
992.7695361669288 42.38563475260723
982.85312434226 35.600721398886535
978.6777930476626 41.34180192895789
965.629882752046 38.21030345800988
885.7766717428716 121.19501293813221
894.649250743891 125.89226064455421
899.8684148621376 120.15118011448286
894.649250743891 116.4977652317102
888.3862538019949 112.32243393711285
742.7715749029123 156.16341253038502
732.8551630782438 152.50999764761232
866.4657645053588 133.19909041009961
852.8959377979174 124.32651140908021
853.4178542097421 115.97584881988551
859.6808511516382 115.97584881988551
836.7165290313528 111.27860111346351
824.7124515593854 114.9320159962362
847.1548572678462 47.082882459029236
853.4178542097421 47.60479887085391
841.9356931495994 41.34180192895789
834.628863384054 41.34180192895789
834.628863384054 49.170548106327914
829.931615677632 30.381557280639854
835.1507797958787 23.07472751509448
848.7206065033201 32.99113933976318
854.9836034452162 38.21030345800988
862.8123496225862 34.03497216341253
1015.2119418753895 56.99929428369794
1003.7297808152466 43.429467576256556
1012.602359816266 41.34180192895789
1006.3393628743701 35.600721398886535
1016.2557746990386 37.688387046185206
1015.2119418753895 27.771975221516502
1011.0366105807922 27.25005880969183
1009.9927777571427 32.46922292793853
996.4229510497014 28.81580804516583
991.7257033432793 23.07472751509448
974.5024617530654 28.29389163334118
1017.8215239345128 138.41825452834627
1007.3831956980194 135.80867246922293
990.68187051963 135.28675605739826
992.7695361669288 140.50592017564497
997.9887002851752 151.46616482396297
987.0284556368574 126.93609346820357
969.8052140466432 105.0156041715675
964.0641335165718 106.0594369952168
978.155876635838 107.62518623069082
984.4188735777341 105.53752058339215
986.5065392250326 96.66494158237276
979.7216258713119 82.05128205128207
948.9285575736565 90.40194464047676
960.4107186337992 88.31427899317808
943.7093934554098 96.66494158237276
937.4463965135138 84.13894769858074
931.7053159834426 79.96361640398338
920.7450713351244 137.8963381165216
911.3505759222804 138.94017094017096
907.175244627683 126.93609346820357
883.689006095573 39.776052693483884
880.0355912128003 34.03497216341253
877.426009153677 30.381557280639854
871.6849286236056 34.03497216341253
872.2068450354302 24.118560338743826
873.7725942709044 22.030894691445155
866.9876809171835 22.030894691445155
872.2068450354302 17.8555633968478
862.8123496225862 23.07472751509448
859.1589347398134 24.118560338743826
861.2466003871122 29.337724456990507
864.3780988580602 27.771975221516502
866.9876809171835 28.81580804516583
839.326111090476 32.99113933976318
844.0233587968982 30.381557280639854
848.7206065033201 27.771975221516502
845.0671916205474 27.25005880969183
848.1986900914955 21.50897827962048
850.2863557387942 25.162393162393155
851.3301885624434 18.377479808672476
856.5493526806902 22.030894691445155
855.5055198570408 16.811730573198453
851.8521049742682 12.114482866776447
853.9397706215668 6.895318748529749
848.7206065033201 4.807653101231093
848.7206065033201 8.982984395828444
858.1151019161642 10.026817219477772
860.7246839752875 7.417235160354423
861.7685167989368 11.0706500431271
865.9438480935341 10.026817219477772
864.3780988580602 3.7638202775817455
851.8521049742682 29.337724456990507
864.9000152698848 39.25413628165921
859.6808511516382 37.688387046185206
887.3424209783456 45.517133223555234
872.2068450354302 43.429467576256556
869.0753465644822 47.082882459029236
867.5095973290082 49.170548106327914
863.3342660344108 53.34587940092526
859.1589347398134 54.38971222457461
849.7644393269694 51.25821375362659
862.2904332107614 45.517133223555234
855.5055198570408 45.517133223555234
864.3780988580602 64.30612404924331
867.5095973290082 69.00337175566533
859.1589347398134 65.34995687289265
873.7725942709044 70.56912099113934
878.9917583891508 74.74445228573667
880.0355912128003 70.56912099113934
892.5615850965924 59.60887634282129
888.3862538019949 54.38971222457461
881.6013404482742 49.69246451815259
880.0355912128003 43.95138398808124
893.083501508417 45.517133223555234
897.780749214839 47.60479887085391
892.5615850965924 39.776052693483884
888.9081702138196 37.688387046185206
888.3862538019949 32.99113933976318
885.254755331047 30.90347369246451
888.3862538019949 30.381557280639854
887.3424209783456 25.162393162393155
884.2109225073976 24.6404767505685
878.9917583891508 25.684309574217828
892.0396686847675 24.118560338743826
893.083501508417 16.289814161373798
888.3862538019949 17.8555633968478
964.5860499283966 8.982984395828444
954.6696381037278 10.548733631302445
955.1915545155524 15.767897749549125
951.0162232209552 12.114482866776447
945.7970591027084 8.461067984003751
948.4066411618318 6.3734023367050945
952.0600560446045 6.3734023367050945
942.1436442199358 6.3734023367050945
936.924480101689 3.2419038657570916
929.0957339243192 3.7638202775817455
927.0080682770205 4.807653101231093
926.4861518651958 2.1980710421077436
923.3546533942477 2.719987453932398
919.1793220996504 1.1542382184583961
909.7848266868064 2.1980710421077436
889.952003037469 3.2419038657570916
885.7766717428716 3.2419038657570916
882.6451732719236 3.2419038657570916
878.9917583891508 3.7638202775817455
875.8602599182028 1.1542382184583961
894.649250743891 9.504900807653097
898.3026656266637 9.504900807653097
897.780749214839 5.851485924880421
894.649250743891 2.1980710421077436
891.517752272943 4.807653101231093
888.9081702138196 8.982984395828444
882.1232568600989 12.636399278601122
879.5136748009755 7.417235160354423
882.6451732719236 5.851485924880421
873.7725942709044 8.982984395828444
877.426009153677 14.202148514075123
873.7725942709044 14.724064925899796
911.872492334105 48.64863169450326
921.266987746949 47.082882459029236
915.003990805053 37.688387046185206
908.2190774513324 40.29796910530856
906.6533282158584 29.337724456990507
905.609495392209 26.728142397867177
912.3944087459296 27.771975221516502
907.175244627683 23.07472751509448
908.2190774513324 13.68023210225045
902.9999133330856 14.202148514075123
904.5656625685598 8.461067984003751
907.6971610395078 8.461067984003751
929.6176503361438 20.46514545597115
925.9642354533712 19.4213126323218
933.2710652189164 16.811730573198453
929.6176503361438 17.333646985023126
925.9642354533712 51.25821375362659
917.6135728641764 52.82396298910059
925.4423190415464 42.38563475260723
928.5738175124944 41.86371834078256
931.1833995716178 38.21030345800988
936.924480101689 35.07880498706186
942.6655606317604 40.29796910530856
944.2313098672346 30.381557280639854
948.4066411618318 30.381557280639854
952.0600560446045 32.99113933976318
949.4504739854813 25.162393162393155
941.6217278081112 26.728142397867177
940.0559785726371 20.987061867795806
946.3189755145332 23.596643926919153
940.5778949844619 12.636399278601122
978.6777930476626 20.987061867795806
972.4147961057666 23.07472751509448
965.1079663402212 29.337724456990507
965.1079663402212 25.162393162393155
966.1517991638706 21.50897827962048
963.0203006929227 22.030894691445155
964.5860499283966 14.202148514075123
961.4545514574486 14.202148514075123
956.7573037510266 20.46514545597115
969.8052140466432 16.289814161373798
970.3271304584679 11.0706500431271
962.498384281098 3.7638202775817455
956.7573037510266 3.2419038657570916
968.761381222994 2.719987453932398
978.6777930476626 8.982984395828444
977.1120438121886 14.202148514075123
980.2435422831367 16.289814161373798
985.4627064013832 8.982984395828444
989.1161212841561 8.982984395828444
994.3352854024026 4.807653101231093
1001.1201987561234 8.461067984003751
1008.9489449334934 10.548733631302445
1016.2557746990386 6.3734023367050945
818.971371029314 19.943229044146477
811.6645412637686 23.07472751509448
814.274123322892 14.724064925899796
809.5768756164699 8.982984395828444
801.2262130272752 6.895318748529749
800.7042966154506 20.46514545597115
793.91938326173 21.50897827962048
792.8755504380806 8.982984395828444
797.0508817326779 8.982984395828444
1012.602359816266 89.3581118168274
1014.1681090517402 81.0074492276327
1020.4311059936363 91.96769387595076
984.4188735777341 65.87187328471732
989.6380376959808 63.26229122559397
995.9010346378768 61.69654199011997
998.510616697 56.99929428369794
1004.2516972270714 58.565043519171965
1005.8174464625454 52.30204657727594
997.9887002851752 49.69246451815259
1010.5146941689675 49.170548106327914
1018.8653567581621 22.030894691445155
1018.8653567581621 15.767897749549125
1020.9530224054608 13.68023210225045
1020.4311059936363 9.504900807653097
1014.1681090517402 15.767897749549125
776.6961416715158 23.07472751509448
773.0427267887432 20.987061867795806
773.0427267887432 9.504900807653097
766.7797298468472 6.3734023367050945
761.0386493167757 6.3734023367050945
756.8633180221784 8.461067984003751
748.5126554329837 9.504900807653097
757.9071508458278 16.811730573198453
752.1660703157563 18.377479808672476
742.7715749029123 23.596643926919153
738.0743271964903 24.118560338743826
744.3373241383864 25.684309574217828
742.2496584910878 40.29796910530856
740.6839092556137 34.03497216341253
732.333246666419 39.25413628165921
733.8989959018929 35.07880498706186
763.1263149640744 67.43762252019133
759.9948164931263 60.65270916647062
763.1263149640744 56.47737787187329
767.8235626704966 45.517133223555234
754.2537359630552 45.517133223555234
757.3852344340031 45.517133223555234
752.1660703157563 52.82396298910059
742.7715749029123 50.736297341801915
746.9469061975097 49.170548106327914
756.8633180221784 27.25005880969183
765.7358970231978 37.688387046185206
526.6981804074995 41.34180192895789
531.3954281139215 41.86371834078256
533.4830937612203 37.688387046185206
525.1324311720256 39.776052693483884
516.2598521710062 41.86371834078256
515.7379357591815 26.728142397867177
516.2598521710062 29.337724456990507
524.6105147602009 24.6404767505685
524.6105147602009 19.4213126323218
519.9132670537789 19.4213126323218
531.3954281139215 23.07472751509448
534.5269265848696 18.377479808672476
536.6145922321683 23.596643926919153
541.833756350415 23.07472751509448
543.9214219977135 19.4213126323218
541.833756350415 17.333646985023126
543.9214219977135 15.767897749549125
546.0090876450123 13.158315690425775
541.3118399385903 11.0706500431271
536.0926758203436 13.158315690425775
532.9611773493956 12.114482866776447
528.2639296429736 5.329569513055747
523.0447655247269 6.895318748529749
522.5228491129021 12.114482866776447
519.3913506419542 4.807653101231093
518.8694342301295 8.461067984003751
514.6941029355322 14.724064925899796
514.6941029355322 17.333646985023126
514.1721865237075 49.170548106327914
522.0009327010775 50.736297341801915
518.8694342301295 43.429467576256556
518.3475178183048 34.03497216341253
515.2160193473569 55.95546146004861
534.0050101730449 56.47737787187329
524.6105147602009 56.47737787187329
542.3556727622396 49.170548106327914
537.6584250558176 43.429467576256556
543.9214219977135 44.995216811730565
545.4871712331876 40.29796910530856
539.2241742912915 34.5568885752372
550.7063353514343 35.600721398886535
553.8378338223823 37.688387046185206
551.228251763259 45.517133223555234
545.4871712331876 45.517133223555234
547.5748368804863 52.30204657727594
551.7501681750836 52.30204657727594
558.0131651169797 54.38971222457461
540.7899235267656 67.43762252019133
546.531004056837 66.91570610836665
572.6268246480704 52.82396298910059
577.3240723544924 56.47737787187329
587.2404841791611 49.69246451815259
584.1089857082131 49.170548106327914
577.8459887663171 46.03904963537991
575.2364067071937 44.995216811730565
580.9774872372651 39.776052693483884
573.6706574717197 37.688387046185206
566.3638277061743 42.38563475260723
564.7980784707004 39.25413628165921
564.2761620588757 34.03497216341253
555.925499469681 24.6404767505685
563.754245647051 20.46514545597115
705.1935932515363 46.03904963537991
704.1497604278869 43.429467576256556
678.0539398366535 35.600721398886535
687.9703516613222 30.381557280639854
679.0977726603028 5.329569513055747
674.9224413657055 8.982984395828444
677.5320234248287 12.114482866776447
644.12937306805 10.026817219477772
640.4759581852774 14.724064925899796
638.9102089498033 23.596643926919153
636.30062689068 19.4213126323218
634.7348776552059 15.767897749549125
637.3444597143293 14.202148514075123
635.7787104788553 8.461067984003751
596.6349795920052 9.504900807653097
559.5789143524537 8.461067984003751
574.714490295369 17.8555633968478
606.5513914166739 37.688387046185206
599.2445616511285 39.25413628165921
600.8103108866025 42.38563475260723
619.077385300466 47.60479887085391
610.2048062994465 35.07880498706186
614.3801375940438 34.03497216341253
602.8979765339011 28.29389163334118
685.8826860140235 52.82396298910059
715.6319214880295 43.429467576256556
707.8031753106595 34.03497216341253
699.4525127214649 28.29389163334118
692.1456829559195 25.162393162393155
694.2333486032181 18.377479808672476
709.3689245461336 26.728142397867177
720.8510856062763 27.771975221516502
669.7032772474587 37.688387046185206
677.5320234248287 40.29796910530856
673.8786085420561 30.381557280639854
667.0936951883355 24.6404767505685
670.7471100711081 23.07472751509448
666.5717787765108 17.333646985023126
666.5717787765108 14.724064925899796
662.3964474819135 3.2419038657570916
658.221116187316 2.719987453932398
582.0213200609144 6.3734023367050945
577.8459887663171 7.417235160354423
565.8419112943496 3.7638202775817455
569.4953261771224 3.7638202775817455
593.5034811210571 2.719987453932398
584.6309021200378 16.811730573198453
568.9734097652977 26.728142397867177
584.6309021200378 38.73221986983454
589.8500662382844 37.688387046185206
595.5911467683558 49.69246451815259
604.4637257693752 50.736297341801915
610.7267227112712 49.170548106327914
608.6390570639725 45.517133223555234
612.2924719467452 44.995216811730565
609.6828898876219 56.47737787187329
620.1212181241153 54.38971222457461
626.9061314778359 54.38971222457461
628.9937971251346 47.60479887085391
630.0376299487839 43.429467576256556
625.8622986541866 37.688387046185206
618.5554688886413 36.122637810711204
626.3842150660113 30.90347369246451
624.2965494187126 19.4213126323218
626.3842150660113 20.46514545597115
618.0335524768166 18.377479808672476
609.1609734757972 18.377479808672476
662.9183638937382 47.082882459029236
660.3087818346147 41.34180192895789
649.3485371862967 32.99113933976318
650.9142864217707 35.600721398886535
649.3485371862967 25.684309574217828
650.392370009946 22.030894691445155
648.3047043626473 15.767897749549125
655.089617716368 16.811730573198453
649.3485371862967 7.417235160354423
627.9499643014854 12.636399278601122
619.5993017122905 12.636399278601122
620.6431345359399 6.895318748529749
616.9897196531672 6.3734023367050945
609.1609734757972 6.3734023367050945
605.5075585930246 5.329569513055747
601.8541437102518 3.2419038657570916
595.0692303565311 22.030894691445155
583.5870692963884 30.381557280639854
574.1925738835444 26.728142397867177
644.6512894798747 52.82396298910059
636.8225433025046 43.429467576256556
643.6074566562253 39.776052693483884
650.9142864217707 43.429467576256556
636.8225433025046 49.69246451815259
632.1252955960827 54.38971222457461
651.95811924542 49.69246451815259
665.0060295410367 52.82396298910059
670.2251936592834 49.69246451815259
688.4922680731469 43.429467576256556
759.4729000813018 36.122637810711204
754.7756523748798 36.122637810711204
750.6003210802824 35.600721398886535
834.628863384054 14.202148514075123
827.3220336185087 12.114482866776447
698.4086798978155 13.68023210225045
705.1935932515363 12.636399278601122
717.7195871353283 8.982984395828444
708.8470081343089 5.329569513055747
717.7195871353283 3.2419038657570916
717.1976707235035 16.289814161373798
721.8949184299257 12.114482866776447
723.4606676653997 5.851485924880421
695.2771814268675 34.5568885752372
681.7073547194261 21.50897827962048
675.9662741893547 20.987061867795806
566.3638277061743 13.68023210225045
562.7104128234017 13.68023210225045
550.7063353514343 12.114482866776447
554.359750234207 10.026817219477772
549.1405861159603 7.417235160354423
537.1365086439929 2.1980710421077436
534.0050101730449 1.6761546302830699
540.7899235267656 2.719987453932398
548.6186697041356 1.6761546302830699
543.399505585889 1.6761546302830699
822.1028695002619 26.728142397867177
721.8949184299257 50.736297341801915
727.1140825481723 49.170548106327914
722.938751253575 41.86371834078256
722.4168348417503 31.947306516113855
728.6798317836464 23.596643926919153
725.5483333126983 16.811730573198453
727.635998959997 10.026817219477772
733.3770794900684 10.548733631302445
741.2058256674384 8.982984395828444
594.5473139447065 29.337724456990507
694.2333486032181 53.34587940092526
358.1191793881316 164.80091784389236
371.1670896837483 162.19133578476902
401.9601579814037 170.02008196213907
387.346498450313 162.7132521965937
399.3505759222804 158.53792090199633
412.9204026297218 163.75708502024304
421.27106521891653 163.75708502024304
424.92448010168914 157.49408807834698
430.6655606317605 160.10367013747037
436.9285575736565 152.796840371925
435.88472475000725 142.88042854725626
451.54221710474724 157.49408807834698
443.7134709273772 148.09959266550297
443.7134709273772 126.17910336886686
424.92448010168914 136.61743160536025
415.5299846888451 133.48593313441222
405.61357286417643 133.48593313441222
394.65332821585844 136.61743160536025
383.6930835675403 139.22701366448362
362.2945106827289 144.96809419455496
370.6451732719236 142.88042854725626
348.2027675634628 155.928338842873
333.0671916205474 162.19133578476902
326.8041946786514 171.06391478578837
326.2822782668267 156.45025525469768
331.50144238507346 143.9242613709056
340.89593779791744 141.83659572360693
329.41377673777475 134.52976595806157
325.23844544317745 140.27084648813292
312.71245155938533 137.13934801718491
316.36586644215805 135.5735987817109
320.54119773675535 132.4421003107629
313.2343679712101 125.13527054521754
305.92753820566463 140.7927628999576
296.011126380996 135.5735987817109
284.0070489090287 144.96809419455496
277.7440519671325 147.57767625367828
272.0029714370612 156.45025525469768
270.4372222015872 150.18725831280162
265.2180580833405 142.88042854725626
257.9112283177951 148.09959266550297
234.94690619750972 153.8406731955743
244.3414016103538 154.88450601922366
239.64415390393174 151.75300754827563
245.38523443400314 140.7927628999576
254.77972984684715 137.13934801718491
245.90715084582783 130.35443466346422
256.8673954941458 133.48593313441222
216.1579153718217 150.18725831280162
205.7195871353283 152.796840371925
165.5320234248288 148.09959266550297
170.7511875430755 148.62150907732763
154.0498623646861 162.19133578476902
150.39644748191344 153.8406731955743
88.81031088660252 163.75708502024304
78.8938990619338 162.19133578476902
82.54731394470652 157.49408807834698
97.16097347579722 151.23109113645097
101.33630477039458 152.796840371925
109.16505094776458 151.23109113645097
112.81846583053728 153.8406731955743
122.21296124338133 162.7132521965937
104.98971965316723 169.49816555031438
134.21703871534868 155.40642243104833
125.34445971432933 153.8406731955743
65.3240723544924 77.64087706917267
55.4076605298237 75.55321142187402
61.14874105989506 69.81213089180267
66.8898215899664 73.46554577457535
56.45149335347305 65.63679959720531
52.2761620588757 67.20254883267931
46.53508152880435 66.68063242085465
41.837833822382336 66.68063242085465
37.14058611596031 66.68063242085465
20.439260937570907 69.29021447997798
25.136508643992933 70.85596371545199
13.654347583850225 77.64087706917267
8.435183465603524 72.94362936275067
15.7420132311489 68.24638165632865
25.658425055817606 81.29429195194537
22.005010173044905 80.7723755401207
8.435183465603524 91.73262018843873
5.30368499465552 91.73262018843873
8.435183465603524 97.4737007185101
20.96117734939558 96.42986789486075
16.785846054798228 101.12711560128278
15.220096819324226 109.99969460230214
8.957099877428199 105.82436330770479
8.435183465603524 111.56544383777614
3.7379357591815188 115.21885872054884
2.172186523707497 128.26676901616554
4.259852171006173 129.83251825163956
7.9132670537788705 140.27084648813292
4.259852171006173 151.75300754827563
11.044765524726873 150.18725831280162
16.263929642973554 138.18318084083427
27.224174291291607 131.9201838989382
35.57483688048631 136.61743160536025
40.794000998733 140.27084648813292
44.447415881505684 141.83659572360693
61.14874105989506 146.53384343002898
60.626824648070404 144.96809419455496
50.7104128234017 141.83659572360693
56.9734097652977 136.61743160536025
44.447415881505684 133.48593313441222
33.48717123318763 124.61335413339286
32.96525482136297 115.74077513237349
27.74609070311628 102.69286483675678
31.39950558588896 98.51753354215943
34.53100405683697 92.2545366002634
33.48717123318763 86.51345607019205
39.750168175083644 89.64495454114005
37.66250252778498 83.90387401106871
44.969332293330346 80.25045912829603
48.62274717610304 75.55321142187402
65.3240723544924 92.2545366002634
66.8898215899664 88.60112171749073
51.75424564705104 84.94770683471805
56.9734097652977 83.90387401106871
60.626824648070404 81.29429195194537
73.67473494368711 82.86004118741937
72.6309021200378 76.59704424552335
76.28431700281045 76.59704424552335
78.37198265010915 67.72446524450397
72.6309021200378 71.37788012727667
68.97748723726511 67.20254883267931
63.75832311901841 64.59296677355597
85.1568960038298 67.20254883267931
87.76647806295317 73.46554577457535
83.06923035653116 81.81620836377003
90.37606012207652 83.90387401106871
95.07330782849853 87.5572888938414
81.50348112105716 99.56136636580875
90.89797653390117 96.95178430668543
87.2445616511285 94.86411865938675
82.0253975328818 93.82028583573741
77.85006623828446 91.21070377661408
73.15281853186245 88.60112171749073
72.10898570821311 92.2545366002634
72.6309021200378 97.4737007185101
66.8898215899664 99.0394499539841
58.01724258894705 95.38603507121142
58.01724258894705 103.21478124858146
44.447415881505684 95.38603507121142
40.272084586908335 95.90795148303609
94.02947500484922 139.22701366448362
90.89797653390117 140.27084648813292
87.2445616511285 147.57767625367828
69.49940364908974 141.83659572360693
65.3240723544924 136.61743160536025
68.97748723726511 126.17910336886686
63.75832311901841 128.7886854279902
59.0610754125964 126.70101978069154
50.7104128234017 124.61335413339286
55.4076605298237 117.30652436784752
51.23232923522635 110.5216110141268
49.144663587927695 104.78053048405546
43.925499469681 112.0873602496008
40.794000998733 107.91202895500346
82.54731394470652 123.04760489791886
82.54731394470652 120.95993925062018
74.1966513555118 118.87227360332152
75.24048417916111 115.21885872054884
70.54323647273911 110.5216110141268
77.85006623828446 107.91202895500346
71.58706929638845 106.86819613135414
82.0253975328818 105.82436330770479
87.2445616511285 113.65310948507481
92.46372576937522 120.95993925062018
89.85414371025186 126.70101978069154
80.98156470923246 129.83251825163956
74.1966513555118 129.83251825163956
98.72672271127122 135.5735987817109
106.55546888864127 130.35443466346422
104.46780324134258 124.61335413339286
100.29247194674522 119.39419001514618
98.72672271127122 115.21885872054884
96.63905706397257 108.43394536682814
95.07330782849853 105.82436330770479
101.85822118221922 104.25861407223078
103.94588682951792 112.0873602496008
108.64313453593992 113.65310948507481
113.34038224236194 115.21885872054884
116.99379712513463 106.86819613135414
110.73080018323863 106.86819613135414
107.59930171229058 103.21478124858146
103.42397041769323 97.4737007185101
103.42397041769323 91.21070377661408
95.07330782849853 80.7723755401207
95.07330782849853 74.50937859822467
125.86637612615398 98.51753354215943
123.25679406703064 93.29836942391275
119.08146277243328 87.5572888938414
121.16912841973198 83.90387401106871
127.95404177345269 82.33812477559471
128.997874597102 76.59704424552335
131.6074566562253 67.72446524450397
123.25679406703064 69.81213089180267
117.51571353695928 65.63679959720531
116.47188071330997 71.89979653910132
112.29654941871263 66.68063242085465
103.42397041769323 69.29021447997798
101.33630477039458 80.7723755401207
117.51571353695928 124.61335413339286
121.16912841973198 134.00784954623688
122.21296124338133 128.26676901616554
123.77871047885533 117.82844077967216
132.12937306805 115.74077513237349
136.82662077447205 113.13119307325016
141.52386848089407 111.56544383777614
138.9142864217707 102.1709484249321
134.21703871534868 94.86411865938675
138.9142864217707 94.86411865938675
150.39644748191344 97.4737007185101
150.39644748191344 104.25861407223078
135.7827879508227 127.74485260434086
133.17320589169935 124.61335413339286
137.87045359812137 120.95993925062018
144.65536695184207 116.78460795602284
152.48411312921206 121.48185566244484
148.30878183461476 124.61335413339286
143.08961771636805 131.39826748711357
147.2649490109654 139.22701366448362
156.1375280119848 136.61743160536025
157.7032772474588 139.22701366448362
133.69512230352404 142.88042854725626
130.04170742075135 134.52976595806157
256.8673954941458 128.26676901616554
264.1742252596912 126.17910336886686
268.87147296611323 124.0914377215682
279.30980120260654 120.43802283879552
286.6166309681519 117.30652436784752
290.2700458509247 109.99969460230214
280.87555043808055 106.86819613135414
273.04680426071053 108.43394536682814
265.2180580833405 110.5216110141268
262.08655961239253 109.47777819047748
250.60439855224982 109.47777819047748
250.60439855224982 107.91202895500346
241.20990313940572 107.91202895500346
241.20990313940572 116.78460795602284
239.64415390393174 114.17502589689948
229.72774207926304 113.13119307325016
222.4209123137177 121.48185566244484
219.81133025459434 119.39419001514618
215.11408254817232 117.30652436784752
206.241503547153 139.22701366448362
200.5004230170816 145.49001060637963
196.3250917224843 152.27492396010032
187.9744291332896 145.49001060637963
173.8826860140235 148.09959266550297
175.4484352494975 141.31467931178227
191.62784401606228 128.26676901616554
195.28125889883492 126.17910336886686
194.7593424870103 117.30652436784752
194.7593424870103 111.56544383777614
187.4525127214649 102.1709484249321
146.74303259914075 69.29021447997798
139.95811924542005 87.5572888938414
137.34853718629668 81.29429195194537
142.5677013045434 80.25045912829603
131.6074566562253 87.5572888938414
156.1375280119848 85.46962324654272
150.39644748191344 83.90387401106871
151.44028030556274 75.03129501004935
162.92244136570542 75.55321142187402
153.00602954103675 64.59296677355597
156.65944442380945 65.63679959720531
175.4484352494975 94.86411865938675
197.8908409579583 88.07920530566605
188.49634554511428 88.07920530566605
188.49634554511428 79.20662630464669
183.2771814268676 79.20662630464669
171.79502036672486 82.33812477559471
174.40460242584817 76.59704424552335
166.57585624847812 70.85596371545199
169.70735471942612 69.29021447997798
172.3169367785495 70.33404730362732
178.0580173086209 69.29021447997798
182.7552650150429 69.81213089180267
192.14976042788692 71.37788012727667
201.544255840731 73.46554577457535
202.5880886643803 74.50937859822467
217.20174819547103 85.46962324654272
212.504500489049 89.64495454114005
208.8510856062763 85.46962324654272
209.373002018101 78.68470989282203
218.767497430945 71.37788012727667
216.1579153718217 77.11896065734803
232.3373241383864 70.33404730362732
233.90307337386042 72.94362936275067
239.64415390393174 69.81213089180267
182.7552650150429 126.17910336886686
175.4484352494975 127.74485260434086
167.0977726603028 126.17910336886686
165.01010701300416 131.9201838989382
161.35669213023144 119.39419001514618
163.44435777753012 106.34627971952946
158.74711007110812 96.95178430668543
169.70735471942612 99.56136636580875
164.4881906011795 95.90795148303609
169.70735471942612 108.43394536682814
166.05393983665348 116.78460795602284
177.0141844849715 112.0873602496008
179.6237665440949 105.82436330770479
217.72366460729572 136.61743160536025
224.50857796101633 135.5735987817109
237.55648825663312 128.7886854279902
230.77157490291242 128.7886854279902
236.51265543298373 93.82028583573741
230.77157490291242 93.82028583573741
220.85516307824372 92.77645301208808
221.37707949006833 85.46962324654272
337.2425229151448 125.13527054521754
332.5452752087227 120.43802283879552
326.8041946786514 126.70101978069154
323.67269620770344 115.74077513237349
321.58503056040473 108.43394536682814
326.8041946786514 109.99969460230214
329.93569314959944 102.69286483675678
336.72060650332014 104.25861407223078
333.58910803237217 100.08328277763343
329.93569314959944 95.38603507121142
323.15077979587875 95.38603507121142
318.9754485012814 96.95178430668543
314.80011720668404 106.34627971952946
308.53712026478803 107.91202895500346
298.0987920282946 106.86819613135414
297.05495920464534 117.30652436784752
286.6166309681519 128.26676901616554
284.0070489090287 133.48593313441222
359.16301221178094 135.5735987817109
355.5095973290082 130.35443466346422
359.16301221178094 118.87227360332152
348.2027675634628 124.61335413339286
348.2027675634628 117.30652436784752
341.41785420974213 112.0873602496008
338.28635573879416 118.87227360332152
342.46168703339146 104.25861407223078
345.07126909251485 95.38603507121142
354.9876809171836 95.90795148303609
364.9040927418523 93.29836942391275
371.1670896837483 91.21070377661408
376.90817021381963 115.21885872054884
369.6013404482743 115.21885872054884
397.2629102749817 115.21885872054884
383.6930835675403 110.5216110141268
379.517752272943 113.13119307325016
433.79705910270854 111.56544383777614
439.0162232209552 114.17502589689948
421.7929816307411 107.91202895500346
423.8806472780398 102.1709484249321
427.53406216081254 98.51753354215943
418.66148315979314 97.4737007185101
416.05190110066985 91.73262018843873
403.0039908050531 93.29836942391275
388.912247685787 92.77645301208808
382.1273343320663 83.90387401106871
388.912247685787 80.25045912829603
359.16301221178094 78.16279348099735
350.2904332107615 75.03129501004935
353.9438480935342 72.94362936275067
341.41785420974213 68.24638165632865
349.24660038711215 65.63679959720531
333.58910803237217 73.46554577457535
326.2822782668267 76.59704424552335
344.0274362688655 84.94770683471805
350.2904332107615 88.07920530566605
336.19869009149545 84.42579042289337
317.4096992658074 84.94770683471805
313.7562843830347 83.90387401106871
313.2343679712101 77.11896065734803
314.80011720668404 70.33404730362732
318.9754485012814 75.55321142187402
308.01520385296334 71.37788012727667
301.75220691106733 70.33404730362732
297.5768756164699 69.29021447997798
291.8357950863986 71.37788012727667
287.66046379180125 70.85596371545199
284.5289653208533 66.68063242085465
288.70429661545063 64.59296677355597
275.13446990800924 64.07105036173131
265.2180580833405 61.98338471443262
253.73589702319782 61.98338471443262
243.81948519852912 62.505301126257294
223.46474513736703 61.98338471443262
253.73589702319782 88.07920530566605
261.0427267887432 89.64495454114005
266.7838073188145 95.38603507121142
269.9153057897625 94.86411865938675
277.22213555530794 92.77645301208808
280.3536340262559 83.90387401106871
284.0070489090287 87.5572888938414
291.8357950863986 88.07920530566605
288.70429661545063 83.90387401106871
285.05088173267796 80.7723755401207
290.7919622627493 80.25045912829603
294.96729355734664 81.29429195194537
300.70837408741795 86.51345607019205
303.31795614654135 82.86004118741937
296.53304279282065 98.51753354215943
289.22621302727526 102.1709484249321
284.5289653208533 96.95178430668543
249.03864931677583 100.08328277763343
254.2578134350225 99.0394499539841
245.90715084582783 92.2545366002634
226.0743271964904 106.34627971952946
202.06617225255562 104.25861407223078
209.8949184299257 107.91202895500346
181.1895157795689 92.77645301208808
190.5840111924129 95.38603507121142
196.8470081343089 80.25045912829603
116.47188071330997 80.25045912829603
112.29654941871263 77.64087706917267
107.59930171229058 76.59704424552335
106.03355247681658 83.90387401106871
187.9744291332896 155.928338842873
401.43824156957913 208.64189643716455
422.83681445439055 126.17910336886686
405.09165645235174 127.74485260434086
404.5697400405271 117.82844077967216
393.0875789803844 124.61335413339286
418.66148315979314 83.90387401106871
429.09981139628655 87.5572888938414
436.9285575736565 87.5572888938414
479.2037869314547 95.38603507121142
472.418873577734 99.0394499539841
485.98870028517536 124.0914377215682
492.77361363889605 126.17910336886686
507.3872731699868 145.49001060637963
500.08044340444144 150.18725831280162
500.08044340444144 142.88042854725626
491.20786440342204 146.53384343002898
483.90103463787676 155.928338842873
474.50653922503267 151.23109113645097
473.46270640138334 143.9242613709056
472.94078998955865 136.61743160536025
454.15179916387063 124.61335413339286
448.41071863379926 111.56544383777614
447.36688581014994 106.86819613135414
446.84496939832525 96.95178430668543
445.27922016285123 85.46962324654272
442.14772169190326 73.9874621864
452.0641335165719 75.55321142187402
450.4983842810979 69.81213089180267
469.28737510678604 83.90387401106871
400.39440874592975 73.9874621864
494.33936287437007 166.36666707936638
488.07636593247406 157.49408807834698
487.03253310882474 93.82028583573741
492.2516972270715 90.16687095296473
496.94894493349346 80.25045912829603
475.55037204868205 75.03129501004935
480.24761975510404 71.89979653910132
480.24761975510404 67.20254883267931
463.02437816489 76.59704424552335
457.80521404664324 83.90387401106871
458.8490468702926 94.86411865938675
403.0039908050531 82.86004118741937
412.39848621789713 78.16279348099735
428.0559785726371 75.55321142187402
494.33936287437007 70.85596371545199
489.12019875612344 69.81213089180267
486.51061669700005 71.89979653910132
463.5462945767147 109.99969460230214
466.15587663583796 117.30652436784752
463.5462945767147 124.61335413339286
458.32713045846793 115.74077513237349
482.8572018142274 105.82436330770479
493.81744646254543 105.82436330770479
489.12019875612344 107.91202895500346
482.8572018142274 111.56544383777614
507.90918958181146 126.70101978069154
494.33936287437007 120.43802283879552
500.08044340444144 122.52568848609418
503.21194187538947 113.65310948507481
433.27514269088385 133.48593313441222
392.04374615673504 102.1709484249321
387.346498450313 102.69286483675678
403.0039908050531 104.78053048405546
407.17932209965045 109.99969460230214
354.9876809171836 104.25861407223078
266.26189090698983 74.50937859822467
277.22213555530794 70.85596371545199
257.3893119059705 69.29021447997798
249.56056572860044 75.03129501004935
263.1303924360418 81.81620836377003
255.82356267049653 83.90387401106871
310.10286950026205 99.0394499539841
138.392370009946 64.59296677355597
227.11816002013973 78.16279348099735
220.85516307824372 76.59704424552335
382.1273343320663 76.59704424552335
364.3821763300276 73.9874621864
363.8602599182029 83.90387401106871
434.31897551453324 96.95178430668543
28.268007114940936 49.170548106327914
22.005010173044905 53.34587940092526
24.61459223216826 38.21030345800988
44.447415881505684 53.34587940092526
38.70633535143434 46.03904963537991
44.447415881505684 47.082882459029236
61.14874105989506 32.99113933976318
68.97748723726511 38.21030345800988
66.8898215899664 34.03497216341253
75.24048417916111 41.86371834078256
78.8938990619338 40.29796910530856
84.11306318018052 47.082882459029236
96.11714065214788 56.99929428369794
101.33630477039458 53.34587940092526
87.76647806295317 30.381557280639854
84.11306318018052 23.07472751509448
127.43212536162798 36.64455422253588
121.69104483155664 37.688387046185206
117.51571353695928 34.5568885752372
137.87045359812137 46.03904963537991
128.47595818527734 47.60479887085391
123.77871047885533 45.517133223555234
146.22111618731606 41.86371834078256
386.3026656266637 8.982984395828444
402.4820743932284 7.417235160354423
436.9285575736565 43.429467576256556
327.84802750230074 54.38971222457461
324.19461261952813 47.082882459029236
317.93161567763207 38.73221986983454
245.38523443400314 19.4213126323218
240.68798672758112 19.4213126323218
237.03457184480843 17.8555633968478
230.24965849108773 24.6404767505685
218.24558101912032 28.29389163334118
215.11408254817232 35.07880498706186
213.54833331269833 30.381557280639854
201.544255840731 34.5568885752372
197.8908409579583 40.29796910530856
191.1059276042376 37.688387046185206
187.9744291332896 34.03497216341253
191.62784401606228 25.684309574217828
197.3689245461336 19.4213126323218
173.36076960219887 19.943229044146477
173.36076960219887 27.25005880969183
168.14160548395216 25.684309574217828
167.0977726603028 62.21845840194464
166.57585624847812 56.47737787187329
171.27310395490017 58.565043519171965
189.01826195693891 54.911628636399264
181.1895157795689 55.95546146004861
178.0580173086209 56.99929428369794
195.8031753106596 52.82396298910059
192.14976042788692 47.082882459029236
70.54323647273911 49.69246451815259
67.41173800179111 47.082882459029236
74.71856776733645 59.60887634282129
134.7389551271733 35.07880498706186
132.12937306805 31.425390104289182
133.17320589169935 26.728142397867177
130.04170742075135 25.162393162393155
123.77871047885533 28.81580804516583
108.64313453593992 24.6404767505685
103.94588682951792 24.6404767505685
104.46780324134258 20.46514545597115
271.4810550252365 30.90347369246451
264.1742252596912 34.5568885752372
258.9550611414445 26.728142397867177
273.5687206725352 23.07472751509448
293.4015443218726 27.25005880969183
284.0070489090287 31.947306516113855
305.92753820566463 36.122637810711204
300.1864576755933 28.81580804516583
298.0987920282946 31.425390104289182
298.0987920282946 23.07472751509448
296.53304279282065 19.4213126323218
299.14262485194394 19.4213126323218
304.88370538201536 20.46514545597115
304.88370538201536 17.333646985023126
308.01520385296334 16.811730573198453
312.71245155938533 15.767897749549125
307.49328744113865 25.684309574217828
308.53712026478803 31.947306516113855
313.7562843830347 30.381557280639854
311.66861873573606 22.030894691445155
315.84395003033336 25.684309574217828
315.3220336185087 22.030894691445155
319.497364913106 19.4213126323218
299.14262485194394 52.82396298910059
294.44537714552195 54.911628636399264
295.4892099691713 63.78420763741864
300.70837408741795 60.65270916647062
314.80011720668404 65.34995687289265
316.36586644215805 65.34995687289265
310.6247859120866 65.34995687289265
310.10286950026205 61.69654199011997
307.49328744113865 61.69654199011997
307.49328744113865 65.34995687289265
307.49328744113865 56.47737787187329
313.2343679712101 55.95546146004861
314.27820079485934 56.47737787187329
320.54119773675535 49.69246451815259
304.3617889701906 47.082882459029236
303.83987255836604 41.86371834078256
294.96729355734664 43.95138398808124
290.2700458509247 43.95138398808124
282.96321608537926 45.517133223555234
282.96321608537926 50.736297341801915
288.18238020362594 49.170548106327914
282.4412996735545 38.21030345800988
277.7440519671325 34.03497216341253
279.8317176144312 28.29389163334118
284.5289653208533 12.114482866776447
284.0070489090287 16.811730573198453
288.18238020362594 15.767897749549125
272.0029714370612 17.8555633968478
272.52488784888584 12.114482866776447
268.87147296611323 13.68023210225045
263.1303924360418 8.461067984003751
259.47697755326914 14.724064925899796
261.5646432005679 14.724064925899796
184.8429306623416 27.25005880969183
182.7552650150429 20.46514545597115
180.6675993677442 15.767897749549125
180.6675993677442 10.026817219477772
180.1456829559196 4.807653101231093
175.9703516613222 8.461067984003751
182.7552650150429 6.895318748529749
187.9744291332896 10.026817219477772
189.01826195693891 6.3734023367050945
185.8867634859909 2.719987453932398
193.7155096633609 3.2419038657570916
193.1935932515363 5.851485924880421
213.54833331269833 10.026817219477772
178.0580173086209 43.429467576256556
182.7552650150429 41.86371834078256
179.6237665440949 34.5568885752372
171.27310395490017 39.25413628165921
169.70735471942612 32.46922292793853
159.79094289475745 44.995216811730565
156.1375280119848 44.995216811730565
156.65944442380945 38.73221986983454
159.79094289475745 32.99113933976318
162.92244136570542 36.122637810711204
154.5717787765108 34.5568885752372
154.5717787765108 30.90347369246451
156.1375280119848 25.684309574217828
161.35669213023144 29.337724456990507
162.92244136570542 28.29389163334118
163.44435777753012 24.118560338743826
147.2649490109654 55.95546146004861
157.1813608356341 58.04312710734729
162.40052495388082 63.78420763741864
144.13345054001738 63.26229122559397
142.04578489271876 58.565043519171965
139.4362028335954 52.82396298910059
146.22111618731606 50.736297341801915
136.82662077447205 39.776052693483884
142.04578489271876 36.64455422253588
144.13345054001738 32.99113933976318
141.52386848089407 27.771975221516502
147.2649490109654 28.81580804516583
144.13345054001738 27.771975221516502
142.5677013045434 19.4213126323218
145.6991997754914 17.8555633968478
134.21703871534868 17.333646985023126
138.392370009946 19.4213126323218
137.34853718629668 14.202148514075123
133.69512230352404 11.0706500431271
135.7827879508227 5.329569513055747
140.48003565724474 11.0706500431271
142.5677013045434 5.329569513055747
144.13345054001738 6.895318748529749
146.22111618731606 3.2419038657570916
147.2649490109654 3.2419038657570916
151.96219671738743 9.504900807653097
152.48411312921206 5.851485924880421
156.1375280119848 8.461067984003751
159.79094289475745 5.851485924880421
162.40052495388082 3.7638202775817455
160.8347757184068 10.026817219477772
165.01010701300416 8.461067984003751
167.0977726603028 2.719987453932398
161.35669213023144 15.767897749549125
167.6196890721275 15.767897749549125
170.22927113125087 13.158315690425775
173.8826860140235 14.202148514075123
169.70735471942612 5.851485924880421
186.9305963096402 19.4213126323218
190.5840111924129 19.943229044146477
192.6716768397116 16.289814161373798
198.93467378160761 28.81580804516583
198.93467378160761 30.90347369246451
203.110005076205 31.425390104289182
203.110005076205 17.333646985023126
207.2853363708023 14.724064925899796
204.67575431167901 8.982984395828444
204.1538378998543 6.3734023367050945
196.8470081343089 6.3734023367050945
43.40358305785634 37.688387046185206
47.056997940629 37.688387046185206
49.66657999975235 47.60479887085391
54.885744117999046 54.38971222457461
81.50348112105716 52.82396298910059
79.93773188558315 49.69246451815259
92.98564218119988 49.69246451815259
98.20480629944657 45.517133223555234
104.46780324134258 44.995216811730565
243.29756878670443 49.170548106327914
245.38523443400314 44.995216811730565
249.56056572860044 47.082882459029236
249.56056572860044 43.429467576256556
247.47290008130182 41.86371834078256
241.73181955123042 36.64455422253588
252.17014778772383 37.688387046185206
260.5208103769185 46.03904963537991
256.34547908232116 41.34180192895789
269.9153057897625 43.95138398808124
278.26596837895727 47.082882459029236
277.22213555530794 42.38563475260723
274.61255349618455 42.38563475260723
270.4372222015872 40.29796910530856
248.51673290495114 12.114482866776447
238.07840466845772 8.982984395828444
213.0264169008737 42.38563475260723
207.2853363708023 43.429467576256556
200.5004230170816 45.517133223555234
118.55954636060864 52.82396298910059
119.08146277243328 49.170548106327914
112.29654941871263 45.517133223555234
115.42804788966063 39.776052693483884
118.03762994878397 41.86371834078256
108.12121812411527 54.38971222457461
103.42397041769323 63.78420763741864
108.64313453593992 60.13079275464597
126.38829253797869 54.38971222457461
134.21703871534868 58.04312710734729
96.11714065214788 28.81580804516583
35.57483688048631 18.377479808672476
41.837833822382336 6.895318748529749
27.224174291291607 25.162393162393155
19.39542811392158 37.688387046185206
12.610514760200877 38.21030345800988
6.869434230129523 37.688387046185206
3.7379357591815188 34.03497216341253
8.435183465603524 43.429467576256556
4.259852171006173 43.95138398808124
4.259852171006173 51.25821375362659
35.57483688048631 35.07880498706186
40.794000998733 31.425390104289182
27.74609070311628 30.381557280639854
31.921421997713633 29.337724456990507
31.39950558588896 23.07472751509448
9.479016289252872 13.68023210225045
5.825601406480193 8.982984395828444
70.02132006091446 18.377479808672476
74.71856776733645 17.333646985023126
70.54323647273911 12.114482866776447
74.71856776733645 11.0706500431271
72.6309021200378 7.417235160354423
75.7624005909858 1.1542382184583961
96.63905706397257 15.767897749549125
79.41581547375846 20.46514545597115
479.2037869314547 84.66086411040538
473.46270640138334 81.0074492276327
468.76545869496135 77.35403434486004
468.76545869496135 72.65678663843799
469.28737510678604 67.43762252019133
472.94078998955865 65.87187328471732
473.98462281320803 63.78420763741864
473.98462281320803 60.13079275464597
479.72570334327935 60.13079275464597
483.37911822605207 58.04312710734729
485.4667838733508 61.69654199011997
470.85312434226006 47.082882459029236
466.15587663583796 47.082882459029236
469.28737510678604 39.25413628165921
485.4667838733508 43.429467576256556
493.29553005072074 39.776052693483884
485.98870028517536 35.07880498706186
459.3709632821173 18.377479808672476
464.59012740036394 15.767897749549125
454.15179916387063 11.0706500431271
458.8490468702926 8.461067984003751
471.37504075408464 14.724064925899796
210.4168348417503 54.38971222457461
227.64007643196442 49.170548106327914
501.64619263991545 27.771975221516502
498.5146941689675 31.947306516113855
124.63718737402948 9.287554550712386
119.52230225914437 16.448393711551553
115.43039416723624 23.60923287239072
62.2355889724311 20.540301803459673
57.120703857545955 9.287554550712386
19.270554007396136 20.540301803459673
30.523301260143384 11.333508596666446
450.45536919221126 28.34498834498837
455.5702543070964 30.39094239094241
454.0357887726309 26.810522810522823
448.40941514625723 17.092241092241103
441.76006449690664 8.39693639693641
427.4383861752283 1.7475857475857572
418.74308147992355 2.770562770562787
421.30052403736613 11.465867465867479
463.2425819794241 5.839493839493856
465.80002453686654 9.41991341991344
469.8919326287747 5.328005328005341
475.00681774365984 4.305028305028311
480.12170285854495 5.839493839493856
485.23658797343006 4.816516816516827
481.6561683930105 22.718614718614745
469.8919326287747 26.29903429903431
462.7310934679356 27.32201132201134
460.68513942198143 35.50582750582752
455.5702543070964 47.78155178155181
488.8170075538497 23.23010323010324
495.4663582032003 11.465867465867479
489.8399845768267 13.000333000333024
492.9089156457577 4.305028305028311
498.0238007606429 8.908424908424925
501.09273182957395 12.488844488844508
510.2995250363672 6.35098235098237
504.161662898505 16.069264069264094
509.27654801339014 23.741591741591755
711.8259985628407 11.977355977355995
699.5502742871164 5.328005328005341
1002.6072173440594 230.25059151374953
997.4923322291744 212.85998212314013
1007.2106139474561 202.6302118933699
1013.8599645968067 194.95788422104226
312.8649596018017 5.328005328005341
308.26156299840517 5.328005328005341
301.100723837566 3.2820512820513015
304.16965490649704 8.39693639693641
310.30751704435914 9.931401931401954
320.0257987626409 3.7935397935398165
248.92889566573783 2.770562770562787
255.06675780359993 7.8854478854478955
260.69313142997356 4.305028305028311
226.42340116024326 3.7935397935398165
222.33149306833522 11.465867465867479
214.147676884519 21.184149184149202
221.82000455684673 19.649683649683677
229.4923322291744 11.977355977355995
216.19363093047306 4.305028305028311
90.87894561578773 12.488844488844508
90.87894561578773 19.13819513819516
91.90192263876476 3.7935397935398165
97.01680775364987 9.41991341991344
105.71211244895458 4.816516816516827
103.15466989151201 13.000333000333024
111.33848607532819 13.511821511821518
116.4533711902133 10.44289044289045
121.56825630509846 4.305028305028311
115.4303941672363 5.839493839493856
