56.419664268585166 230.19904076738618
90.94724220623502 237.705035971223
146.49160671462826 200.92565947242207
86.44364508393286 182.91127098321346
57.17026378896884 176.15587529976023
23.39328537170266 179.90887290167865
23.39328537170266 212.93525179856118
109.71223021582736 268.4796163069544
167.50839328537168 245.21103117505993
184.02158273381295 212.18465227817745
177.26618705035972 180.65947242206238
129.22781774580338 170.15107913669067
159.25179856115105 146.88249400479617
123.97362110311748 117.60911270983217
136.73381294964028 124.3645083932854
180.26858513189447 106.35011990407673
228.3069544364508 131.8705035971223
286.85371702637883 160.39328537170263
227.55635491606714 218.189448441247
217.04796163069543 193.41966426858517
197.5323741007194 156.6402877697842
260.58273381294964 155.1390887290168
257.58033573141483 218.9400479616307
274.84412470023983 239.20623501199043
235.81294964028777 260.9736211031175
335.6426858513189 233.95203836930455
304.1175059952038 247.462829736211
311.6235011990408 217.43884892086334
325.88489208633086 188.91606714628296
385.1822541966426 256.47002398081537
352.9064748201438 260.2230215827338
331.13908872901675 269.98081534772183
368.6690647482013 215.93764988009593
341.6474820143884 164.1462829736211
366.41726618705025 137.87529976019187
344.6498800959232 140.12709832134294
310.87290167865706 134.12230215827338
299.6139088729017 148.38369304556358
318.378896882494 158.89208633093529
412.2038369304555 167.8992805755396
429.4676258992805 150.63549160671465
469.24940047961627 158.14148681055156
455.7386091127097 140.12709832134294
491.01678657074336 177.65707434052757
476.7553956834531 200.92565947242207
492.51798561151065 215.93764988009593
527.7961630695443 219.6906474820144
561.5731414868104 230.9496402877698
568.3285371702636 192.66906474820144
536.8033573141486 272.2326139088729
509.78177458033565 249.71462829736208
482.76019184652273 248.9640287769784
448.98321342925647 236.20383693045562
505.2781774580335 205.42925659472422
533.8009592326138 197.9232613908873
557.820143884892 170.15107913669067
518.0383693045562 155.1390887290168
540.556354916067 139.3764988009593
583.3405275779376 164.1462829736211
588.5947242206234 192.66906474820144
614.8657074340526 191.16786570743403
598.3525179856114 228.69784172661872
656.8992805755395 224.94484412470024
656.1486810551557 203.92805755395682
683.9208633093524 223.44364508393284
665.9064748201438 186.66426858513188
694.429256594724 178.4076738609113
662.1534772182252 164.1462829736211
683.9208633093524 146.1318944844125
655.398081534772 144.6306954436451
675.6642685851318 124.3645083932854
647.1414868105514 116.85851318944844
611.8633093525178 129.61870503597123
593.0983213429256 134.87290167865712
578.0863309352517 146.1318944844125
620.1199040767385 170.9016786570743
610.3621103117505 154.38848920863313
563.8249400479615 257.22062350119904
613.3645083932853 251.2158273381295
614.1151079136689 267.72901678657075
671.9112709832133 262.47482014388487
734.2110311750598 263.9760191846523
713.1942446043164 250.4652278177458
745.4700239808152 241.4580335731415
731.9592326139087 203.17745803357315
756.7290167865706 226.44604316546764
785.251798561151 201.67625899280574
749.2230215827337 176.15587529976023
725.9544364508392 164.1462829736211
713.9448441247001 149.13429256594725
740.966426858513 140.12709832134294
773.9928057553956 148.38369304556358
776.2446043165467 134.87290167865712
808.5203836930455 152.13669064748203
816.0263788968823 183.66187050359713
845.2997601918463 167.14868105515586
772.4916067146281 171.65227817745802
874.5731414868104 151.38609112709833
860.3117505995202 191.91846522781776
837.7937649880095 212.18465227817745
795.009592326139 236.95443645083935
848.3021582733812 240.70743405275778
912.1031175059951 254.2182254196643
921.1103117505994 240.70743405275778
817.5275779376498 123.61390887290167
920.3597122302157 149.13429256594725
897.8417266187049 126.61630695443648
877.5755395683451 109.35251798561154
858.0599520383693 88.33573141486812
844.5491606714626 96.59232613908875
840.0455635491604 128.11750599520383
936.1223021582733 71.07194244604318
855.6205035971223 143.6924460431655
831.2260191846523 150.44784172661872
900.2811750599521 186.85191846522784
91.51019184652279 96.95983213429263
90.38429256594725 70.3135491606715
85.50539568345323 82.69844124700242
61.86151079136693 95.83393285371704
43.84712230215828 89.07853717026381
16.450239808153484 62.80755395683457
4.815947242206235 73.31594724220628
38.968225419664265 57.92865707434055
14.198441247002407 52.67446043165472
46.84952038369306 39.914268585131936
25.082134292565954 44.41786570743409
51.72841726618705 50.04736211031178
58.108513189448445 55.67685851318947
59.23441247002398 63.933453237410106
68.99220623501199 69.93824940047966
88.88309352517987 51.548561151079156
71.24400479616307 40.66486810551561
68.99220623501199 28.655275779376524
52.103717026378916 25.27757793764991
46.474220623501196 14.393884892086362
38.21762589928059 19.648081534772214
9.69484412470024 19.648081534772214
26.583333333333343 15.895083932853751
17.576139088729022 14.769184652278213
76.87350119904076 15.144484412470064
62.98741007194246 12.142086330935285
64.86390887290167 22.65047961630698
77.24880095923263 24.15167865707437
114.77877697841728 61.68165467625903
91.88549160671462 43.29196642685855
131.66726618705036 74.44184652278182
162.81714628297362 73.31594724220628
147.05455635491606 59.80515587529979
117.78117505995203 46.29436450839333
123.7859712230216 35.78597122302162
139.923860911271 34.284772182254216
130.91666666666669 24.15167865707437
117.4058752997602 22.65047961630698
108.02338129496403 23.77637889688252
92.63609112709833 38.78836930455639
154.560551558753 14.018585131894511
149.681654676259 20.023381294964068
156.0617505995204 26.778776978417298
171.07374100719426 26.778776978417298
185.71043165467626 27.15407673860915
195.09292565947243 66.93585131894488
220.613309352518 67.31115107913672
224.7416067146283 79.32074340527579
238.6276978417266 92.83153477218228
198.09532374100718 93.95743405275783
218.36151079136692 98.08573141486815
243.50659472422066 75.19244604316549
269.7775779376499 60.55575539568349
248.76079136690643 52.29916067146286
355.3459232613909 107.84352517985616
343.71163069544366 84.9502398081535
315.939448441247 105.59172661870508
307.3075539568345 89.45383693045568
320.44304556354916 68.8123501199041
296.423860911271 80.07134292565951
285.1648681055156 59.05455635491609
270.52817745803355 80.44664268585134
249.88669064748197 126.98381294964031
231.1217026378897 116.85071942446048
288.5425659472422 128.4850119904077
233.3735011990408 45.16846522781779
214.60851318944844 44.41786570743409
231.1217026378897 27.90467625899285
263.3974820143885 24.15167865707437
307.3075539568345 45.919064748201464
299.05095923261393 54.550959232613934
287.0413669064748 45.54376498800963
348.9658273381295 46.66966426858516
362.476618705036 44.04256594724225
231.49700239808152 9.514988009592358
211.23081534772183 15.895083932853751
196.96942446043164 16.64568345323744
198.09532374100718 24.52697841726622
206.72721822541968 30.531774580335764
178.57973621103116 51.548561151079156
168.44664268585132 59.42985611510795
174.45143884892087 77.44424460431657
202.9742206235012 44.04256594724225
279.5353717026379 5.761990407673892
297.54976019184653 8.013788968824969
288.91786570743403 9.514988009592358
275.4070743405276 26.778776978417298
298.67565947242207 18.89748201438852
307.6828537170264 10.640887290167896
321.5689448441247 29.781175059952062
310.3099520383693 21.899880095923294
378.61450839328535 4.636091127098354
382.3675059952038 16.64568345323744
372.98501199040766 25.652877697841763
389.12290167865706 20.398681055155905
393.2511990407674 27.529376498800985
396.25359712230215 34.284772182254216
374.8615107913669 33.15887290167868
415.76918465227817 42.54136690647485
421.02338129496405 28.279976019184687
405.6360911270983 20.023381294964068
415.39388489208636 21.149280575539606
434.5341726618705 21.899880095923294
445.41786570743403 17.771582733812977
450.6720623501199 31.282374100719466
458.1780575539569 38.78836930455639
434.15887290167865 32.03297362110314
448.044964028777 50.79796163069549
439.03776978417267 55.301558752997636
449.5461630695443 90.95503597122305
400.7571942446043 94.33273381294967
425.9022781774581 122.10491606714632
457.0521582733813 122.48021582733816
398.8806954436451 115.34952038369309
366.98021582733816 91.70563549160676
361.3507194244604 58.303956834532414
347.0893285371703 69.18764988009596
379.74040767386094 54.550959232613934
379.3651079136691 43.66726618705039
393.2511990407674 59.42985611510795
412.7667865707434 56.05215827338134
466.8099520383693 7.638489208633132
245.7583932853717 35.03537170263792
253.2643884892086 40.66486810551561
409.3890887290168 81.57254196642688
442.0401678657075 66.18525179856118
463.0569544364509 98.46103117505999
460.42985611510795 83.07374100719429
105.39628297362111 8.389088729016805
94.51258992805757 18.52218225419668
114.40347721822542 15.144484412470064
135.79556354916068 10.265587529976045
163.94304556354916 18.89748201438852
177.07853717026381 12.142086330935285
156.0617505995204 5.01139088729019
4.815947242206235 106.34232613908875
22.079736211031175 121.72961630695445
34.46462829736211 113.47302158273385
22.830335731414877 108.218824940048
30.71163069544365 94.33273381294967
34.83992805755396 76.31834532374103
334.70443645083935 45.919064748201464
324.9466426858513 57.178057553956876
360.60011990407673 74.06654676258995
454.42505995203834 4.260791366906517
248.0101918465228 17.02098321342929
256.2667865707434 7.263189448441267
140.48681055155876 49.30455635491609
118.71942446043168 98.09352517985616
58.671462829736214 115.3573141486811
94.8878896882494 126.05335731414874
204.10011990407673 134.6852517985612
271.2787769784173 100.15767386091133
273.53057553956836 125.6780575539569
20.953836930455637 33.90947242206238
3.31474820143886 36.161270983213456
205.976618705036 68.43705035971226
364.7284172661871 18.89748201438852
353.09412470023983 16.270383693045602
344.8375299760192 11.391486810551598
336.58093525179856 9.139688249400507
324.9466426858513 12.517386091127138
315.939448441247 10.265587529976045
329.07494004796166 21.899880095923294
339.5833333333333 28.655275779376524
278.7847721822542 21.149280575539606
268.65167865707434 8.389088729016805
240.50419664268588 20.023381294964068
189.8387290167866 12.142086330935285
103.14448441247004 36.161270983213456
88.50779376498801 31.657673860911306
81.75239808153478 27.90467625899285
72.74520383693047 10.265587529976045
75.74760191846522 12.142086330935285
84.75479616306956 7.263189448441267
19.8279376498801 23.77637889688252
35.59052757793765 29.781175059952062
463.0569544364509 26.403477218225447
462.1187050359712 50.79796163069549
471.1258992805755 39.163669064748234
469.6247002398081 29.405875299760226
480.1330935251798 34.66007194244608
473.37769784172656 23.025779376498832
488.01438848920856 11.766786570743434
473.37769784172656 17.39628297362114
490.6414868105515 24.902278177458072
483.88609112709827 24.15167865707437
492.1426858513189 38.78836930455639
486.888489208633 45.919064748201464
472.6270983213428 56.05215827338134
491.3920863309352 62.43225419664273
489.1402877697841 73.69124700239811
481.2589928057553 66.56055155875302
456.4892086330934 68.43705035971226
468.49880095923254 77.44424460431657
479.38249400479606 104.46582733812951
500.02398081534767 103.33992805755399
494.76978417266184 88.70323741007198
516.9124700239807 102.96462829736214
537.9292565947242 119.47781774580338
543.9340527577938 99.21163069544369
523.2925659472421 75.19244604316549
518.4136690647481 64.68405275779381
513.9100719424459 49.672062350119944
503.77697841726615 65.80995203836935
503.77697841726615 48.92146282973624
511.65827338129486 28.655275779376524
503.0263788968824 31.657673860911306
525.919664268585 29.03057553956839
533.425659472422 40.28956834532377
547.6870503597122 40.66486810551561
545.435251798561 29.781175059952062
549.5635491606714 56.427458033573174
539.0551558752998 61.30635491606719
541.6822541966426 75.19244604316549
560.8225419664268 70.3135491606715
587.4688249400479 87.57733812949644
569.4544364508392 87.57733812949644
589.3453237410072 110.47062350119907
633.2553956834531 96.58453237410075
608.1103117505995 102.5893285371703
617.8681055155874 84.57494004796166
606.9844124700239 76.69364508393289
618.2434052757793 68.06175059952042
584.841726618705 67.31115107913672
600.9796163069543 58.679256594724244
572.0815347721822 60.180455635491626
577.7110311750598 48.546163069544406
590.8465227817745 48.17086330935254
611.863309352518 49.672062350119944
606.9844124700239 32.78357314148684
583.7158273381294 36.53657074340532
574.3333333333333 30.531774580335764
562.3237410071943 27.90467625899285
631.378896882494 58.679256594724244
652.7709832134292 34.66007194244608
638.509592326139 41.41546762589931
622.3717026378896 33.90947242206238
629.5023980815347 27.15407673860915
614.8657074340526 27.15407673860915
662.5287769784172 91.70563549160676
670.4100719424459 72.56534772182258
647.5167865707433 81.57254196642688
643.0131894484412 72.19004796163074
664.0299760191846 60.93105515587533
688.7997601918464 111.22122302158277
689.925659472422 86.4514388489209
721.0755395683452 102.21402877697844
727.0803357314148 87.2020383693046
742.4676258992805 109.72002398081537
763.4844124700239 110.09532374100723
782.6247002398081 97.71043165467628
801.7649880095923 122.48021582733816
805.5179856115108 99.96223021582736
797.2613908872902 75.56774580335735
826.9100719424459 81.19724220623505
816.776978417266 75.19244604316549
807.7697841726617 81.19724220623505
805.8932853717026 57.178057553956876
807.019184652278 48.17086330935254
785.251798561151 65.43465227817748
768.7386091127098 60.55575539568349
753.351318944844 66.56055155875302
755.978417266187 49.29676258992808
736.0875299760191 52.67446043165472
739.4652278177457 71.0641486810552
721.0755395683452 68.06175059952042
726.3297362110311 58.679256594724244
724.8285371702636 52.67446043165472
714.3201438848921 54.9262589928058
710.9424460431653 66.18525179856118
709.4412470023981 77.81954436450843
675.6642685851318 46.66966426858516
668.5335731414867 34.284772182254216
688.4244604316546 34.284772182254216
703.0611510791366 30.156474820143927
696.6810551558752 45.919064748201464
769.8645083932853 7.263189448441267
771.3657074340526 41.040167865707474
775.4940047961629 29.405875299760226
795.7601918465227 42.54136690647485
833.6654676258993 63.182853717026404
821.2805755395682 52.29916067146286
709.4412470023981 115.72482014388493
716.1966426858512 22.65047961630698
662.5287769784172 2.384292565947277
808.1450839328536 30.9070743405276
795.3848920863309 15.895083932853751
723.7026378896882 30.9070743405276
710.5671462829736 45.54376498800963
675.28896882494 4.260791366906517
690.3009592326139 3.5101918465228152
673.4124700239807 21.899880095923294
700.0587529976019 9.139688249400507
651.6450839328536 2.0089928057554403
635.8824940047962 3.5101918465228152
744.3441247002397 4.260791366906517
819.4040767386091 42.16606714628301
809.2709832134292 38.037769784172696
833.6654676258993 37.287170263788994
822.0311750599519 29.405875299760226
733.8357314148681 36.53657074340532
786.3776978417266 11.016187050359747
796.1354916067146 6.137290167865729
808.5203836930455 9.890287769784209
817.5275779376498 12.892685851318973
276.1576738609113 39.163669064748234
422.5245803357314 91.33033573141489
395.1276978417266 75.94304556354919
278.0341726618705 74.81714628297365
883.017386091127 8.013788968824969
920.1720623501199 15.5197841726619
910.4142685851318 15.895083932853751
907.0365707434053 8.76438848920867
893.9010791366907 5.01139088729019
865.3782973621103 33.15887290167868
864.2523980815347 47.795563549160704
877.7631894484413 59.05455635491609
898.4046762589928 53.04976019184656
892.7751798561151 42.16606714628301
878.8890887290167 45.16846522781779
849.9910071942446 41.040167865707474
845.8627098321342 67.68645083932856
916.4190647482014 59.80515587529979
914.1672661870505 50.79796163069549
925.0509592326139 45.16846522781779
932.556954436451 54.550959232613934
934.0581534772182 61.68165467625903
920.9226618705036 76.69364508393289
899.9058752997603 85.32553956834536
906.2859712230215 74.44184652278182
882.2667865707434 95.08333333333337
917.544964028777 103.71522781774584
861.6252997601919 71.0641486810552
889.3974820143885 71.0641486810552
761.7955635491608 85.7008393285372
913.4166666666667 33.35431654676265
938.5617505995203 50.99340527577942
877.0125899280575 79.89148681055161
559.1336930455635 40.48501199040774
698.7452038369304 69.00779376498807
688.2368105515587 56.99820143884897
554.6300959232614 123.05095923261395
441.28956834532374 177.0941247002399
860.8747002398081 11.391486810551598
28.647482014388487 5.019184652278227
44.119880119880094 147.8186813186813
819.897102897103 257.571928071928
557.2397602397602 149.69480519480516
563.8061938061938 102.79170829170829
549.7352647352648 110.29620379620377
269.2547452547452 202.2262737262737
257.05994005994 167.51798201798198
