11.548444444444456 634.376427983539
80.6579094650206 575.3805432098766
54.53116049382719 518.9130534979424
184.32210699588484 504.5854814814815
251.745975308642 525.6554403292181
314.9558518518519 607.4068806584362
330.9690205761317 527.341037037037
382.3797201646091 483.51552263374487
341.08260082304525 478.4587325102881
456.5459753086421 588.865316872428
546.7253991769547 549.2537942386831
540.8258106995885 674.8307489711934
697.586304526749 655.4463868312757
824.8488559670782 615.8348641975308
839.1764279835392 516.384658436214
717.8134650205761 482.67272427983534
632.6908312757201 470.0307489711934
591.3937119341564 470.87354732510283
577.0661399176955 434.63321810699586
593.0793086419752 407.663670781893
641.9616131687243 412.7204609053498
668.0883621399178 418.620049382716
663.8743703703705 358.78136625514395
622.5772510288066 349.51058436213987
624.2628477366256 381.5369218106996
591.3937119341564 361.30976131687237
562.7385679012345 381.5369218106996
565.266962962963 353.7245761316872
578.7517366255145 316.6414485596707
651.2323950617283 306.52786831275716
690.8439176954732 316.6414485596707
744.783012345679 316.6414485596707
770.9097613168725 286.30070781893005
802.0933004115227 302.31387654320986
822.3204609053498 333.49741563786006
768.3813662551441 368.05214814814815
755.7393909465021 417.7772510288066
797.8793086419754 427.89083127572013
818.949267489712 391.65050205761315
859.4035884773663 405.13527572016466
876.2595555555556 370.58054320987657
879.6307489711935 294.7286913580247
824.0060576131688 255.11716872427985
797.8793086419754 241.63239506172837
845.9188148148148 207.92046090534973
860.2463868312758 239.10399999999998
880.4735473251029 191.90729218106995
730.455440329218 240.78959670781887
704.3286913580247 228.14762139917693
656.2891851851851 252.58877366255138
671.4595555555557 222.24803292181062
683.258732510288 166.623341563786
677.3591440329218 140.49659259259258
740.5690205761316 171.68013168724278
764.1673744855967 161.56655144032914
831.591242798354 114.3698436213991
804.6216954732511 134.5970041152263
613.3064691358026 164.0949465020576
652.9179917695474 167.46613991769541
606.5640823045267 185.16490534979422
579.594534979424 186.8505020576131
609.9352757201647 205.39206584362134
645.3328065843622 214.66284773662545
588.865316872428 219.71963786008223
586.3369218106996 252.58877366255138
556.8389794238683 229.83321810699587
537.4546172839507 186.8505020576131
538.29741563786 153.13856790123452
508.79947325102876 178.4225185185185
493.6291028806584 213.82004938271604
516.3846584362141 301.4710781893004
550.0965925925926 291.35749794238683
527.341037037037 374.7945349794238
506.27107818930034 405.13527572016466
470.0307489711934 390.8077037037037
431.262024691358 400.92128395061724
416.9344526748972 426.20523456790124
447.2751934156379 339.3970041152263
439.69000823045275 294.7286913580247
487.7295144032921 274.5015308641975
453.1747818930042 223.9336296296296
481.829925925926 191.90729218106995
469.18795061728406 169.1517366255144
480.144329218107 154.82416460905347
438.00441152263386 145.55338271604936
422.83404115226335 176.73692181069956
407.663670781893 143.8677860082304
411.0348641975309 130.38301234567894
376.4801316872428 136.28260082304524
379.00852674897124 197.80688065843617
380.6941234567901 242.47519341563782
432.10482304526755 255.95996707818927
405.97807407407413 278.71552263374485
364.68095473251043 297.2570864197531
335.18301234567906 369.73774485596704
339.3970041152264 207.07766255144028
284.6151111111111 238.26120164609048
243.31799176954738 233.2044115226337
212.97725102880662 261.8595555555555
179.26531687242797 218.87683950617281
137.96819753086422 227.3048230452674
131.2258106995885 249.21758024691354
142.18218930041158 315.79865020576136
206.2348641975309 293.04309465020566
164.09494650205764 330.9690205761317
72.22992592592595 322.541037037037
57.90235390946501 358.78136625514395
87.40029629629633 443.06120164609047
163.2521481481482 456.5459753086419
215.505646090535 400.07848559670776
206.2348641975309 370.58054320987657
255.95996707818932 368.05214814814815
280.40111934156386 330.12622222222217
311.58465843621406 388.27930864197526
336.0258106995885 429.5764279835391
310.7418600823046 412.7204609053498
323.38383539094656 566.1097613168724
725.528824991858 292.2871549070309
917.0595559991125 325.83998369662294
922.6516941307111 427.4304930873321
919.8556250649118 249.88010740907436
1000.4040796073726 295.3112902788187
945.414721313319 315.81579676134714
954.73495153265 422.06642126172187
1005.064194717038 518.9968155427656
9.888948384948385 285.2402637362638
216.530307026307 113.38012387612392
143.89893839493837 126.67882517482518
264.61022710622706 67.34615784215787
282.0008364968365 66.32318081918086
318.8280093240093 107.24226173826183
325.98884848484846 79.62188211788214
306.552285048285 68.36913486513495
345.4254119214119 103.15035364635366
369.97686047286044 103.15035364635366
451.81502231102235 87.80569830169831
521.3774598734599 89.85165234765239
813.9488884448883 93.94356043956049
940.7980392940392 619.7537502497503
1020.5902470862469 597.2482557442557
1019.56727006327 426.4110929070929
709.6052321012321 74.50699700299704
738.2485887445887 54.047456543456605
752.570267066267 88.82867532467539
724.9498874458874 54.047456543456605
705.5133240093239 47.90959440559443
703.46736996337 37.67982417582426
694.2605767565767 36.65684715284718
673.8010362970363 20.289214785214824
664.594243090243 20.289214785214824
664.594243090243 30.51898501498508
641.0657715617715 33.58791608391617
631.8589783549784 48.932571428571514
595.0318055278054 60.1853186813187
584.8020352980353 32.56493906093909
567.4114259074258 24.381122877122912
542.8599773559773 28.473030969030997
517.2855517815517 18.24326073926082
505.0098275058274 18.24326073926082
400.6661711621711 31.541962037962083
426.24059673659673 22.335168831168907
376.1147226107226 30.51898501498508
400.6661711621711 20.289214785214824
370.9998374958375 21.312191808191827
325.98884848484846 26.427076923076992
321.8969403929404 33.58791608391617
318.8280093240093 39.72577822177826
351.5632740592741 39.72577822177826
307.57526207126205 41.77173226773234
567.4114259074258 14.321848817848716
418.56826906426903 15.344825840825758
408.8499873459873 12.275894771894672
659.479357975358 12.787383283383173
669.1976396936396 10.74142923742913
608.3305068265067 11.76440626040617
618.560277056277 13.298871794871713
600.1466906426906 13.810360306360215
589.4054319014318 25.063107559107475
647.7151222111221 9.718452214452128
659.2236137196136 6.47902497502492
629.0457915417915 6.22328071928067
362.5602770562771 11.3381658341658
376.1147226107226 8.780723276723254
341.58924808524813 14.918585414585385
345.1696676656677 8.269234765234733
369.9768604728605 4.688815184815166
361.5373000333 5.456047952047918
376.3704668664669 2.5576130536130317
350.02880852480854 22.633537129537103
617.5373000333 4.944559440559552
