165.79338842975204 215.18732782369145
64.73002754820936 178.65840220385672
31.85399449035813 226.7548209366391
86.03856749311294 153.08815426997245
1.4132231404958873 151.87052341597794
5.066115702479351 213.96969696969694
176.14325068870522 160.39393939393938
187.71074380165288 129.34435261707986
153.0082644628099 123.86501377410468
90.9090909090909 28.280991735537214
75.07988980716252 70.89807162534436
56.81542699724517 89.1625344352617
98.21487603305783 131.77961432506885
147.5289256198347 92.20661157024792
146.92011019283746 66.63636363636363
119.52341597796139 53.85123966942149
141.44077134986225 47.76308539944904
155.44352617079886 43.50137741046831
160.31404958677683 30.71625344352617
162.7493112947658 19.75757575757575
151.18181818181813 13.060606060606064
180.4049586776859 9.40771349862257
197.45179063360877 33.15151515151513
216.32506887052335 21.58402203856747
198.66942148760324 23.410468319559243
208.4104683195592 6.972451790633613
240.0688705234159 14.88705234159778
249.80991735537182 17.931129476584033
241.28650137741042 30.71625344352617
224.23966942148758 30.71625344352617
219.97796143250685 45.327823691460054
217.54269972451783 62.374655647382895
205.97520661157023 90.98898071625342
230.93663911845726 73.33333333333331
251.63636363636357 45.327823691460054
265.63911845730024 30.71625344352617
263.2038567493112 20.366391184572993
269.9008264462809 5.1460055096418955
286.9476584022038 15.49586776859502
315.5619834710743 36.80440771349862
317.99724517906327 15.49586776859502
310.0826446280991 17.931129476584033
304.6033057851239 11.842975206611584
297.9063360881542 5.1460055096418955
342.9586776859503 6.363636363636374
361.8319559228649 8.190082644628092
343.5674931129476 30.10743801652893
351.48209366391177 34.36914600550966
374.0082644628098 23.410468319559243
374.61707988980703 11.842975206611584
394.0991735537189 6.363636363636374
405.6666666666666 5.1460055096418955
414.7988980716253 2.7107438016528818
430.01928374655637 13.669421487603302
430.01928374655637 21.58402203856747
430.6280991735536 30.71625344352617
415.4077134986225 30.71625344352617
406.2754820936638 43.50137741046831
420.88705234159767 42.89256198347107
433.06336088154256 45.93663911845729
416.625344352617 76.37741046831957
381.3140495867768 81.24793388429751
347.8292011019283 72.11570247933884
305.8209366391184 72.72451790633608
293.6446280991735 64.80991735537191
289.99173553719004 59.3305785123967
344.17630853994484 117.77685950413223
408.10192837465553 113.5151515151515
428.8016528925619 100.73002754820936
386.79338842975193 56.89531680440771
386.79338842975193 132.3884297520661
10.545454545454561 65.41873278236915
27.59228650137743 41.06611570247935
25.157024793388445 19.75757575757575
45.85674931129478 28.280991735537214
15.415977961432532 2.1019283746556425
39.76859504132233 14.88705234159778
64.12121212121212 15.49586776859502
82.99449035812671 9.40771349862257
109.17355371900823 6.363636363636374
111.0 30.10743801652893
121.34986225895312 7.581267217630852
45.85674931129478 5.1460055096418955
227.89256198347104 15.49586776859502
439.7603305785123 134.82369146005507
