26.79870129870125 473.3896103896103
94.98051948051945 505.5324675324674
163.16233766233765 534.7532467532467
156.34415584415584 471.4415584415583
132.9675324675325 476.3116883116883
121.27922077922076 450.01298701298697
96.9285714285714 428.5844155844155
68.68181818181814 412.9999999999999
37.512987012986976 423.71428571428567
229.3961038961039 466.57142857142844
206.9935064935065 453.9090909090909
184.5909090909091 450.01298701298697
192.3831168831169 428.5844155844155
185.5649350649351 401.3116883116883
214.7857142857143 419.81818181818176
259.5909090909092 497.7402597402597
302.44805194805207 529.8831168831168
324.85064935064946 554.2337662337662
327.7727272727273 490.9220779220778
340.435064935065 469.4935064935064
355.0454545454547 445.1428571428571
338.4870129870131 455.8571428571428
323.8766233766234 446.11688311688306
300.50000000000006 433.4545454545454
300.50000000000006 457.8051948051947
284.91558441558453 464.62337662337654
287.8376623376624 406.18181818181813
404.7207792207793 450.9870129870129
424.20129870129875 440.27272727272714
482.64285714285734 494.81818181818176
464.13636363636374 478.2597402597402
514.7857142857144 537.6753246753246
481.66883116883133 511.37662337662334
548.8766233766236 487.99999999999994
540.1103896103898 460.72727272727263
552.7727272727275 455.8571428571428
558.6168831168833 440.27272727272714
546.9285714285716 433.4545454545454
531.344155844156 435.4025974025973
514.7857142857144 442.22077922077915
490.43506493506504 462.67532467532465
626.7987012987015 488.9740259740259
671.6038961038963 483.1298701298701
695.9545454545456 518.1948051948051
734.9155844155846 539.6233766233765
734.9155844155846 501.6363636363636
784.5909090909092 446.11688311688306
836.214285714286 467.5454545454545
851.7987012987016 469.4935064935064
886.8636363636367 478.2597402597402
870.305194805195 451.96103896103887
836.214285714286 590.2727272727273
736.8636363636366 592.2207792207791
119.81818181818184 404.96428571428567
63.81168831168833 397.17207792207785
59.428571428571445 386.4577922077921
89.62337662337666 385.4837662337661
74.52597402597405 378.17857142857133
47.25324675324677 386.4577922077921
17.54545454545456 386.9448051948051
16.571428571428584 402.52922077922074
139.29870129870133 417.62662337662323
155.85714285714286 411.2954545454545
210.8896103896104 400.09415584415575
194.81818181818184 397.17207792207785
224.03896103896105 401.55519480519473
356.9935064935065 407.88636363636357
273.7142857142858 398.1461038961038
263.0 397.6590909090908
253.74675324675326 376.71753246753235
252.28571428571428 375.7435064935064
415.92207792207796 404.47727272727263
162.67532467532467 393.27597402597394
144.1688311688312 395.71103896103887
136.8636363636364 395.71103896103887
115.92207792207795 378.66558441558436
186.53896103896105 385.4837662337661
425.6623376623377 422.00974025974017
415.92207792207796 435.6461038961038
23.8766233766234 454.6396103896103
193.35714285714286 375.2564935064934
176.31168831168836 371.8474025974025
169.98051948051952 366.97727272727263
163.1623376623377 366.97727272727263
146.60389610389612 375.2564935064934
55.28896103896102 373.1866883116883
39.46103896103894 371.7256493506493
87.43181818181817 364.9074675324675
2.9350649350649007 361.9853896103896
51.14935064935064 361.01136363636357
213.32467532467535 372.94318181818176
328.2597402597402 419.69642857142844
333.6168831168831 395.5892857142856
322.4155844155844 398.02435064935054
358.45454545454544 391.44967532467524
381.10064935064935 398.99837662337654
416.4090909090909 378.0568181818181
399.12012987012986 387.3100649350648
336.78246753246754 384.1444805194804
367.4642857142857 379.517857142857
309.75324675324674 384.63149350649337
290.7597402597402 386.82305194805184
453.90909090909093 408.49512987012974
453.6655844155844 439.4204545454544
503.0974025974026 411.9042207792206
487.02597402597405 396.0762987012986
467.54545454545456 402.1639610389609
456.5876623376624 398.5113636363635
445.62987012987014 403.38149350649337
445.87337662337666 389.74512987012974
517.9512987012988 389.2581168831167
549.3636363636365 396.806818181818
523.3084415584416 413.6087662337661
600.7435064935065 411.41720779220765
582.9675324675325 411.9042207792206
570.7922077922078 432.3587662337661
540.1103896103896 406.3035714285713
569.5746753246754 399.9724025974025
380.8571428571429 380.85714285714266
388.64935064935065 375.49999999999983
707.6428571428572 406.181818181818
675.987012987013 417.3831168831167
639.948051948052 436.8636363636362
689.6233766233767 449.5259740259738
724.6883116883117 438.81168831168816
615.5974025974026 429.55844155844136
639.461038961039 419.3311688311687
633.6168831168832 397.9025974025972
649.6883116883117 399.3636363636362
673.5519480519481 395.95454545454527
668.6818181818182 385.7272727272725
615.5974025974026 398.87662337662323
591.7337662337662 390.11038961038946
706.6688311688312 387.67532467532453
711.5389610389611 379.8831168831167
703.7467532467533 379.8831168831167
656.9935064935065 375.01298701298686
619.0064935064936 378.90909090909076
624.8506493506494 378.90909090909076
608.2922077922078 387.67532467532453
589.7857142857143 377.93506493506476
566.409090909091 383.2922077922076
541.5714285714286 387.67532467532453
724.2012987012987 399.3636363636362
575.1753246753248 475.3376623376622
885.8896103896104 424.444805194805
862.025974025974 432.2370129870128
860.077922077922 421.0357142857141
848.3896103896104 432.7240259740257
832.8051948051948 425.41883116883093
821.6038961038961 423.47077922077904
821.1168831168832 443.9253246753244
807.4805194805195 441.4902597402595
787.5129870129871 425.41883116883093
800.1753246753246 417.6266233766232
813.8116883116884 406.4253246753244
824.038961038961 398.63311688311666
833.7792207792207 403.9902597402595
839.6233766233767 409.3474025974024
849.8506493506493 400.5811688311686
872.7402597402597 404.9642857142855
776.3116883116884 405.45129870129847
761.2142857142858 417.6266233766232
752.448051948052 399.60714285714266
737.8376623376623 420.0616883116881
842.0584415584416 395.71103896103875
842.0584415584416 384.022727272727
847.4155844155844 384.022727272727
783.1298701298701 390.8409090909089
760.2402597402597 392.3019480519479
734.4285714285714 384.022727272727
810.4025974025974 385.483766233766
809.9155844155845 393.2759740259738
794.8181818181819 386.45779220779195
896.6038961038961 402.52922077922057
679.3961038961039 384.022727272727
661.3766233766235 404.9642857142855
686.7012987012987 412.75649350649326
771.9285714285714 401.55519480519456
532.8051948051948 382.0746753246751
466.57142857142856 374.7694805194803
875.6623376623377 384.9967532467532
883.4545454545455 392.301948051948
775.3376623376623 380.6136363636363
29.23376623376626 359.1850649350648
21.928571428571445 360.6461038961038
204.55844155844156 350.41883116883105
194.81818181818184 351.87987012987
186.05194805194807 357.23701298701286
209.42857142857147 357.23701298701286
221.11688311688314 367.46428571428555
298.5519480519481 377.6915584415583
282.96753246753246 370.8733766233765
271.76623376623377 367.46428571428555
322.9025974025974 365.51623376623365
337.5129870129871 367.46428571428555
331.18181818181824 363.0811688311687
363.32467532467535 375.25649350649337
364.78571428571433 366.4902597402596
351.6363636363636 371.8474025974025
350.17532467532465 363.0811688311687
361.37662337662334 361.62012987012974
378.42207792207796 361.62012987012974
384.26623376623377 361.62012987012974
372.0909090909091 370.8733766233765
417.87012987012986 362.10714285714266
439.78571428571433 369.8993506493505
447.57792207792204 379.1525974025973
397.41558441558436 375.7435064935064
504.0714285714288 370.3863636363635
513.3246753246756 375.74350649350635
109.59090909090908 432.48051948051943
27.69780219780219 389.9605394605395
22.303196803196812 380.51998001998004
10.165334665334669 350.8496503496504
3.8716283716283755 347.7027972027972
10.165334665334669 344.1063936063937
16.009490509490504 345.00549450549454
13.761738261738259 347.7027972027972
22.303196803196812 344.1063936063937
26.798701298701303 345.9045954045955
27.69780219780219 350.4000999001
32.64285714285714 345.9045954045955
31.294205794205794 341.409090909091
29.046453546453534 335.5649350649351
21.404095904095897 335.1153846153847
17.80769230769232 334.2162837162838
24.101398601398614 336.9135864135865
35.34015984015983 337.8126873126874
37.13836163836163 342.30819180819185
38.487012987012974 336.0144855144856
43.43206793206792 337.3631368631369
42.982517482517494 340.95954045954056
42.532967032967036 346.80369630369637
37.58791208791209 349.50099900099906
47.02847152847153 345.00549450549454
47.478021978021985 340.5099900099901
47.02847152847153 336.9135864135865
52.87262737262736 336.0144855144856
54.22127872127871 340.5099900099901
51.973526473526476 345.00549450549454
52.87262737262736 350.4000999001
56.91858141858142 342.30819180819185
60.06543456543457 337.8126873126874
60.96453546453545 341.409090909091
60.96453546453545 343.65684315684325
66.35914085914087 338.7117882117883
67.25824175824175 342.75774225774234
69.95554445554444 336.46403596403604
60.96453546453545 344.5559440559441
65.46003996003995 368.38211788211794
76.69880119880119 361.6388611388612
62.3131868131868 358.9415584415585
191.78371628371627 343.65684315684325
198.97652347652348 345.00549450549454
194.03146853146853 340.9595404595405
188.63686313686316 336.0144855144856
185.9395604395604 338.7117882117883
184.14135864135864 340.0604395604396
185.9395604395604 333.76673326673335
180.99450549450552 334.6658341658342
176.94855144855143 335.11538461538464
171.10439560439562 334.6658341658342
194.48101898101896 335.5649350649351
198.97652347652348 338.7117882117883
200.77472527472526 335.11538461538464
205.7197802197802 337.3631368631369
209.76573426573424 335.11538461538464
215.16033966033967 334.2162837162838
212.0134865134865 338.2622377622378
207.96753246753246 342.30819180819185
216.50899100899102 347.2532467532468
212.0134865134865 349.9505494505495
216.95854145854145 340.50999000999
222.35314685314682 343.65684315684325
221.00449550449548 349.9505494505495
225.94955044955043 344.5559440559441
229.99550449550443 343.65684315684325
229.99550449550443 337.81268731268733
225.94955044955043 336.9135864135865
234.04145854145855 341.409090909091
238.08741258741262 337.81268731268733
238.98651348651347 345.00549450549454
234.49100899100898 349.9505494505495
229.545954045954 361.6388611388612
224.60089910089908 359.8406593406594
246.17932067932068 360.7397602397603
241.6838161838162 374.67582417582423
231.34415584415584 380.51998001998004
207.96753246753246 378.72177822177827
205.27022977022978 387.2632367632368
225.94955044955043 390.41008991008994
278.0974025974026 379.6208791208792
262.81268731268733 365.6848151848152
258.3171828171828 362.08841158841165
259.2162837162837 353.54695304695315
251.1243756243756 353.09740259740266
259.66583416583416 347.2532467532468
252.92257742257743 345.90459540459545
246.62887112887117 349.50099900099906
246.62887112887117 343.65684315684325
243.93156843156845 341.8586413586414
247.07842157842154 337.81268731268733
243.48201798201796 348.60189810189814
250.67482517482517 340.50999000999
254.72077922077924 338.2622377622378
256.51898101898104 342.7577422577423
260.56493506493507 337.81268731268733
263.7117882117882 343.65684315684325
265.95954045954045 338.2622377622378
269.1063936063936 343.20729270729277
267.7577422577422 348.1523476523477
266.85864135864136 353.54695304695315
274.0514485514485 353.9965034965036
279.8956043956044 350.4000999000999
283.492007992008 345.90459540459545
280.3451548451548 339.16133866133873
277.6478521478521 342.7577422577423
273.6018981018981 338.7117882117883
286.1893106893107 339.16133866133873
287.9875124875125 344.1063936063937
292.93256743256745 341.409090909091
295.18031968031966 339.61088911088916
294.7307692307692 346.35414585414594
292.93256743256745 351.2992007992009
283.492007992008 354.446053946054
292.93256743256745 357.1433566433567
291.1343656343656 362.08841158841165
286.1893106893107 366.58391608391617
296.9785214785215 364.78571428571433
297.4280719280719 358.49200799200804
301.47402597402595 360.2902097902098
305.51998001998004 363.437062937063
310.0154845154845 358.49200799200804
311.81368631368633 353.54695304695315
309.1163836163836 349.50099900099906
302.8226773226773 349.9505494505495
301.0244755244755 344.5559440559441
305.96953046953047 344.1063936063937
303.2722277722278 340.9595404595405
305.51998001998004 336.0144855144856
309.1163836163836 340.0604395604396
313.6118881118881 341.409090909091
318.1073926073926 340.50999000999
315.4100899100899 337.3631368631369
315.85964035964037 345.45504495504497
314.06143856143854 348.1523476523477
318.1073926073926 352.6478521478522
316.3091908091908 363.437062937063
314.510989010989 366.1343656343657
323.501998001998 354.446053946054
327.0984015984016 350.4000999000999
320.8046953046953 346.80369630369637
324.4010989010989 346.80369630369637
325.3001998001998 341.8586413586414
327.54795204795204 337.81268731268733
329.3461538461538 343.20729270729277
332.493006993007 339.61088911088916
332.04345654345656 345.45504495504497
335.1903096903097 344.5559440559441
340.58491508491505 342.30819180819185
340.58491508491505 347.2532467532468
332.04345654345656 350.8496503496504
338.33716283716285 355.79470529470535
345.0804195804196 354.89560439560444
348.2272727272727 350.8496503496504
351.37412587412587 349.05144855144863
348.6768231768232 343.65684315684325
344.63086913086914 340.9595404595405
347.77772227772226 339.61088911088916
351.37412587412587 341.8586413586414
353.6218781218781 342.7577422577423
355.4200799200799 344.5559440559441
360.8146853146853 339.61088911088916
359.9155844155844 344.5559440559441
358.5669330669331 341.409090909091
363.96153846153845 341.8586413586414
303.94655344655337 392.20829170829177
353.3971028971028 353.9965034965035
360.58991008991 356.2442557442558
363.2872127872127 352.19830169830175
359.6908091908091 349.05144855144863
369.580919080919 352.6478521478522
370.4800199800199 359.39110889110896
378.57192807192797 355.7947052947053
380.81968031968023 350.84965034965035
375.42507492507485 347.2532467532468
369.580919080919 345.00549450549454
369.580919080919 340.50999000999
372.2782217782217 341.409090909091
375.42507492507485 345.00549450549454
377.67282717282706 340.50999000999
380.81968031968023 344.1063936063937
384.41608391608383 340.50999000999
384.86563436563426 346.3541458541459
388.46203796203787 345.00549450549454
392.95754245754233 343.6568431568432
398.8016983016982 339.61088911088916
392.0584415584415 338.2622377622378
386.66383616383604 339.16133866133873
397.45304695304685 349.9505494505495
393.4070929070928 354.89560439560444
393.4070929070928 362.5379620379621
392.5079920079919 370.1803196803197
405.9945054945054 360.2902097902098
401.04945054945046 352.19830169830175
406.8936063936063 352.19830169830175
405.5449550449549 347.7027972027972
407.34315684315675 343.2072927072927
410.93956043956035 339.16133866133873
412.2882117882117 346.3541458541459
416.78371628371616 347.7027972027972
417.6828171828171 354.446053946054
412.7377622377621 355.34515484515487
424.8756243756243 351.7487512487513
429.37112887112875 356.2442557442558
433.4170829170828 349.50099900099906
430.27022977022966 344.1063936063937
423.9765234765233 341.8586413586414
419.4810189810189 343.6568431568432
419.0314685314684 340.0604395604396
436.56393606393596 345.00549450549454
437.9125874125873 339.16133866133873
446.9035964035963 340.50999000999
441.50899100899085 346.3541458541459
439.2612387612387 349.05144855144863
438.3621378621378 354.89560439560444
432.96753246753235 357.5929070929071
446.9035964035963 362.9875124875125
442.4080919080918 356.69380619380627
446.9035964035963 354.446053946054
448.70179820179817 348.60189810189814
452.74775224775215 352.19830169830175
455.44505494505484 360.73976023976024
454.5459540459539 368.83166833166837
449.1513486513486 358.04245754245756
459.49100899100887 354.446053946054
462.63786213786204 353.9965034965035
459.94055944055935 345.90459540459545
454.5459540459539 349.9505494505495
451.3991008991008 345.00549450549454
456.7937062937062 342.30819180819185
466.6838161838161 340.9595404595405
463.9865134865134 342.7577422577423
468.48201798201785 347.7027972027972
464.4360639360638 349.9505494505495
468.48201798201785 344.5559440559441
474.77572427572414 340.9595404595405
479.27122877122866 341.8586413586414
477.9225774225773 346.3541458541459
472.97752247752237 350.4000999000999
470.7297702297701 357.5929070929071
472.97752247752237 365.6848151848152
479.7207792207791 361.6388611388612
481.5189810189809 354.446053946054
483.7667332667332 348.60189810189814
485.1153846153845 343.6568431568432
489.16133866133856 344.1063936063937
488.71178821178813 349.05144855144863
492.75774225774217 344.5559440559441
499.05144855144846 346.3541458541459
494.1063936063935 348.15234765234766
493.2072927072926 354.446053946054
488.71178821178813 351.7487512487513
484.2162837162836 361.18931068931073
482.86763236763227 372.428071928072
497.7027972027971 363.43706293706293
467.582917082917 387.71278721278725
484.2162837162836 382.7677322677323
504.89560439560427 394.456043956044
496.8036963036962 395.8046953046953
505.34515484515475 383.66683316683316
522.8776223776223 377.3731268731269
514.7857142857142 368.83166833166837
509.8406593406592 359.39110889110896
502.64785214785206 358.04245754245756
495.0054945054944 359.39110889110896
499.05144855144846 354.89560439560444
501.2992007992007 348.15234765234766
496.8036963036962 351.29920079920083
500.84965034965023 342.7577422577423
506.6938061938061 346.3541458541459
509.3911088911088 345.90459540459545
506.24425574425567 351.29920079920083
502.64785214785206 354.446053946054
509.8406593406592 354.446053946054
512.0884115884114 351.7487512487513
513.8866133866134 346.80369630369637
520.62987012987 343.6568431568432
520.62987012987 351.29920079920083
517.9325674325673 346.80369630369637
529.620879120879 346.80369630369637
529.620879120879 351.7487512487513
526.9235764235764 358.49200799200804
532.3181818181818 363.8866133866134
519.730769230769 362.5379620379621
513.8866133866134 358.94155844155847
540.4100899100898 375.12537462537466
547.602897102897 377.82267732267735
546.2542457542456 368.3821178821179
544.0064935064934 372.428071928072
537.7127872127871 368.8316683316683
537.7127872127871 362.5379620379621
534.565934065934 356.69380619380615
539.9605394605394 349.9505494505495
535.9145854145853 344.1063936063936
534.565934065934 348.15234765234766
535.0154845154844 350.4000999000999
526.4740259740258 342.30819180819185
531.8686313686312 343.2072927072927
540.8596403596403 343.65684315684314
545.3551448551448 345.00549450549454
545.8046953046952 348.6018981018981
544.9055944055943 350.84965034965035
543.5569430569429 354.89560439560444
546.7037962037962 358.9415584415584
550.3001998001997 352.1983016983017
551.648851148851 347.7027972027972
551.1993006993006 344.1063936063936
556.593906093906 344.55594405594405
557.4930069930069 349.0514485514485
552.9975024975024 355.7947052947053
555.6948051948051 357.14335664335664
558.3921078921078 359.84065934065933
556.1443556443555 365.23526473526476
553.4470529470528 362.0884115884116
557.0434565434564 373.32717282717283
562.8876123876123 368.3821178821179
556.593906093906 386.8136863136863
579.9705294705294 375.12537462537466
569.6308691308691 371.9785214785215
572.3281718281717 364.33616383616385
567.8326673326673 359.84065934065933
564.685814185814 353.99650349650346
564.2362637362637 349.500999000999
565.1353646353646 342.30819180819185
570.52997002997 343.2072927072927
570.0804195804195 347.2532467532468
570.0804195804195 355.34515484515487
575.4750249750249 358.492007992008
575.9245754245753 353.54695304695304
575.9245754245753 347.7027972027972
581.7687312687311 345.45504495504497
581.3191808191807 352.1983016983017
581.3191808191807 356.2442557442557
580.4200799200798 363.43706293706293
588.0624375624375 358.9415584415584
586.2642357642357 353.0974025974026
585.8146853146852 345.45504495504497
591.2092907092906 345.00549450549454
593.9065934065933 341.85864135864136
598.8516483516482 343.2072927072927
596.603896103896 346.8036963036963
590.7597402597402 349.0514485514485
592.1083916083915 351.2992007992008
595.2552447552446 349.9505494505495
598.4020979020978 356.69380619380615
594.8056943056943 360.73976023976024
596.1543456543455 370.1803196803197
598.8516483516482 378.7217782217782
603.7967032967032 371.07942057942057
599.7507492507491 365.6848151848152
584.0164835164834 371.528971028971
576.8236763236762 370.62987012987014
606.4940059940059 344.1063936063936
604.6958041958042 346.8036963036963
602.4480519480519 353.0974025974026
605.1453546453545 356.69380619380615
610.9895104895104 349.9505494505495
613.2372627372627 345.45504495504497
614.1363636363635 352.6478521478522
610.0904095904095 357.5929070929071
611.8886113886113 361.1893106893107
614.585914085914 356.69380619380615
620.4300699300697 354.44605394605395
619.0814185814185 346.3541458541458
624.9255744255743 346.3541458541458
623.1273726273726 351.2992007992008
623.1273726273726 356.69380619380615
628.0724275724275 353.99650349650346
628.9715284715284 347.7027972027972
631.2192807192806 357.14335664335664
624.476023976024 362.9875124875125
614.1363636363635 362.5379620379621
613.6868131868131 369.28121878121874
621.7787212787212 371.07942057942057
630.3201798201796 374.6758241758242
634.8156843156842 379.17132867132864
638.8616383616383 367.93256743256745
632.5679320679319 366.1343656343656
639.7607392607392 361.1893106893107
641.558941058941 356.2442557442557
634.8156843156842 351.2992007992008
639.3111888111887 347.7027972027972
637.0634365634364 353.54695304695304
642.4580419580418 352.6478521478522
645.6048951048949 346.3541458541458
652.7977022977022 347.2532467532468
650.54995004995 351.74875124875126
646.0544455544455 358.04245754245756
646.9535464535463 366.1343656343656
654.1463536463535 360.73976023976024
655.4950049950048 355.34515484515487
659.540959040959 351.74875124875126
657.2932067932068 347.7027972027972
664.9355644355644 350.4000999000999
670.7797202797201 350.4000999000999
665.3851148851147 356.2442557442557
660.8896103896103 359.84065934065933
659.0914085914085 365.6848151848152
654.595904095904 368.3821178821179
646.9535464535463 368.3821178821179
646.9535464535463 374.6758241758242
646.0544455544455 383.2172827172827
653.2472527472527 385.0154845154845
663.1373626373625 376.9235764235764
666.7337662337661 367.93256743256745
666.7337662337661 360.73976023976024
671.6788211788211 357.5929070929071
671.6788211788211 362.0884115884116
672.577922077922 370.62987012987014
676.1743256743256 367.483016983017
678.4220779220778 360.2902097902098
680.66983016983 355.7947052947053
680.66983016983 351.74875124875126
676.623876123876 353.54695304695304
686.9635364635363 351.74875124875126
686.5139860139859 357.14335664335664
692.3581418581418 350.84965034965035
696.4040959040958 352.6478521478522
691.4590409590409 357.5929070929071
691.9085914085913 353.54695304695304
695.0554445554444 359.84065934065933
689.660839160839 364.7857142857143
680.66983016983 364.7857142857143
683.8166833166832 373.32717282717283
691.4590409590409 376.9235764235764
687.4130869130868 386.36413586413585
686.5139860139859 401.1993006993007
695.9545454545453 403.44705294705295
690.1103896103896 393.1073926073926
699.5509490509489 372.428071928072
695.9545454545453 367.93256743256745
700.4500499500498 364.33616383616385
704.9455544455543 359.3911088911089
701.7987012987012 351.2992007992008
701.7987012987012 358.9415584415584
704.9455544455543 353.0974025974026
710.3401598401597 350.84965034965035
716.1843156843156 350.84965034965035
713.9365634365633 354.89560439560444
710.7897102897102 360.73976023976024
705.8446553446552 367.03346653346654
707.6428571428571 371.528971028971
716.1843156843156 370.1803196803197
713.4870129870128 365.6848151848152
709.8906093906094 363.88661338661336
718.8816183816183 361.6388611388611
720.6798201798201 355.7947052947053
724.7257742257741 351.74875124875126
730.56993006993 351.74875124875126
729.2212787212786 358.9415584415584
726.0744255744255 362.5379620379621
717.9825174825173 371.528971028971
723.8266733266732 371.07942057942057
727.8726273726272 367.03346653346654
729.670829170829 364.33616383616385
735.9645354645354 360.2902097902098
739.1113886113885 355.34515484515487
739.1113886113885 352.1983016983017
735.0654345654345 353.54695304695304
746.3041958041957 355.34515484515487
744.0564435564435 358.04245754245756
739.560939060939 361.6388611388611
736.4140859140858 367.483016983017
733.2672327672326 371.9785214785215
730.56993006993 394.0064935064935
744.9555444555443 380.96953046953047
743.1573426573425 375.12537462537466
747.2032967032966 368.8316683316683
752.1483516483515 364.33616383616385
754.8456543456542 359.3911088911089
754.8456543456542 354.89560439560444
762.9375624375623 358.04245754245756
766.9835164835164 359.84065934065933
764.7357642357641 364.7857142857143
762.4880119880119 371.528971028971
757.0934065934065 372.428071928072
757.9925074925075 367.03346653346654
751.2492507492507 370.1803196803197
746.7537462537462 364.7857142857143
740.4600399600399 369.7307692307692
756.1943056943055 381.8686313686313
768.3321678321677 389.51098901098896
864.9855144855144 366.58391608391605
872.1783216783215 363.43706293706293
878.472027972028 367.483016983017
874.4260739260737 369.28121878121874
871.7287712287712 375.12537462537466
886.1143856143856 372.8776223776224
869.0314685314684 390.85964035964037
862.7377622377621 396.7037962037962
850.5999000999 395.3551448551449
860.0404595404593 388.1623376623377
856.8936063936062 390.85964035964037
827.672827172827 384.1163836163836
820.9295704295703 379.6208791208791
