207.6528471528471 538.9695304695305
118.65384615384613 476.567932067932
37.838661338661325 467.3611388611389
70.57392607392603 418.25824175824175
62.3901098901099 367.1093906093906
323.2492507492507 561.475024975025
425.54695304695304 694.4620379620379
619.9125874125874 654.565934065934
680.2682317682318 616.7157842157842
600.476023976024 524.6478521478522
424.52397602397605 473.49900099900094
426.56993006993 437.6948051948052
455.2132867132867 444.85564435564436
226.06643356643355 464.2922077922077
242.43406593406593 419.28121878121874
157.526973026973 414.16633366633357
109.44705294705295 368.1323676323676
131.95254745254744 353.81068931068927
201.51498501498497 361.99450549450546
234.25024975024974 374.2702297702298
22.23826173826177 388.59190809190807
21.726773226773275 333.3511488511489
16.10039960039964 352.2762237762238
25.30719280719285 301.1273726273726
6.893606393606433 329.25924075924075
37.582917082917135 309.3111888111888
57.53096903096906 312.8916083916084
86.68581418581422 337.44305694305694
112.7717282717283 332.8396603396603
103.05344655344658 334.88561438561436
109.70279720279723 319.02947052947053
83.10539460539465 305.21928071928073
76.456043956044 294.9895104895105
64.69180819180824 294.9895104895105
51.39310689310693 288.85164835164835
23.261238761238815 268.9035964035964
14.054445554445607 266.85764235764236
17.123376623376657 278.6218781218781
10.474025974026034 233.0994005994006
36.048451548451595 225.93856143856146
47.81268731268736 231.56493506493507
45.7667332667333 248.44405594405595
54.973526473526505 240.7717282717283
54.973526473526505 227.473026973027
58.04245754245758 227.9845154845155
86.68581418581422 223.38111888111888
95.89260739260743 226.96153846153845
114.30619380619382 233.6108891108891
109.1913086913087 252.53596403596407
119.42107892107896 262.25424575424574
112.7717282717283 261.74275724275725
126.5819180819181 298.56993006993
137.32317682317685 296.52397602397605
137.83466533466535 283.73676323676324
150.62187812187815 276.57592407592404
153.17932067932068 266.3461538461538
153.17932067932068 303.6848151848152
161.87462537462537 306.2422577422577
146.01848151848154 343.06943056943055
168.52397602397602 360.9715284715285
173.63886113886113 337.44305694305694
198.1903096903097 334.88561438561436
186.93756243756243 318.0064935064935
195.63286713286712 303.17332667332664
183.86863136863136 304.1963036963037
171.0814185814186 294.9895104895105
169.03546453546457 247.93256743256745
186.93756243756243 257.6508491508491
197.16733266733266 258.1623376623377
203.8166833166833 258.67382617382617
204.83966033966036 277.0874125874126
208.93156843156842 303.17332667332664
216.09240759240757 289.87462537462534
223.76473526473526 286.2942057942058
216.60389610389612 281.17932067932065
217.6268731268731 249.467032967033
210.46603396603396 252.53596403596407
242.17832167832168 253.04745254745256
246.27022977022975 278.6218781218781
229.39110889110887 274.52997002997006
226.83366633366634 315.44905094905096
233.483016983017 336.9315684315684
254.96553446553443 352.2762237762238
274.91358641358636 325.16733266733263
247.2932067932068 305.7307692307692
250.36213786213787 290.8976023976024
259.5689310689311 296.52397602397605
283.60889110889104 310.84565434565434
283.0974025974026 294.47802197802196
281.56293706293707 284.7597402597403
274.91358641358636 297.54695304695304
258.5459540459541 256.1163836163836
269.28721278721275 257.13936063936063
288.7237762237762 257.13936063936063
286.1663336663337 278.6218781218781
309.6948051948052 281.17932067932065
300.9995004995005 289.3631368631369
308.6718281718281 296.0124875124875
301.51098901098896 311.8686313686313
301.51098901098896 325.16733266733263
313.7867132867133 315.44905094905096
317.3671328671328 303.17332667332664
332.20029970029964 298.0584415584416
337.3151848151848 290.8976023976024
346.52197802197804 303.6848151848152
343.9645354645354 278.6218781218781
329.13136863136856 282.7137862137862
325.0394605394605 275.04145854145855
285.65484515484513 374.78171828171827
321.9705294705294 399.8446553446554
344.9875124875125 393.1953046953047
342.43006993006986 360.9715284715285
371.07342657342656 343.5809190809191
363.9125874125874 325.6788211788212
362.8896103896103 307.26523476523477
359.82067932067935 297.03546453546454
372.09640359640355 295.500999000999
361.8666333666333 288.3401598401598
370.561938061938 279.1333666333666
362.8896103896103 274.52997002997006
359.3091908091908 264.8116883116883
355.2172827172827 261.23126873126876
352.6598401598401 270.94955044955043
381.81468531468533 278.6218781218781
386.9295704295704 272.48401598401597
379.76873126873124 258.1623376623377
380.2802197802198 250.49000999000998
388.97552447552437 247.4210789210789
402.7857142857142 266.3461538461538
399.71678321678314 278.1103896103896
386.9295704295704 283.73676323676324
397.1593406593406 289.87462537462534
397.67082917082905 310.84565434565434
388.97552447552437 304.1963036963037
378.2342657342657 319.540959040959
405.8546453546453 337.9545454545455
420.68781218781214 337.9545454545455
425.8026973026972 313.9145854145854
421.1993006993006 297.54695304695304
409.94655344655337 305.21928071928073
409.4350649350648 291.92057942057943
411.4810189810189 282.2022977022977
413.01548451548445 275.04145854145855
425.8026973026972 276.57592407592404
429.3831168831168 273.506993006993
445.7507492507492 263.2772227772228
440.63586413586404 252.53596403596407
453.4230769230768 247.93256743256745
421.1993006993006 247.93256743256745
416.0844155844155 247.93256743256745
868.4960039960039 631.0374625374625
922.7137862137862 568.6358641358642
997.391108891109 656.6118881118881
958.517982017982 449.97052947052947
815.3011988011989 391.66083916083915
948.543956043956 377.85064935064923
1001.7387612387612 439.74075924075913
1015.5489510489509 359.4370629370628
979.2332667332666 352.7877122877122
963.8886113886114 357.9025974025973
916.3201798201798 365.574925074925
895.8606393606393 370.6898101898101
848.2922077922078 395.75274725274716
894.8376623376623 341.02347652347646
902.5099900099899 328.74775224775215
885.1193806193805 325.16733266733263
866.7057942057942 327.72477522477516
837.550949050949 351.2532467532467
786.4020979020979 354.32217782217776
793.5629370629371 339.4890109890109
762.3621378621378 344.60389610389603
729.6268731268731 345.6268731268731
738.8336663336663 320.05244755244746
756.7357642357642 331.30519480519473
752.1323676323676 311.3571428571428
778.7297702297702 310.3341658341658
703.540959040959 318.5179820179819
681.546953046953 325.67882117882107
650.3461538461538 336.42007992007984
637.5589410589411 369.1553446553446
619.1453546453547 375.8046953046952
632.9555444555444 342.557942057942
640.6278721278721 318.0064935064934
594.0824175824176 349.71878121878115
593.5709290709291 321.0754245754245
593.0594405594406 334.8856143856143
573.1113886113886 314.93756243756235
561.8586413586414 312.8916083916083
547.536963036963 313.40309690309687
530.6578421578422 302.15034965034954
557.7667332667334 290.8976023976023
547.536963036963 291.4090909090909
572.0884115884116 305.73076923076917
584.364135864136 307.2652347652347
595.1053946053946 308.2882117882117
587.4330669330669 297.0354645354645
585.387112887113 289.3631368631368
575.6688311688313 284.75974025974017
583.8526473526474 276.57592407592404
582.3181818181819 268.3921078921078
572.5999000999002 267.3691308691308
567.9965034965035 275.0414585414585
564.416083916084 266.3461538461538
567.485014985015 260.20829170829165
558.2782217782218 261.7427572427572
553.6748251748252 278.1103896103896
544.9795204795205 271.46103896103887
540.8876123876124 265.83466533466526
531.6808191808192 268.90359640359634
533.7267732267733 260.20829170829165
550.6058941058941 257.1393606393606
545.491008991009 261.7427572427572
539.8646353646354 276.57592407592404
539.3531468531469 297.546953046953
529.6348651348652 286.2942057942057
609.4270729270729 296.52397602397593
617.6108891108892 292.43206793206787
601.7547452547453 304.19630369630363
600.2202797202798 297.546953046953
604.8236763236764 283.22527472527463
604.3121878121879 273.50699300699296
603.8006993006993 278.621878121878
600.7317682317682 265.32317682317677
593.5709290709291 274.52997002996995
588.456043956044 263.7887112887112
582.3181818181819 260.71978021978015
592.0364635364635 256.1163836163836
616.5879120879122 278.1103896103896
626.8176823176823 278.621878121878
626.3061938061938 270.4380619380619
623.7487512487512 256.627872127872
617.0994005994006 261.23126873126864
622.7257742257742 262.7657342657342
643.1853146853147 269.4150849150849
637.5589410589411 263.27722277722273
633.467032967033 259.6968031968031
650.3461538461538 281.1793206793206
649.3231768231768 305.73076923076917
625.2832167832169 313.40309690309687
681.546953046953 303.1733266733266
674.3861138861139 274.52997002996995
764.9195804195804 297.546953046953
754.1783216783217 296.01248751248744
719.3971028971029 314.42607392607385
721.443056943057 297.546953046953
706.6098901098901 288.3401598401598
713.2592407592408 302.15034965034954
688.1963036963037 272.9955044955044
684.6158841158841 262.7657342657342
689.7307692307693 255.60489510489504
659.0414585414586 259.1853146853146
654.9495504495504 264.8116883116883
649.8346653346654 254.0704295704295
819.6488511488511 332.3281718281718
838.573926073926 331.8166833166832
836.0164835164835 314.93756243756235
826.8096903096903 309.82267732267724
804.3041958041958 299.0814185814185
821.6948051948052 291.9205794205793
782.8216783216783 293.45504495504485
775.6608391608391 297.546953046953
727.0694305694306 269.9265734265733
709.1673326673326 264.8116883116883
704.5639360639361 259.1853146853146
716.8396603396603 252.53596403596396
729.1153846153846 250.49000999000992
739.8566433566433 256.1163836163836
920.9235764235764 332.83966033966027
934.2222777222777 323.6328671328671
961.3311688311687 333.35114885114876
985.3711288711288 324.1443556443555
968.4920079920079 319.54095904095897
977.1873126873126 303.6848151848151
972.583916083916 290.8976023976023
946.4980019980019 315.44905094905084
926.0384615384614 316.4720279720279
917.8546453546453 307.2652347652347
915.2972027972028 293.45504495504485
887.1653346653346 309.31118881118874
876.9355644355644 308.79970029970025
862.6138861138861 309.31118881118874
852.3841158841159 311.3571428571428
853.4070929070929 301.12737262737255
869.2632367632367 292.94355644355636
745.9945054945055 272.9955044955044
736.2762237762238 298.0584415584415
767.9885114885114 287.31718281718275
769.522977022977 267.3691308691308
818.1143856143856 268.3921078921078
818.1143856143856 283.7367632367632
810.4420579420579 270.4380619380619
837.550949050949 272.4840159840159
845.2232767232767 259.6968031968031
833.459040959041 259.1853146853146
889.2112887112887 282.71378621378614
878.9815184815185 282.20229770229764
899.9525474525474 285.2712287712287
909.670829170829 276.0644355644355
917.8546453546453 282.71378621378614
917.8546453546453 272.4840159840159
938.3141858141857 272.9955044955044
945.9865134865134 270.4380619380619
950.5899100899101 277.08741258741253
976.1643356643356 275.552947052947
967.4690309690309 301.6388611388611
998.6698301698301 281.6908091908091
993.5549450549449 276.57592407592404
1007.8766233766233 281.1793206793206
997.6468531468531 294.4780219780219
992.531968031968 307.2652347652347
1011.4570429570429 315.9605394605394
1020.1523476523475 328.23626373626365
