339.7567634648797 506.4403077686772
342.1871432117151 472.414991312981
350.6934723256391 444.4656242243734
376.2124596674114 450.541573591462
394.44030776867714 429.8833457433608
396.8706875155126 484.5668900471582
441.83271283196825 448.11119384462654
440.6175229585506 435.9592951104493
486.7947381484239 427.45296599652534
468.56689004715815 408.00992802184174
508.6681558699429 410.4403077686772
529.3263837180442 427.45296599652534
511.09853561677835 428.66815586994306
518.3896748572847 465.1238520724747
508.6681558699429 486.99726979399367
505.0225862496898 514.9466368826013
57.83271283196833 671.7061305534874
49.32638371804427 733.6808140977911
22.592206502854374 619.4529659965252
95.50359890791766 602.4403077686773
16.51625713576576 541.6808140977911
9.225117895259498 486.99726979399367
9.225117895259498 421.3770166294367
28.668155869942986 418.9466368826013
90.64283941424677 386.1365103003228
69.98461156614555 397.07321916108236
90.64283941424677 410.4403077686772
142.89600397120884 476.0605609332342
165.9846115661455 479.7061305534873
65.12385207247466 459.0479027053861
79.70613055348733 499.1491685281709
231.60486473070245 617.0225862496899
162.33904194589235 610.9466368826013
104.00992802184172 552.6175229585507
255.9086621990569 576.9213204269049
289.9339786547531 665.6301811863987
308.1618267560189 624.3137254901961
258.33904194589235 665.6301811863987
347.04790270538604 705.7314470091834
411.4529659965253 720.313725490196
468.56689004715815 716.668155869943
492.8706875155126 697.2251178952594
430.8960039712088 671.7061305534874
417.5289153636138 646.1871432117151
495.30106726234806 655.9086621990568
542.6934723256392 705.7314470091834
565.7820799205758 687.5035989079176
460.06056093323417 533.1744849838672
439.4023330851328 552.6175229585507
416.31372549019613 542.8960039712089
373.78207992057594 521.0225862496899
384.7187887813354 540.4656242243734
258.33904194589235 507.6554976420949
568.2124596674113 557.4782824522216
557.2757508066519 530.7441052370317
537.8327128319681 499.1491685281709
552.4149913129809 486.99726979399367
568.2124596674113 495.50359890791776
603.4529659965252 504.00992802184174
587.6554976420947 461.47828245222155
547.5542318193101 416.5162571357659
560.9213204269048 405.57954827500635
576.7187887813353 411.65549764209493
662.9972697939936 479.7061305534873
697.0225862496898 472.414991312981
718.8960039712088 445.68081409779114
744.4149913129809 408.00992802184174
603.4529659965252 649.8327128319684
638.6934723256392 703.3010672623479
682.440307768677 740.9719533382975
686.0858773889303 619.4529659965252
622.8960039712086 546.541573591462
626.5415735914619 506.4403077686772
599.807396376272 538.035244477538
519.6048647307024 597.5795482750063
488.0099280218417 580.5668900471582
488.0099280218417 557.4782824522216
275.3517001737405 715.4529659965252
681.2251178952594 565.9846115661455
581.5795482750062 339.9592951104494
576.7187887813353 353.3263837180443
539.0479027053859 363.0479027053861
526.8960039712088 354.54157359146205
503.80739637627204 327.8073963762722
480.7187887813354 370.33904194589246
502.59220650285437 359.40233308513297
932.7694216927277 675.3517001737404
906.0352444775377 634.035244477538
884.1618267560189 585.4276495408291
874.440307768677 614.5922065028544
844.0605609332341 608.5162571357658
801.5289153636138 617.0225862496899
784.5162571357657 585.4276495408291
806.3896748572847 556.2630925788037
738.3390419458923 552.6175229585507
675.1491685281708 517.3770166294365
955.8580292876644 467.5542318193101
665.4276495408291 428.66815586994306
705.5289153636139 384.92132042690514
818.5415735914619 433.5289153636139
830.693472325639 462.6934723256392
885.3770166294366 530.7441052370317
560.9213204269048 631.6048647307024
523.2504343509556 665.6301811863987
588.8706875155125 720.313725490196
777.2251178952594 674.1365103003228
1006.8960039712086 493.07321916108236
982.5922065028542 513.7314470091835
980.1618267560189 548.9719533382975
924.2630925788037 542.8960039712089
937.6301811863987 573.2757508066519
853.7820799205758 390.9972697939937
818.5415735914619 339.9592951104494
844.0605609332341 301.07321916108236
858.6428394142467 219.65549764209507
919.4023330851329 225.73144700918363
943.7061305534874 222.08587738893053
986.2377761231076 241.528915363614
974.0858773889302 265.83271283196837
1012.9719533382972 273.12385207247473
1000.8200546041202 356.9719533382975
1004.4656242243733 335.0985356167785
958.2884090344998 346.035244477538
999.6048647307024 401.93397865475316
981.3770166294366 369.12385207247473
971.6554976420948 387.35170017374054
458.84537105981633 203.55423181931013
434.5415735914619 201.12385207247473
47.50359890791739 188.9719533382975
513.5289153636139 199.3010672623481
497.73144700918346 205.9846115661456
303.3010672623479 210.2377761231076
328.2124596674112 212.66815586994306
461.8833457433606 258.2377761231076
568.8200546041202 267.35170017374054
628.3643584015886 284.3643584015887
591.908662199057 210.2377761231076
594.3390419458924 203.55423181931013
288.11119384462637 297.12385207247473
314.2377761231074 300.7694216927279
326.9972697939935 282.5415735914621
270.4909406800694 210.2377761231076
282.6428394142466 219.95929511044937
412.060560933234 206.59220650285445
417.5289153636138 210.2377761231076
398.0858773889302 205.37701662943672
362.23777612310744 205.37701662943672
350.69347232563905 207.80739637627215
308.7694216927277 262.4909406800697
322.7441052370314 258.2377761231076
340.36435840158845 249.7314470091836
460.06056093323406 251.55423181931016
450.9466368826012 248.5162571357658
506.84537105981633 220.56689004715824
317.27575080665173 199.3010672623481
285.0732191610821 252.7694216927279
280.2124596674112 236.9719533382975
556.0605609332341 291.04790270538615
594.3390419458924 262.4909406800697
605.8833457433607 252.7694216927279
663.6048647307025 268.56689004715827
625.9339786547531 219.95929511044937
638.6934723256392 203.55423181931013
625.9339786547531 203.55423181931013
429.07321916108214 267.35170017374054
411.45296599652517 289.8327128319684
441.8327128319682 214.49094068006963
450.3390419458923 270.9972697939937
451.5542318193101 303.1998014395634
429.680814097791 298.33904194589246
436.36435840158845 281.3263837180444
356.7694216927277 261.27575080665196
526.2884090344999 210.84537105981647
526.8960039712088 267.95929511044943
532.9719533382973 285.57954827500635
543.301067262348 288.6175229585507
535.4023330851328 302.5922065028545
519.6048647307025 289.2251178952596
478.2884090345 206.59220650285445
483.7567634648796 206.59220650285445
469.7820799205759 212.66815586994306
457.63018118639866 229.0732191610823
475.85802928766446 229.0732191610823
507.4529659965253 232.71878878133546
527.5035989079176 224.21245966741142
537.2251178952595 205.37701662943672
651.4529659965253 294.0858773889305
651.4529659965253 269.782079920576
303.3010672623479 229.68081409779117
385.933978654753 285.57954827500635
392.00992802184163 274.035244477538
551.8073963762721 384.61752295855075
562.1365103003227 382.1871432117153
577.9339786547531 381.57954827500646
586.4403077686771 386.44030776867737
440.6175229585505 376.11119384462665
418.13651030032264 365.17448498386716
339.1491685281707 301.3770166294368
345.8327128319682 309.88334574336085
333.68081409779097 292.2630925788039
303.3010672623479 296.5162571357659
269.88334574336056 314.13651030032287
272.313725490196 336.0099280218419
344.61752295855047 396.16182675601914
379.2504343509555 372.4656242243735
531.1491685281708 399.8073963762723
534.794738148424 385.22511789525964
521.4276495408291 394.3390419458925
511.0985356167784 380.36435840158873
490.4403077686772 387.0479027053862
374.3896748572846 399.8073963762723
556.668155869943 224.8200546041203
540.8706875155126 229.68081409779117
548.161826756019 228.46562422437344
540.2630925788037 249.7314470091836
557.8833457433607 244.26309257880382
498.3390419458923 252.7694216927279
617.4276495408291 326.28840903450015
630.794738148424 313.528915363614
653.8833457433608 318.3896748572849
605.2757508066519 292.2630925788039
580.9719533382975 296.5162571357659
591.301067262348 312.3137254901963
574.8960039712088 328.7187887813356
551.8073963762721 306.84537105981656
540.8706875155126 337.8327128319685
517.7820799205758 319.6048647307026
358.5922065028543 295.3010672623481
661.782079920576 188.3643584015886
549.9846115661454 186.54157359146205
570.6428394142467 184.71878878133543
389.5795482750062 210.2377761231076
439.40233308513285 231.50359890791773
139.32894740976002 449.7392983150642
149.14948898963505 373.139073992039
162.24354442946844 384.2690211158974
206.76333292490187 498.8420062144393
28.029476171176487 388.85194051983905
32.61239557511815 338.4398270764805
64.03812863071823 328.6192854966056
102.66559217822667 308.9782023368555
100.70148386225165 331.89279935656396
124.27078365395174 313.5611217407972
145.22127235768505 308.3234995648639
166.82646383341012 304.39528293291386
184.50343867718516 288.0277136331222
188.43165530913515 310.94231065283054
195.63338580104354 333.85690767253897
168.7905721493851 348.26036865635564
130.1631086018767 352.1885852883056
115.75964761806001 367.246749044114
55.52699259482656 371.82966844805566
16.244826275326474 357.426207464239
16.899529047318126 331.2380965845722
16.244826275326474 304.39528293291386
7.733690239434794 279.5165775972305
84.98861733445162 278.86187482523883
116.41435039005171 202.26165050221366
125.58018919793504 202.91635327420533
92.84505059835165 207.499272678147
57.49110091080155 206.8445699061553
35.88590943507651 206.8445699061553
10.352501327401436 212.73689485408036
107.2485115821683 240.23441127773035
105.28440326619331 225.17624752192205
82.36980624648494 228.44976138188034
145.87597512967676 252.01906117358044
173.37349155332683 227.79505860988866
164.86235551743513 206.8445699061553
154.3871111655684 204.88046159018032
141.9477584977267 204.88046159018032
130.1631086018767 210.11808376611367
122.96137810996836 293.2653358090555
155.0418139375601 279.5165775972305
171.4093832373518 271.6601443333305
181.2299248172268 257.25668334951376
58.145803682793236 302.43117461693885
62.7287230867349 286.06360531714716
63.383425858726554 276.24306373727217
46.36115378694319 281.4806859132055
35.88590943507651 324.03636609266385
31.957692803126502 287.37301086113047
119.68786425001 259.87549443748037
122.30667533797667 223.21213920594698
127.54429751391002 221.248030889972
144.5665695856934 223.21213920594698
90.22623951038497 241.54381682171373
271.57890735207707 288.0277136331222
272.23361012406866 253.32846671756374
182.53933036121018 425.51529575137243
172.06408600934347 398.01777932772245
183.84873590519348 370.5202629040723
44.465624224373386 478.4909406800697
779.6554976420948 408.00992802184174
790.5922065028543 356.9719533382975
799.0985356167785 352.1111938446266
761.427649540829 309.5795482750064
763.8580292876644 280.41499131298104
800.313725490196 292.56689004715827
701.8833457433607 198.9972697939938
683.6554976420948 213.5795482750064
672.7187887813353 216.00992802184183
367.70613055348724 653.4782824522214
405.3770166294366 606.0858773889303
684.8706875155125 676.5668900471582
653.2757508066519 661.9846115661455
705.5289153636139 648.6175229585505
733.4782824522214 593.933978654753
733.4782824522214 625.5289153636139
608.3137254901959 614.5922065028544
624.1111938446264 582.9972697939936
558.4909406800696 593.933978654753
827.2310464323527 356.76549603978765
833.7146227822967 342.17744925241374
805.348976251292 318.2692614619956
815.0743407762079 306.1125558058508
779.8198943733879 305.30210876210776
745.7811185361824 349.0662491242292
768.0684122391147 346.63490799300024
727.9512835738365 323.94239076819656
725.1147189207361 300.43942649964987
728.3565070957081 280.5834739279466
714.9841308739487 291.11928549660547
728.7617306175796 379.45801326459133
895.7138216286354 299.62897945590686
887.204127669334 318.2692614619956
886.7989041474625 346.22968447112873
905.4391861535513 380.2684603083343
896.119045150507 369.7326487396754
882.7466689287475 407.41843627372447
828.8519405198388 392.83038948635067
799.2706234232196 389.5886013113787
789.1400353764324 330.4259671181404
728.7617306175796 400.93485992378055
800.0810704669626 420.7908124954838
857.2175870508435 465.3653999013482
857.2175870508435 432.94751815162857
839.7929756103691 405.79754218623845
920.4324564627965 401.7453069675235
947.5824324281867 374.5953310021334
959.7391380843316 452.8034707233318
900.1712803692219 466.5810704669627
915.5697742003385 455.6400353764323
717.175125906796 198.36131401767588
708.3928794719299 191.09324800261422
814.0826727742852 189.88190366677057
776.530998363133 194.12160884222328
794.7011634007873 192.0017562544969
752.9097838141826 202.9038552770895
767.445915844306 199.26982226955863
743.8247012953556 210.47475737611202
734.7396187765283 198.36131401767588
743.2190291274337 185.64219849131797
728.3800610133494 190.48757583469242
642.3746131684527 210.17192129215113
651.4596956872798 194.42444492618418
646.6143183439053 201.38967485728494
637.2263997411173 288.9093031219861
658.7277617023416 281.9440731908853
672.3553854805822 291.6348278776342
702.9418299606334 280.1270566871199
687.8000257625882 256.8086782221303
1002.0352444775377 188.06056093323429
892.6681558699428 200.2124596674115
919.4023330851329 185.63018118639886
192.7187887813354 205.07321916108236
806.3896748572847 697.2251178952594
820.9719533382972 659.5542318193101
865.9339786547531 687.5035989079176
833.1238520724745 714.2377761231076
918.1871432117151 705.7314470091834
876.8706875155125 647.4023330851329
813.680814097791 523.4529659965253
771.1491685281708 486.99726979399367
756.566890047158 439.60486473070256
714.0352444775378 418.9466368826013
684.8706875155125 418.9466368826013
645.9846115661455 386.1365103003228
659.3517001737404 369.12385207247473
664.2124596674113 354.54157359146205
673.9339786547531 343.60486473070256
602.2377761231074 346.035244477538
610.7441052370315 367.908662199057
613.1744849838669 387.35170017374054
608.3137254901959 411.65549764209493
598.5922065028543 422.5922065028544
570.6428394142466 427.45296599652534
648.414991312981 454.1871432117151
669.0732191610822 444.4656242243734
678.794738148424 367.908662199057
971.6554976420948 418.9466368826013
952.2124596674113 420.16182675601897
1008.1111938446264 435.9592951104493
1016.6175229585504 531.9592951104493
961.9339786547531 602.4403077686773
989.8833457433606 711.8073963762721
993.5289153636137 654.6934723256392
995.9592951104493 580.5668900471582
1006.8960039712086 644.9719533382975
864.7187887813353 722.7441052370315
54.18714321171516 510.0858773889303
458.84537105981633 654.6934723256392
450.33904194589235 617.0225862496899
853.7820799205758 518.5922065028544
846.4909406800696 493.07321916108236
875.6554976420948 479.7061305534873
398.0858773889302 361.83271283196837
387.14916852817083 322.94663688260135
890.2377761231076 505.2251178952594
459.1189202953908 480.98505416152466
630.9790601555306 438.02001919648967
633.0250142014846 413.46857064504115
634.0479912244617 399.1468923233628
533.7962429727135 756.1658733423437
600.2897494662201 755.1428963193667
640.1858533623238 755.1428963193667
721.3263837180442 482.13651030032275
421.17448498386705 224.5162571357658
782.0858773889303 546.541573591462
734.6934723256392 516.1618267560189
129.5289153636139 386.13651030032275
117.37701662943667 404.3643584015885
114.94663688260123 418.9466368826013
187.85802928766452 455.40233308513285
258.33904194589235 623.0985356167783
310.5922065028543 597.5795482750061
704.313725490196 356.97195333829745
707.9592951104493 301.07321916108225
484.36435840158845 288.921320426905
495.30106726234806 270.6934723256393
566.9972697939936 212.3643584015886
549.9846115661454 205.07321916108228
593.7314470091835 223.30106726234817
599.807396376272 213.5795482750064
309.3770166294367 242.74410523703168
325.17448498386705 219.65549764209499
489.22511789525936 442.0352444775379
345.83271283196825 646.1871432117151
305.73144700918346 510.0858773889303
294.794738148424 486.99726979399367
532.9719533382975 555.047902705386
438.1871432117151 397.0732191610822
438.1871432117151 397.0732191610822
937.6301811863987 640.1111938446265
506.23777612310744 399.50359890791765
548.7694216927276 659.55423181931
660.5668900471582 339.9592951104493
528.1111938446264 236.66815586994306
253.47828245222144 367.90866219905695
388.0207101579984 222.07863179343272
398.4874903964992 218.1535892039949
393.2541002772489 246.9372348598722
602.5897050472659 181.51985836924194
582.9644921000768 184.1365534288671
