12.505121300813022 619.446238699187
101.88017430894308 628.883356097561
110.76216715447156 581.1426445528456
34.15497886178864 586.6938900813008
28.04860878048779 545.6146731707317
86.89181138211384 547.2800468292683
80.785441300813 492.322716097561
80.2303167479675 470.11773398373987
126.30565463414632 491.2124669918699
174.60149073170734 548.3902959349593
181.26298536585367 527.2955629268292
230.66907056910566 585.5836409756098
314.4928780487805 666.0767011382114
322.2646217886179 601.1271284552845
435.5100305691057 643.3165944715447
471.593126504065 617.7808650406504
410.52942569105693 523.4096910569106
329.4812409756097 522.2994419512196
238.44081430894306 521.1891928455284
189.5898536585366 491.2124669918699
152.39650861788618 437.3653853658537
119.64415999999999 426.26289430894315
103.54554796747969 425.15264520325206
89.11230959349594 410.71940682926834
46.36771902439025 366.309442601626
119.08903544715446 364.64406894308945
143.5145157723577 354.65182699186994
150.7311349593496 400.72716487804877
169.05024520325202 420.1565242276423
204.57821658536585 417.38090146341466
220.1217040650406 437.3653853658537
199.02697105691058 392.4002965853659
188.47960455284556 379.63243186991866
235.6651915447154 416.8257769105691
262.86629463414636 446.24737821138217
292.84302048780484 433.47951349593495
260.09067186991876 406.8335349593496
338.91835837398366 452.3537482926829
321.7094972357723 493.4329652032521
271.7482874796747 485.1060969105691
247.32280715447152 485.1060969105691
365.5643369105691 481.2202250406504
452.7188917073171 481.2202250406504
499.34935414634145 461.2357411382114
494.90835772357724 440.1410081300813
436.6202796747967 452.3537482926829
451.608642601626 452.3537482926829
381.1078243902439 432.36926439024387
399.9820591869919 448.4678764227642
357.7925931707317 414.605278699187
348.35547577235775 433.47951349593495
342.8042302439024 411.82965593495936
297.8391414634146 404.05791219512196
313.38262894308946 422.3770224390244
252.8740526829268 390.1797983739837
241.21643707317068 380.74268097560974
220.67682861788617 371.8606881300813
272.3034120325203 364.64406894308945
283.9610276422764 370.75043902439023
291.17764682926827 387.40417560975607
333.3671128455284 384.07342829268293
333.922237398374 369.08506536585367
388.8795681300813 395.1759193495935
423.8524149593496 410.71940682926834
424.96266406504066 384.07342829268293
484.3609912195122 387.40417560975607
422.18704130081306 366.309442601626
386.65906991869923 371.8606881300813
384.43857170731707 357.98257430894313
356.12721951219504 354.0967024390244
477.14437203252027 355.76207609756096
290.6225222764228 353.54157788617886
102.99042341463415 351.8762042276423
3.623128455284564 342.716649105691
42.48184715447154 332.72440715447146
71.34832390243902 317.18091967479666
83.00593951219514 314.96042146341455
111.87241626016262 289.97981658536577
132.96714926829267 288.86956747967474
157.94775414634145 279.98757463414626
166.82974699186994 267.77483447154464
140.18376845528454 260.00309073170723
115.2031635772358 263.8889626016259
105.21092162601624 260.5582152845527
85.22643772357723 267.77483447154464
64.68682926829268 276.65682731707307
41.926722601626004 284.983695609756
5.288502113821148 282.76319739837385
1.9577547967479798 240.0186068292682
26.38323512195123 235.57761040650396
40.26134894308944 203.93551089430886
30.82423154471547 195.05351804878038
58.025334634146354 235.57761040650396
69.68295024390247 232.8019876422763
109.65191804878049 172.84853593495927
134.63252292682927 168.40753951219503
175.71173983739837 221.69949658536578
214.01533398373985 206.71113365853648
174.0463661788618 331.6141580487804
164.0541242276423 317.73604422764214
194.58597463414634 332.1692826016259
214.01533398373985 327.7282861788617
205.68846569105693 312.1847986991869
224.0075759349593 317.73604422764214
256.7599245528455 312.73992325203244
277.29953300813014 318.8462933333332
268.9726647154471 344.38202276422754
285.626401300813 341.60639999999995
307.83138341463416 323.84241430894303
307.83138341463416 312.1847986991869
305.61088520325194 351.5986419512194
341.6939811382114 337.1654035772357
364.4540878048781 324.3975388617885
369.45020878048786 312.1847986991869
373.3360806504064 336.61027902439014
392.76543999999996 339.9410263414633
403.8679310569106 314.96042146341455
415.5255466666666 341.60639999999995
411.0845502439024 331.0590334959349
446.61252162601625 347.71277008130073
433.28953235772354 323.84241430894303
427.1831622764227 247.7903505691056
447.7227707317073 322.73216520325195
466.59700552845527 324.95266341463406
468.26237918699184 344.38202276422754
474.3687492682927 328.2834107317072
488.2468630894309 332.72440715447146
538.8507785365853 621.3891746341463
548.8430204878049 675.7913808130081
537.7405294308944 520.3565060162601
518.8662946341462 488.1592819512195
515.5355473170731 384.90611512195113
517.7560455284553 354.92938926829265
502.21255804878047 326.06291252032514
512.2048 323.84241430894303
509.98430178861787 239.46348227642272
614.3477177235773 249.4557242276423
657.6474328455284 638.0429112195122
772.0030907317073 616.9481782113821
784.215830894309 665.7991388617886
900.7919869918699 628.0506692682927
1014.0373957723577 586.9714523577236
913.0047271544714 673.5708826016261
1004.0451538211381 665.7991388617886
1011.8168975609756 519.2462569105691
986.2811681300811 467.06454894308945
997.3836591869917 433.75707577235767
694.2856533333332 581.4202068292683
593.2529847154473 507.03351674796744
622.1194614634145 509.2540149593496
678.7421658536584 513.6950113821138
756.4596032520325 543.6717372357724
853.0512754471545 551.4434809756098
936.3199583739836 478.16704
865.2640156097559 477.0567908943089
911.8944780487805 445.96981593495934
795.3183219512194 484.8285346341463
736.4751193495936 478.16704
687.624158699187 483.7182855284552
656.5371837398372 467.06454894308945
619.8989632520326 448.1903141463414
568.8275043902438 465.95429983739837
549.9532695934959 433.75707577235767
579.9299954471545 403.78034991869913
616.5682159349593 384.90611512195113
650.9859382113821 431.5365775609756
692.0651551219512 442.63906861788615
779.7748344715446 460.4030543089431
826.4052969105691 403.78034991869913
781.9953326829269 411.5520936585365
855.2717736585366 445.96981593495934
880.8075030894308 409.3315954471545
946.3122003252032 403.78034991869913
970.7376806504063 412.6623427642276
1000.714406504065 381.57536780487806
549.9532695934959 377.13437138211384
561.0557606504065 384.35099056910576
591.0324865040649 380.46511869918703
581.5953691056909 364.9216312195122
574.9338744715446 371.0280013008131
545.5122731707316 359.92551024390247
541.6264013008129 345.49227186991874
533.8546575609755 342.1615245528456
521.641917398374 339.3859017886179
531.0790347967479 329.3936598373984
563.2762588617886 321.0667915447155
564.3865079674796 335.5000299186993
574.3787499186991 343.27177365853663
586.5914900813008 327.1731616260163
598.2491056910567 350.4883928455285
613.2374686178862 349.3781437398374
616.5682159349593 336.05515447154477
623.2297105691055 343.27177365853663
631.5565788617885 340.496150894309
644.8795681300812 334.3897808130082
637.1078243902438 332.16928260162604
632.6668279674797 358.2601365853659
665.9743011382112 334.9449053658537
668.1947993495934 311.074549593496
680.4075395121951 323.2872897560976
673.7460448780487 332.16928260162604
682.6280377235772 363.25625756097565
661.5333047154471 369.3626276422765
671.5255466666665 405.44572357723587
696.5061515447153 412.6623427642277
705.9432689430893 336.05515447154477
718.7111336585366 325.5077879674797
743.1366139837397 322.1770406504065
774.778713495935 324.39753886178863
753.6839804878049 332.16928260162604
740.9161157723577 339.3859017886179
729.2585001626015 338.2756526829269
749.2429840650406 347.1576455284553
764.7864715447155 346.0473964227643
784.215830894309 336.05515447154477
745.9122367479675 364.3665066666667
705.9432689430893 348.26789463414633
705.3881443902438 358.2601365853659
704.8330198373983 379.90999414634155
738.6956175609755 393.23298341463425
777.5543362601625 381.02024325203257
763.6762224390243 393.23298341463425
826.9604214634145 381.02024325203257
812.5271830894309 386.0163642276423
820.2989268292682 364.3665066666667
807.5310621138211 367.1421294308944
793.6529482926829 351.04351739837404
787.5465782113821 363.25625756097565
815.857930406504 338.2756526829269
824.7399232520326 349.3781437398374
806.9759375609756 332.16928260162604
799.7593183739838 326.06291252032526
839.1731616260162 332.16928260162604
854.716649105691 339.3859017886179
853.6064 368.2523785365854
854.1615245528454 390.45736065040654
893.107824390244 376.57924682926824
884.2258315447156 348.8230191869918
930.3011694308944 359.37038569105687
889.2219525203253 427.09558113821134
