4.720779220779235 13.405844155844136
47.577922077922096 5.613636363636374
44.16883116883119 21.19805194805195
31.506493506493545 20.22402597402595
22.25324675324677 43.113636363636374
36.8636363636364 68.4383116883117
21.766233766233796 87.43181818181819
5.6948051948052125 82.07467532467534
42.220779220779235 111.29545454545456
46.60389610389612 102.04220779220779
33.94155844155847 114.21753246753246
28.09740259740264 136.13311688311688
46.116883116883145 154.6396103896104
12.025974025974051 163.40584415584416
21.766233766233796 182.88636363636363
27.61038961038963 206.26298701298705
35.889610389610425 213.5681818181818
55.8571428571429 181.91233766233768
58.7792207792208 166.81493506493507
69.98051948051952 140.51623376623377
82.64285714285717 99.60714285714286
87.51298701298703 69.89935064935065
63.16233766233768 52.85389610389612
72.90259740259742 33.86038961038963
61.701298701298725 40.678571428571445
96.7662337662338 22.172077922077904
87.51298701298703 6.587662337662323
83.61688311688314 27.529220779220793
105.04545454545459 38.243506493506516
125.50000000000003 30.93831168831167
120.62987012987017 3.1785714285714444
141.57142857142858 15.35389610389609
156.6688311688312 5.613636363636374
163.97402597402598 23.633116883116884
183.94155844155844 13.405844155844136
206.83116883116887 15.84090909090912
201.961038961039 28.99025974025972
219.00649350649348 1.7175324675324646
245.79220779220776 8.535714285714278
259.42857142857144 9.022727272727252
268.68181818181824 7.561688311688329
50.500000000000036 69.89935064935065
127.44805194805198 46.03571428571427
107.9675324675325 65.51623376623377
115.27272727272727 73.30844155844156
132.31818181818184 59.67207792207793
144.49350649350654 37.26948051948051
100.17532467532467 128.82792207792207
78.25974025974028 169.25
83.61688311688314 182.88636363636363
63.64935064935068 198.47077922077924
5.6948051948052125 204.31493506493507
16.89610389610391 220.38636363636363
58.29220779220782 234.99675324675326
78.25974025974028 231.58766233766235
99.20129870129873 213.08116883116887
106.50649350649351 204.31493506493507
94.33116883116887 252.04220779220782
122.57792207792212 271.0357142857143
153.7467532467533 280.288961038961
183.94155844155844 292.4642857142857
183.45454545454547 246.19805194805195
162.02597402597402 249.1201298701299
137.1883116883117 228.17857142857144
119.16883116883118 227.20454545454547
121.60389610389612 210.1590909090909
159.5909090909091 211.13311688311688
205.8571428571429 205.28896103896105
170.7922077922078 191.6525974025974
165.92207792207793 177.5292207792208
186.37662337662343 166.81493506493507
177.61038961038966 147.33441558441558
159.5909090909091 136.6201298701299
151.79870129870133 122.98376623376623
165.43506493506496 114.70454545454544
170.30519480519482 101.55519480519482
150.33766233766235 86.94480519480521
167.3831168831169 70.87337662337663
166.4090909090909 60.6461038961039
167.8701298701299 51.87987012987014
178.09740259740263 40.678571428571445
174.6883116883117 32.886363636363626
184.91558441558445 56.75
200.01298701298705 44.08766233766232
211.21428571428578 45.061688311688336
210.24025974025975 34.347402597402606
237.51298701298708 35.80844155844159
215.11038961038966 62.10714285714286
193.68181818181822 82.56168831168833
200.01298701298705 140.51623376623377
215.11038961038966 121.52272727272728
231.6688311688312 92.78896103896105
236.53896103896105 71.36038961038963
251.63636363636368 39.217532467532465
254.5584415584416 47.009740259740255
262.8376623376623 24.12012987012986
276.961038961039 27.04220779220782
270.1428571428571 61.62012987012986
294.98051948051955 39.217532467532465
260.8896103896104 98.14610389610391
251.63636363636368 79.15259740259741
255.53246753246756 121.03571428571428
247.74025974025975 295.3863636363636
306.66883116883116 221.3603896103896
297.4155844155845 204.31493506493507
297.4155844155845 173.63311688311688
309.1038961038961 163.40584415584416
293.51948051948057 152.20454545454547
305.6948051948052 131.26298701298703
286.7012987012987 116.65259740259741
278.9090909090909 100.58116883116884
287.67532467532465 79.15259740259741
296.92857142857144 70.38636363636363
300.82467532467535 56.75
303.2597402597403 5.1266233766233995
313.97402597402595 20.22402597402595
319.33116883116884 5.1266233766233995
347.57792207792204 15.35389610389609
360.72727272727275 13.892857142857169
388.97402597402595 24.60714285714289
365.1103896103896 27.04220779220782
337.3506493506494 41.652597402597394
337.3506493506494 57.237012987012974
321.76623376623377 67.46428571428572
307.6428571428571 41.652597402597394
303.7467532467533 76.71753246753246
308.6168831168832 88.40584415584416
321.76623376623377 107.39935064935065
335.8896103896104 96.19805194805195
363.1623376623377 73.30844155844156
389.461038961039 65.51623376623377
365.5974025974026 97.6590909090909
339.78571428571433 128.82792207792207
344.16883116883116 139.5422077922078
397.2532467532468 120.06168831168833
359.26623376623377 179.47727272727272
386.538961038961 211.6201298701299
390.43506493506493 202.36688311688312
359.26623376623377 253.99025974025972
365.1103896103896 244.737012987013
370.33016983016984 42.6078921078921
377.522977022977 37.013486513486555
