78.19133734546851 679.6236103287779
48.70819127805278 576.073048531025
102.64077554771572 543.7134979692273
76.03403397468199 538.6797901040588
76.75313509827753 516.3876552725981
60.9329103791764 525.0168687557441
30.730663188165135 533.6460822388902
11.314932851086503 503.443835047879
18.505944087041552 494.81462156473293
6.281224985917972 480.4325990928228
26.416056446592137 491.21911594675544
38.64077554771572 471.80338560967675
47.98909015445729 476.1179923512498
43.67448341288425 489.78091369956445
58.05650588479435 493.37641931754195
68.12392161513145 499.84832942990147
13.741899143221362 420.8370934748453
20.034033974682036 421.1966440366431
24.887966558951693 420.6573181939464
33.51718004209777 427.6685541490026
20.75313509827754 430.90450920518236
26.865494648839338 438.9943968456318
39.62953959265956 433.96068898046326
47.180101390412375 433.0618125759689
13.382348581423605 435.758441789452
7.090213749962931 463.80338560967675
13.562123862322489 466.6797901040587
20.21380925558091 467.758441789452
26.146393525243834 457.15170021641836
14.461000266816864 457.5112507782161
19.135157570187648 454.9943968456318
15.35987667131125 451.57866650855317
4.213809255580909 453.91574516023854
34.23628116569327 448.16293617147454
25.067741839850576 447.80338560967675
35.4947081319854 460.02810471080033
41.966618244344964 464.5224867332723
61.562123862322494 416.88203729507
58.146393525243845 418.85956538495765
68.75313509827754 416.5224867332723
44.48347217692922 457.6910260591149
79.80931487355846 446.45507100293514
57.87673060389553 430.63484628383395
50.685719367940486 426.320239542261
68.39358453647979 451.0393406658564
76.48347217692924 450.140464261362
82.7756070083899 450.140464261362
86.55088790726631 448.8820372950699
64.61830363760338 448.8820372950699
74.14639352524384 476.0281047108002
72.70819127805282 465.42136313776655
80.25875307580563 459.8483294299014
74.14639352524384 455.17417212653055
72.34864071625508 446.36518336248565
91.76437105333372 461.4663069579912
96.43852835670451 469.5561945984407
88.52841599715394 484.4775429130474
106.32616880614272 480.702262014171
104.52841599715394 494.18540808158673
90.14639352524384 494.18540808158673
76.84302273872699 489.5112507782159
72.52841599715394 484.4775429130474
68.75313509827754 496.88203729506984
59.764371053333726 482.85956538495753
98.59583172749103 434.85956538495753
89.06774183985058 435.57866650855306
107.2250452106371 434.140464261362
113.3374047611989 435.57866650855306
122.14639352524384 434.67979010405867
125.74189914322136 434.67979010405867
109.74189914322137 461.4663069579912
104.6183036376034 453.1067563961935
100.66324745782815 450.58990246360923
99.94414633423261 454.5449586433846
101.0227980196259 531.4887788681036
93.47223622187309 504.88203729506984
135.1801013904124 518.5449586433846
168.61830363760345 512.4325990928227
185.51718004209783 520.7022620141711
225.06774183985064 522.8595653849575
253.47223622187312 500.92698111529467
241.2475171207495 498.41012718271037
213.92167442412028 508.4775429130474
186.95538228928882 487.98316089057556
203.85425869378324 489.06181257596876
154.95538228928882 502.00563280068786
131.58459577243488 495.5337226883283
149.9216744241203 493.01686875574404
170.41605644659222 487.98316089057556
157.4722362218731 483.30900358720476
126.55088790726633 487.26405976698004
118.64077554771579 480.79214965462046
123.67448341288433 464.6123743737216
139.13515757018772 465.69102605911485
147.76437105333378 475.3988912276542
213.2025733005248 484.0281047108002
240.16886543535628 479.3539474074295
208.88796655895177 475.0393406658564
246.64077554771583 539.3988912276542
130.77560700838993 430.5449586433846
148.93291037917643 429.82585751978905
155.404820491536 435.57866650855306
130.41605644659217 434.85956538495753
109.92167442412025 453.19664403664297
114.95538228928879 456.25282381192386
91.76437105333375 453.73596987933956
95.53965195221016 449.7809136995643
82.41605644659217 454.45507100293503
130.2362811656933 451.93821707035085
121.42729240164834 449.7809136995643
120.52841599715399 453.9157451602385
144.7980789185023 432.702262014171
138.14639352524387 436.11799235124965
134.91043846906408 453.73596987933956
149.29246094097422 451.0393406658564
153.966618244345 451.2191159467553
162.59583172749103 437.19664403664297
160.0789777949068 451.57866650855306
165.11268566007533 452.4775429130474
174.8205508286146 432.5224867332722
169.966618244345 432.16293617147437
180.75313509827757 433.6011384186654
187.22504521063712 434.32023954226094
200.1688654353562 433.9606889804632
205.0227980196259 433.6011384186654
193.87673060389554 435.57866650855306
189.7418991432214 436.2977676321486
189.7418991432214 436.2977676321486
167.98909015445733 453.55619459844075
174.46100026681688 452.2977676321486
183.26998903086184 452.2977676321486
184.52841599715399 449.06181257596876
182.7306631881652 456.07304853102494
175.8992025140079 456.25282381192386
170.14639352524387 459.8483294299014
185.7868429634461 467.57866650855306
170.86549464883936 469.5561945984407
160.7980789185023 476.5674305534969
167.98909015445733 477.4663069579912
169.966618244345 484.4775429130475
188.3036968960304 483.57866650855306
201.24751712074948 464.3427114523733
190.8205508286146 459.30900358720476
174.8205508286146 463.0842844860811
190.7306631881651 554.1404642613621
190.7306631881651 590.0955204411374
207.98909015445724 662.0056328006879
208.1688654353562 435.6685541490025
212.84302273872697 436.0281047108002
199.89920251400787 455.80338560967664
204.9329103791764 457.6011384186654
207.0902137499629 446.8146215647328
212.84302273872697 446.0955204411373
211.04526992973817 455.80338560967664
196.66324745782808 451.8483294299014
207.8093148735584 461.19664403664297
211.7643710533337 462.99439684563174
213.92167442412023 469.4663069579912
222.19133734546855 470.5449586433846
232.9778541994011 462.63484628383395
230.46100026681682 456.8820372950699
227.2250452106371 453.64608223889013
226.86549464883933 449.3314754973171
218.95538228928874 456.8820372950699
228.6632474578281 466.949453025407
243.7643710533337 462.63484628383395
249.15762948030002 465.15170021641825
241.96661824434491 443.57866650855306
92.75313509827748 517.2865316770924
207.5396519522101 453.01686875574404
198.19133734546855 452.4775429130474
223.18010139041237 432.5224867332721
219.2250452106371 437.9157451602384
228.39358453647978 433.42136313776655
237.3823485814236 432.8820372950699
233.06774183985056 435.7584417894519
242.41605644659214 435.3988912276542
239.00032610951345 436.6573181939463
233.06774183985056 445.6460822388901
254.64077554771572 435.0393406658564
256.07897779490673 445.4663069579912
256.79807891850226 437.1966440366429
248.8879665589517 458.9494530254069
257.1576294803 467.578666508553
254.64077554771572 481.9606889804632
271.0003261095135 436.6573181939463
272.07897779490673 431.6236103287777
270.6407755477157 463.44383504787885
255.00032610951345 472.6123743737216
255.00032610951345 456.79214965462046
261.11268566007533 456.79214965462046
258.23628116569324 460.92698111529455
263.2699890308618 466.50001482315974
280.16886543535617 436.8370934748452
283.0452699297382 431.98316089057556
286.10144970501915 437.9157451602384
287.89920251400787 434.140464261362
291.67448341288423 435.7584417894519
265.60706768254715 450.67979010405867
246.73066318816515 470.27529572203616
232.16886543535617 450.85956538495753
267.5845957724348 455.3539474074295
280.52841599715396 457.1517002164182
275.3149328510865 454.27529572203616
271.53965195221014 452.4775429130474
283.7643710533337 445.6460822388901
271.18010139041235 471.17417212653055
271.0003261095135 474.23035190181145
283.22504521063706 469.55619459844064
284.843022738727 474.5899024636092
283.5845957724348 461.2865316770924
293.65201150277187 468.8370934748452
293.1126856600753 464.16293617147437
294.7306631881652 455.5337226883283
290.595831727491 452.4775429130474
297.06774183985056 450.85956538495753
301.0227980196258 451.578666508553
303.53965195221014 449.9606889804632
306.7756070083899 448.702262014171
310.91043846906405 450.3202395422609
301.5621238623225 467.578666508553
308.5733598173787 465.06181257596876
314.86549464883933 469.1966440366429
322.7756070083899 482.67979010405867
299.04526992973814 485.9157451602384
290.0565058847943 485.1966440366429
282.3261688061427 486.63484628383395
270.28122498591796 482.67979010405867
283.9441463342326 497.60113841866536
311.44976431176065 477.4663069579912
317.2025733005247 462.36518336248565
325.47223622187306 450.85956538495753
328.16886543535617 460.92698111529455
323.85425869378315 463.26405976698
314.6857193679404 450.67979010405867
310.7306631881652 433.7809136995643
302.8205508286146 435.3988912276542
295.6295395926595 436.11799235124965
331.7643710533337 434.3202395422609
295.6295395926595 494.18540808158673
330.5059440870416 496.702262014171
330.4160564465921 507.578666508553
319.62953959265957 530.5899024636093
311.0003261095135 563.6685541490024
293.0227980196258 540.6573181939464
359.89920251400787 540.6573181939464
382.1913373454685 570.140464261362
425.33740476119885 609.6910260591148
497.96661824434494 586.6797901040587
449.0677418398505 555.0393406658563
515.2250452106371 533.4663069579913
514.5059440870416 520.5224867332721
454.8205508286146 516.9269811152946
426.0565058847943 528.4325990928227
364.2138092555809 519.0842844860811
345.5171800420978 505.42136313776655
415.2699890308618 508.2977676321485
393.6969553229966 496.79214965462046
374.28122498591796 496.79214965462046
352.70819127805277 493.1966440366429
341.9216744241202 480.2528238119238
494.3711126263674 514.0505766209126
509.47223622187306 492.4775429130474
483.5845957724348 493.1966440366429
495.09021374996297 488.16293617147437
445.47223622187306 493.9157451602384
458.41605644659217 488.16293617147437
426.0565058847943 496.79214965462046
413.1126856600753 491.03934066585634
387.9441463342326 480.97192493551927
382.91043846906405 473.78091369956434
361.33740476119885 480.2528238119238
306.4160564465922 453.19664403664285
333.92167442412034 450.8595653849574
331.5845957724349 454.0955204411372
334.8205508286147 458.4101271827102
338.23628116569336 454.0955204411372
337.1576294803001 444.38765527259784
338.9553822892889 435.0393406658563
347.40482049153604 469.7359698793395
355.6744834128844 470.455071002935
342.19133734546864 466.6797901040585
350.1014497050192 441.8708013400136
349.02279801962595 437.37641931754166
343.26998903086195 438.0955204411372
354.0565058847945 433.06181257596864
358.55088790726643 433.4213631377664
362.32616880614285 435.398891227654
370.2362811656934 436.2977676321484
379.9441463342327 431.084284486081
393.2475171207496 423.53372268832817
322.5958317274911 421.7359698793394
316.6632474578282 421.7359698793394
395.22504521063723 434.8595653849574
384.61830363760356 465.42136313776643
392.16886543535634 462.90450920518214
393.96661824434517 447.8033856096765
384.97785419940124 449.96068898046303
377.2475171207496 450.5000148231597
363.0452699297383 462.00563280068775
372.5733598173788 458.76967774450793
361.2475171207496 455.89327325012596
348.3036968960305 450.6797901040585
342.19133734546864 453.01686875574393
338.59583172749115 450.32023954226077
355.31493285108667 450.8595653849574
353.69695532299676 453.19664403664285
349.2025733005249 455.71349796922703
351.89920251400804 460.9269811152945
344.8879665589518 458.05057662091247
345.96661824434506 452.83709347484506
368.4385283567047 455.89327325012596
360.52841599715407 453.37641931754166
378.32616880614285 454.455071002935
379.9441463342327 463.4438350478788
384.61830363760356 460.0281047108001
381.5621238623226 457.15170021641813
392.52841599715407 455.3539474074293
396.1239216151316 453.37641931754166
356.9329103791765 458.76967774450793
366.64077554771586 472.2528238119237
398.461000266817 437.016868755744
402.41605644659234 437.7359698793395
410.3261688061429 435.75844178945187
417.15762948030016 433.96068898046303
416.4385283567047 438.09552044113724
421.4722362218732 437.016868755744
423.98909015445753 437.016868755744
435.3149328510867 438.27529572203605
434.5958317274912 434.5000148231597
449.15762948030016 437.5561945984406
457.6070676825473 433.96068898046303
462.461000266817 438.9943968456316
398.10144970501926 447.8033856096765
400.4385283567047 444.9269811152945
402.41605644659234 446.5449586433844
403.67448341288446 449.96068898046303
398.6407755477159 450.14046426136196
404.39358453648 455.89327325012596
410.68571936794064 455.1741721265305
410.146393525244 449.6011384186653
399.8992025140081 471.89327325012596
405.29246094097437 468.1179923512496
411.9441463342328 467.03934066585634
415.1801013904125 472.6123743737215
407.0902137499631 479.8033856096765
425.96661824434517 477.1067563961934
437.6520115027721 475.3090035872046
437.6520115027721 483.57866650855294
446.10144970501926 475.1292283063058
451.3149328510867 478.0056328006878
469.29246094097437 481.0618125759687
460.84302273872714 473.331475497317
469.6520115027721 474.0505766209125
478.2812249859182 474.769677744508
475.2250452106373 467.57866650855294
468.57335981737884 467.57866650855294
458.68571936794064 459.3090035872046
456.708191278053 456.6123743737215
439.0902137499631 452.83709347484506
413.74189914322153 461.6460822388901
417.5171800420979 459.66855414900243
420.39358453648 457.51125077821587
434.2362811656934 449.6011384186653
415.8992025140081 451.3988912276541
424.34864071625526 448.8820372950698
420.9329103791765 448.8820372950698
437.11268566007544 444.02810471080016
445.3823485814238 445.8258575197889
449.5171800420979 446.7247339242833
431.35987667131144 447.08428448608106
440.16886543535634 446.36518336248554
448.0789777949069 454.9943968456316
459.58459577243497 448.70226201417097
466.05650588479455 449.6011384186653
472.5284159971542 449.6011384186653
477.20257330052493 435.21911594675515
478.6407755477159 435.75844178945187
455.62953959265974 460.3876552725979
451.49470813198553 459.1292283063058
420.7531350982777 454.27529572203605
431.7194272331092 454.63484628383384
429.022798019626 451.21911594675515
460.48347217692935 464.70226201417097
402.1463935252438 677.825857519789
550.2812249859179 646.1854080815867
580.4834721769292 666.320239542261
636.5733598173784 580.0281047108003
567.5396519522102 574.2752957220362
548.843022738727 523.9382170703508
599.1801013904122 544.073048531025
483.674483412884 437.3764193175417
487.989090154457 438.27529572203616
486.7306631881649 435.3988912276542
492.8430227387267 435.3988912276542
497.8767306038953 436.8370934748452
505.96661824434466 435.21911594675527
500.75313509827726 437.9157451602384
508.8430227387267 435.578666508553
512.4385283567042 437.016868755744
523.2250452106368 436.8370934748452
481.15762948029976 444.02810471080016
495.7194272331087 474.41012718271026
502.7306631881649 472.07304853102494
491.94414633423236 465.42136313776655
487.09021374996263 462.18540808158673
481.15762948029976 468.2977676321485
480.6183036376031 481.7809136995643
477.92167442412 447.4438350478789
480.4385283567042 447.98316089057545
486.55088790726603 446.9045092051822
491.76437105333343 449.0618125759687
494.46100026681654 451.21911594675527
488.70819127805254 455.35394740742936
482.0565058847941 455.893273250126
498.0565058847941 454.9943968456316
501.2924609409739 456.79214965462046
502.9104384690638 466.3202395422609
499.31493285108627 462.9045092051822
509.92167442412 460.5674305534968
517.112685660075 461.6460822388901
516.2138092555806 477.6460822388901
499.31493285108627 481.7809136995643
507.22504521063684 481.42136313776655
512.6183036376032 449.42136313776655
509.2025733005245 453.3764193175417
503.44976431176036 453.3764193175417
501.2924609409739 450.3202395422609
500.3935845364795 448.3427114523732
522.1463935252435 461.6460822388901
522.1463935252435 453.016868755744
516.7531350982772 454.6348462838339
529.3374047611986 452.8370934748452
527.8992025140076 456.07304853102494
533.8317867836705 453.016868755744
525.7418991432211 449.9606889804631
528.6183036376032 467.3988912276542
534.7306631881648 461.6460822388901
536.5284159971537 457.1517002164182
515.674483412884 487.17417212653055
521.2475171207492 485.9157451602384
527.8992025140076 486.6348462838339
529.3374047611986 478.36518336248554
523.7643710533334 475.48877886810357
539.7643710533334 466.140464261362
545.1576294802998 486.9943968456316
526.4610002668165 437.016868755744
515.1351575701873 437.7359698793395
519.8093148735582 436.4775429130474
532.5733598173784 435.21911594675527
539.045269929738 436.4775429130474
534.0115620645694 442.41012718271026
537.7868429634458 450.3202395422609
542.6407755477155 451.578666508553
541.5621238623222 448.70226201417097
544.9778541994009 447.08428448608106
549.2924609409739 436.11799235124965
545.6969553229964 435.21911594675527
547.3149328510863 454.6348462838339
552.5284159971537 454.0955204411373
557.2025733005245 453.55619459844064
540.483472176929 457.5112507782159
553.2475171207492 468.2977676321485
552.3486407162547 459.48877886810357
737.2475171207493 641.8708013400137
905.5171800420976 571.3988912276542
994.6857193679404 531.1292283063059
914.1463935252436 641.8708013400137
659.5845957724349 557.0168687557441
709.9216744241202 565.6460822388901
747.3149328510864 558.4550710029351
796.2138092555808 551.26405976698
770.3261688061426 549.8258575197891
691.225045210637 546.949453025407
581.9216744241202 555.578666508553
950.1014497050189 554.1404642613621
849.4272924016482 558.4550710029351
846.5508879072662 538.320239542261
565.92167442412 487.44383504787885
556.9329103791762 507.93821707035085
570.2362811656931 503.98316089057556
556.9329103791762 516.2078799916992
575.2699890308617 467.30900358720476
580.3036968960303 470.5449586433846
582.1014497050189 478.0955204411373
589.6520115027718 468.74720583439574
595.4048204915358 470.5449586433846
601.1576294802999 476.2977676321486
591.8093148735583 480.25282381192386
599.3598766713111 494.9943968456317
605.8317867836706 488.88203729506995
622.3711126263673 513.3314754973171
639.9890901544572 519.0842844860812
614.1014497050189 507.2191159467553
623.0902137499628 494.63484628383395
625.2475171207493 485.2865316770924
597.2025733005246 485.2865316770924
649.3374047611987 507.2191159467553
662.2812249859179 513.3314754973171
671.6295395926595 527.3539474074295
701.1126856600752 530.949453025407
691.7643710533337 533.1067563961935
734.910438469064 522.320239542261
752.1688654353562 529.8708013400137
724.843022738727 512.2528238119239
735.2699890308617 507.93821707035085
755.7643710533337 503.26405976698004
773.7418991432213 504.702262014171
778.7756070083899 522.320239542261
742.8205508286146 492.83709347484523
750.3711126263673 492.11799235124965
765.472236221873 489.6011384186654
783.8093148735585 491.3988912276542
780.5733598173786 483.8483294299014
775.8992025140079 476.6573181939463
762.9553822892888 479.1741721265306
749.2924609409743 483.1292283063059
734.5508879072662 478.0955204411373
719.4497643117605 491.758441789452
711.1801013904122 493.9157451602385
700.0340339746821 494.2752957220362
692.4834721769291 498.2303519018115
676.3036968960303 505.42136313776655
682.7756070083898 499.30900358720476
658.6857193679404 494.9943968456317
677.7418991432213 488.88203729506995
675.9441463342325 479.5337226883284
688.1688654353561 487.44383504787885
696.0789777949068 484.92698111529467
702.1913373454686 477.01686875574404
707.5845957724348 482.41012718271037
632.7980789185021 495.3539474074295
642.8654946488392 490.32023954226094
629.9216744241202 481.3314754973171
637.1126856600753 478.8146215647328
623.0902137499628 479.89327325012613
614.8205508286145 476.6573181939463
610.5059440870414 473.06181257596876
603.6744834128841 470.5449586433846
608.348640716255 461.9157451602385
615.5396519522101 466.58990246360923
620.2138092555807 468.74720583439574
634.2362811656932 466.949453025407
630.2812249859179 469.82585751978905
642.1463935252436 471.26405976698004
657.9666182443449 473.06181257596876
663.3598766713111 467.30900358720476
668.7531350982774 477.01686875574404
686.7306631881651 474.85956538495753
697.5171800420977 469.1067563961935
693.2025733005246 463.7134979692272
684.2138092555808 466.23035190181145
684.5733598173786 460.4775429130474
679.8992025140078 464.79214965462046
676.3036968960303 471.98316089057556
668.7531350982774 461.19664403664297
656.5284159971538 465.5112507782159
653.6520115027718 459.0393406658564
638.9104384690639 459.0393406658564
601.8767306038955 457.9606889804632
583.53965195221 452.92698111529455
494.3711126263672 526.9943968456317
563.1351575701875 435.93821707035085
559.7194272331088 436.2977676321486
553.607067682547 437.01686875574404
607.7194272331088 434.85956538495753
597.292460940974 435.93821707035085
599.0902137499628 436.6573181939463
586.3261688061426 437.9157451602385
576.7980789185021 437.9157451602385
575.3598766713111 433.7809136995643
569.9666182443449 438.2752957220362
580.7531350982774 437.01686875574404
582.9104384690638 436.6573181939463
585.607067682547 434.50001482315986
593.8767306038953 442.0505766209126
589.9216744241202 436.2977676321486
590.6407755477156 445.1067563961935
583.2699890308617 446.00563280068786
573.3823485814235 449.7809136995643
557.92167442412 446.00563280068786
566.7306631881651 449.9606889804632
563.6744834128841 452.6573181939463
591.0003261095134 452.11799235124965
595.6744834128841 458.7696777445081
619.7643710533335 459.30900358720476
617.4272924016482 455.5337226883284
609.8767306038953 455.3539474074295
613.4722362218729 453.37641931754183
617.7868429634459 449.7809136995643
623.53965195221 452.8370934748452
624.7980789185021 455.89327325012613
567.8093148735583 457.69102605911485
560.7980789185021 460.0281047108002
650.1463935252436 437.19664403664297
636.483472176929 435.93821707035085
649.2475171207493 454.63484628383395
644.3935845364797 454.8146215647328
635.9441463342325 453.9157451602385
640.0789777949066 452.4775429130474
604.663247457828 453.55619459844075
601.9666182443449 447.98316089057556
623.7194272331088 449.9606889804632
646.3711126263673 461.64608223889013
737.2475171207493 460.6573181939464
672.7980789185021 453.37641931754183
668.8430227387269 454.0955204411373
657.3374047611987 455.3539474074295
662.7306631881651 449.6011384186654
662.3711126263673 459.4887788681037
660.3935845364797 454.45507100293514
664.5284159971538 454.0955204411373
678.1913373454685 452.4775429130475
683.7643710533337 453.73596987933956
679.9890901544572 454.99439684563174
675.1351575701875 460.5674305534969
692.2138092555809 450.32023954226094
696.8879665589515 449.6011384186654
692.5733598173786 454.2752957220362
697.786842963446 453.19664403664297
708.3935845364797 456.25282381192386
706.2362811656931 452.83709347484523
701.2025733005246 452.83709347484523
712.7081912780527 450.32023954226094
717.0227980196258 449.42136313776655
735.719427233109 449.9606889804632
721.8767306038955 454.63484628383395
722.7756070083898 444.0281047108002
727.4497643117605 435.2191159467553
732.8430227387269 438.63484628383395
724.9329103791764 451.7584417894519
734.8205508286146 457.87080134001377
731.9441463342325 460.387655272598
727.4497643117605 456.25282381192386
728.5284159971538 454.2752957220362
728.8879665589515 452.4775429130475
726.5508879072662 450.32023954226094
720.2587530758055 450.50001482315986
715.4048204915358 454.63484628383395
709.1126856600752 453.73596987933956
692.2138092555809 459.1292283063059
739.8542586937831 454.45507100293514
742.910438469064 469.9157451602385
735.53965195221 465.42136313776655
742.910438469064 455.5337226883284
755.4947081319854 476.38765527259807
754.2362811656932 469.5561945984407
750.1014497050191 464.702262014171
760.1688654353562 453.7359698793396
740.0340339746821 462.00563280068786
766.8205508286146 461.1067563961936
766.2812249859179 454.0955204411374
743.0902137499629 443.4887788681037
763.5845957724348 443.4887788681037
772.5733598173786 442.76967774450816
777.786842963446 442.0505766209126
784.9778541994011 445.2865316770924
797.2025733005248 444.5674305534969
804.7531350982775 442.2303519018115
811.225045210637 442.4101271827104
822.1913373454686 444.5674305534969
761.2475171207495 470.2752957220362
778.6857193679405 464.1629361714744
777.966618244345 470.45507100293514
790.0115620645697 473.51125077821604
793.2475171207495 468.2977676321486
792.5284159971538 462.00563280068786
801.6969553229966 462.00563280068786
807.4497643117606 463.26405976698004
804.7531350982775 482.14046426136207
808.348640716255 493.1067563961936
823.0902137499628 484.83709347484523
835.1351575701875 477.82585751978905
827.5845957724348 496.1629361714744
791.9890901544574 497.4213631377666
783.3598766713112 461.64608223889013
781.9216744241203 457.87080134001377
773.1126856600752 460.0281047108002
775.0902137499628 455.3539474074295
772.0340339746821 453.7359698793396
769.6969553229966 452.2977676321486
757.2924609409743 457.3314754973171
751.719427233109 454.99439684563174
745.6070676825472 457.15170021641825
777.786842963446 450.67979010405867
782.1014497050191 451.57866650855306
778.5059440870415 454.63484628383395
786.0565058847944 452.83709347484523
785.3374047611989 455.71349796922726
787.8542586937832 460.38765527259807
789.6520115027719 458.4101271827104
789.6520115027719 452.2977676321486
793.6070676825472 453.37641931754183
796.4834721769291 455.89327325012613
799.0003261095135 458.4101271827104
796.1239216151315 460.0281047108002
800.0789777949068 451.2191159467553
812.843022738727 456.07304853102505
807.6295395926595 451.93821707035085
805.472236221873 455.3539474074295
814.8205508286146 454.0955204411374
818.416056446592 460.0281047108002
816.6183036376034 452.1179923512497
829.9216744241203 455.89327325012613
837.8317867836707 467.39889122765425
831.3598766713112 466.50001482315986
818.7756070083899 468.6573181939463
795.4048204915359 482.50001482315986
819.6744834128842 453.19664403664297
827.225045210637 444.7472058343958
818.7756070083899 444.0281047108002
832.4385283567044 444.0281047108002
837.1126856600752 441.51125077821604
839.0902137499628 439.5337226883284
841.786842963446 441.51125077821604
841.786842963446 444.5674305534969
839.6295395926595 443.4887788681037
844.6632474578281 441.6910260591149
848.9778541994011 438.99439684563174
856.1688654353562 442.76967774450816
860.4834721769291 444.38765527259807
856.5284159971538 440.7921496546205
864.7980789185023 441.51125077821604
863.1801013904122 442.0505766209126
859.9441463342326 441.3314754973171
860.3036968960303 451.57866650855306
856.8879665589517 460.0281047108002
864.6183036376034 457.15170021641825
861.0227980196258 466.14046426136207
822.7306631881652 460.0281047108002
818.7756070083899 454.99439684563174
874.7756070083899 437.4663069579912
867.9441463342326 442.50001482315974
886.2812249859181 458.67979010405867
882.77560700839 441.3314754973171
887.090213749963 442.23035190181145
891.0452699297383 441.5112507782159
894.6407755477159 441.3314754973171
898.9553822892889 442.23035190181145
905.4272924016485 442.7696777445081
910.4610002668169 440.97192493551927
920.3486407162552 444.387655272598
923.9441463342326 442.5899024636092
915.8542586937832 443.84832942990136
919.8093148735585 440.97192493551927
927.0003261095136 440.61237437372154
943.7194272331091 438.8146215647328
941.9216744241204 436.6573181939463
934.1913373454687 437.55619459844064
937.0677418398507 438.0955204411373
934.7306631881653 440.07304853102494
963.6744834128843 436.2977676321485
921.9666182443451 447.26405976698
932.7531350982777 443.48877886810357
943.1801013904125 443.12922830630583
899.8542586937832 484.8370934748452
909.9216744241204 482.67979010405867
918.7306631881653 480.3427114523732
922.6857193679406 493.2865316770924
927.3598766713114 489.5112507782159
933.1126856600754 493.1067563961935
945.6969553229967 490.0505766209126
957.9216744241204 493.2865316770924
962.0565058847945 481.7809136995643
963.6744834128843 473.1517002164182
969.7868429634461 470.9943968456316
977.6969553229967 477.4663069579912
977.6969553229967 483.7584417894519
953.9666182443451 480.16293617147437
957.2025733005248 474.7696777445081
942.1014497050193 476.92698111529455
947.3149328510867 474.9494530254069
953.4272924016485 469.73596987933956
934.1913373454687 481.60113841866536
922.6857193679406 474.23035190181145
911.0003261095136 475.12922830630583
916.9329103791765 475.3090035872047
906.6857193679406 470.6348462838339
909.7418991432214 465.42136313776655
917.1126856600754 464.3427114523732
911.0003261095136 461.825857519789
923.9441463342326 462.18540808158673
930.9553822892889 460.2078799916991
931.8542586937832 464.702262014171
934.1913373454687 468.6573181939463
939.9441463342326 468.4775429130474
943.1801013904125 461.4663069579912
945.6969553229967 458.9494530254069
954.5059440870416 459.66855414900243
953.4272924016485 455.17417212653055
958.4610002668169 466.50001482315974
947.3149328510867 464.702262014171
952.528415997154 466.140464261362
964.0340339746822 462.7247339242834
967.090213749963 458.9494530254069
970.5059440870416 465.42136313776655
973.3823485814238 459.3090035872047
972.6632474578282 452.65731819394625
979.3149328510867 461.825857519789
948.9329103791765 453.9157451602384
937.0677418398507 460.92698111529455
935.4497643117609 456.4325990928227
919.9890901544575 453.55619459844064
932.0340339746822 453.9157451602384
903.8093148735585 451.93821707035073
912.2587530758058 453.1966440366429
911.7194272331091 455.3539474074295
915.6744834128843 456.07304853102494
953.2475171207495 446.00563280068786
960.7980789185024 444.74720583439574
956.1239216151316 442.23035190181145
965.4722362218732 445.1067563961935
966.1913373454687 441.3314754973171
962.77560700839 442.23035190181145
976.9778541994012 444.74720583439574
968.1688654353563 442.23035190181145
982.7306631881653 444.387655272598
979.8542586937832 444.2078799916991
977.3374047611991 440.61237437372154
980.3935845364798 455.5337226883283
979.8542586937832 452.65731819394625
982.5508879072663 454.45507100293503
982.5508879072663 470.6348462838339
842.4160564465923 508.29776763214863
813.6520115027719 519.4438350478789
791.0003261095135 517.6460822388902
830.5508879072663 532.7472058343958
853.5621238623224 528.4325990928228
894.910438469064 544.9719249355194
923.3149328510865 525.196644036643
943.4497643117606 525.9157451602385
947.4048204915359 510.81462156473293
927.9890901544574 503.26405976698004
904.9778541994012 512.6123743737217
988.3935845364798 474.85956538495765
965.3823485814236 501.10675639619353
995.9441463342326 470.90450920518236
1000.2587530758055 468.02810471080033
1015.7194272331091 472.34271145237335
1017.8767306038956 486.005632800688
996.3036968960305 477.3764193175419
1000.2587530758055 485.28653167709246
1007.090213749963 483.48877886810374
991.3730063266551 444.9077916190178
1001.5050603602375 444.9077916190178
997.2389323460976 441.5304402744904
987.1068783125152 454.8620903186778
996.5279110104076 459.3059736667403
999.5497516870901 455.21760098652277
994.2170916694151 451.1292283063053
990.4842296570425 457.3506649935928
1007.5487417136026 443.66350428156034
976.9748242789327 436.7310462585829
986.75136764467 437.2643122603504
985.6848356411351 443.66350428156034
994.0393363354926 436.7310462585829
1007.726497047525 436.3755355907379
1002.038326362005 436.90880159250537
1009.859561054595 439.3973762674204
1013.4146677330449 436.7310462585829
1016.7920190775724 436.3755355907379
1014.1256890687349 453.9733136490653
1019.2805937524874 456.1063776561353
1005.0601670386876 455.21760098652277
1019.2805937524874 463.5721016808803
1015.0144657383474 446.1520789564754
1017.680795747185 444.01901494940535
1021.0581470917124 442.77472761194787
1023.1912110987823 445.2633022868628
1014.8367104044249 440.6416636048779
1017.3252850793399 439.2196209334979
1023.368966432705 436.7310462585829
1012.7036463973549 443.1302382797929
982.4852396305301 436.0200249228929
990.4842296570425 435.4867589211254
987.9956549821276 435.13124825328043
997.2389323460976 437.44206759427294
1001.6828156941601 479.2145710660601
