34.066433566433574 414.75924075924087
21.279220779220765 390.46353646353657
84.57592407592406 389.82417582417594
116.543956043956 387.906093906094
25.115384615384613 362.3316683316684
41.09940059940058 346.34765234765246
75.6248751248751 336.11788211788223
84.57592407592406 310.54345654345667
55.165334665334655 320.1338661338662
35.34515484515484 302.23176823176834
4.016483516483532 286.887112887113
61.55894105894103 285.6083916083917
15.52497502497502 311.82217782217793
51.96853146853147 274.7392607392608
23.19730269730269 268.34565434565445
7.852647352647352 247.24675324675334
31.508991008991018 251.72227772227777
162.57792207792204 377.67632367632376
124.85564435564433 364.889110889111
148.511988011988 329.08491508491517
218.84165834165822 353.38061938061946
225.8746253746253 418.5954045954047
202.21828171828164 423.0709290709292
274.46603396603393 381.5124875124876
287.89260739260726 414.75924075924087
314.74575424575414 401.97202797202806
332.0084915084914 378.3156843156844
411.92857142857133 346.34765234765246
422.15834165834156 420.5134865134866
392.74775224775215 398.1358641358642
373.56693306693296 407.7262737262738
346.7137862137861 419.874125874126
424.7157842157841 384.7092907092908
455.40509490509476 381.5124875124876
447.0934065934065 344.4295704295705
493.12737262737244 354.6593406593408
532.7677322677321 394.2997002997004
254.64585414585412 359.1348651348652
277.66283716283704 352.74125874125883
298.7617382617382 338.0359640359641
303.87662337662323 352.74125874125883
465.634865134865 421.7922077922079
516.1443556443555 423.0709290709292
575.6048951048949 420.5134865134866
564.7357642357641 365.52847152847164
606.9335664335663 362.3316683316684
624.1963036963035 385.34865134865146
563.4570429570427 332.921078921079
461.1593406593405 322.6913086913088
418.96153846153834 318.85514485514494
525.0954045954045 289.44455544455553
549.3911088911087 298.3956043956045
581.3591408591407 329.08491508491517
596.0644355644354 311.82217782217793
623.5569430569428 299.0349650349651
636.3441558441557 331.0029970029971
636.3441558441557 288.16583416583427
573.686813186813 269.6243756243757
553.2272727272725 278.5754245754247
519.3411588411587 258.1158841158842
482.25824175824164 279.2147852147853
455.40509490509476 297.75624375624386
424.0764235764235 283.05094905094916
398.5019980019979 276.0179820179821
364.615884115884 308.6253746253747
366.53396603396595 352.74125874125883
325.61488511488506 327.16683316683327
254.64585414585412 307.34665334665345
289.8106893106892 311.82217782217793
229.71078921078916 319.4945054945056
198.3821178821178 316.2977022977024
173.4470529470529 322.6913086913088
130.60989010989007 316.93706293706305
117.18331668331663 305.4285714285715
96.72377622377618 290.08391608391617
151.06943056943052 277.93606393606404
170.25024975024974 294.55944055944065
229.71078921078916 289.44455544455553
85.2152847152847 276.6573426573428
65.39510489510488 261.9520479520481
78.82167832167829 249.8041958041959
95.44505494505492 229.98401598401608
66.03446553446551 216.55744255744264
100.55994005994003 202.4915084915086
19.36113886113887 231.26273726273732
30.230269730269725 205.68831168831179
28.95154845154846 189.70429570429582
71.78871128871128 196.73726273726282
119.74075924075922 208.24575424575437
131.2492507492507 221.67232767232775
148.511988011988 229.98401598401608
141.47902097902093 247.24675324675334
112.70779220779215 248.52547452547464
133.1673326673326 264.5094905094906
181.7587412587412 265.14885114885124
188.7917082917082 243.41058941058955
217.562937062937 249.16483516483527
238.66183816183806 260.67332667332676
255.92457542457532 261.3126873126874
274.46603396603393 276.0179820179821
306.43406593406587 267.7062937062938
360.1403596403595 271.54245754245767
337.12337662337654 261.9520479520481
317.94255744255736 260.67332667332676
587.7527472527471 235.73826173826185
570.4900099900099 245.32867132867142
588.3921078921077 287.52647352647364
619.720779220779 245.96803196803205
600.5399600399599 242.77122877122886
573.0474525474524 221.03296703296712
541.0794205794205 228.0659340659342
521.8986013986013 233.82017982017993
488.0124875124874 224.22977022977034
467.55294705294693 224.86913086913097
496.32417582417565 249.16483516483527
436.22427572427557 231.902097902098
367.1733266733265 254.27972027972038
340.95954045954034 246.60739260739268
401.0594405594404 226.14785214785223
428.551948051948 219.75424575424586
475.8646353646352 214.00000000000009
504.63586413586404 210.16383616383627
546.1943056943055 205.68831168831179
562.8176823176822 207.60639360639368
578.8016983016981 190.34365634365645
592.2282717282716 190.34365634365645
602.4580419580418 194.81918081918093
637.622877122877 187.7862137862139
619.720779220779 199.93406593406604
631.8686313686312 151.34265734265745
615.8846153846152 144.30969030969038
597.3431568431566 153.90009990010003
570.4900099900099 140.4735264735266
584.5559440559439 141.75224775224785
605.0154845154843 121.2927072927074
576.2442557442556 173.72027972027982
587.1133866133864 169.2447552447553
624.1963036963035 125.76823176823189
631.8686313686312 128.9650349650351
603.0974025974024 101.47252747252753
576.2442557442556 120.01398601398613
555.7847152847152 137.916083916084
538.5219780219778 137.916083916084
537.2432567432566 153.26073926073934
528.9315684315683 169.884115884116
550.66983016983 161.57242757242767
556.4240759240757 180.11388611388622
544.9155844155842 178.83516483516493
528.2922077922076 192.901098901099
514.2262737262736 185.86813186813197
489.93056943056934 193.54045954045964
477.14335664335647 202.4915084915086
450.2902097902097 192.26173826173837
501.4390609390608 171.8021978021979
497.6028971028969 155.1788211788213
470.74975024975015 166.04795204795215
443.2572427572427 179.47452547452556
317.94255744255736 47.76623376623388
436.86363636363626 210.16383616383627
474.42607392607397 146.86713286713288
457.48301698301697 151.982017982018
402.1783216783217 193.54045954045955
409.85064935064935 199.2947052947053
423.5969030969031 205.36863136863138
389.07142857142856 204.72927072927075
383.3171828171828 219.11488511488514
352.9475524475524 223.59040959040962
326.4140859140859 192.2617382617383
357.1033966033966 169.56443556443557
375.6448551448551 180.43356643356645
386.1943056943057 164.12987012987014
358.70179820179817 150.06393606393607
347.8326673326673 137.91608391608392
377.56293706293707 138.87512487512487
397.06343656343654 144.94905094905096
424.55594405594405 158.37562437562437
433.18731268731267 141.1128871128871
448.2122877122877 140.47352647352648
442.13836163836163 119.6943056943057
419.44105894105894 110.1038961038961
469.9505494505495 111.7022977022977
482.41808191808195 128.3256743256743
496.48401598401597 112.34165834165834
497.76273726273723 136.63736263736263
519.5009990009991 137.2767232767233
528.1323676323676 123.21078921078922
605.495004995005 147.5064935064935
563.2972027972028 100.19380619380621
573.2072927072927 109.46453546453546
550.8296703296703 122.57142857142858
537.7227772227773 118.0959040959041
536.7637362637363 109.46453546453546
527.493006993007 108.50549450549451
620.8396603396603 99.23476523476523
582.7977022977024 102.75124875124874
595.9045954045954 80.69330669330668
596.8636363636364 93.48051948051949
585.6748251748252 94.75924075924075
436.7037962037962 105.30869130869131
422.3181818181818 92.84115884115886
403.1373626373626 120.01398601398601
390.3501498501498 129.60439560439562
367.65284715284713 105.30869130869131
385.55494505494505 112.34165834165834
361.8986013986014 117.77622377622377
335.0454545454545 161.25274725274727
346.55394605394605 186.1878121878122
338.561938061938 176.5974025974026
320.3401598401598 156.7772227772228
494.8856143856144 71.74225774225772
507.67282717282717 73.02097902097901
522.0584415584416 71.42257742257743
511.1893106893107 59.91408591408589
567.7727272727273 71.74225774225772
631.0694305694306 71.42257742257743
603.8966033966034 66.62737262737261
605.8146853146853 55.75824175824175
595.9045954045954 57.99600399600399
619.5609390609391 64.06993006993008
566.1743256743257 38.49550449550449
514.7057942057942 45.84815184815184
507.67282717282717 47.12687312687311
444.37612387612387 69.18481518481519
437.0234765234765 73.66033966033967
431.2692307692308 67.58641358641358
456.52397602397605 89.64435564435564
419.44105894105894 59.91408591408589
448.85164835164835 74.61938061938059
549.8706293706293 47.76623376623377
585.8346653346651 44.569430569430665
581.9985014985014 63.11088911088922
454.7657342657342 57.996003996004106
415.7647352647351 79.09490509490519
290.4500499500499 249.1648351648353
502.0784215784214 94.43956043956058
538.5219780219778 88.04595404595415
208.61188811188802 78.45554445554455
191.98851148851145 75.89810189810197
184.95554445554444 68.22577422577433
200.93956043956035 66.30769230769243
209.89060939060934 66.94705294705307
225.8746253746253 85.48851148851162
225.2352647352647 71.42257742257755
239.9405594405594 66.94705294705307
249.53096903096898 66.94705294705307
176.64385614385608 73.34065934065944
159.38111888111885 77.81618381618392
165.77472527472523 80.37362637362645
128.69180819180818 75.2587412587414
60.9195804195804 73.34065934065944
112.70779220779215 74.6193806193807
90.96953046953044 72.06193806193818
393.38711288711283 69.5044955044956
375.4850149850149 68.86513486513496
366.53396603396595 65.02897102897117
358.2222777222777 70.14385614385623
385.71478521478514 69.5044955044956
282.7777222777222 66.94705294705307
271.9085914085913 72.06193806193818
240.26023976023973 231.5824175824176
260.0804195804195 238.61538461538464
268.0724275724275 209.84415584415586
275.4250749250749 190.983016983017
293.00749250749243 212.40159840159842
307.39310689310685 221.03296703296704
277.02347652347646 232.22177822177824
311.22927072927064 199.93406593406596
300.36013986013984 185.22877122877125
216.60389610389603 213.68031968031968
186.8736263736263 221.992007992008
171.20929070929066 214.00000000000003
158.10239760239753 207.60639360639362
143.0774225774225 200.25374625374627
119.10139860139853 195.13886113886116
75.94455544455536 174.6793206793207
68.2722277722277 161.57242757242759
91.60889110889103 157.73626373626374
114.30619380619373 177.55644355644355
129.33116883116875 176.91708291708295
125.49500499500493 161.8921078921079
140.20029970029964 151.02297702297705
183.03746253746246 155.4985014985015
191.98851148851142 174.03996003996005
166.09440559440552 185.22877122877125
182.39810189810183 191.94205794205794
198.0624375624375 154.85914085914087
217.88261738261733 168.28571428571428
232.2682317682317 171.8021978021978
206.69380619380613 199.93406593406596
257.2032967032967 180.7532467532468
272.2282717282717 174.6793206793207
279.9005994005994 166.04795204795204
278.9415584415584 138.23576423576424
239.94055944055938 137.27672327672326
272.2282717282717 114.57942057942057
247.61288711288708 118.41558441558442
213.08741258741253 140.15384615384616
229.71078921078916 125.12887112887114
225.8746253746253 131.2027972027972
214.68581418581414 119.05494505494505
228.75174825174818 111.38261738261738
205.09540459540455 122.57142857142856
198.38211788211783 128.96503496503496
186.23426573426568 125.76823176823177
181.11938061938056 140.15384615384616
160.6598401598401 151.02297702297705
164.81568431568425 139.83416583416584
173.12737262737255 132.4815184815185
153.30719280719273 130.56343656343657
157.14335664335658 118.73526473526474
149.15134865134857 104.98901098901098
132.52797202797194 120.97302697302698
101.83866133866125 134.3996003996004
90.64985014985007 133.44055944055944
77.86263736263727 143.6703296703297
64.75574425574418 129.28471528471528
83.29720279720271 125.76823176823177
95.76473526473518 117.77622377622379
81.69880119880112 114.89910089910092
102.15834165834158 107.22677322677322
139.56093906093898 106.58741258741259
128.69180819180812 106.58741258741259
114.94555444555436 150.38361638361638
240.57992007992002 199.61438561438564
207.01348651348644 182.35164835164835
178.24225774225766 84.52947052947053
143.71678321678314 89.64435564435564
125.49500499500493 84.52947052947053
230.03046953046947 153.90009990009992
273.50699300699296 97.63636363636363
153.30719280719273 167.96603396603396
319.8606393606393 142.07192807192808
317.94255744255736 131.2027972027972
304.19630369630363 155.17882117882118
293.9665334665334 140.47352647352648
362.69780219780216 153.26073926073929
93.52697302697294 76.53746253746255
74.66583416583408 76.53746253746255
194.54595404595398 114.25974025974025
180.79970029970025 115.85814185814186
22.078421578421555 158.69530469530469
8.651848151848128 173.7202797202797
5.774725274725256 189.70429570429567
35.50499500499498 172.1218781218781
43.49700299700298 153.26073926073923
43.49700299700298 142.39160839160837
27.193306693306667 139.19480519480516
5.455044955044926 139.5144855144855
16.00449550449548 136.95704295704294
12.807692307692278 123.53046953046952
3.2172827172826857 122.25174825174821
25.594905094905073 120.01398601398597
41.578921078921056 126.72727272727269
38.06243756243754 115.5384615384615
50.52997002997 118.09590409590407
59.48101898101896 150.70329670329667
55.3251748251748 133.76023976023976
55.3251748251748 134.39960039960036
58.521978021978015 141.4325674325674
30.39010989010987 56.397602397602355
29.11138861138859 66.62737262737261
5.455044955044926 68.86513486513482
11.84865134865133 75.25874125874122
21.75874125874124 75.25874125874122
19.520979020979 63.110889110889076
10.250249750249722 61.832167832167784
70.35014985014985 63.75024975024971
166.25424575424574 63.110889110889076
184.79570429570433 58.95504495504491
143.55694305694306 67.90609390609387
106.7937062937063 64.70929070929066
127.89260739260737 62.79120879120876
121.81868131868131 54.47952047952043
115.1053946053946 54.47952047952043
165.93456543456543 54.159840159840115
169.13136863136867 117.45654345654343
254.16633366633366 162.2117882117882
242.97752247752254 172.1218781218781
235.94455544455545 225.18881118881117
109.510989010989 126.4075924075924
92.88761238761236 59.27472527472525
402.97752247752237 96.997002997003
395.94455544455536 95.71828171828173
381.23926073926066 98.91508491508495
463.71678321678314 126.4075924075924
461.1593406593405 112.98101898101898
214.36613386613385 106.58741258741259
193.90659340659334 201.21278721278722
53.24725274725273 172.44155844155844
430.4700299700298 47.126873126873136
526.3741258741258 362.3316683316683
402.3381618381617 45.2087912087913
417.6828171828171 45.2087912087913
408.09240759240754 43.2907092907094
402.97752247752237 53.520479520479626
374.8456543456542 41.37262737262745
381.87862137862123 40.73326673326682
589.670829170829 111.70229770229788
546.8336663336662 100.19380619380632
542.9975024975023 95.07892107892121
536.603896103896 95.07892107892121
511.02947052947036 100.19380619380632
11.04945054945054 111.70229770229788
13.606893106893097 101.47252747252764
23.83666333666332 105.94805194805213
170.88961038961034 109.7842157842159
