63.164436937632814 498.6327486946043
49.8657356389315 462.8285528904085
40.658942432138275 406.5648166266722
16.10749388068972 334.95642501828064
40.658942432138275 320.6347466966023
99.99160976480562 345.18619524805086
89.76183953503539 310.40497646683207
116.35924213243797 367.6916897535454
77.48611525931109 387.12825319010886
96.92267869587454 417.81756387941954
98.96863274182861 449.52985159170726
156.25534602854188 403.4958855577412
136.81878259197842 385.0822991441548
169.55404732724318 391.2201612820169
167.50809328128912 430.0932881551438
161.370231143427 456.6906907525464
110.22137999457586 494.5408406026962
167.50809328128912 493.5178635797192
198.1974039705998 456.6906907525464
206.381220154416 410.65672471858034
252.41518618838202 424.9784030402587
238.0935078667037 499.65572571758133
194.10549587869176 499.65572571758133
275.9436577168536 499.65572571758133
301.51808329127914 442.36901243086805
294.35724413044 420.88649494835056
284.12747390066977 399.40397746583307
252.41518618838202 376.89848296033864
286.1734279466238 359.5078735697292
325.0465548197507 402.4729085347642
341.414187187383 369.73764379949944
345.5060952792912 471.0123690742247
391.5400613132572 474.0813001431558
375.17242894562474 441.34603540789107
372.10349787669367 409.63374769560335
380.28731406050986 388.15123021308585
419.1604409336368 446.4609205227762
441.66593543913126 489.4259554878111
442.6889124621083 427.0243570862127
457.0105907837866 396.335046396902
468.26333803653387 434.18519624705186
484.6309704041663 485.3340473959031
477.47013124332705 408.6107706726263
445.7578435310394 358.48489654675217
399.7238774970734 356.43894250079813
341.414187187383 342.11726417911984
313.7938075670034 334.95642501828064
275.9436577168536 325.7496318114874
228.8867146599105 322.6807007425564
220.70289847609433 342.11726417911984
218.65694443014024 308.35902242087803
199.22038099357687 345.18619524805086
160.34725412044997 352.34703440889007
498.9526487258446 353.37001143186706
492.8147865879824 320.6347466966023
473.378223151419 310.40497646683207
444.73486650806234 325.7496318114874
461.1024988756948 299.15222921408485
445.7578435310394 306.31306837492406
424.2753260485219 294.03734409919974
395.63196940516525 294.03734409919974
373.12647489967077 316.5428386046943
970.5450563182523 486.35702441888003
500.9986027717986 446.4609205227762
527.5960053692012 495.5638176256733
557.2623390355349 456.6906907525464
582.8367646099604 491.47190953376514
585.9056956788916 419.86351792537357
512.2513500245459 368.7146667765224
535.7798215530174 377.92145998331563
546.0095917827877 337.00237906423473
570.5610403342362 347.23214929400496
564.4231781963741 375.87550593736154
560.331270104466 409.63374769560335
538.8487526219485 408.6107706726263
609.4341672073631 399.40397746583307
618.6409604141562 365.6457357075913
663.6519494251453 388.15123021308585
651.3762251494211 419.86351792537357
631.9396617128575 432.13924220109783
685.1344669076628 408.6107706726263
705.5940073672033 417.81756387941954
697.410191183387 456.6906907525464
681.0425588157547 492.4948865567422
725.0305708037666 444.41496647682203
749.5820193552152 428.04733410918976
759.8117895849854 428.04733410918976
807.8917096649055 427.0243570862127
822.2133879865838 467.9434380052936
804.8227785959745 495.5638176256733
895.8677336409296 475.1042771661329
926.5570443302403 439.3000813619369
861.0865148597109 439.3000813619369
854.9486527218486 405.5418396036952
907.1204808936767 401.4499315117871
981.7978035709995 434.18519624705186
1010.4411602143559 358.48489654675217
971.5680333412292 367.6916897535454
951.1084928816888 372.8065748684305
900.9826187558145 365.6457357075913
874.3852161584119 372.8065748684305
864.1554459286417 344.1632182250739
829.374227147423 358.48489654675217
816.0755258487217 375.87550593736154
766.9726287458246 370.7606208224764
743.4441572173531 398.3810004428561
721.9616397348356 356.43894250079813
749.5820193552152 334.95642501828064
792.5470543202501 337.00237906423473
806.8687326419285 344.1632182250739
845.7418595150554 329.8415399033955
876.431170204366 327.7955858574415
919.3962051694011 344.1632182250739
951.1084928816888 344.1632182250739
949.0625388357346 320.6347466966023
1004.303298076494 338.0253560872117
1002.2573440305399 315.5198615817172
1012.4871142603101 294.03734409919974
982.8207805939763 287.8994819613376
965.430171203367 301.1981832600389
959.2923090655048 279.7156657775214
915.3042970774928 272.55482661668225
898.9366647098607 294.03734409919974
860.0635378367336 302.22116028301593
832.443158216354 291.9913900532457
846.7648365380323 277.66971173156736
802.7768245500204 277.66971173156736
815.0525488257447 252.0952861571418
770.0415598147556 320.6347466966023
751.6279734011692 291.9913900532457
713.7778235510193 315.5198615817172
686.1574439306397 342.11726417911984
641.1464549196509 323.70367776553337
604.3192820924779 334.95642501828064
573.6299714031672 299.15222921408485
997.1424589156549 252.0952861571418
1022.7168844900804 236.75063081248646
984.8667346399305 234.70467676653237
1000.2113899845857 217.314067375923
988.9586427318386 210.15322821508383
1022.7168844900804 206.06132012317576
1007.3722291454251 191.73964180149744
1021.6939074671034 177.41796347981912
1020.6709304441262 155.93544599730166
998.1654359386318 177.41796347981912
1014.5330683062642 159.00437706623273
1005.326275099471 144.68269874455436
989.9816197548155 167.1881932500489
977.7058954790914 152.86651492837055
975.6599414331372 187.64773370958935
971.5680333412292 205.03834310019872
982.8207805939763 198.9004809623366
952.1314699046657 213.2221592840149
945.9936077668035 234.70467676653237
941.9016996748954 258.2331482950039
907.1204808936767 222.42895249080811
884.6149863881822 249.02635508821072
864.1554459286417 266.41696447882015
875.4081931813892 213.2221592840149
850.8567446299404 234.70467676653237
900.9826187558145 191.73964180149744
921.442159215355 191.73964180149744
934.7408605140563 201.96941203126767
939.8557456289416 181.50987157172722
926.5570443302403 177.41796347981912
937.8097915829874 159.00437706623273
953.1544469276429 145.7056757675314
937.8097915829874 134.45292851478413
921.442159215355 147.75162981348544
909.1664349396309 162.07330813516376
882.5690323422282 163.09628515814077
876.431170204366 181.50987157172722
859.0405608137567 181.50987157172722
836.5350663082621 177.41796347981912
835.5120892852851 205.03834310019872
801.7538475270434 184.57880264065824
783.340261113457 210.15322821508383
772.0875138607098 222.42895249080811
772.0875138607098 256.18719424904987
796.6389624121583 241.86551592737158
813.0065947797906 232.65872272057837
749.5820193552152 243.91146997332558
730.1454559186518 265.39398745584305
726.0535478267437 249.02635508821072
737.306295079491 216.29109035294601
714.8008005739964 252.0952861571418
693.3182830914789 217.314067375923
671.8357656089615 243.91146997332558
689.2263749995709 286.8765049383606
657.5140872872831 291.9913900532457
639.1005008736967 273.5778036396593
611.4801212533171 267.43994150179714
636.0315698047657 251.07230913416478
609.4341672073631 244.9344469963026
586.9286727018685 254.14124020309583
559.308293081489 265.39398745584305
552.1474539206497 284.8305508924065
522.4811202543161 299.15222921408485
503.0445568177526 273.5778036396593
519.412189185385 263.348033409889
530.6649364381324 258.2331482950039
566.4691322423281 229.58979165164726
462.1254758986717 277.66971173156736
428.36723414043007 249.02635508821072
406.8847166579125 258.2331482950039
383.356245129441 258.2331482950039
364.9426587158545 272.55482661668225
323.0006007737967 297.1062751681308
345.5060952792912 301.1981832600389
285.15045092364676 297.1062751681308
302.54106031425624 270.50887257072816
315.83976161295743 251.07230913416478
309.70189947509533 229.58979165164726
336.2993020724979 227.54383760569323
349.5980033711992 252.0952861571418
279.01258878578466 259.25612531798095
252.41518618838202 261.30207936393504
258.55304832624415 241.86551592737158
237.0705308437267 289.9454360072916
213.54205931525513 272.55482661668225
210.4731282463241 251.07230913416478
182.85274862594446 267.43994150179714
177.73786351105935 284.8305508924065
187.96763374082957 301.1981832600389
146.02557579877165 313.47390753576315
141.93366770686356 296.0832981451538
126.58901236220821 268.4629185247741
107.15244892564476 261.30207936393504
66.23336800656385 281.7616198234755
59.07252884572471 265.39398745584305
30.42917220236805 256.18719424904987
10.992608765804606 236.75063081248646
0.7628385360343779 259.25612531798095
46.796804570000404 245.95742401927967
67.25634502954085 232.65872272057837
31.45214922534506 209.1302511921068
42.70489647809236 210.15322821508383
1.785815559011418 197.87750393935957
41.68191945511529 177.41796347981912
23.268333041528912 170.25712431897992
71.34825312144896 191.73964180149744
74.41718419038006 166.16521622707188
96.92267869587454 180.48689454875014
97.94565571885154 162.07330813516376
106.12947190266775 198.9004809623366
122.4971042703001 197.87750393935957
137.84175961495544 198.9004809623366
151.14046091365677 198.9004809623366
175.6919094651053 213.2221592840149
184.89870267189855 237.77360783546348
162.393208166404 249.02635508821072
128.63496640816228 241.86551592737158
148.07152984472566 223.45192951378513
94.8767246499205 238.79658485844047
107.15244892564476 236.75063081248646
203.3122890854849 230.61276867462433
224.79480656800243 220.3829984448541
261.6219793951752 212.1991822610379
284.12747390066977 209.1302511921068
304.5870143602102 201.96941203126767
323.0006007737967 206.06132012317576
268.78281855601443 187.64773370958935
252.41518618838202 188.67071073256636
232.9786227518186 198.9004809623366
235.02457679777265 170.25712431897992
202.2893120625079 201.96941203126767
184.89870267189855 173.326055387911
156.25534602854188 159.00437706623273
170.5770243502202 156.95842302027864
135.79580556900143 156.95842302027864
125.56603533923119 163.09628515814077
97.94565571885154 140.5907906526463
74.41718419038006 147.75162981348544
65.21039098358683 147.75162981348544
50.88871266190851 151.84353790539353
28.383218156414028 138.5448366066923
65.21039098358683 128.315066376922
91.80779358098941 117.06231912417475
113.29031106350695 126.26911233096797
137.84175961495544 123.20018126203688
142.95664472984055 134.45292851478413
162.393208166404 126.26911233096797
187.96763374082957 140.5907906526463
196.1514499246458 147.75162981348544
198.1974039705998 126.26911233096797
220.70289847609433 136.4988825607382
191.03656480976068 123.20018126203688
231.95564572884157 166.16521622707188
231.95564572884157 147.75162981348544
250.36923214242802 160.0273540892097
256.5070942802901 140.5907906526463
281.0585428317387 149.79758385943947
299.4721292453251 166.16521622707188
286.1734279466238 174.34903241088807
317.8857156589116 178.4409405027961
352.66693444013026 171.280101341957
333.2303710035669 148.7746068364625
309.70189947509533 147.75162981348544
380.28731406050986 181.50987157172722
376.19540596860185 210.15322821508383
363.9196816928776 210.15322821508383
409.9536477268436 229.58979165164726
444.73486650806234 227.54383760569323
417.11448688768274 192.76261882447446
427.34425711745297 187.64773370958935
392.5630383362341 162.07330813516376
373.12647489967077 145.7056757675314
349.5980033711992 143.6597217215774
386.42517619837207 119.10827317012878
401.7698315430274 136.4988825607382
437.5740273472232 164.11926218111785
444.73486650806234 126.26911233096797
466.2173839905799 197.87750393935957
494.86074063393653 198.9004809623366
477.47013124332705 216.29109035294601
495.88371765691346 231.63574569760135
509.1824189556148 227.54383760569323
515.320281093477 199.9234579853136
560.331270104466 188.67071073256636
529.6419594151553 176.3949864568421
497.9296717028675 167.1881932500489
506.1134878866837 149.79758385943947
497.9296717028675 147.75162981348544
470.3092920824879 147.75162981348544
465.1944069676028 124.2231582850139
463.14845292164875 102.74064080249643
479.5160852892812 100.69468675654234
512.2513500245459 129.338043399899
532.7108904840863 108.87850294035854
560.331270104466 99.6717097335654
560.331270104466 133.42995149180712
552.1474539206497 120.13125019310584
579.7678335410294 108.87850294035854
585.9056956788916 131.38399744585308
587.9516497248455 143.6597217215774
570.5610403342362 170.25712431897992
544.9866147598105 164.11926218111785
602.273328046524 173.326055387911
602.273328046524 145.7056757675314
627.8477536209494 160.0273540892097
639.1005008736967 176.3949864568421
652.399202172398 191.73964180149744
628.8707306439264 199.9234579853136
685.1344669076628 192.76261882447446
699.4561452293411 198.9004809623366
682.0655358387318 176.3949864568421
670.8127885859844 170.25712431897992
677.9736277468236 143.6597217215774
654.445156218352 145.7056757675314
644.2153859885818 119.10827317012878
622.7328685060644 123.20018126203688
631.9396617128575 111.94743400928964
670.8127885859844 116.03934210119775
689.2263749995709 133.42995149180712
703.5480533212491 147.75162981348544
700.4791222523181 124.2231582850139
717.8697316429275 119.10827317012878
729.1224788956747 119.10827317012878
740.375226148422 151.84353790539353
743.4441572173531 131.38399744585308
762.8807206539165 150.82056088241654
783.340261113457 159.00437706623273
783.340261113457 181.50987157172722
774.1334679066638 180.48689454875014
748.5590423322382 187.64773370958935
756.7428585160544 173.326055387911
733.2143869875829 180.48689454875014
718.8927086659045 173.326055387911
861.0865148597109 155.93544599730166
821.1904109636068 164.11926218111785
809.9376637108595 149.79758385943947
800.7308705040664 120.13125019310584
785.386215159411 120.13125019310584
769.0185827917786 115.01636507822073
742.421180194376 99.6717097335654
746.5130882862842 73.07430713616276
726.0535478267437 83.30407736593298
718.8927086659045 104.7865948484505
696.3872141604099 90.46491652677211
712.7548465280424 71.02835309020873
967.4761252493212 136.4988825607382
989.9816197548155 137.5218595837152
985.8897116629074 149.79758385943947
998.1654359386318 133.42995149180712
1021.6939074671034 133.42995149180712
1012.4871142603101 119.10827317012878
1005.326275099471 102.74064080249643
1021.6939074671034 99.6717097335654
1022.7168844900804 70.00537606723167
1006.349252122448 72.05133011318574
1011.4641372373331 57.72965179150741
1014.5330683062642 26.017364079219714
1020.6709304441262 45.45392751578316
1005.326275099471 45.45392751578316
1014.5330683062642 5.55782361967926
992.0275738007697 14.764616826472476
989.9816197548155 23.971410033265634
998.1654359386318 35.22415728601293
991.0045967777927 43.40797346982908
989.9816197548155 90.46491652677211
976.6829184561142 68.9823990442547
979.7518495250453 111.94743400928964
948.0395618127576 109.90147996333562
964.4071941803901 106.83254889440452
930.6489524221483 119.10827317012878
921.442159215355 107.85552591738154
928.6029983761941 94.55682461868028
904.0515498247456 121.15422721608286
903.0285728017687 134.45292851478413
877.454147227343 141.6137676756233
876.431170204366 120.13125019310584
846.7648365380323 119.10827317012878
822.2133879865838 109.90147996333562
830.3972041704 113.99338805524367
338.345256118452 128.315066376922
317.8857156589116 116.03934210119775
298.44915222234806 122.17720423905988
264.6909104641063 123.20018126203688
277.9896117628076 109.90147996333562
241.16243893563478 126.26911233096797
227.86373763693348 121.15422721608286
234.0015997747956 101.71766377951941
234.0015997747956 87.39598545784108
202.2893120625079 99.6717097335654
210.4731282463241 87.39598545784108
196.1514499246458 71.02835309020873
174.66893244212832 106.83254889440452
170.5770243502202 90.46491652677211
180.80679457999042 68.9823990442547
171.60000137319722 74.09728415913982
138.8647366379325 80.23514629700189
152.16343793663378 65.91346797532361
128.63496640816228 66.93644499830063
125.56603533923119 97.62575568761132
103.06054083373665 91.48789354974919
94.8767246499205 64.89049095234655
97.94565571885154 36.24713430898994
79.53206930526517 83.30407736593298
86.6929084661043 68.9823990442547
79.53206930526517 54.66072072257632
68.27932205251793 41.362019423875054
63.164436937632814 57.72965179150741
48.84275861595448 59.775605837461434
44.75085052404638 83.30407736593298
44.75085052404638 99.6717097335654
9.969631742827595 97.62575568761132
27.360241133436958 90.46491652677211
22.245356018551846 72.05133011318574
16.10749388068972 51.591789653645286
263.6679334411293 88.4189624808181
248.32327809647393 84.32705438891004
247.3003010734969 70.00537606723167
269.8057955789914 70.00537606723167
279.01258878578466 61.82155988341551
334.25334802654385 97.62575568761132
343.46014123333714 76.14323820509384
319.93166970486556 73.07430713616276
368.01158978478566 70.00537606723167
401.7698315430274 93.53384759570321
406.8847166579125 61.82155988341551
433.4821192553152 77.16621522807085
437.5740273472232 61.82155988341551
454.96463673783256 83.30407736593298
470.3092920824879 85.350031411887
359.8277736009694 102.74064080249643
513.2743270475229 98.64873271058832
493.8377636109595 93.53384759570321
496.90669467989056 78.18919225104787
524.5270743002701 84.32705438891004
524.5270743002701 100.69468675654234
507.1364649096608 61.82155988341551
519.412189185385 50.568812630668276
495.88371765691346 59.775605837461434
502.0215797947757 44.43095049280609
486.67692445012034 48.52285858471425
448.8267745999705 42.38499644685207
459.05654482974074 28.063318125173737
442.6889124621083 45.45392751578316
390.5170842902801 36.24713430898994
370.05754383073963 47.49988156173718
380.28731406050986 55.68369774555339
363.9196816928776 18.856524918380522
342.43716421036004 14.764616826472476
320.95464672784254 26.017364079219714
309.70189947509533 40.339042400898045
309.70189947509533 14.764616826472476
297.42617519937113 14.764616826472476
272.8747266479225 8.626754688610294
264.6909104641063 33.17820324005885
273.89770367089955 49.5458356076912
250.36923214242802 52.614766676622295
241.16243893563478 54.66072072257632
244.2313700045659 11.695685757541385
221.72587549907135 8.626754688610294
173.6459554191513 21.92545598731161
190.01358778678366 42.38499644685207
193.08251885571468 47.49988156173718
207.40419717739303 57.72965179150741
220.70289847609433 68.9823990442547
208.42717420037002 55.68369774555339
171.60000137319722 51.591789653645286
157.2783230515189 51.591789653645286
147.04855282174867 27.040341102196727
135.79580556900143 38.29308835494397
117.38221915541499 34.201180263035866
106.12947190266775 28.063318125173737
97.94565571885154 18.856524918380522
61.11848289167873 21.92545598731161
72.37123014442598 16.8105708724265
47.81978159297747 35.22415728601293
26.337264110459948 27.040341102196727
32.47512624832207 14.764616826472476
48.84275861595448 5.55782361967926
19.17642494962081 0.4429385047941457
3.8317696049654693 33.17820324005885
82.6010003741962 34.201180263035866
205.358243131439 29.08629514815075
170.5770243502202 11.695685757541385
203.3122890854849 4.534846596702248
131.7038974770933 11.695685757541385
142.95664472984055 11.695685757541385
291.2883130615089 34.201180263035866
342.43716421036004 48.52285858471425
351.6439574171532 36.24713430898994
325.0465548197507 45.45392751578316
320.95464672784254 2.4888925507481683
361.87372764692344 2.4888925507481683
407.90769368088957 77.16621522807085
430.41318818638405 113.99338805524367
442.6889124621083 93.53384759570321
535.7798215530174 142.63674469860032
576.6989024720983 206.06132012317576
479.5160852892812 178.4409405027961
932.6949064681024 47.49988156173718
950.0855158587118 48.52285858471425
964.4071941803901 27.040341102196727
253.55994619028493 104.93499431349211
197.3137868513421 59.93806684233784
174.41356483477247 30.207954048896614
148.7010348512557 37.841361387753146
35.40519961138513 41.05542763569273
24.557726024589016 28.19916264393437
58.30542162795473 107.74730228043926
73.57223630566779 100.91741150356762
116.56037237185981 142.70027272678232
294.94104913250715 109.35433540440904
287.70940007464304 86.45411338783946
307.39555584327303 88.86466307379413
319.4483042730466 30.207954048896614
378.90852985992893 90.06993791677151
114.14982268590512 57.125758875390694
107.31993190903347 132.6563157019711
283.69181726471857 50.295868098519065
224.23159167783606 43.867735602639875
246.73005541341325 45.07301044561724
197.7155451323345 41.05542763569273
188.87686295050062 35.8325699827909
357.61534096732913 47.08180185057948
33.873496165101415 226.2215506633768
352.1413843888071 61.211891692009424
248.82673144234266 28.895459964679322
392.7817455004496 8.82010086133784
385.92674483101587 13.226887005973763
399.14710326492366 13.226887005973763
400.61603197980236 64.14974912176672
552.1474539206497 45.965416027271694
563.400201173397 52.10327816513382
557.2623390355349 75.63174969360537
575.6759254491213 78.70068076253646
601.2503510235468 71.53984160169726
595.1124888856848 100.18319824505393
619.6639374371333 95.06831313016882
599.2043969775929 42.89648495834066
578.7448565180524 45.965416027271694
567.4921092653051 30.620760682616353
567.4921092653051 14.253128314984
555.2163849895808 20.390990452846125
432.4591422323381 26.52885259070825
414.04555581875167 24.482898544754228
436.55105032424615 9.138243200098886
447.8037975769934 11.184197246052907
477.47013124332705 19.368013429869112
467.2403610135568 10.161220223075897
482.58501635821216 5.046335108190783
506.1134878866837 13.23015129200693
543.9636377368337 21.413967475823135
533.7338675070635 24.482898544754228
584.8827186559146 16.299082360938023
608.411190184386 16.299082360938023
618.6409604141562 35.73564579750147
618.6409604141562 54.14923221108784
641.1464549196509 42.89648495834066
623.7558455290414 21.413967475823135
648.3072940804899 25.505875567731238
655.468133241329 57.218163280018935
628.8707306439264 77.67770373955939
652.399202172398 91.99938206123772
652.399202172398 74.6087726706283
674.9046966778926 29.59778365963934
697.410191183387 39.82755388940957
682.0655358387318 44.942439004294684
680.0195817927777 66.42495648681215
708.6629384361343 51.080301142156806
730.1454559186518 54.14923221108784
722.9846167578127 37.781599843455545
695.3642371374331 14.253128314984
703.5480533212491 26.52885259070825
680.0195817927777 6.069312131167794
663.6519494251453 7.092289154144805
602.273328046524 5.046335108190783
740.375226148422 31.643737705593363
741.398203171399 15.276105337961011
776.1794219526179 11.184197246052907
760.8347666079625 25.505875567731238
771.0645368377327 43.91946198131762
754.6969044701003 50.057324119179796
778.2253759985718 80.74663480849048
793.5700313432272 64.37900244085807
784.363238136434 49.03434709620273
782.3172840904799 27.55182961368526
797.6619394351353 11.184197246052907
806.8687326419285 46.9883930502487
796.6389624121583 83.81556587742152
814.0295718027677 99.16022122207686
836.5350663082621 94.04533610719174
848.8107905839864 96.09129015314582
848.8107905839864 84.83854290039858
826.3052960784919 59.264117325972954
839.6039973771932 53.12625518811089
831.4201811933771 36.75862282047848
820.1674339406297 21.413967475823135
851.8797216529175 29.59778365963934
855.9716297448256 14.253128314984
862.1094918826877 49.03434709620273
862.1094918826877 57.218163280018935
852.9026986758945 62.33304839490405
874.3852161584119 88.93045099230663
887.6839174571132 107.34403740589306
906.0975038706998 95.06831313016882
888.7068944800905 80.74663480849048
888.7068944800905 64.37900244085807
910.1894119626078 53.12625518811089
909.1664349396309 32.666714728570376
899.9596417328376 21.413967475823135
930.6489524221483 20.390990452846125
937.8097915829874 33.689691751547386
882.5690323422282 6.069312131167794
872.339262112458 18.345036406892046
911.2123889855848 74.6087726706283
945.9936077668035 91.99938206123772
954.1774239506199 12.207174269029919
970.5450563182523 14.253128314984
902.0055957787918 8.115266177121816
816.0755258487217 6.069312131167794
