29.622511600059866 472.92022152372397
54.355336027540794 454.9660230504415
51.790450531357585 460.4622062565484
51.790450531357585 465.77518335578503
50.87441999700643 473.6530459512049
27.24083221074689 478.41640472983084
22.843885645861395 479.6988474779224
19.179763508456816 487.75991618021254
30.538542134411014 481.5309085466247
34.38587037868582 482.9965574015866
39.515641371052226 480.43167190540333
45.195030684029334 482.2637329741056
56.370603203113305 468.3400688519682
41.1644963328843 477.1339619817392
40.79808411914383 486.8438856458614
33.10342763059422 486.4774734321209
66.81335129471636 447.4545726687622
64.24846579853316 446.53854213441105
58.752282592426276 452.40113755425836
58.752282592426276 459.1797635084568
62.41640472983086 463.0270917527316
62.41640472983086 479.6988474779224
71.21029785960185 475.30190091303695
71.94312228708277 487.39350396647205
65.71411465349499 487.75991618021254
58.01945816494537 489.0423589283041
32.73701541685376 492.88968717257893
22.843885645861395 506.4469390809758
17.71411465349498 501.5003741954797
20.279000149678186 497.28663373746446
15.332435264182006 496.73701541685375
6.904954348151469 501.31716808860944
41.897320760365204 499.30190091303695
51.24083221074689 500.03472534051787
51.42403831761712 494.72174824128126
61.133961981739255 495.8209848825026
64.79808411914384 493.4393054931896
73.04235892830414 466.8744199970064
73.59197724891483 461.74464900464
69.0118245771591 457.5309085466247
63.88205358479269 454.41640472983084
55.45457266876216 503.1492291573117
61.500374195479715 504.98129022601404
46.843885645861384 504.0652596916629
45.56144289776978 509.19503068402935
42.446939080975895 511.21029785960184
25.958389462655287 503.8820535847927
26.32480167639574 498.0194581649453
2.324801676395741 503.8820535847927
10.385870378685816 493.8057177069301
71.57671007334231 451.85151923364765
48.12632839395299 476.7675497679988
37.133961981739255 472.18739709624305
41.897320760365204 464.3095345008232
38.59961083670109 483.5461757221973
48.859152821433916 486.1110612183805
25.958389462655287 491.6072444244873
18.080526867235434 492.88968717257893
23.943122287082765 500.58434366112857
71.02709175273162 497.6530459512049
76.34006885196825 499.30190091303695
82.20266427181559 503.332435264182
84.7675497679988 494.53854213441093
62.01945816494534 500.85915282143395
54.32480167639572 490.5996108367011
75.94312228708273 477.40877114204466
69.71411465349496 480.70648106570883
75.21029785960184 482.90495434815153
71.91258793593771 493.8973207603653
25.744649004639985 514.4164047298309
16.58434366112855 514.4164047298309
11.088160455021674 502.6912138901362
27.943122287082748 537.5003741954798
22.44693908097587 523.210297859602
26.477473432120913 529.8057177069301
6.324801676395723 518.0805268672354
7.790450531357558 529.0728932794492
14.019458164945343 538.9660230504415
38.56907648555602 519.9125879359377
36.004190989372816 514.7828169435713
30.141595569525492 514.4164047298309
63.485107019907176 515.1492291573119
56.156862745098 517.714114653495
50.66067953899115 512.9507558748691
56.156862745098 511.8515192336477
42.2331986229606 527.6072444244874
31.240832210746863 523.9431222870828
30.8744199970064 498.29426732525076
68.24846579853313 508.5538093099836
37.83625205807511 541.5309085466248
38.56907648555602 534.2026642718157
60.55380930998351 541.1644963328844
50.66067953899115 541.1644963328844
48.462206256548384 536.7675497679988
45.53090854662473 532.7370154168538
8.156862745098003 537.5003741954798
43.424038317617104 521.2866337374644
49.103427630594204 520.3706032031134
55.515641371052226 530.4469390809759
69.43930549318964 523.8515192336478
74.56907648555604 514.6912138901363
79.51564137105223 509.56144289776984
71.63777877563237 508.4622062565485
73.83625205807512 541.0728932794492
91.60724442448732 538.1415955695255
96.18739709624306 521.4698398443347
95.63777877563238 515.2408322107469
89.04235892830413 517.8057177069301
87.02709175273162 512.3095345008232
101.31716808860948 495.08816045502175
102.41640472983086 504.0652596916629
105.71411465349496 512.4927406076935
79.69884747792246 532.2790001496782
84.46220625654841 525.1339619817393
112.6759467145637 516.889687172579
110.84388564586138 505.714114653495
59.912587935937715 524.9507558748691
97.46983984433467 533.5614428977699
95.27136656189192 502.0499925160904
109.37823679089956 499.1186948061668
100.21793144738808 488.49274060769346
72.55380930998352 519.8209848825027
129.3477024397545 538.1415955695255
127.33243526418201 523.6683131267774
128.24846579853315 531.3629696153271
119.08816045502167 502.23319862296063
115.05762610387664 501.8667864092202
107.72938182906749 492.52327495883856
104.0652596916629 482.8133512947164
100.40113755425834 484.8286184702889
101.68358030234994 474.38587037868587
107.17976350845682 475.6683131267775
117.98892381380031 481.714114653495
112.6759467145637 477.50037419547976
117.25609938631939 475.301900913037
114.87441999700643 489.9583894626553
129.53090854662474 504.43167190540345
136.12632839395297 503.5156413710523
128.98129022601404 513.9583894626553
134.66067953899116 522.7522825924264
137.22556503517436 535.210297859602
124.95075587486902 497.65304595120494
125.31716808860948 491.05762610387666
130.6301451878461 490.508007783266
137.22556503517436 492.7064810657088
133.74464900464 477.50037419547976
135.94312228708276 474.38587037868587
124.03472534051787 475.8515192336477
135.0270917527316 482.99655740158664
121.1034276305942 482.6301451878462
120.92022152372398 487.7599161802126
127.14922915731175 485.92785511151027
101.5003741954797 478.23319862296063
95.45457266876214 497.65304595120494
90.32480167639572 505.89732076036523
109.91258793593776 452.6301451878462
108.08052686723548 450.70648106570883
106.06525969166297 458.95075587486906
111.19503068402936 464.17212992067067
105.60724442448738 463.7141146534951
109.72938182906752 470.5843436611286
116.69121389013624 463.8973207603653
116.96602305044158 454.27900014967827
115.59197724891487 446.4927406076935
125.39350396647212 447.68358030235
123.46983984433471 443.9278551115103
120.35533602754082 452.6301451878462
121.91258793593776 459.0423589283043
124.01945816494539 463.2560993863195
123.83625205807516 468.84388564586146
126.40113755425837 470.5843436611286
130.43167190540342 470.5843436611286
132.17212992067059 463.9889238138004
129.88205358479274 461.3324352641821
131.6225116000599 450.88968717257904
129.42403831761715 443.0118245771592
135.19503068402935 442.09579404280805
134.37060320311335 451.07289327944926
140.96602305044158 452.6301451878462
141.6988474779225 445.2102978596019
143.16449633288434 449.1492291573119
141.6988474779225 466.09579404280805
142.43167190540342 471.8667864092202
145.08816045502175 469.2102978596019
146.73701541685378 478.6454123634187
153.6072444244874 446.4927406076935
149.301900913037 443.7446490046401
147.46983984433473 439.07289327944926
149.02709175273165 454.5538093099836
149.75991618021257 461.8820535847928
152.59961083670112 463.9889238138004
153.1492291573118 468.66067953899125
148.75228259242633 469.6683131267775
156.8133512947164 475.07289327944926
153.24083221074693 476.5385421344111
165.30190091303695 454.27900014967827
166.12632839395297 446.95075587486906
159.62251160005985 446.85915282143395
159.2560993863194 441.36296961532713
167.59197724891484 461.5156413710523
162.82861847028883 480.01945816494543
154.12632839395297 454.09579404280805
179.13396198173922 475.07289327944926
169.332435264182 473.1492291573119
184.72174824128123 480.20266427181565
177.21029785960184 461.9736566382279
181.332435264182 463.4393054931897
182.06525969166293 467.56144289776984
187.6530459512049 467.0118245771592
189.11869480616673 471.7751833557851
142.8438856458613 495.45457266876224
153.4698398443346 486.11106121838054
141.7446490046399 486.84388564586146
149.80571770692998 493.62251160005997
148.15686274509792 501.8667864092202
140.4622062565483 502.5996108367011
148.34006885196817 509.56144289776984
139.54617572219718 514.3248016763959
141.92785511151015 521.1034276305943
152.73701541685367 517.62251160006
148.70648106570863 520.7370154168538
157.50037419547962 501.31716808860955
159.8820535847926 506.0805268672355
153.83625205807505 521.8362520580753
150.17212992067047 528.9812902260142
151.27136656189182 536.4927406076936
159.3324352641819 526.5996108367011
157.68358030234987 532.4622062565485
158.78281694357122 538.8744199970065
164.82861847028877 530.6301451878462
164.82861847028877 524.4011375542584
167.57671007334224 522.2026642718157
173.43930549318952 525.3171680886096
177.4698398443346 539.4240383176171
168.30953450082313 537.5919772489149
162.81335129471626 534.2942673252508
168.49274060769338 506.6301451878462
156.21793144738803 493.2560993863195
167.75991618021246 494.7217482412813
172.34006885196817 494.90495434815153
177.4698398443346 497.653045951205
175.0881604550216 503.5156413710523
180.0347253405178 510.29426732525076
186.81335129471628 503.5156413710523
192.30953450082313 490.6912138901362
187.54617572219718 487.2102978596019
194.50800778326587 502.23319862296074
201.4698398443346 499.6683131267775
199.45457266876207 510.29426732525076
189.37823679089948 525.68358030235
185.7141146534949 520.9202215237241
183.3324352641819 532.6454123634187
199.27136656189185 477.50037419547976
197.80571770692998 484.4622062565485
198.53854213441093 490.32480167639585
204.7675497679987 489.0423589283043
209.1644963328842 494.5385421344111
207.69884747792236 503.5156413710523
212.09579404280788 504.43167190540345
218.14159556952544 510.477473432121
223.27136656189185 522.2026642718157
218.32480167639565 530.0805268672354
233.5309085466247 514.5080077832661
231.3324352641819 506.0805268672355
159.8820535847926 521.4698398443347
145.59197724891473 532.4622062565485
195.60724442448725 531.5461757221973
199.63777877563228 524.9507558748691
203.85151923364754 520.3706032031134
212.82861847028877 526.5996108367011
210.9965574015865 547.1186948061668
210.63014518784604 537.0423589283042
200.187397096243 537.7751833557851
166.29426732525062 544.920221523724
200.3706032031132 469.62251160005997
203.48510701990708 482.6301451878462
211.54617572219718 484.6454123634187
215.75991618021243 490.32480167639585
205.13396198173916 510.477473432121
199.45457266876207 505.16449633288437
168.85915282143384 488.12632839395303
160.06525969166282 489.7751833557851
154.2026642718155 505.7141146534951
182.0499925160903 492.88968717257904
220.70648106570863 478.78281694357145
220.15686274509792 486.11106121838054
222.53854213441093 490.32480167639585
225.6530459512048 493.8057177069302
227.66831312677735 499.6683131267775
226.9354886992964 513.2255650351744
214.47747343212083 520.7370154168538
232.79808411914374 520.7370154168538
227.30190091303686 526.5996108367011
236.09579404280785 529.5309085466248
234.44693908097582 497.46983984433473
232.98129022601395 491.9736566382279
229.50037419547962 485.7446490046401
240.12632839395292 483.36296961532713
224.187397096243 481.8973207603653
229.68358030234987 469.62251160005997
206.41640472983076 477.50037419547976
193.77518335578497 471.271366561892
186.9965574015865 460.6454123634187
192.12632839395292 463.7599161802126
215.39350396647197 461.0118245771592
204.7675497679987 459.72938182906756
213.37823679089948 473.46983984433473
242.32480167639565 476.76754976799884
235.91258793593764 484.6454123634187
241.59197724891473 490.87441999700656
244.34006885196817 507.9125879359378
241.04235892830405 502.23319862296074
215.39350396647197 502.41640472983096
153.1644963328844 458.0805268672355
136.3095345008233 469.4393054931897
147.66831312677752 473.46983984433473
171.30190091303706 436.6454123634187
149.86678640922025 449.10342763059424
183.94312228708287 437.3782367908996
176.065259691663 440.85915282143395
197.31716808860958 439.9431222870828
203.9125879359378 442.1415955695255
201.71411465349507 446.35533602754083
202.446939080976 453.68358030235
184.1263283939531 447.27136656189197
186.32480167639582 439.9431222870828
190.72174824128135 443.4240383176172
194.9354886992966 444.1568627450981
204.27900014967827 470.7217482412813
213.2560993863195 450.5690764855561
222.41640472983096 441.2255650351744
226.26373297410578 436.095794042808
212.88968717257904 437.9278551115103
212.70648106570883 445.4393054931897
231.94312228708287 440.49274060769346
240.37060320311338 439.5767100733423
229.37823679089965 440.85915282143395
227.9125879359378 451.1186948061668
231.02709175273174 452.76754976799884
219.85151923364776 449.83625205807516
221.86678640922025 457.8973207603653
232.859152821434 457.8973207603653
233.22556503517447 462.11106121838054
218.75228259242638 466.87441999700644
226.99655740158667 460.6454123634187
228.27900014967827 464.30953450082325
235.4240383176172 478.41640472983096
205.74464900464014 438.6606795389912
179.9125879359378 451.6683131267775
182.1110612183806 440.85915282143395
245.9583894626554 456.5232749588384
250.3553360275409 460.5538093099834
246.3248016763959 445.1644963328842
250.72174824128138 441.8667864092201
249.25609938631953 437.836252058075
238.63014518784627 447.72938182906734
238.26373297410578 444.4316719054032
236.4316719054035 472.64541236341853
215.91258793593784 481.80571770692995
245.9583894626554 452.1263283939529
253.65304595120503 445.1644963328842
257.31716808860966 441.8667864092201
254.75228259242644 440.0347253405178
240.46220625654857 458.7217482412811
244.4927406076936 463.85151923364754
249.62251160006002 477.04235892830405
246.69121389013634 481.80571770692995
190.9965574015867 509.2866337374643
195.75991618021268 518.4469390809758
209.68358030235007 520.279000149678
261.4393054931898 437.7446490046398
258.69121389013634 441.95838946265513
251.9125879359379 454.41640472983073
257.40877114204477 454.0499925160903
263.63777877563257 448.37060320311315
245.31716808860966 440.30953450082313
225.34770243975467 444.1568627450979
251.179763508457 468.3400688519681
256.3095345008234 462.47747343212075
244.03472534051804 468.8896871725788
262.90495434815165 459.91258793593755
266.9354886992967 456.9812902260139
270.416404729831 443.6072444244872
272.798084119144 440.30953450082313
268.03472534051804 438.29426732525053
259.42403831761726 472.18739709624293
263.4545726687623 472.37060320311315
262.1721299206707 466.87441999700627
257.591977248915 478.9660230504414
256.85915282143407 483.72938182906734
248.61487801227378 485.92785511151004
253.9278551115104 487.75991618021243
253.7446490046402 493.07289327944903
248.798084119144 495.6377787756322
250.2637329741058 498.0194581649452
255.39350396647222 498.38587037868564
259.6072444244875 492.52327495883833
266.20266427181576 490.69121389013605
263.63777877563257 485.01182457715896
264.004190989373 479.14922915731165
268.4011375542585 478.59961083670095
273.71411465349513 484.27900014967804
274.99655740158676 480.0652596916628
271.69884747792264 466.87441999700627
266.9354886992967 465.95838946265513
275.3629696153272 457.71411465349485
270.59961083670123 448.37060320311315
281.40877114204477 465.5919772489147
286.35533602754094 463.75991618021243
292.03472534051804 470.1721299206704
286.35533602754094 476.0347253405177
279.3935039664722 478.78281694357116
292.4011375542585 463.94312228708264
297.5309085466249 462.47747343212075
287.63777877563257 453.86678640922
290.0194581649455 457.34770243975436
288.004190989373 448.92022152372385
284.5232749588386 443.24083221074676
286.72174824128143 441.5919772489147
296.24846579853335 441.042358928304
297.5309085466249 446.1721299206704
293.13396198173945 443.24083221074676
294.9660230504417 479.33243526418187
291.6683131267776 483.3629696153269
282.69121389013634 480.7980841191437
284.5232749588386 484.6454123634185
282.3248016763959 489.95838946265513
276.2790001496783 494.7217482412811
290.9354886992967 492.52327495883833
295.51564137105237 489.5919772489147
292.9507558748692 498.7522825924262
301.01182457715925 499.3019009130368
312.37060320311343 440.30953450082313
308.5232749588386 443.24083221074676
318.59961083670123 439.75991618021243
312.92022152372414 448.37060320311315
313.83625205807533 454.78281694357116
319.33243526418215 445.80571770692995
325.9278551115104 443.24083221074676
327.0270917527318 450.56907648555585
324.46220625654854 454.0499925160903
325.9278551115104 465.7751833557849
311.08816045502186 462.47747343212075
293.5003741954799 474.0194581649452
314.9354886992967 469.80571770692995
318.416404729831 471.82098488250244
315.4851070199074 478.2331986229605
319.88205358479286 482.4469390809757
326.1110612183806 478.59961083670095
316.76754976799896 487.75991618021243
317.6835803023501 492.8896871725788
321.5309085466249 498.0194581649452
326.2942673252509 494.3553360275406
325.9278551115104 485.92785511151004
325.5614428977699 440.30953450082313
278.20266427181565 503.05762610387677
263.9125879359378 506.3553360275409
270.508007783266 496.09579404280805
305.3171680886095 501.9583894626554
258.4164047298309 512.2179314473882
244.12632839395306 519.179763508457
265.01182457715913 517.714114653495
269.4087711420446 526.8744199970065
281.8667864092202 533.4698398443348
281.8667864092202 524.3095345008234
286.99655740158664 521.0118245771592
283.33243526418204 515.1492291573119
297.6225116000599 517.3477024397546
305.3171680886095 512.9507558748692
300.55380930998354 532.004190989373
297.6225116000599 525.0423589283042
291.0270917527317 525.7751833557851
320.7064810657088 506.3553360275409
322.5385421344111 509.653045951205
326.5690764855561 511.4851070199073
328.0347253405179 518.0805268672356
323.27136656189197 522.4774734321211
320.7064810657088 515.1492291573119
311.5461757221973 514.7828169435714
306.78281694357133 520.6454123634187
314.11106121838054 525.7751833557851
310.44693908097594 530.9049543481515
316.30953450082325 540.4316719054035
327.301900913037 536.7675497679988
336.095794042808 522.4774734321211
333.16449633288437 508.9202215237241
331.3324352641821 502.69121389013634
326.20266427181565 499.39350396647217
334.6301451878462 492.79808411914394
343.4240383176172 501.9583894626554
336.4622062565485 500.12632839395303
340.49274060769346 506.3553360275409
344.156862745098 514.7828169435714
349.65304595120494 514.0499925160905
349.65304595120494 522.4774734321211
346.35533602754083 518.0805268672356
354.41640472983084 522.4774734321211
348.5538093099836 528.7064810657088
351.11869480616673 537.1339619817394
358.44693908097594 530.1721299206706
243.75991618021254 529.4393054931897
365.7751833557851 530.9049543481515
379.3324352641821 533.8362520580753
372.3706032031134 520.2790001496783
365.40877114204466 511.4851070199073
357.3477024397546 510.75228259242635
352.95075587486906 505.2560993863195
348.5538093099836 495.36296961532713
341.5919772489149 483.6377787756325
335.7293818290675 483.271366561892
339.0270917527316 478.14159556952563
332.79808411914394 480.3400688519684
328.40113755425836 489.1339619817394
332.43167190540345 470.446939080976
334.90495434815153 445.80571770693024
328.12632839395303 437.19503068402946
334.3553360275409 455.1492291573119
331.6072444244874 462.66067953899125
340.0347253405179 458.446939080976
346.0805268672355 446.5385421344111
348.4622062565485 451.6683131267775
363.6683131267775 454.78281694357145
358.90495434815153 443.9736566382279
356.70648106570883 437.0118245771592
356.70648106570883 459.91258793593784
347.17976350845686 469.43930549318975
343.5156413710523 474.56907648555614
346.2637329741057 481.1644963328844
354.32480167639585 478.0499925160905
362.5690764855561 468.3400688519684
366.23319862296063 463.94312228708293
366.5996108367011 475.4851070199073
357.4393054931897 473.4698398443348
358.7217482412813 482.6301451878462
353.5919772489149 484.09579404280805
363.4851070199073 490.5080077832661
370.8133512947164 475.8515192336477
374.11106121838054 477.1339619817394
378.87441999700656 478.59961083670123
375.39350396647217 494.17212992067067
384.7370154168538 497.8362520580752
367.6988474779225 441.0423589283043
380.1568627450981 470.9049543481516
376.85915282143395 463.94312228708293
371.72938182906756 460.09579404280805
373.1950306840294 441.7751833557852
374.477473432121 447.0881604550218
369.8973207603653 453.8667864092203
375.5767100733424 453.31716808860955
384.920221523724 487.94312228708293
391.3324352641821 498.56907648555614
398.11106121838054 495.8209848825027
402.32480167639574 492.88968717257904
395.72938182906756 465.40877114204466
403.4240383176172 483.5461757221974
401.5919772489149 476.03472534051804
396.27900014967827 479.1492291573119
401.7751833557851 468.70648106570883
402.87441999700656 461.19503068402946
401.7751833557851 457.1644963328844
396.4622062565485 459.7293818290676
399.0270917527317 452.03472534051804
404.88968717257904 444.3400688519684
390.0499925160904 440.67594671456385
370.8133512947164 488.85915282143407
348.27900014967827 461.9278551115103
372.6454123634187 468.70648106570883
366.96602305044166 497.28663373746457
362.5690764855561 493.98892381380045
355.4240383176172 492.70648106570883
387.75991618021277 523.5767100733423
375.66831312677766 503.0576261038766
388.8591528214342 504.88968717257893
398.0194581649456 503.7904505313576
400.21793144738837 521.0118245771591
394.355336027541 530.538542134411
407.912587935938 528.7064810657087
406.4469390809761 510.7522825924263
413.4087711420448 511.85151923364765
408.6454123634188 502.32480167639574
420.73701541685404 526.8744199970064
432.82861847028914 504.156862745098
422.9354886992968 502.32480167639574
415.9736566382281 501.5919772489148
419.6377787756327 493.16449633288426
414.14159556952575 490.23319862296063
409.01182457715936 485.4698398443347
413.0423589283044 484.3706032031133
411.57671007334255 474.8438856458614
406.4469390809761 472.64541236341864
407.5461757221976 466.41640472983084
409.01182457715936 457.25609938631936
413.77518335578526 463.48510701990716
415.2408322107471 458.72174824128126
406.4469390809761 448.8286184702889
408.27900014967844 441.1339619817392
412.3095345008235 442.9660230504415
421.46983984433496 444.43167190540333
421.46983984433496 435.6377787756324
418.17212992067084 438.2026642718156
423.66831312677766 462.3858703786858
421.8362520580754 452.126328393953
418.90495434815165 467.14922915731177
420.73701541685404 479.9736566382278
418.5385421344112 474.8438856458614
423.30190091303723 483.6377787756324
424.76754976799907 489.5003741954797
449.4087711420448 524.4011375542584
438.04999251609064 505.16449633288426
441.7141146534953 500.40113755425836
434.7522825924266 498.5690764855561
438.78281694357156 493.07289327944915
428.3400688519685 523.1186948061667
429.07289327944943 531.1797635084569
452.70648106570894 517.9889238138003
453.9889238138006 513.4087711420447
446.11106121838077 509.19503068402935
450.50800778326624 502.23319862296063
457.1034276305945 507.5461757221973
446.8438856458617 519.2713665618919
444.6454123634189 517.8057177069301
451.24083221074716 495.27136656189197
445.7446490046403 494.1721299206705
457.1034276305945 493.6225116000599
460.76754976799907 502.41640472983084
471.2102978596021 508.64541236341864
468.0957940428082 512.1263283939529
466.4469390809761 520.1873970962431
464.4316719054036 526.7828169435713
459.48510701990745 522.3858703786858
437.6835803023502 521.8362520580752
442.2637329741059 534.2942673252506
479.08816045502203 523.3019009130369
480.9202215237243 492.88968717257893
471.7599161802128 494.1721299206705
465.5309085466251 497.28663373746446
464.2484657985334 489.2255650351744
457.1034276305945 493.07289327944915
458.7522825924266 479.5156413710523
456.0041909893731 485.01182457715913
449.0423589283044 483.3629696153271
479.8209848825029 530.4469390809759
434.56907648555585 440.30953450082325
440.9812902260139 439.0270917527317
432.7370154168536 458.2637329741057
422.1110612183803 457.16449633288437
448.67594671456357 440.85915282143395
454.5385421344109 443.05762610387677
441.5309085466246 446.35533602754083
443.5461757221971 451.4851070199072
450.69121389013605 450.7522825924263
452.52327495883833 456.24846579853323
447.02709175273145 456.24846579853323
448.1263283939528 463.3935039664721
457.2866337374643 469.4393054931897
457.10342763059407 464.30953450082325
452.3400688519681 478.0499925160904
439.8820535847926 473.65304595120494
434.0194581649452 476.58434366112857
462.59961083670095 441.2255650351744
461.6835803023498 437.3782367908996
455.27136656189174 437.9278551115103
455.454572668762 432.065259691663
463.33243526418187 433.7141146534951
471.7599161802123 437.3782367908996
469.01182457715896 438.6606795389912
471.21029785960167 441.7751833557851
468.6454123634185 443.4240383176172
464.79808411914365 445.9889238138004
464.79808411914365 452.40113755425836
470.1110612183803 447.27136656189197
458.56907648555585 451.1186948061668
466.6301451878459 465.2255650351744
470.6606795389911 459.17976350845686
477.62251160005974 456.98129022601415
474.50800778326584 451.4851070199072
474.50800778326584 445.07289327944926
480.55380930998336 441.2255650351744
483.85151923364754 438.84388564586146
437.5003741954796 442.508007783266
453.07289327944903 466.32480167639585
454.7217482412811 474.20266427181565
431.454572668762 493.9889238138004
427.05762610387654 497.65304595120494
473.5919772489147 474.01945816494543
476.70648106570854 468.52327495883856
469.92785511151004 477.50037419547976
471.7599161802123 485.74464900464005
484.0347253405177 487.0270917527317
480.7370154168536 483.54617572219735
494.6148780122735 439.5309085466248
491.5003741954796 445.8515192336477
485.91258793593755 451.2560993863195
489.02709175273145 451.7141146534951
486.27900014967804 444.5690764855561
471.71411465349485 454.8286184702889
494.7064810657086 458.40113755425836
500.47747343212075 456.84388564586146
498.37060320311315 448.87441999700644
485.72938182906734 463.5309085466248
489.75991618021243 464.90495434815153
494.248465798533 469.7599161802126
505.5156413710521 469.4851070199072
497.5461757221971 472.5996108367011
488.84388564586123 469.301900913037
486.46220625654826 474.79808411914394
492.92022152372414 525.4087711420445
481.9278551115104 510.3858703786858
485.9583894626555 515.1492291573118
487.79045053135775 529.8057177069301
442.35533602754094 460.18739709624305
434.66067953899136 465.31716808860944
465.80571770693024 470.0805268672354
482.75228259242647 481.89732076036523
502.53854213441116 483.7293818290675
508.2179314473882 481.714114653495
474.1415955695257 479.332435264182
513.3477024397547 485.0118245771591
509.5003741954799 491.9736566382278
500.5232749588386 489.2255650351743
495.94312228708293 488.49274060769346
523.4240383176173 487.21029785960184
506.9354886992966 499.48510701990716
498.87441999700656 495.6377787756324
487.6988474779226 493.07289327944915
486.416404729831 510.1110612183805
488.798084119144 500.03472534051787
494.8438856458616 504.79808411914377
494.8438856458616 511.75991618021254
498.69121389013634 518.7217482412813
506.3858703786859 516.5232749588384
509.1339619817394 524.9507558748691
509.6835803023501 507.3629696153271
494.8438856458616 505.89732076036523
518.4774734321211 498.2026642718156
524.7064810657088 493.98892381380034
518.1110612183807 507.9125879359377
513.3477024397547 507.9125879359377
533.68358030235 488.126328393953
530.0194581649455 493.07289327944915
530.2026642718157 500.2179314473881
526.3553360275408 505.5309085466247
530.5690764855563 508.82861847028886
518.3400688519683 515.74464900464
532.0805268672356 519.4087711420445
531.3477024397547 527.2866337374644
520.9965574015868 529.393503966472
510.0957940428081 521.9736566382278
529.9736566382279 513.8209848825026
540.7828169435714 516.8438856458613
540.8744199970066 523.0728932794492
547.1034276305944 524.0805268672354
503.6835803023501 520.6912138901362
500.2026642718157 511.89732076036523
519.0728932794493 522.156862745098
541.240832210747 502.4622062565483
544.2637329741059 499.5309085466247
551.3171680886096 509.7904505313575
550.0347253405181 516.2026642718155
568.4011375542585 518.0805268672354
559.6072444244876 500.8591528214339
553.7446490046401 490.9660230504415
546.0499925160906 488.7675497679988
539.4545726687624 488.4011375542583
534.6912138901363 494.9965574015866
536.5232749588386 500.126328393953
555.9431222870829 522.4774734321209
565.4698398443348 511.11869480616673
569.1339619817394 503.4240383176171
562.5385421344112 495.7293818290675
562.9049543481516 488.03472534051787
558.8744199970065 486.569076485556
557.0423589283042 478.14159556952546
559.9736566382279 474.1110612183804
562.5385421344112 469.34770243975447
549.7141146534951 488.7675497679988
546.416404729831 493.89732076036523
574.9965574015868 505.98892381380034
588.9202215237242 523.2102978596018
595.5156413710524 530.1721299206705
587.4545726687624 493.5309085466247
580.1263283939531 494.9965574015866
573.5309085466249 488.7675497679988
584.5232749588384 508.55380930998365
588.920221523724 500.1263283939531
591.1186948061667 505.25609938631953
594.0499925160904 509.28663373746457
600.6454123634186 510.01945816494543
609.4393054931896 505.98892381380045
614.9354886992965 514.0499925160905
609.4393054931896 517.7141146534951
604.3095345008231 519.179763508457
585.6225116000599 516.9812902260142
550.0805268672354 482.17212992067067
564.0041909893728 451.39350396647217
559.2408322107468 446.2637329741058
565.1034276305942 462.01945816494543
569.8667864092201 455.42403831761726
559.332435264182 461.19503068402946
578.569076485556 459.3629696153272
571.2408322107468 462.47747343212103
576.0041909893728 444.3400688519684
579.3019009130369 439.7599161802127
573.6225116000599 441.40877114204477
576.3706032031132 437.9278551115104
577.836252058075 434.8133512947165
571.2408322107468 433.5309085466249
569.9583894626552 436.46220625654854
566.4774734321209 440.49274060769363
569.2255650351743 439.7599161802127
583.8820535847926 441.7751833557852
588.0957940428079 439.02709175273174
587.5461757221972 433.5309085466249
590.6606795389911 436.82861847028903
595.424038317617 438.47747343212114
594.6912138901362 441.9583894626555
589.5614428977697 443.24083221074704
586.8133512947163 443.97365663822796
583.8820535847926 447.4545726687623
576.187397096243 455.14922915731194
578.0194581649453 449.10342763059435
589.9278551115102 449.10342763059435
589.011824577159 456.798084119144
593.0423589283041 461.5614428977699
590.1110612183804 465.7751833557852
582.599610836701 465.40877114204477
579.1186948061667 467.97365663822796
581.5003741954796 474.2026642718157
573.9889238138003 474.2026642718157
566.6606795389911 474.2026642718157
568.4927406076933 467.79045053135775
578.569076485556 477.6835803023501
564.6454123634186 482.63014518784627
573.2560993863193 499.11869480616684
569.2255650351743 494.53854213441116
581.5003741954796 486.1110612183806
585.5309085466247 482.8133512947165
593.2255650351743 476.03472534051804
590.4774734321209 481.5309085466249
596.5232749588384 479.51564137105237
604.217931447388 477.6835803023501
601.1034276305942 488.3095345008234
598.9049543481514 492.3400688519684
595.9736566382278 498.0194581649455
593.9583894626552 498.2026642718157
593.0423589283041 489.7751833557852
593.775183355785 484.64541236341876
601.6530459512048 482.2637329741058
604.217931447388 487.21029785960195
571.9736566382278 482.2637329741058
607.6988474779223 480.798084119144
619.7904505313575 472.55380930998365
608.4316719054034 488.3095345008234
615.0270917527315 491.79045053135775
620.7064810657087 486.66067953899136
612.8286184702888 478.0499925160906
604.217931447388 492.70648106570883
600.7370154168536 497.8362520580752
608.6148780122736 494.53854213441116
618.1415955695254 498.75228259242647
622.7217482412811 494.3553360275409
625.6530459512048 488.67594671456385
617.5919772489148 481.89732076036535
605.5003741954796 483.3629696153272
617.4087711420445 490.1415955695257
622.3553360275407 463.21029785960195
632.4316719054034 472.92022152372414
634.6301451878461 475.6683131267776
637.1950306840292 489.40877114204477
620.3400688519682 429.31716808860966
619.424038317617 437.5614428977699
618.3248016763956 442.8744199970066
624.5538093099834 441.0423589283043
626.7522825924261 450.56907648555625
628.4011375542582 454.78281694357145
629.86678640922 459.3629696153272
618.6912138901362 456.798084119144
618.3248016763956 447.4545726687623
631.8820535847925 440.12632839395314
629.3171680886094 442.3248016763959
637.1950306840292 441.40877114204477
634.6301451878461 434.63014518784627
636.2790001496782 452.58434366112874
637.3782367908995 462.47747343212103
636.2790001496782 459.3629696153272
637.5614428977698 472.1873970962432
633.7141146534949 482.2637329741058
630.0499925160902 485.01182457715925
630.2331986229605 493.98892381380045
635.5461757221972 499.11869480616684
645.7141146534951 496.4622062565485
646.0805268672357 486.56907648555614
649.0118245771592 478.5080077832661
643.8820535847929 474.47747343212103
648.2790001496784 470.08052686723556
640.9507558748692 505.25609938631953
648.6454123634188 507.8209848825027
639.4851070199074 513.68358030235
644.6148780122738 522.1110612183805
626.2942673252509 519.5461757221973
620.4316719054036 515.1492291573119
622.6301451878463 501.9583894626554
616.4927406076936 531.1797635084569
634.2637329741059 526.4164047298309
635.179763508457 536.6759467145638
659.179763508457 520.1873970962432
656.798084119144 498.01945816494543
645.9889238138004 500.40113755425836
576.004190989373 520.3706032031134
574.7217482412815 513.5919772489149
582.416404729831 502.23319862296074
579.3019009130371 516.1568627450981
570.3248016763959 520.0041909893729
664.4927406076936 503.5156413710523
669.0728932794494 495.08816045502175
680.9812902260143 495.08816045502175
686.1110612183807 495.82098488250267
675.118694806167 526.4164047298309
664.6759467145638 518.3553360275408
692.1568627450981 526.0499925160905
681.7141146534951 522.2026642718157
693.8057177069303 506.99655740158664
692.3400688519686 516.1568627450981
687.0270917527317 510.6606795389912
651.8515192336479 516.7064810657088
654.2331986229608 490.32480167639585
658.9965574015868 485.1950306840294
663.0270917527317 490.87441999700656
667.0576261038769 486.477473432121
673.1034276305944 486.11106121838054
683.5461757221974 489.5919772489149
691.0576261038769 489.04235892830417
686.4774734321211 487.5767100733424
684.6454123634188 483.54617572219735
677.3171680886097 485.1950306840294
687.0270917527317 525.1339619817393
644.7064810657087 438.8438856458614
648.7370154168538 433.89732076036523
655.332435264182 438.1110612183805
649.1034276305942 442.69121389013617
641.9583894626553 448.1873970962431
642.3248016763957 458.44693908097594
654.2331986229607 446.1721299206705
659.1797635084569 444.52327495883844
657.8973207603652 452.58434366112857
653.8667864092203 457.34770243975447
648.5538093099834 462.1110612183805
656.7980841191438 466.32480167639574
658.8133512947163 471.8209848825026
671.2713665618919 452.58434366112857
673.6530459512048 440.126328393953
668.8896871725789 437.74464900464005
662.2942673252506 440.6759467145637
674.2026642718155 430.7828169435713
666.6912138901362 432.0652596916629
669.9889238138003 432.61487801227366
674.5690764855561 446.53854213441105
671.4545726687621 446.53854213441105
683.5461757221973 450.0194581649454
686.477473432121 441.0423589283041
681.1644963328843 444.52327495883844
678.0499925160905 438.477473432121
683.3629696153271 436.4622062565484
685.9278551115102 430.7828169435713
677.6835803023498 433.5309085466248
692.156862745098 434.44693908097594
691.6072444244874 437.74464900464005
691.6072444244874 442.69121389013617
688.8591528214339 448.3706032031133
691.9736566382278 454.23319862296063
681.714114653495 458.0805268672354
670.7217482412811 461.92785511151027
669.8057177069301 470.1721299206705
680.6148780122736 471.8209848825026
681.5309085466248 464.49274060769346
688.6759467145637 461.01182457715913
697.1034276305942 455.14922915731177
698.3858703786859 459.9125879359377
698.9354886992965 466.50800778326595
688.3095345008232 472.55380930998354
671.4545726687621 478.96602305044155
655.332435264182 475.48510701990716
643.6072444244874 453.86678640922014
697.836252058075 477.6835803023499
692.7064810657087 476.7675497679988
697.836252058075 487.75991618021254
695.4545726687621 491.4240383176171
702.5996108367011 482.0805268672354
710.4774734321209 490.69121389013617
715.6072444244874 488.30953450082325
704.065259691663 488.49274060769346
698.5690764855561 499.11869480616673
717.0728932794491 479.5156413710522
706.4469390809759 480.0652596916629
699.3019009130369 438.477473432121
698.9354886992965 435.17976350845686
696.7370154168538 435.17976350845686
706.6301451878461 437.5614428977698
724.7675497679988 432.61487801227366
720.7370154168536 437.5614428977698
719.4545726687621 440.6759467145637
701.3171680886094 445.8057177069301
731.3629696153271 434.08052686723545
737.2255650351743 434.63014518784615
735.0270917527316 430.96602305044155
737.775183355785 428.950755874869
735.0270917527316 442.32480167639574
739.2408322107468 440.126328393953
724.0347253405178 440.126328393953
721.6530459512048 446.53854213441105
719.8209848825026 452.21793144738814
741.9889238138003 455.8820535847927
734.4774734321209 455.69884747792247
729.714114653495 455.14922915731177
720.5538093099834 463.21029785960184
728.7980841191438 464.6759467145637
718.9049543481515 473.83625205807516
721.836252058075 478.7828169435713
724.217931447388 485.92785511151027
722.7522825924262 497.28663373746446
714.508007783266 497.28663373746446
708.6148780122736 516.9812902260142
700.9202215237239 523.5767100733424
706.4164047298309 527.6072444244874
719.6072444244872 522.477473432121
720.7064810657087 507.08816045502175
710.0805268672354 505.2560993863195
703.8515192336475 504.1568627450981
731.6988474779223 500.12632839395303
737.5614428977698 496.09579404280805
726.9354886992965 522.1110612183805
737.5614428977698 530.1721299206706
733.1644963328843 522.1110612183805
745.9889238138003 522.8438856458615
751.4851070199071 515.5156413710523
749.6530459512048 502.69121389013634
737.1950306840292 486.56907648555614
731.3324352641819 485.8362520580752
729.5003741954796 479.6072444244874
732.4316719054034 478.14159556952563
738.6606795389911 477.0423589283043
744.5232749588384 479.9736566382279
737.9278551115102 482.5385421344111
732.7980841191438 482.17212992067067
741.5919772489148 470.08052686723556
749.2866337374643 466.78281694357145
754.7828169435713 470.446939080976
754.7828169435713 477.7751833557851
759.9125879359377 478.508007783266
762.4774734321209 477.7751833557851
762.1110612183804 485.46983984433473
760.2790001496782 501.5919772489149
773.1034276305941 492.4316719054035
772.3706032031132 484.00419098937294
768.3400688519682 480.3400688519684
762.9354886992963 494.7217482412813
756.3400688519681 489.40877114204466
764.217931447388 510.6606795389912
762.2026642718155 522.3858703786859
769.3477024397545 526.7828169435713
767.3324352641819 522.0194581649455
773.7446490046399 519.4545726687622
779.0576261038766 519.6377787756325
770.2637329741054 502.41640472983096
777.2255650351742 508.27900014967827
771.7293818290674 510.477473432121
778.3248016763956 472.00419098937294
773.1950306840292 472.7370154168538
769.7141146534948 466.32480167639585
777.2255650351742 465.0423589283043
791.5156413710521 469.8057177069302
785.6530459512047 482.446939080976
781.4393054931895 490.14159556952563
782.1721299206704 506.6301451878462
791.1492291573118 512.6759467145638
793.3477024397545 483.72938182906756
796.6454123634186 489.04235892830417
788.0347253405178 493.9889238138004
791.1492291573118 498.5690764855561
783.454572668762 498.93548869929657
801.4087711420445 496.3706032031134
796.4622062565484 509.1950306840294
794.2637329741054 521.1034276305943
747.8209848825026 429.40877114204454
746.7217482412811 438.9354886992965
745.2560993863193 459.8209848825026
736.0957940428079 460.92022152372397
726.2026642718155 462.3858703786858
730.8744199970064 446.53854213441093
748.6454123634186 442.6912138901361
749.1950306840293 449.1034276305942
754.6912138901362 456.4316719054033
759.2713665618919 448.73701541685364
759.8209848825026 465.9583894626552
784.3706032031132 432.06525969166285
789.8667864092203 424.18739709624305
774.1110612183804 426.20266427181554
770.8133512947163 426.38587037868575
764.217931447388 427.6683131267774
755.424038317617 425.1034276305942
758.5385421344109 434.63014518784604
753.2255650351743 437.5614428977697
748.4622062565484 435.1797635084568
720.981290226014 467.0576261038766
742.4164047298309 484.4622062565483
748.6454123634186 485.3782367908995
781.6225116000597 467.60724442448725
788.5843436611286 455.88205358479263
791.3324352641819 459.5461757221972
806.5385421344109 464.6759467145636
801.775183355785 459.9125879359376
800.8591528214339 473.8362520580751
792.4316719054034 477.1339619817392
805.9889238138003 492.52327495883844
812.0347253405178 490.3248016763957
808.7370154168536 489.40877114204454
802.3248016763957 484.09579404280794
810.2026642718155 482.08052686723533
808.3706032031132 471.27136656189185
772.2790001496782 435.1797635084568
775.7599161802125 440.1263283939529
775.7599161802125 444.8896871725789
780.156862745098 444.52327495883844
784.3706032031132 444.8896871725789
776.4927406076935 459.36296961532696
768.4316719054034 460.27900014967815
802.8744199970064 429.50037419547965
802.508007783266 424.92022152372397
796.6454123634186 430.599610836701
792.065259691663 434.63014518784604
789.8667864092203 439.7599161802125
781.8057177069301 438.47747343212086
779.424038317617 434.9965574015865
776.3095345008231 432.79808411914377
774.6606795389912 452.217931447388
780.7064810657087 452.0347253405178
785.6530459512048 450.75228259242624
796.6454123634186 452.0347253405178
800.126328393953 436.46220625654837
802.1415955695254 442.3248016763957
802.508007783266 449.1034276305942
804.7064810657087 452.95075587486895
810.3858703786857 447.45457266876207
815.3324352641819 443.60724442448725
810.3858703786857 441.59197724891476
811.3019009130369 437.1950306840293
816.2484657985332 430.7828169435713
819.9125879359377 425.6530459512049
823.7599161802125 426.38587037868575
816.0652596916627 425.1034276305942
808.9202215237239 427.48510701990716
809.1034276305941 432.79808411914377
821.1950306840293 432.61487801227355
822.8438856458613 435.9125879359377
817.5309085466248 438.84388564586135
819.7293818290675 442.3248016763957
821.74464900464 446.17212992067044
823.5767100733423 453.1339619817392
810.7522825924262 454.2331986229606
815.3324352641819 458.2637329741056
818.2637329741057 454.2331986229606
818.2637329741057 465.40877114204454
823.7599161802125 462.29426732525064
819.7293818290675 475.48510701990716
814.7828169435713 474.38587037868575
809.1034276305941 476.95075587486895
801.775183355785 478.9660230504415
782.1721299206705 462.84388564586135
830.6301451878462 426.477473432121
834.6606795389912 427.9431222870828
837.9583894626553 426.11106121838054
838.3248016763959 423.54617572219735
842.3553360275408 424.6454123634187
841.2560993863194 426.477473432121
835.3935039664722 431.9736566382278
830.9965574015866 438.20266427181565
828.0652596916631 438.93548869929657
839.4240383176171 438.20266427181565
836.126328393953 438.20266427181565
829.8973207603652 448.4622062565485
833.5614428977698 445.16449633288437
845.2866337374646 433.8057177069302
841.6225116000599 433.07289327944926
848.9507558748692 433.07289327944926
851.1492291573119 425.3782367908996
855.9125879359378 425.3782367908996
833.9278551115103 452.85915282143395
833.5614428977698 459.4545726687622
833.9278551115103 463.8515192336477
831.3629696153271 467.8820535847927
821.4698398443348 456.88968717257904
826.2331986229607 478.508007783266
829.1644963328844 472.27900014967827
817.0728932794492 486.20266427181565
831.7293818290676 485.10342763059424
840.5232749588386 480.7064810657088
836.8591528214339 485.83625205807516
823.6683131267775 497.9278551115103
810.477473432121 504.88968717257904
822.2026642718157 508.5538093099836
826.9660230504417 503.4240383176172
815.9736566382278 512.5843436611286
811.210297859602 525.0423589283042
807.5461757221974 523.210297859602
803.8820535847927 512.5843436611286
819.2713665618919 517.3477024397546
833.9278551115103 512.9507558748691
830.2637329741058 495.3629696153271
841.9889238138004 502.6912138901362
846.7522825924262 501.2255650351744
853.714114653495 496.8286184702889
849.3171680886096 485.83625205807516
844.1873970962431 488.0347253405179
841.9889238138004 463.8515192336477
842.3553360275408 448.4622062565485
847.8515192336478 441.50037419547976
854.446939080976 436.3706032031134
838.3248016763959 444.43167190540345
848.9507558748692 456.88968717257904
854.8133512947164 452.85915282143395
859.9431222870828 443.3324352641821
855.1797635084569 446.99655740158664
854.446939080976 463.8515192336477
849.6835803023498 515.5156413710523
859.5767100733423 512.5843436611286
869.4698398443345 504.1568627450981
856.2790001496782 484.73701541685386
851.1492291573118 477.0423589283043
843.454572668762 470.08052686723556
844.9202215237239 473.7446490046401
839.7904505313575 475.21029785960195
804.6148780122736 516.2484657985333
799.1186948061667 526.8744199970065
839.0576261038766 520.2790001496783
824.0347253405178 523.210297859602
863.2408322107468 523.210297859602
852.6148780122736 525.7751833557851
894.3858703786857 524.6759467145638
887.7904505313575 499.39350396647217
876.7980841191438 511.8515192336477
917.836252058075 505.98892381380045
903.9125879359377 495.7293818290676
898.0499925160902 488.4011375542584
861.0423589283041 469.7141146534951
864.7064810657087 471.54617572219735
864.3400688519682 464.5843436611286
863.9736566382278 478.14159556952563
870.2026642718155 479.6072444244874
876.4316719054034 478.87441999700656
873.1339619817392 473.0118245771592
861.4087711420445 497.1950306840294
854.4469390809759 492.065259691663
841.2560993863193 498.29426732525076
888.156862745098 519.1797635084569
878.6301451878461 519.1797635084569
893.2866337374644 496.8286184702889
880.8286184702889 490.23319862296074
885.9583894626552 481.4393054931897
881.5614428977698 478.87441999700656
876.065259691663 466.0499925160905
869.836252058075 466.41640472983096
866.5385421344109 453.5919772489149
862.508007783266 448.09579404280805
871.3019009130369 426.84388564586146
881.5614428977698 433.07289327944926
876.4316719054034 433.07289327944926
877.8973207603652 427.9431222870828
892.5538093099834 506.3553360275409
897.3171680886094 501.9583894626553
870.9354886992965 492.065259691663
861.4087711420445 489.1339619817394
864.3400688519682 486.93548869929657
880.187397096243 494.1721299206706
885.5003741954796 510.8438856458614
875.9736566382278 500.58434366112857
891.5461757221973 479.14922915731177
891.1797635084569 462.29426732525076
885.8667864092203 469.2560993863195
878.9049543481515 474.9354886992965
877.8057177069301 453.50037419547976
888.4316719054034 451.66831312677743
883.8515192336478 463.0270917527316
897.9583894626553 467.4240383176172
914.0805268672354 472.0041909893729
906.0194581649455 483.9125879359378
910.9660230504415 482.63014518784615
909.1339619817392 492.52327495883856
904.3706032031132 523.6683131267774
906.3858703786858 517.4393054931896
920.8591528214339 476.7675497679988
918.6606795389912 481.3477024397546
916.8286184702889 494.53854213441105
915.3629696153271 489.04235892830417
884.5843436611286 449.46983984433473
879.8209848825026 448.3706032031134
875.0576261038766 447.4545726687622
868.6454123634187 446.1721299206706
870.2942673252508 450.7522825924263
856.0041909893728 477.1339619817393
909.1339619817392 456.43167190540345
912.9812902260142 461.56144289776984
935.8820535847927 472.7370154168538
930.7522825924262 476.7675497679988
922.6912138901362 472.5538093099836
940.6454123634187 471.27136656189197
946.1415955695255 472.1873970962431
937.8973207603652 474.9354886992965
945.4087711420445 479.69884747792247
940.8286184702889 478.96602305044155
934.0499925160905 485.56144289776984
929.2866337374644 487.3935039664721
921.5919772489148 485.37823679089956
930.0194581649455 482.63014518784615
934.0499925160905 494.1721299206706
928.0041909893728 495.08816045502175
928.920221523724 511.2102978596019
939.1797635084569 502.0499925160904
946.8744199970064 499.85151923364765
856.3706032031132 524.4011375542584
899.7904505313576 508.2790001496782
938.4469390809759 483.5461757221973
941.1950306840293 493.07289327944926
939.5461757221973 510.8438856458614
900.5232749588384 478.41640472983084
947.0576261038766 458.99655740158664
934.7828169435713 503.69884747792247
873.9583894626553 519.8209848825027
878.3553360275407 525.8667864092203
866.6301451878461 509.92785511151027
861.1339619817392 509.01182457715913
831.0881604550217 523.1186948061667
915.5461757221973 521.2866337374644
921.7751833557851 512.8591528214339
942.2942673252506 483.17976350845686
866.2026642718155 435.3629696153271
866.3858703786859 429.8667864092202
872.065259691663 439.3935039664721
866.0194581649453 438.6606795389912
876.8286184702889 441.9583894626553
885.6225116000599 435.9125879359378
887.8209848825026 431.8820535847927
891.6683131267773 433.3477024397546
893.5003741954796 426.0194581649454
905.5919772489148 416.12632839395303
900.0957940428079 424.0041909893729
906.1415955695255 423.4545726687622
902.8438856458614 426.38587037868587
900.0957940428079 429.3171680886095
908.156862745098 429.50037419547976
904.4927406076935 432.0652596916629
894.9660230504415 437.92785511151027
891.4851070199071 441.9583894626553
886.3553360275407 441.7751833557851
890.569076485556 438.11106121838054
885.8057177069301 439.9431222870828
883.6072444244874 441.9583894626553
880.3095345008232 439.2102978596019
903.9431222870827 445.2560993863195
913.836252058075 443.4240383176172
963.1186948061667 415.2102978596019
960.920221523724 422.1721299206706
968.6148780122736 422.1721299206706
976.126328393953 421.6225116000599
982.5385421344109 422.1721299206706
979.7904505313576 427.301900913037
968.2484657985332 427.66831312677743
955.7904505313576 424.1873970962431
952.3095345008232 422.7217482412813
948.0957940428079 421.2560993863195
957.8057177069301 431.14922915731177
945.1644963328844 434.0805268672355
918.7828169435713 438.11106121838054
922.2637329741057 429.8667864092202
918.0499925160905 425.28663373746446
913.2866337374644 430.78281694357133
916.5843436611286 454.0499925160904
898.6301451878461 453.1339619817393
943.6988474779225 444.88968717257893
951.0270917527316 443.9736566382278
954.6912138901362 442.32480167639574
960.187397096243 441.7751833557851
968.6148780122736 442.1415955695255
966.7828169435713 437.3782367908996
960.7370154168536 436.8286184702889
956.156862745098 435.9125879359378
979.0576261038766 436.095794042808
970.9965574015865 446.53854213441105
966.5996108367011 449.46983984433473
962.569076485556 452.7675497679988
956.156862745098 454.41640472983084
958.3553360275407 456.7980841191439
960.5538093099834 461.92785511151027
967.6988474779225 459.17976350845686
970.9965574015865 456.0652596916629
974.1110612183804 451.1186948061668
979.9736566382278 450.7522825924263
983.8209848825026 450.20266427181565
981.4393054931895 455.3324352641821
975.9431222870828 458.8133512947164
968.9812902260142 463.75991618021254
974.1110612183804 463.0270917527316
984.187397096243 465.7751833557851
979.9736566382278 467.7904505313576
970.2637329741057 471.27136656189197
963.1186948061667 473.28663373746446
955.9736566382278 468.34006885196834
953.9583894626553 469.98892381380034
946.4469390809759 468.34006885196834
954.8744199970064 474.0194581649454
948.3400688519682 483.17976350845686
945.7751833557851 490.32480167639574
951.6377787756323 490.6912138901362
943.2102978596018 488.85915282143395
957.1339619817392 478.96602305044155
954.7522825924262 480.24846579853323
949.9889238138003 478.96602305044155
958.4164047298309 488.30953450082325
957.1339619817392 484.8286184702889
951.4545726687621 497.83625205807516
968.6759467145637 475.66831312677743
971.9736566382278 475.1186948061668
975.4545726687621 474.38587037868587
980.7675497679987 479.1492291573119
973.2560993863194 487.0270917527317
964.8286184702889 491.4240383176172
984.7980841191438 472.7370154168538
991.7599161802126 465.7751833557851
989.3782367908996 472.920221523724
989.0118245771591 476.76754976799884
1008.6148780122736 464.85915282143395
996.156862745098 474.01945816494543
997.6225116000599 465.7751833557851
993.5919772489148 458.99655740158664
981.68358030235 460.6454123634187
988.8286184702889 454.23319862296063
987.7293818290675 458.0805268672355
999.4545726687621 451.1186948061668
995.6072444244874 447.08816045502175
997.9889238138003 441.9583894626553
987.7293818290675 443.9736566382278
989.5614428977698 438.8438856458614
985.8973207603652 432.61487801227366
977.2866337374644 444.7064810657088
973.8057177069301 436.4622062565485
971.9736566382278 426.7522825924263
988.0957940428079 421.07289327944926
992.8591528214339 424.5538093099836
1006.9660230504415 422.5385421344111
995.4240383176171 421.2560993863195
1002.569076485556 428.58434366112857
1002.7522825924262 436.27900014967827
1014.4774734321209 430.0499925160904
1021.8057177069301 428.76754976799884
1018.508007783266 454.23319862296063
1012.2790001496782 453.3171680886095
1005.1339619817392 457.16449633288437
1014.1110612183804 421.4393054931897
1006.4164047298309 434.446939080976
1016.8591528214339 450.38587037868587
1012.4622062565485 450.93548869929657
1008.065259691663 448.0041909893729
1005.8667864092203 454.78281694357133
998.7217482412813 459.3629696153271
1020.156862745098 465.04235892830417
1021.0728932794491 423.4545726687622
1015.9431222870828 441.9583894626553
1015.5767100733423 436.6454123634187
1006.2331986229607 439.3935039664721
524.9812902260142 380.126328393953
538.1721299206707 395.5156413710522
555.7599161802127 402.1110612183804
508.8591528214341 416.03472534051787
494.2026642718158 374.9965574015866
17.62251160005989 627.8209848825026
52.79808411914386 627.0881604550217
66.72174824128125 608.034725340518
22.01945816494538 702.5690764855561
71.85151923364766 674.7217482412813
90.90495434815149 647.6072444244874
114.35533602754082 630.0194581649454
74.0499925160904 712.095794042808
39.60724442448736 753.8667864092203
141.4698398443347 726.7522825924262
102.63014518784614 726.0194581649455
143.66831312677743 671.0576261038767
171.51564137105223 661.5309085466248
191.301900913037 668.126328393953
153.92785511151027 613.8973207603652
132.67594671456368 611.6988474779225
86.50800778326601 616.8286184702889
241.1339619817393 647.6072444244874
208.88968717257896 627.0881604550217
197.8973207603652 632.2179314473882
257.98892381380034 687.1797635084569
306.35533602754083 652.7370154168538
297.5614428977699 618.2942673252508
318.08052686723545 622.6912138901362
347.3935039664721 723.8209848825026
373.7751833557851 656.4011375542584
362.78281694357133 643.9431222870828
345.92785511151027 640.2790001496782
356.920221523724 622.6912138901362
343.72938182906756 619.0270917527316
268.2484657985331 628.5538093099835
260.9202215237241 615.3629696153271
216.9507558748691 713.5614428977698
445.5919772489148 652.7370154168538
404.5538093099836 641.0118245771591
391.3629696153271 629.2866337374644
383.301900913037 622.6912138901362
393.56144289776984 654.2026642718157
366.44693908097594 684.2484657985332
524.9812902260143 620.4927406076935
480.27900014967844 627.0881604550217
474.416404729831 614.6301451878461
503.7293818290677 628.5538093099835
494.2026642718158 628.5538093099835
563.0881604550219 625.6225116000599
585.0728932794494 624.156862745098
575.5461757221975 624.156862745098
598.2637329741059 621.9583894626553
605.591977248915 637.3477024397546
585.0728932794494 659.3324352641821
577.7446490046402 684.9812902260142
653.2255650351746 650.538542134411
627.5767100733425 713.5614428977698
682.5385421344113 638.0805268672354
662.7522825924265 616.8286184702889
653.9583894626554 618.2942673252508
640.767549767999 611.6988474779225
623.912587935938 619.7599161802126
624.6454123634188 606.5690764855561
701.591977248915 597.0423589283041
725.7751833557852 619.7599161802126
776.3400688519686 615.3629696153271
752.1568627450984 655.6683131267773
827.6377787756327 650.538542134411
831.3019009130372 677.6530459512048
862.8133512947165 611.6988474779225
832.0347253405181 618.2942673252508
824.706481065709 624.156862745098
799.7904505313577 639.5461757221973
795.3935039664722 627.0881604550217
597.8973207603652 688.2790001496783
965.7751833557852 638.446939080976
166.9965574015867 628.1873970962431
